603658 安图生物 日线 前复权
      日期	    开盘	    最高	    最低	    收盘	    成交量	    成交额
2016/09/01	16.49	19.99	16.49	19.99	17389	364819.00
2016/09/02	22.09	22.09	22.09	22.09	8000	184800.00
2016/09/05	24.40	24.40	24.40	24.40	6600	167706.00
2016/09/06	26.94	26.94	26.94	26.94	7600	212420.00
2016/09/07	29.74	29.74	29.74	29.74	3800	116850.00
2016/09/08	32.82	32.82	32.82	32.82	13300	449939.00
2016/09/09	36.20	36.20	36.20	36.20	20904	777838.00
2016/09/12	39.92	39.92	39.92	39.92	49735	2035654.00
2016/09/13	44.01	44.01	44.01	44.01	59646	2685263.00
2016/09/14	48.51	48.51	48.51	48.51	94622	4685681.00
2016/09/19	53.46	53.46	53.46	53.46	112232	6113277.00
2016/09/20	58.91	58.91	58.91	58.91	230629	13819290.00
2016/09/21	64.90	64.90	56.49	56.57	22603945	1363370112.00
2016/09/22	56.11	56.59	53.80	54.64	15194516	850707264.00
2016/09/23	55.59	55.80	52.91	52.99	10980274	610564288.00
2016/09/26	51.76	52.46	48.99	49.12	8291594	429606528.00
2016/09/27	48.79	49.94	47.52	49.11	7208445	357355520.00
2016/09/28	49.14	49.14	48.01	48.59	4193882	208076736.00
2016/09/29	48.63	49.99	48.63	49.20	4912100	247873840.00
2016/09/30	48.59	51.61	48.59	50.96	5808704	296246816.00
2016/10/10	51.41	55.08	51.41	54.23	7786159	424965696.00
2016/10/11	54.59	55.64	53.49	54.97	7671831	427854784.00
2016/10/12	54.28	57.79	54.00	56.79	6999057	399748768.00
2016/10/13	56.22	56.77	55.11	56.05	3996930	227284416.00
2016/10/14	55.62	57.47	55.49	55.63	4570547	262359968.00
2016/10/17	55.63	55.65	53.30	53.52	3238809	179298480.00
2016/10/18	53.27	54.43	53.09	54.08	2858645	156409120.00
2016/10/19	54.48	55.99	53.72	54.84	3103862	174479456.00
2016/10/20	54.98	55.74	53.66	53.80	2876236	158768848.00
2016/10/21	54.12	54.38	52.79	54.20	2084909	113974336.00
2016/10/24	54.40	57.57	53.89	57.42	5271165	301593248.00
2016/10/25	57.48	58.56	56.49	56.63	4526540	264346352.00
2016/10/26	57.00	57.39	55.27	56.12	3213799	183578240.00
2016/10/27	56.13	58.51	55.59	58.28	5106989	297068512.00
2016/10/28	57.69	59.22	56.84	57.40	5657237	334391552.00
2016/10/31	56.84	56.84	54.79	55.98	2868047	163133888.00
2016/11/01	55.95	59.11	55.85	59.01	5149943	303296992.00
2016/11/02	58.67	60.33	57.99	58.94	4683315	280544832.00
2016/11/03	58.47	59.06	57.30	57.78	4880869	288619936.00
2016/11/04	57.49	60.67	57.41	60.08	6456987	390200736.00
2016/11/07	59.90	61.49	59.06	59.38	5858057	358836352.00
2016/11/08	59.79	60.49	58.49	60.08	4401667	265973600.00
2016/11/09	60.12	62.99	59.40	61.51	8038351	501450272.00
2016/11/10	61.54	67.76	61.50	67.76	10489505	687478720.00
2016/11/11	68.89	73.82	67.29	67.41	14297767	1013721280.00
2016/11/14	66.01	68.48	64.39	65.40	7106574	475303232.00
2016/11/15	65.94	66.04	62.65	63.70	6384662	414410528.00
2016/11/16	63.58	63.87	61.13	61.33	4453642	282311520.00
2016/11/17	61.30	62.59	61.01	61.73	3398652	214264384.00
2016/11/18	61.73	63.46	61.49	61.69	3443459	218883168.00
2016/11/21	61.99	63.46	60.04	63.37	4772637	298699040.00
2016/11/22	62.87	64.79	62.62	64.50	4544076	296164864.00
2016/11/23	64.39	64.47	61.79	61.90	3932956	251785536.00
2016/11/24	61.89	62.29	59.29	59.64	3557978	219637024.00
2016/11/25	59.39	59.84	56.51	58.51	3585592	211122032.00
2016/11/28	58.38	60.34	57.30	59.15	2863144	171810016.00
2016/11/29	58.71	59.19	56.99	57.03	2233310	131499960.00
2016/11/30	56.99	57.45	56.30	56.72	1786516	103269424.00
2016/12/01	57.01	57.76	56.79	57.45	1944206	113372928.00
2016/12/02	57.44	57.75	56.59	57.01	1991815	115769512.00
2016/12/05	56.61	57.82	56.34	57.62	1602868	93675840.00
2016/12/06	57.61	58.38	57.27	58.02	1788207	105052808.00
2016/12/07	58.07	58.27	57.60	57.91	1578466	92963200.00
2016/12/08	58.09	58.29	56.34	56.47	1317073	77130184.00
2016/12/09	56.67	56.77	52.99	53.99	3878864	213881376.00
2016/12/12	53.99	54.49	49.65	50.33	2777680	146108912.00
2016/12/13	50.38	51.88	49.39	51.36	2041033	105940008.00
2016/12/14	51.00	51.89	50.81	51.15	1135805	59429808.00
2016/12/15	51.09	52.29	50.74	51.67	1274054	67193064.00
2016/12/16	51.69	52.49	51.49	52.34	1223929	65045492.00
2016/12/19	52.33	52.33	51.01	51.16	911292	47816820.00
2016/12/20	51.37	51.66	50.91	51.31	814095	42503652.00
2016/12/21	51.31	52.11	51.19	52.01	1030807	54203848.00
2016/12/22	52.02	53.44	51.62	52.92	1712712	92216112.00
2016/12/23	52.64	53.37	52.64	53.31	1680978	90928208.00
2016/12/26	53.38	53.99	52.49	53.80	1136832	61906680.00
2016/12/27	53.89	56.29	53.49	55.73	2276854	128480528.00
2016/12/28	55.25	55.87	54.42	54.67	1196719	66947284.00
2016/12/29	54.38	55.29	53.89	53.99	981319	54805604.00
2016/12/30	53.77	55.07	53.55	54.58	776339	42767024.00
2017/01/03	54.65	55.57	54.19	54.95	826592	46165128.00
2017/01/04	54.95	54.95	53.99	54.38	903257	50021024.00
2017/01/05	54.19	54.32	51.99	52.26	1609068	86757120.00
2017/01/06	52.01	52.88	50.79	51.29	1218459	64617564.00
2017/01/09	50.55	51.60	50.43	51.07	654600	33984264.00
2017/01/10	51.10	51.35	50.49	50.83	533333	27664696.00
2017/01/11	50.68	51.16	49.99	50.02	814691	41880808.00
2017/01/12	50.02	50.34	48.65	48.82	939800	47398600.00
2017/01/13	48.82	49.24	46.46	48.38	1649193	79677976.00
2017/01/16	48.00	48.18	43.44	44.52	1097442	51193224.00
2017/01/17	44.49	44.95	41.54	44.83	3269452	145280768.00
2017/01/18	43.89	44.54	42.39	42.70	1485002	66546608.00
2017/01/19	42.70	43.39	41.59	42.37	1178718	51140996.00
2017/01/20	42.49	43.90	42.01	43.56	1318146	58382244.00
2017/01/23	43.15	44.91	43.15	44.48	1581642	71861120.00
2017/01/24	44.55	44.84	43.62	43.65	500054	22454196.00
2017/01/25	43.99	44.35	43.65	43.97	517187	23312560.00
2017/01/26	43.79	44.81	43.75	44.07	458409	20636828.00
2017/02/03	44.19	44.33	42.91	43.28	475094	21162602.00
2017/02/06	43.54	44.84	43.51	44.72	864541	39150876.00
2017/02/07	44.68	44.69	43.88	44.02	695314	31461626.00
2017/02/08	44.04	44.72	43.49	44.65	1647981	74167480.00
2017/02/09	44.45	45.69	44.34	44.92	1572938	72412080.00
2017/02/10	44.97	45.06	44.04	44.20	980646	44612216.00
2017/02/13	44.48	45.53	44.08	45.39	1483482	68226080.00
2017/02/14	45.49	45.77	44.69	45.16	696194	32219568.00
2017/02/15	45.43	46.79	44.99	45.55	1667687	78174104.00
2017/02/16	45.45	45.68	44.97	45.51	825300	38142464.00
2017/02/17	45.39	45.95	44.67	44.89	970237	44850904.00
2017/02/20	44.69	44.79	43.32	43.71	1334550	59761284.00
2017/02/21	43.59	44.16	43.33	44.07	646591	29088044.00
2017/02/22	44.32	44.32	43.37	43.80	925274	41320032.00
2017/02/23	43.54	44.31	42.87	44.27	2536788	112798432.00
2017/02/24	43.93	44.88	43.84	44.83	1813370	82167384.00
2017/02/27	44.82	45.58	44.67	45.30	1828360	84531672.00
2017/02/28	45.07	45.65	44.83	45.60	1425635	65947700.00
2017/03/01	45.47	45.94	45.11	45.15	1352268	62941568.00
2017/03/02	45.56	45.56	44.69	45.04	1588275	73102456.00
2017/03/03	44.39	44.63	43.87	44.31	2499343	113120096.00
2017/03/06	43.99	45.38	43.90	45.35	2578947	117510208.00
2017/03/07	45.37	47.87	45.09	47.70	4904125	233449168.00
2017/03/08	47.23	47.38	46.24	46.87	3176805	152001696.00
2017/03/09	46.66	48.22	46.42	48.18	3664145	177652848.00
2017/03/10	48.09	48.97	47.50	48.17	2839209	139640848.00
2017/03/13	47.72	48.43	47.18	48.03	1958868	95752664.00
2017/03/14	47.89	49.29	47.83	48.34	2464707	122289776.00
2017/03/15	48.35	48.73	47.27	47.54	1839465	89764336.00
2017/03/16	47.79	48.99	47.30	48.75	2694032	132696864.00
2017/03/17	48.67	48.77	47.32	47.36	2196256	107750808.00
2017/03/20	47.00	47.84	46.71	47.82	1108551	53516760.00
2017/03/21	47.76	48.03	47.40	48.01	1167593	56872912.00
2017/03/22	47.86	50.65	47.51	50.59	5100447	257170464.00
2017/03/23	50.49	50.50	48.69	49.93	3307440	167699200.00
2017/03/24	49.34	50.67	49.34	49.74	2307882	117745008.00
2017/03/27	49.36	50.36	49.34	49.61	1391794	70764192.00
2017/03/28	49.29	49.89	48.99	49.06	1150465	57866936.00
2017/03/29	49.23	49.24	45.89	45.91	2774213	133617400.00
2017/03/30	45.60	45.94	43.69	44.13	1873559	85744368.00
2017/03/31	44.19	45.19	44.19	44.76	949841	43453136.00
2017/04/05	44.74	45.83	44.59	45.70	750426	34937820.00
2017/04/06	45.81	45.97	45.54	45.66	979215	45731456.00
2017/04/07	45.66	45.85	44.89	45.10	893165	41202352.00
2017/04/10	45.10	45.34	43.19	43.26	1622582	72872144.00
2017/04/11	43.43	44.37	43.29	44.16	996451	44633132.00
2017/04/12	44.20	44.20	43.61	43.76	675410	30312724.00
2017/04/13	44.03	44.03	43.42	43.46	819739	36160244.00
2017/04/14	43.46	43.46	42.19	42.59	1036294	44417600.00
2017/04/17	41.74	42.11	40.71	40.80	1381555	57423472.00
2017/04/18	40.94	41.74	40.88	41.46	1057427	44275904.00
2017/04/19	41.54	41.92	41.14	41.81	1068402	44824376.00
2017/04/20	41.84	41.84	41.14	41.29	532600	22250682.00
2017/04/21	41.34	41.87	41.26	41.32	409300	17139338.00
2017/04/24	41.22	41.29	40.26	41.02	513900	21133528.00
2017/04/25	41.02	41.94	40.14	41.86	667792	28051162.00
2017/04/26	41.85	42.26	41.54	41.57	453792	19115840.00
2017/04/27	41.64	42.63	40.64	42.57	947793	40088056.00
2017/04/28	42.49	43.84	42.22	43.43	1408732	61768052.00
2017/05/02	43.54	44.13	43.17	43.30	642015	28235706.00
2017/05/03	42.94	43.59	42.68	43.02	485141	21064904.00
2017/05/04	43.05	43.41	42.25	42.56	340910	14714167.00
2017/05/05	42.36	42.58	41.14	41.37	574200	24380542.00
2017/05/08	41.64	41.64	40.82	40.86	399928	16577040.00
2017/05/09	40.75	41.60	40.75	41.44	389568	16205367.00
2017/05/10	42.09	42.43	40.82	40.96	631272	26559212.00
2017/05/11	40.57	41.34	40.24	41.32	720184	29688788.00
2017/05/12	41.12	41.51	38.74	39.91	1424674	57639580.00
2017/05/15	39.96	40.38	39.35	39.84	863854	34603436.00
2017/05/16	39.64	40.34	38.64	40.24	1272531	50450792.00
2017/05/17	40.18	40.63	39.69	40.26	738605	29874416.00
2017/05/18	39.94	40.17	39.59	39.65	535835	21580478.00
2017/05/19	39.64	39.82	39.24	39.31	485501	19310878.00
2017/05/22	39.30	39.60	38.67	38.78	626000	24798132.00
2017/05/23	38.82	39.04	38.01	38.41	667533	25881358.00
2017/05/24	38.35	38.64	37.14	38.61	484686	18714560.00
2017/05/25	38.59	39.08	37.36	39.00	656613	25340956.00
2017/05/26	38.72	39.51	38.72	39.13	424254	16809096.00
2017/05/31	39.83	40.39	38.94	38.95	537543	21573452.00
2017/06/01	38.99	40.44	38.66	39.72	1319500	52821640.00
2017/06/02	39.52	40.59	39.30	40.47	1287300	51747456.00
2017/06/05	40.76	41.34	40.46	40.57	1075200	44256328.00
2017/06/06	40.56	41.03	40.27	40.64	340600	13921389.00
2017/06/07	40.65	41.24	40.45	41.09	1230200	50922348.00
2017/06/08	41.23	41.23	40.20	40.22	772500	31674788.00
2017/06/09	40.14	40.39	39.04	39.52	1085900	43359708.00
2017/06/12	39.14	40.21	39.11	39.83	645210	25908076.00
2017/06/13	39.73	40.91	39.73	40.56	647823	26419460.00
2017/06/14	40.21	41.09	40.21	40.64	600791	24638420.00
2017/06/15	40.28	41.46	40.28	41.11	754180	31343318.00
2017/06/16	41.34	41.38	40.82	41.07	439444	18210280.00
2017/06/19	40.99	41.40	40.74	40.86	472000	19605520.00
2017/06/20	41.27	41.27	40.89	40.92	370084	15318713.00
2017/06/21	40.98	41.27	40.81	41.08	481900	19947036.00
2017/06/22	41.13	41.13	40.49	40.50	492400	20294382.00
2017/06/23	40.57	40.57	39.75	40.21	621300	25131012.00
2017/06/26	40.16	41.14	39.88	41.02	750300	30751562.00
2017/06/27	41.03	42.34	40.84	42.18	1264800	53476224.00
2017/06/28	42.18	42.62	41.50	42.04	1044801	44386496.00
2017/06/29	42.05	42.56	41.89	42.17	543700	23169848.00
2017/06/30	42.05	42.99	41.67	42.74	762000	32602720.00
2017/07/03	42.76	44.59	42.46	44.42	1649500	73019736.00
2017/07/04	44.40	44.50	43.74	43.87	511400	22655082.00
2017/07/05	43.83	44.13	42.64	43.92	743700	32687426.00
2017/07/06	43.66	43.66	42.74	42.98	737900	32038936.00
2017/07/07	43.09	43.81	42.94	43.41	559200	24534072.00
2017/07/10	43.13	43.62	42.52	42.99	643300	27919790.00
2017/07/11	42.63	43.36	42.47	42.48	385500	16624126.00
2017/07/12	42.48	42.97	40.64	41.99	602600	25354768.00
2017/07/13	41.92	42.14	41.27	41.91	267900	11295423.00
2017/07/14	42.11	42.32	41.29	42.03	307300	12959405.00
2017/07/17	41.89	42.06	39.14	39.66	833000	33983596.00
2017/07/18	39.58	41.09	39.56	40.82	438000	17875752.00
2017/07/19	40.28	41.09	40.28	40.89	574000	23613334.00
2017/07/20	40.87	41.44	40.64	41.08	366100	15159632.00
2017/07/21	41.29	41.41	40.72	40.72	252073	10424947.00
2017/07/24	40.62	40.92	39.79	40.47	576300	23408056.00
2017/07/25	40.07	40.48	39.96	40.05	292900	11900758.00
2017/07/26	40.06	40.48	39.46	39.65	275400	11093600.00
2017/07/27	39.93	41.04	39.34	40.62	614600	25108744.00
2017/07/28	41.05	41.12	40.26	40.36	354000	14450798.00
2017/07/31	40.35	41.02	40.35	40.86	356700	14698372.00
2017/08/01	40.83	40.87	40.35	40.56	435200	17811230.00
2017/08/02	40.89	40.89	39.97	40.09	305700	12400154.00
2017/08/03	40.42	42.64	40.42	41.44	1249300	52611284.00
2017/08/04	41.40	42.93	41.24	42.52	1416100	60554084.00
2017/08/07	42.54	43.76	42.24	42.53	1047800	45571216.00
2017/08/08	42.38	42.58	41.84	42.13	740200	31408848.00
2017/08/09	42.05	43.21	41.97	43.18	819200	35314756.00
2017/08/10	43.08	43.34	41.59	41.93	777600	33155972.00
2017/08/11	41.65	41.86	40.69	40.91	637400	26643324.00
2017/08/14	41.43	43.84	40.94	42.81	902500	38879056.00
2017/08/15	43.25	43.48	42.50	42.74	561500	24318744.00
2017/08/16	42.49	43.74	42.45	43.62	961800	42020460.00
2017/08/17	43.09	43.76	43.09	43.52	524300	23003420.00
2017/08/18	43.71	43.90	43.14	43.16	632300	27722054.00
2017/08/21	43.49	43.64	42.79	43.03	401400	17436784.00
2017/08/22	42.90	43.24	42.14	42.44	423800	18220766.00
2017/08/23	42.61	43.84	42.22	43.79	937100	40896680.00
2017/08/24	43.64	43.72	43.02	43.11	745200	32517786.00
2017/08/25	42.74	44.03	42.74	43.53	764300	33545936.00
2017/08/28	43.19	45.22	43.08	45.00	1813700	81537856.00
2017/08/29	44.93	45.24	44.48	45.11	1287600	58202088.00
2017/08/30	44.81	45.30	43.76	44.52	1252300	56024936.00
2017/08/31	44.25	44.95	44.14	44.75	654200	29371634.00
2017/09/01	44.65	45.62	44.65	45.00	1000600	45662308.00
2017/09/04	44.54	45.62	44.24	45.48	617200	28031124.00
2017/09/05	45.60	47.36	45.49	46.85	1514800	71446592.00
2017/09/06	46.44	47.11	45.96	46.61	866276	40592216.00
2017/09/07	46.64	48.83	46.35	47.43	1768797	84762984.00
2017/09/08	47.51	48.62	46.94	47.66	1417569	68173280.00
2017/09/11	48.10	48.10	46.27	47.11	1317552	62692788.00
2017/09/12	47.04	47.19	45.52	46.69	1576787	73397000.00
2017/09/13	46.75	46.86	46.12	46.67	383920	17837296.00
2017/09/14	46.72	47.97	46.72	47.49	817987	38771848.00
2017/09/15	47.01	47.86	46.11	46.18	543728	25425522.00
2017/09/18	46.15	46.99	45.80	46.11	877200	40626660.00
2017/09/19	46.07	46.85	46.07	46.66	514600	23949598.00
2017/09/20	46.49	46.87	46.20	46.78	649700	30324724.00
2017/09/21	46.97	47.00	46.22	46.23	773900	36048452.00
数据来源:通达信
