601238 广汽集团 日线 前复权
      日期	    开盘	    最高	    最低	    收盘	    成交量	    成交额
2012/03/29	8.59	9.34	7.90	7.99	153671101	1494620288.00
2012/03/30	7.99	8.16	7.26	7.31	43431582	383016256.00
2012/04/05	7.31	7.42	7.03	7.40	29847426	251199536.00
2012/04/06	7.37	7.98	7.16	7.83	39224256	343598464.00
2012/04/09	7.64	7.75	7.37	7.38	21836041	191111664.00
2012/04/10	7.24	7.54	7.12	7.49	17837854	151600864.00
2012/04/11	7.29	7.65	7.22	7.37	18063029	156309040.00
2012/04/12	7.30	7.54	7.22	7.51	17338469	149371056.00
2012/04/13	7.50	7.56	7.41	7.43	16142765	140236480.00
2012/04/16	7.33	7.34	7.17	7.23	14799666	125358480.00
2012/04/17	7.23	7.31	7.09	7.16	12576695	105581648.00
2012/04/18	7.18	7.44	7.15	7.36	15667297	133494832.00
2012/04/19	7.39	7.47	7.23	7.26	11677922	99845032.00
2012/04/23	7.32	7.37	7.16	7.19	11187740	94352328.00
2012/04/24	7.14	7.26	6.68	6.88	15112399	123157056.00
2012/04/25	6.85	6.96	6.77	6.93	11758049	94900080.00
2012/04/26	6.89	6.92	6.80	6.84	9368137	75587760.00
2012/04/27	6.85	7.24	6.81	7.09	16939439	140815696.00
2012/05/02	7.14	7.63	7.09	7.48	24544355	210388832.00
2012/05/03	7.39	7.45	7.26	7.35	13761233	117726552.00
2012/05/04	7.31	7.44	7.24	7.33	9356618	80022560.00
2012/05/07	7.27	7.32	7.14	7.23	12320550	103872440.00
2012/05/08	7.23	7.41	7.05	7.32	12897421	109061136.00
2012/05/09	7.24	7.26	7.11	7.12	7295439	61142916.00
2012/05/10	7.17	7.22	7.00	7.13	6391720	53163792.00
2012/05/11	7.09	7.19	7.03	7.06	4692899	38995108.00
2012/05/14	7.13	7.23	6.97	6.98	7273994	60367956.00
2012/05/15	6.93	7.07	6.86	7.05	5446436	44532836.00
2012/05/16	7.00	7.05	6.83	6.84	5132830	41716400.00
2012/05/17	6.85	7.03	6.83	7.00	7057816	57567156.00
2012/05/18	6.89	6.95	6.81	6.85	5179765	41824496.00
2012/05/21	6.85	6.91	6.79	6.82	3511399	28253958.00
2012/05/22	6.87	6.94	6.85	6.91	4050014	32804980.00
2012/05/23	6.88	6.93	6.83	6.92	4148992	33559612.00
2012/05/24	6.89	6.91	6.79	6.81	4277130	34462212.00
2012/05/25	6.82	6.85	6.62	6.65	5735341	45476812.00
2012/05/28	6.54	7.15	6.48	7.10	16955151	136114224.00
2012/05/29	7.04	7.24	6.99	7.11	15639187	130236640.00
2012/05/30	7.07	7.14	7.00	7.03	7185899	59376232.00
2012/05/31	6.98	6.99	6.83	6.86	8410673	68219360.00
2012/06/01	6.84	6.92	6.74	6.78	4618435	37136768.00
2012/06/04	6.65	6.88	6.54	6.55	7835773	61782964.00
2012/06/05	6.57	6.64	6.49	6.59	3634629	28284078.00
2012/06/06	6.59	6.64	6.45	6.53	4973499	38550212.00
2012/06/07	6.65	6.68	6.45	6.48	4929891	38281668.00
2012/06/08	6.57	6.61	6.37	6.41	7205298	55507040.00
2012/06/11	6.43	6.54	6.37	6.51	5357691	41143340.00
2012/06/12	6.46	6.49	6.39	6.41	3644205	27836348.00
2012/06/13	6.42	6.53	6.40	6.51	11248614	86195816.00
2012/06/14	6.51	6.62	6.45	6.48	8065132	62583380.00
2012/06/15	6.50	6.53	6.42	6.48	5371663	41297372.00
2012/06/18	6.51	6.77	6.51	6.65	12651534	99626840.00
2012/06/19	6.60	6.71	6.59	6.70	7251878	56989240.00
2012/06/20	6.71	6.74	6.61	6.65	3293542	25926496.00
2012/06/25	6.54	6.55	6.34	6.36	5141439	39488644.00
2012/06/26	6.34	6.60	6.32	6.48	5500902	42294800.00
2012/06/27	6.49	6.70	6.44	6.57	6996470	54672920.00
2012/06/28	6.56	6.65	6.43	6.44	2291266	17669744.00
2012/06/29	6.43	6.53	6.38	6.49	2067326	15860484.00
2012/07/02	6.42	6.45	5.78	5.88	20401908	147093424.00
2012/07/03	5.86	5.93	5.75	5.82	10094503	71310504.00
2012/07/04	5.84	5.90	5.73	5.77	8871968	62175276.00
2012/07/05	5.76	5.76	5.55	5.61	6496323	44461444.00
2012/07/06	5.65	6.07	5.64	6.03	19501449	138364144.00
2012/07/09	5.97	6.04	5.79	5.80	4536368	32291974.00
2012/07/10	5.80	5.97	5.79	5.84	4030944	28733980.00
2012/07/11	5.85	6.11	5.85	6.02	6411059	46433672.00
2012/07/12	6.08	6.14	5.89	6.10	5152084	37342908.00
2012/07/13	6.05	6.20	6.03	6.17	4895515	36058780.00
2012/07/16	6.10	6.16	5.80	5.84	2368318	16966184.00
2012/07/17	5.80	6.07	5.79	6.06	2809563	20254048.00
2012/07/18	6.05	6.18	5.99	6.11	3259921	23889402.00
2012/07/19	6.13	6.24	6.12	6.21	2287984	16944626.00
2012/07/20	6.19	6.19	6.04	6.04	1568973	11442579.00
2012/07/23	6.01	6.50	5.96	6.31	4628485	34764748.00
2012/07/24	6.29	6.29	6.09	6.23	2401212	17768886.00
2012/07/25	6.28	6.30	6.18	6.21	1438580	10453858.00
2012/07/26	6.19	6.35	6.17	6.33	2434169	17828538.00
2012/07/27	6.32	6.45	6.28	6.42	3287386	24310168.00
2012/07/30	6.38	6.44	6.25	6.33	1741977	12830888.00
2012/07/31	6.33	6.35	6.16	6.28	2512588	18321910.00
2012/08/01	6.28	6.48	6.22	6.44	3329238	24738134.00
2012/08/02	6.42	6.43	6.27	6.34	1810717	13322924.00
2012/08/03	6.34	6.45	6.20	6.44	2770593	20433460.00
2012/08/06	6.39	6.56	6.34	6.48	2861195	21423414.00
2012/08/07	6.45	6.53	6.44	6.47	1716296	12850629.00
2012/08/08	6.47	6.47	6.32	6.35	1860842	13728855.00
2012/08/09	6.38	6.38	6.20	6.32	1880060	13745080.00
2012/08/10	6.32	6.37	6.20	6.21	1994772	14501525.00
2012/08/13	6.24	6.24	6.06	6.07	1994676	14247432.00
2012/08/14	6.00	6.30	6.00	6.30	2375508	17129178.00
2012/08/15	6.28	6.28	6.13	6.16	1376363	9909802.00
2012/08/16	6.08	6.24	6.08	6.14	487650	3493853.25
2012/08/17	6.14	6.17	6.07	6.11	591320	4205281.50
2012/08/20	6.11	6.12	5.97	6.03	1305137	9178499.00
2012/08/21	5.97	6.10	5.97	6.04	1190500	8408177.00
2012/08/22	6.07	6.10	5.67	5.74	6927337	47084388.00
2012/08/23	5.73	5.77	5.67	5.75	1832634	12329203.00
2012/08/24	5.75	5.75	5.54	5.57	2278392	15096748.00
2012/08/27	5.57	5.59	5.20	5.23	2845860	18112216.00
2012/08/28	5.27	5.33	5.14	5.18	4521293	28090168.00
2012/08/29	5.18	5.23	5.10	5.12	2266407	13999227.00
2012/08/30	5.12	5.16	4.99	5.08	1722643	10500828.00
2012/08/31	5.09	5.16	5.05	5.14	1229627	7540040.50
2012/09/03	5.14	5.20	5.10	5.16	2851549	17569654.00
2012/09/04	5.18	5.20	4.92	4.95	3122824	18903542.00
2012/09/05	4.91	4.97	4.83	4.86	3199247	18854300.00
2012/09/06	4.86	4.91	4.83	4.86	4631382	27165502.00
2012/09/07	4.90	5.23	4.86	5.08	20350091	122757248.00
2012/09/10	5.07	5.09	4.98	5.07	16165753	97618080.00
2012/09/11	5.03	5.03	4.86	4.93	17325760	102503000.00
2012/09/12	4.94	4.97	4.76	4.87	21376154	125615840.00
2012/09/13	4.86	4.90	4.76	4.76	17077340	99569992.00
2012/09/14	4.83	4.91	4.77	4.88	17469543	102394864.00
2012/09/17	4.82	4.83	4.40	4.52	25774158	143528800.00
2012/09/18	4.43	4.51	4.39	4.48	16681376	90638672.00
2012/09/19	4.45	4.55	4.43	4.48	7449891	40955288.00
2012/09/20	4.48	4.49	4.21	4.27	11471708	61544628.00
2012/09/21	4.30	4.36	4.27	4.33	8689423	46381736.00
2012/09/24	4.26	4.31	4.17	4.23	10132253	53143344.00
2012/09/25	4.22	4.26	4.12	4.13	7108180	36880576.00
2012/09/26	4.10	4.16	3.99	4.02	7216055	36466936.00
2012/09/27	4.00	4.19	3.96	4.13	10978434	55740676.00
2012/09/28	4.07	4.34	4.05	4.31	16912590	87675280.00
2012/10/08	4.24	4.26	4.13	4.18	12256267	63518604.00
2012/10/09	4.17	4.34	4.17	4.29	13972616	73554096.00
2012/10/10	4.26	4.47	4.24	4.42	21618056	116586448.00
2012/10/11	4.38	4.39	4.26	4.30	10210217	54453564.00
2012/10/12	4.31	4.37	4.22	4.25	6176261	32240152.00
2012/10/15	4.23	4.25	4.08	4.13	7292209	37064704.00
2012/10/16	4.14	4.20	4.09	4.14	4021149	20482538.00
2012/10/17	4.11	4.17	4.07	4.13	5296589	26769344.00
2012/10/18	4.14	4.24	4.14	4.22	9400178	48396196.00
2012/10/19	4.23	4.31	4.19	4.29	11181131	58171612.00
2012/10/22	4.26	4.32	4.22	4.30	7266741	37938308.00
2012/10/23	4.31	4.49	4.27	4.39	19634020	104838128.00
2012/10/24	4.34	4.49	4.31	4.45	14154501	75767480.00
2012/10/25	4.48	4.48	4.29	4.29	12655239	67481088.00
2012/10/26	4.30	4.33	4.11	4.16	8003439	40957976.00
2012/10/29	4.14	4.24	4.11	4.16	4562807	23362560.00
2012/10/30	4.18	4.20	4.12	4.13	4594509	23423476.00
2012/10/31	4.14	4.16	4.10	4.16	2910380	14756974.00
2012/11/01	4.15	4.26	4.14	4.25	6225090	32140840.00
2012/11/02	4.24	4.29	4.20	4.25	5558396	28769834.00
2012/11/05	4.25	4.31	4.23	4.28	5218516	27175096.00
2012/11/06	4.28	4.32	4.17	4.23	4452911	23069228.00
2012/11/07	4.23	4.40	4.19	4.35	10152104	53446808.00
2012/11/08	4.34	4.34	4.16	4.17	7243455	37430740.00
2012/11/09	4.16	4.18	4.09	4.12	4227003	21434704.00
2012/11/12	4.17	4.19	4.14	4.17	2423566	12357725.00
2012/11/13	4.16	4.16	4.04	4.05	3449009	17360764.00
2012/11/14	4.06	4.11	4.05	4.10	2450253	12296202.00
2012/11/15	4.07	4.10	3.93	4.08	6892594	34242412.00
2012/11/16	4.04	4.04	3.96	3.99	3064976	15099876.00
2012/11/19	3.99	4.03	3.95	4.01	2678918	13204096.00
2012/11/20	4.02	4.04	3.96	3.99	2499340	12346695.00
2012/11/21	3.98	4.10	3.97	4.08	3001028	14965864.00
2012/11/22	4.06	4.12	4.02	4.09	4516784	22681428.00
2012/11/23	4.09	4.20	4.07	4.18	6293319	32111752.00
2012/11/26	4.18	4.34	4.18	4.24	7875947	40889072.00
2012/11/27	4.24	4.24	4.09	4.12	4930861	25073888.00
2012/11/28	4.06	4.08	3.99	4.05	2561703	12765442.00
2012/11/29	4.07	4.44	4.03	4.24	9281873	48314500.00
2012/11/30	4.22	4.41	4.22	4.37	12709884	67266456.00
2012/12/03	4.33	4.42	4.18	4.20	6834208	35844444.00
2012/12/04	4.19	4.62	4.17	4.60	16990920	91542888.00
2012/12/05	4.54	4.78	4.50	4.69	24416400	136540704.00
2012/12/06	4.61	4.69	4.55	4.61	11319995	62828052.00
2012/12/07	4.63	4.80	4.61	4.70	17443964	98573784.00
2012/12/10	4.67	4.74	4.61	4.69	14904612	83690192.00
2012/12/11	4.68	4.90	4.58	4.79	17008187	96926976.00
2012/12/12	4.76	4.84	4.67	4.81	10322893	58745300.00
2012/12/13	4.74	4.78	4.65	4.68	6619798	37388448.00
2012/12/14	4.70	4.91	4.58	4.80	15996885	91653472.00
2012/12/17	4.78	5.13	4.73	5.04	23028608	135305664.00
2012/12/18	4.96	5.10	4.89	4.96	11984485	71064400.00
2012/12/19	4.96	5.14	4.87	5.01	14469507	86282008.00
2012/12/20	4.96	5.01	4.87	4.92	9101505	53362844.00
2012/12/21	4.93	5.10	4.88	4.95	10081640	59714700.00
2012/12/24	4.92	5.16	4.82	5.06	9606441	57355340.00
2012/12/25	5.03	5.27	4.94	5.23	14841365	90307288.00
2012/12/26	5.24	5.33	5.15	5.25	9516777	58644776.00
2012/12/27	5.26	5.29	5.14	5.15	8037465	49191572.00
2012/12/28	5.12	5.24	5.11	5.22	7766480	47583796.00
2012/12/31	5.23	5.26	5.11	5.17	8491517	51966396.00
2013/01/04	5.21	5.23	5.08	5.13	8306932	50591036.00
2013/01/07	5.11	5.16	5.07	5.10	7345742	44447240.00
2013/01/08	5.13	5.24	5.11	5.20	10687836	65561072.00
2013/01/09	5.19	5.32	5.06	5.28	12393527	76205256.00
2013/01/10	5.24	5.49	5.19	5.41	14215886	89452272.00
2013/01/11	5.41	5.43	5.08	5.17	8958816	55427224.00
2013/01/14	5.07	5.26	5.04	5.23	13167071	80610192.00
2013/01/15	5.22	5.34	5.12	5.28	13840846	85144784.00
2013/01/16	5.23	5.25	5.07	5.13	7775051	47401704.00
2013/01/17	5.13	5.15	4.86	4.93	8460445	50265872.00
2013/01/18	4.93	5.13	4.92	5.06	8257227	49258980.00
2013/01/21	5.08	5.18	5.00	5.15	6935257	42066760.00
2013/01/22	5.14	5.14	4.95	4.99	6028086	36113956.00
2013/01/23	5.01	5.04	4.77	4.91	8639225	50486936.00
2013/01/24	4.91	4.99	4.78	4.81	5771289	33767224.00
2013/01/25	4.81	4.92	4.76	4.87	4019068	23277058.00
2013/01/28	4.84	5.45	4.78	5.45	22062127	135968864.00
2013/01/29	5.65	5.88	5.47	5.75	31085914	206298272.00
2013/01/30	5.69	6.12	5.61	5.93	22275505	151943264.00
2013/01/31	5.86	5.87	5.69	5.78	12583206	84359488.00
2013/02/01	5.71	5.81	5.54	5.70	12540056	83134120.00
2013/02/04	5.67	5.91	5.55	5.66	13091992	87242832.00
2013/02/05	5.66	5.71	5.52	5.61	8965435	58794816.00
2013/02/06	5.59	5.79	5.56	5.76	8371929	55406128.00
2013/02/07	5.71	5.90	5.65	5.82	6840200	45916564.00
2013/02/08	5.90	6.20	5.76	6.03	11375241	79153344.00
2013/02/18	6.00	6.11	5.86	5.89	8069384	55752296.00
2013/02/19	5.94	5.94	5.52	5.62	8599508	56487604.00
2013/02/20	5.63	5.71	5.53	5.67	5055624	33220084.00
2013/02/21	5.57	5.62	5.31	5.36	6000112	38141320.00
2013/02/22	5.38	5.42	5.26	5.35	4675923	29444662.00
2013/02/25	5.38	5.42	5.27	5.33	3974963	24950130.00
2013/02/26	5.28	5.36	5.24	5.24	3655243	22792174.00
2013/02/27	5.24	5.41	5.24	5.37	4065142	25451122.00
2013/02/28	5.36	5.47	5.30	5.45	6091278	38604164.00
2013/03/01	5.45	5.51	5.29	5.39	5919679	37478716.00
2013/03/04	5.33	5.34	4.76	4.87	10142407	60224540.00
2013/03/05	4.87	4.95	4.82	4.91	6362806	37011576.00
2013/03/06	4.93	5.01	4.87	4.97	5379777	31648508.00
2013/03/07	4.92	5.07	4.91	5.02	5390526	32006942.00
2013/03/08	5.02	5.13	4.91	4.96	4303525	25686964.00
2013/03/11	4.91	4.93	4.80	4.90	2214225	12891887.00
2013/03/12	4.86	4.95	4.72	4.79	2787078	16072566.00
2013/03/13	4.78	4.84	4.56	4.64	4402085	24577808.00
2013/03/14	4.61	4.71	4.61	4.71	2397072	13470022.00
2013/03/15	4.73	4.88	4.59	4.72	4371535	24954628.00
2013/03/18	4.75	4.81	4.56	4.62	4533707	25626832.00
2013/03/19	4.72	4.73	4.51	4.64	3127803	17309768.00
2013/03/20	4.64	5.20	4.64	5.20	16878194	100136600.00
2013/03/21	5.26	5.36	5.09	5.18	11512248	70994040.00
2013/03/22	5.08	5.18	5.01	5.14	5585163	33743228.00
2013/03/25	5.12	5.24	5.07	5.14	4749754	28934532.00
2013/03/26	5.10	5.14	4.90	5.03	4021076	23903840.00
2013/03/27	5.01	5.16	4.99	5.02	3144937	18972580.00
2013/03/28	4.97	4.97	4.67	4.78	3107106	17887064.00
2013/03/29	4.91	4.95	4.77	4.80	3013547	17474252.00
2013/04/01	4.66	4.84	4.65	4.82	3408711	19355406.00
2013/04/02	4.81	4.85	4.70	4.74	2381068	13589957.00
2013/04/03	4.74	4.76	4.65	4.68	1792528	10085893.00
2013/04/08	4.66	4.66	4.46	4.55	4384512	23937384.00
2013/04/09	4.56	4.68	4.52	4.64	3396746	18810310.00
2013/04/10	4.64	4.70	4.58	4.60	2867702	15969778.00
2013/04/11	4.72	5.06	4.72	4.81	6391200	37110040.00
2013/04/12	4.81	4.82	4.66	4.67	4500024	25426076.00
2013/04/15	4.66	4.91	4.66	4.76	4391652	25192674.00
2013/04/16	4.83	4.96	4.74	4.94	4367617	25390538.00
2013/04/17	4.90	5.01	4.87	4.98	3291328	19349882.00
2013/04/18	4.93	5.00	4.87	4.91	2549581	14968135.00
2013/04/19	4.98	5.11	4.90	5.09	4352757	25969146.00
2013/04/22	5.07	5.18	4.99	5.18	4084095	24650526.00
2013/04/23	5.17	5.17	4.90	4.94	3821672	22670056.00
2013/04/24	4.91	5.09	4.89	4.98	6436144	38090900.00
2013/04/25	4.98	5.05	4.84	4.87	3781888	22305006.00
2013/04/26	4.87	4.94	4.79	4.79	3869404	22498080.00
2013/05/02	4.71	4.74	4.62	4.66	4460732	25071098.00
2013/05/03	4.68	5.13	4.66	5.00	6111362	35771832.00
2013/05/06	5.01	5.26	4.94	5.17	6534242	39568516.00
2013/05/07	5.20	5.31	5.11	5.23	7196613	44380292.00
2013/05/08	5.32	5.52	5.20	5.32	10901039	68645984.00
2013/05/09	5.30	5.39	5.17	5.22	5730962	35575424.00
2013/05/10	5.24	5.84	5.23	5.84	10799069	72009744.00
2013/05/13	6.15	6.52	6.09	6.36	30800252	222570768.00
2013/05/14	6.27	6.35	6.00	6.15	13069666	92606032.00
2013/05/15	6.11	6.14	5.82	6.00	10771954	74028560.00
2013/05/16	6.06	6.08	5.86	5.94	11532975	79418120.00
2013/05/17	5.87	6.10	5.81	6.03	11233954	77606480.00
2013/05/20	5.98	6.05	5.86	6.02	9766591	67163944.00
2013/05/21	6.01	6.23	5.86	6.14	12492435	88051464.00
2013/05/22	6.14	6.85	6.09	6.85	14863722	113356616.00
2013/05/23	7.14	7.25	6.68	6.69	22053736	173920048.00
2013/05/24	6.70	7.45	6.56	7.38	25905852	211178880.00
2013/05/27	7.26	8.21	7.09	8.21	23574209	208316656.00
2013/05/28	8.46	8.75	8.06	8.27	28263252	263877248.00
2013/05/29	8.16	9.19	8.07	9.19	40494481	401721760.00
2013/05/30	8.86	9.26	8.61	9.05	36585754	362079808.00
2013/05/31	8.94	8.94	8.20	8.23	28633641	269776160.00
2013/06/03	8.22	8.44	8.00	8.25	23261860	212256624.00
2013/06/04	8.24	8.24	7.58	7.93	23346765	206011104.00
2013/06/05	7.88	8.04	7.79	7.95	13971119	123813296.00
2013/06/06	7.84	8.11	7.61	7.69	18691110	164176656.00
2013/06/07	7.70	7.77	7.31	7.53	22769786	192273776.00
2013/06/13	7.36	7.39	6.83	7.08	19056503	152042096.00
2013/06/14	7.18	7.35	7.07	7.25	16751411	136673408.00
2013/06/17	7.16	7.40	7.01	7.31	16477046	134505296.00
2013/06/18	7.34	7.63	7.26	7.50	19780005	165736992.00
2013/06/19	7.44	7.44	7.12	7.36	12134537	99986248.00
2013/06/20	7.24	7.29	6.97	7.02	10585674	85562856.00
2013/06/21	6.79	7.19	6.66	7.00	9808746	77107688.00
2013/06/24	6.96	6.97	6.21	6.22	12789181	95258464.00
2013/06/25	6.09	6.54	5.72	6.42	17399269	123656800.00
2013/06/26	6.32	6.61	6.27	6.59	14458709	106929480.00
2013/06/27	6.56	6.72	6.33	6.35	14912343	111833672.00
2013/06/28	6.16	6.66	6.16	6.42	8309672	60947568.00
2013/07/01	6.27	6.66	6.18	6.64	9876725	73943528.00
2013/07/02	6.69	6.82	6.56	6.81	8211959	62559352.00
2013/07/03	6.74	6.74	6.39	6.59	10807286	80993752.00
2013/07/04	6.54	6.94	6.34	6.76	15425436	117737408.00
2013/07/05	6.75	6.91	6.64	6.65	9528484	73169816.00
2013/07/08	6.50	6.99	6.20	6.88	20094650	154310016.00
2013/07/09	6.77	7.44	6.75	7.26	17274344	140493552.00
2013/07/10	7.06	7.44	7.06	7.43	9492320	78481344.00
2013/07/11	7.40	7.86	7.28	7.46	10783734	91530872.00
2013/07/12	7.46	7.65	7.16	7.18	9394752	77818648.00
2013/07/15	7.34	7.48	7.23	7.37	6684691	55256288.00
2013/07/16	7.39	7.66	7.20	7.60	11028090	92962176.00
2013/07/17	7.51	7.62	7.35	7.36	3984269	33401256.00
2013/07/18	7.26	7.46	7.16	7.24	4600064	37591768.00
2013/07/19	7.26	7.36	6.78	6.79	5596728	44760084.00
2013/07/22	6.76	6.92	6.63	6.84	4237713	32583774.00
2013/07/23	6.84	7.08	6.78	7.03	5570021	43869980.00
2013/07/24	7.01	7.06	6.61	6.88	7868749	60852236.00
2013/07/25	6.86	6.93	6.68	6.72	3630716	28048764.00
2013/07/26	6.72	6.76	6.49	6.52	3639720	27309264.00
2013/07/29	6.53	6.55	6.09	6.14	7191260	51139620.00
2013/07/30	6.12	6.21	5.96	6.15	5595605	39307324.00
2013/07/31	6.14	6.25	6.05	6.18	5800722	41075560.00
2013/08/01	6.24	6.36	6.11	6.34	6159396	44143736.00
2013/08/02	6.31	6.38	6.21	6.22	6355336	45724480.00
2013/08/05	6.22	6.82	6.10	6.80	13686648	100045384.00
2013/08/06	6.68	7.56	6.60	7.45	23542937	189731936.00
2013/08/07	7.37	7.99	7.21	7.57	21896954	187237424.00
2013/08/08	7.48	7.87	7.39	7.44	14372918	122458936.00
2013/08/09	7.47	7.66	7.14	7.34	12926966	106958768.00
2013/08/12	7.32	7.48	7.14	7.39	17097421	140704256.00
2013/08/13	7.32	7.32	7.11	7.20	14620219	118403232.00
2013/08/14	7.27	7.56	7.23	7.27	15954289	132375504.00
2013/08/15	7.18	7.27	6.98	7.00	10180530	81463384.00
2013/08/16	6.95	7.25	6.88	6.88	7128791	56594744.00
2013/08/19	6.74	7.01	6.72	6.94	4843463	37962068.00
2013/08/20	6.92	7.41	6.88	7.38	15137447	123092736.00
2013/08/21	7.39	7.39	7.18	7.31	5850027	47903336.00
2013/08/22	7.26	7.40	7.18	7.26	4854655	39860460.00
2013/08/23	7.28	7.36	6.97	7.25	6715035	54247100.00
2013/08/26	7.20	7.53	7.18	7.52	9944711	82570144.00
2013/08/27	7.49	7.49	7.28	7.35	4958541	40993296.00
2013/08/28	7.26	7.26	7.03	7.12	6730091	54143804.00
2013/08/29	7.12	7.18	7.06	7.14	3437008	27615678.00
2013/08/30	7.08	7.12	6.91	6.92	4521739	35732636.00
2013/09/02	6.97	7.48	6.97	7.41	12038412	98946608.00
2013/09/03	7.47	8.14	7.41	7.64	15417320	133715232.00
2013/09/04	7.56	8.01	7.46	7.78	12118139	105834080.00
2013/09/05	7.79	7.85	7.54	7.61	5729567	49249732.00
2013/09/06	7.61	7.93	7.52	7.91	8643955	75475136.00
2013/09/09	7.88	8.33	7.87	8.17	13927195	126051472.00
2013/09/10	8.16	8.17	7.91	8.03	8214956	73482088.00
2013/09/11	7.93	8.28	7.70	8.10	8632166	77344616.00
2013/09/12	8.08	8.08	7.86	7.89	5483838	48552632.00
2013/09/13	7.79	7.96	7.65	7.70	4846696	42016584.00
2013/09/16	7.68	7.85	7.51	7.63	5001512	43026120.00
2013/09/17	7.63	7.76	7.46	7.52	5903913	50430996.00
2013/09/18	7.56	7.68	7.30	7.46	4643818	38638132.00
2013/09/23	7.47	7.63	7.44	7.56	7557116	63842204.00
2013/09/24	7.53	7.56	7.24	7.33	9781933	80711424.00
2013/09/25	7.34	7.41	7.19	7.25	6069884	49659996.00
2013/09/26	7.26	7.31	7.04	7.08	5725283	46115128.00
2013/09/27	7.08	7.17	7.06	7.13	3359445	26965534.00
2013/09/30	7.23	7.25	7.13	7.19	3186184	25778900.00
2013/10/08	7.23	7.32	7.03	7.28	4963695	39854300.00
2013/10/09	7.28	7.34	7.20	7.34	9339118	75904792.00
2013/10/10	7.38	7.39	7.26	7.30	7106521	58211880.00
2013/10/11	7.30	7.69	7.26	7.64	12582350	105047720.00
2013/10/14	7.64	7.88	7.51	7.60	12068916	103493088.00
2013/10/15	7.63	7.73	7.52	7.71	8324308	70534272.00
2013/10/16	7.66	7.72	7.25	7.33	7066248	58771492.00
2013/10/17	7.39	7.47	7.25	7.32	4216931	34617540.00
2013/10/18	7.24	7.43	7.23	7.37	3213424	26316382.00
2013/10/21	7.36	7.58	7.29	7.54	5136906	42917064.00
2013/10/22	7.54	7.55	7.38	7.46	4085703	33952672.00
2013/10/23	7.46	7.51	7.14	7.28	5825591	47490820.00
2013/10/24	7.28	7.58	7.15	7.43	5136159	42451052.00
2013/10/25	7.35	7.47	7.10	7.18	4861530	39394828.00
2013/10/28	7.19	7.21	7.07	7.10	2711626	21681944.00
2013/10/29	7.18	7.19	6.44	6.64	6580845	50230756.00
2013/10/30	6.66	7.13	6.54	7.06	5779738	44730736.00
2013/10/31	7.16	7.58	7.14	7.43	13096018	108197760.00
2013/11/01	7.40	7.69	7.24	7.54	6657416	55906444.00
2013/11/04	7.54	7.89	7.54	7.56	9620506	82526080.00
2013/11/05	7.58	7.94	7.54	7.84	13105173	113767680.00
2013/11/06	7.79	7.91	7.69	7.74	6813649	58869284.00
2013/11/07	7.81	7.81	7.45	7.53	3313436	27935874.00
2013/11/08	7.53	7.93	7.45	7.66	6076033	52008180.00
2013/11/11	7.57	8.00	7.42	7.99	10483645	90931568.00
2013/11/12	7.98	8.34	7.93	7.97	10039150	89911296.00
2013/11/13	7.89	8.23	7.72	7.94	7503675	66208160.00
2013/11/14	7.84	8.59	7.83	8.53	13574775	123850368.00
2013/11/15	8.47	8.59	8.34	8.39	10017151	93275240.00
2013/11/18	8.32	8.57	8.29	8.45	9008609	83540936.00
2013/11/19	8.49	8.84	8.41	8.66	11887084	113729072.00
2013/11/20	8.82	8.92	8.40	8.67	7911678	74575336.00
2013/11/21	8.54	8.63	8.25	8.26	8591079	79115208.00
2013/11/22	8.29	8.62	8.19	8.59	7884609	73395032.00
2013/11/25	8.47	8.50	8.07	8.08	11559015	105401416.00
2013/11/26	7.95	8.34	7.67	8.25	12491572	109584080.00
2013/11/27	8.07	8.39	7.86	8.32	7738298	70030304.00
2013/11/28	8.26	8.44	8.17	8.22	4756242	43584160.00
2013/11/29	8.24	8.32	8.04	8.13	5118868	46361264.00
2013/12/02	8.03	8.08	7.72	7.77	6111703	53281404.00
2013/12/03	7.76	8.06	7.74	8.01	3839156	33857408.00
2013/12/04	8.04	8.60	7.90	8.45	10989739	101601032.00
2013/12/05	8.43	8.74	8.36	8.65	8259225	78116984.00
2013/12/06	8.79	8.84	8.45	8.51	5447758	51723428.00
2013/12/09	8.59	8.79	8.29	8.41	8807995	82858768.00
2013/12/10	8.43	8.52	8.22	8.36	5425762	49965588.00
2013/12/11	8.26	8.34	8.14	8.27	3779678	34362172.00
2013/12/12	8.24	8.34	8.16	8.26	3816555	34746208.00
2013/12/13	8.21	8.23	8.08	8.10	3814012	34355044.00
2013/12/16	8.10	8.14	7.84	7.86	4286224	37597284.00
2013/12/17	7.86	7.92	7.79	7.87	3154833	27503612.00
2013/12/18	7.94	7.94	7.79	7.81	1772879	15430842.00
2013/12/19	7.88	7.99	7.66	7.69	2590690	22404062.00
2013/12/20	7.74	7.79	7.36	7.50	4707542	39364824.00
2013/12/23	7.50	7.59	7.26	7.50	3324803	27641214.00
2013/12/24	7.53	7.81	7.50	7.78	5819326	49914804.00
2013/12/25	7.67	7.84	7.67	7.79	3289813	28360422.00
2013/12/26	7.79	7.81	7.51	7.68	2815025	23936934.00
2013/12/27	7.54	7.81	7.54	7.66	4393685	37491052.00
2013/12/30	7.69	7.70	7.41	7.47	4323460	36123896.00
2013/12/31	7.29	7.52	7.29	7.38	4616630	38151344.00
2014/01/02	7.37	7.40	7.05	7.12	9789944	78701992.00
2014/01/03	7.04	7.16	6.70	6.98	9469202	73044680.00
2014/01/06	6.99	7.17	6.89	7.13	10668624	83965016.00
2014/01/07	7.12	7.24	6.82	6.93	5594907	43753724.00
2014/01/08	6.93	7.03	6.72	6.80	4619656	35496592.00
2014/01/09	6.80	6.84	6.59	6.60	7624968	57447700.00
2014/01/10	6.57	6.62	6.42	6.45	3011277	22143430.00
2014/01/13	6.48	6.54	6.22	6.29	5115971	36750876.00
2014/01/14	6.32	6.63	6.31	6.54	7033024	51801432.00
2014/01/15	6.49	6.60	6.33	6.51	4864908	35561908.00
2014/01/16	6.49	6.68	6.45	6.58	4974955	36976884.00
2014/01/17	6.54	6.54	6.38	6.41	3870734	28249722.00
2014/01/20	6.44	6.49	6.31	6.33	3709633	26884118.00
2014/01/21	6.30	6.49	6.30	6.41	3348706	24296940.00
2014/01/22	6.45	6.76	6.38	6.73	7818799	58541920.00
2014/01/23	6.74	6.85	6.66	6.78	5414668	41419636.00
2014/01/24	6.81	6.91	6.73	6.81	3855680	29683446.00
2014/01/27	6.77	6.77	6.65	6.71	2917248	22074276.00
2014/01/28	6.70	6.83	6.61	6.83	5844370	44176748.00
2014/01/29	6.91	6.93	6.74	6.80	4841874	37100444.00
2014/01/30	6.73	6.84	6.62	6.64	2912329	21927692.00
2014/02/07	6.55	6.62	6.41	6.61	3255216	23966716.00
2014/02/10	6.61	7.17	6.61	7.15	12063748	95131728.00
2014/02/11	7.23	7.31	6.94	7.08	8773599	70014240.00
2014/02/12	7.08	7.18	6.99	7.10	5682328	45067648.00
2014/02/13	7.07	7.34	7.04	7.11	9121350	73496112.00
2014/02/14	7.10	7.16	6.96	7.07	6318234	49839612.00
2014/02/17	7.10	7.86	7.05	7.86	31709726	268089472.00
2014/02/18	7.86	7.91	7.60	7.72	20295823	173933936.00
2014/02/19	7.70	7.76	7.48	7.59	14465696	122045296.00
2014/02/20	7.63	7.64	7.24	7.27	13043655	107741152.00
2014/02/21	7.30	7.45	7.11	7.38	11929196	96973104.00
2014/02/24	7.28	7.29	6.90	7.07	10772849	85130936.00
2014/02/25	7.02	7.07	6.65	6.78	9770351	75877776.00
2014/02/26	6.72	6.95	6.65	6.88	7706940	59152036.00
2014/02/27	6.88	7.24	6.81	6.83	12755379	100046808.00
2014/02/28	6.76	6.90	6.65	6.86	7964365	60767572.00
2014/03/03	6.85	7.08	6.76	7.00	8437409	66134464.00
2014/03/04	6.98	7.01	6.80	6.91	6476360	50284980.00
2014/03/05	6.95	7.06	6.87	6.94	6873627	53763956.00
2014/03/06	6.91	6.94	6.67	6.91	6860520	52489128.00
2014/03/07	6.92	6.94	6.74	6.82	5564939	42813904.00
2014/03/10	6.75	6.75	6.35	6.43	7305104	53979760.00
2014/03/11	6.41	6.48	6.31	6.45	4388398	31813656.00
2014/03/12	6.44	6.46	6.29	6.39	4088767	29549716.00
2014/03/13	6.39	6.49	6.34	6.49	3597683	26255078.00
2014/03/14	6.41	6.49	6.31	6.35	3585786	25959980.00
2014/03/17	6.34	6.53	6.33	6.50	4076483	29813266.00
2014/03/18	6.51	6.61	6.47	6.55	4368923	32428588.00
2014/03/19	6.57	6.57	6.41	6.52	3756600	27500734.00
2014/03/20	6.54	6.54	6.33	6.35	5332729	38931540.00
2014/03/21	6.33	6.51	6.24	6.51	9003536	65065856.00
2014/03/24	6.48	6.71	6.47	6.62	7148549	53347884.00
2014/03/25	6.59	6.76	6.56	6.70	6310053	47612220.00
2014/03/26	6.69	6.76	6.64	6.73	6412303	48622892.00
2014/03/27	6.76	6.76	6.57	6.61	3553516	26723936.00
2014/03/28	6.63	6.80	6.54	6.54	12255451	92143368.00
2014/03/31	6.54	6.54	6.34	6.40	4859984	35497512.00
2014/04/01	6.40	6.57	6.37	6.53	3541165	26076622.00
2014/04/02	6.49	6.65	6.49	6.59	3177832	23611298.00
2014/04/03	6.58	6.68	6.54	6.60	4980458	37232180.00
2014/04/04	6.58	6.67	6.58	6.63	2802634	21008532.00
2014/04/08	6.64	6.78	6.59	6.77	7304650	55381800.00
2014/04/09	6.80	7.03	6.80	6.87	7289755	56570892.00
2014/04/10	6.86	6.96	6.76	6.90	6031885	46565376.00
2014/04/11	6.92	6.99	6.80	6.82	5024012	38762392.00
2014/04/14	6.75	6.95	6.75	6.93	5003226	38802048.00
2014/04/15	6.96	6.96	6.77	6.79	3674258	28235752.00
2014/04/16	6.80	6.81	6.71	6.73	3654800	27815336.00
2014/04/17	6.74	6.87	6.68	6.83	4694361	35984524.00
2014/04/18	6.84	6.87	6.69	6.79	3200989	24451726.00
2014/04/21	6.77	6.77	6.54	6.55	3458604	26004346.00
2014/04/22	6.54	6.58	6.40	6.54	3118046	22891644.00
2014/04/23	6.54	6.55	6.46	6.54	1857495	13680255.00
2014/04/24	6.52	6.56	6.44	6.48	1946089	14306717.00
2014/04/25	6.52	6.57	6.40	6.41	1809816	13254833.00
2014/04/28	6.40	6.50	6.32	6.37	2483670	18011348.00
2014/04/29	6.46	6.49	6.32	6.47	2941727	21364770.00
2014/04/30	6.44	6.51	6.40	6.49	2810095	20577738.00
2014/05/05	6.44	6.49	6.37	6.48	3052340	22205064.00
2014/05/06	6.51	6.59	6.47	6.52	3243571	23996862.00
2014/05/07	6.51	6.51	6.40	6.45	2270401	16599542.00
2014/05/08	6.45	6.55	6.43	6.47	2173029	15970266.00
2014/05/09	6.52	6.52	6.38	6.41	1738394	12662726.00
2014/05/12	6.50	6.57	6.44	6.54	3251845	23986842.00
2014/05/13	6.59	6.59	6.52	6.53	2172225	16085965.00
2014/05/14	6.50	6.54	6.47	6.49	1589442	11699370.00
2014/05/15	6.48	6.48	6.38	6.38	2181826	15901159.00
2014/05/16	6.37	6.44	6.34	6.40	2561182	18538758.00
2014/05/19	6.44	6.48	6.34	6.37	1291139	9333187.00
2014/05/20	6.39	6.43	6.35	6.36	1323283	9587829.00
2014/05/21	6.31	6.41	6.29	6.41	2123180	15328040.00
2014/05/22	6.39	6.45	6.34	6.34	2259211	16393910.00
2014/05/23	6.34	6.37	6.31	6.37	1530477	11019944.00
2014/05/26	6.44	6.52	6.39	6.44	2683565	19612524.00
2014/05/27	6.43	6.47	6.37	6.38	1924825	13997843.00
2014/05/28	6.41	6.44	6.33	6.43	2377359	17252946.00
2014/05/29	6.42	6.46	6.32	6.36	2422326	17615256.00
2014/05/30	6.40	6.43	6.35	6.43	1748204	12697335.00
2014/06/03	6.43	6.46	6.40	6.42	1383573	10095403.00
2014/06/04	6.43	6.46	6.35	6.37	2315974	16790910.00
2014/06/05	6.36	6.40	6.35	6.38	1497326	10834046.00
2014/06/06	6.40	6.47	6.36	6.40	2156937	15668331.00
2014/06/09	6.40	6.43	6.34	6.34	2697833	19501108.00
2014/06/10	6.39	6.40	6.33	6.39	2364611	17111094.00
2014/06/11	6.39	6.49	6.34	6.48	4047147	29528370.00
2014/06/12	6.51	6.52	6.40	6.41	2327459	16999548.00
2014/06/13	6.41	6.69	6.37	6.63	8220275	60947164.00
2014/06/16	6.59	6.67	6.57	6.61	4306922	32221382.00
2014/06/17	6.59	6.62	6.50	6.50	3260308	24121982.00
2014/06/18	6.54	6.73	6.51	6.65	9275463	69717616.00
2014/06/19	6.65	6.69	6.49	6.52	4187076	31210218.00
2014/06/20	6.52	6.71	6.48	6.69	4217315	31429666.00
2014/06/23	6.64	6.75	6.60	6.67	3207387	24163908.00
2014/06/24	6.64	6.78	6.64	6.72	4864865	36918640.00
2014/06/25	6.72	6.72	6.59	6.61	2676475	20063552.00
2014/06/26	6.65	6.72	6.62	6.68	2784276	20954852.00
2014/06/27	6.69	6.72	6.62	6.67	3344024	25210580.00
2014/06/30	6.65	6.70	6.56	6.67	4558217	34191912.00
2014/07/01	6.69	6.72	6.60	6.65	2869459	21500554.00
2014/07/02	6.64	6.66	6.56	6.58	4196265	31249934.00
2014/07/03	6.60	6.89	6.59	6.88	11017612	84121248.00
2014/07/04	6.88	6.91	6.76	6.88	5526848	42548548.00
2014/07/07	6.84	6.91	6.76	6.85	4105381	31592492.00
2014/07/08	6.97	6.97	6.80	6.90	4307978	33389848.00
2014/07/09	6.85	6.90	6.75	6.80	4000245	30645428.00
2014/07/10	6.86	7.02	6.84	6.89	5650487	43948972.00
2014/07/11	6.90	6.98	6.76	6.84	7410334	56978636.00
2014/07/14	6.92	7.61	6.81	7.47	24822846	201527280.00
2014/07/15	7.34	7.47	7.24	7.46	11539490	94748920.00
2014/07/16	7.37	7.37	7.19	7.21	5111563	41551748.00
2014/07/17	7.25	7.28	6.97	7.07	4882477	38700876.00
2014/07/18	7.05	7.14	7.00	7.04	3759102	29835548.00
2014/07/21	7.02	7.10	6.94	7.06	4103850	32461778.00
2014/07/22	7.05	7.32	7.02	7.25	7671159	61815900.00
2014/07/23	7.19	7.24	6.94	6.98	7442784	59038176.00
2014/07/24	7.04	7.14	6.97	7.02	5304876	41359300.00
2014/07/25	7.08	7.23	7.00	7.20	6061002	48025868.00
2014/07/28	7.22	7.39	7.20	7.30	7412239	59849744.00
2014/07/29	7.31	7.46	7.24	7.31	7874623	63918556.00
2014/07/30	7.27	7.42	7.27	7.39	5351085	43397192.00
2014/07/31	7.37	7.42	7.31	7.40	4203984	34164300.00
2014/08/01	7.36	7.42	7.23	7.24	5741227	46354592.00
2014/08/04	7.25	7.42	7.18	7.36	7133992	57590956.00
2014/08/05	7.48	7.74	7.47	7.52	14646119	122373616.00
2014/08/06	7.44	7.79	7.40	7.72	13196959	110949424.00
2014/08/07	7.73	7.75	7.52	7.59	6803248	57166204.00
2014/08/08	7.60	7.67	7.44	7.54	5125146	42521436.00
2014/08/11	7.56	7.60	7.46	7.55	10554134	87432608.00
2014/08/12	7.52	7.59	7.44	7.56	6460771	53417640.00
2014/08/13	7.56	7.60	7.38	7.45	7008547	57618272.00
2014/08/14	7.45	7.69	7.42	7.49	11460374	95691888.00
2014/08/15	7.45	7.57	7.39	7.50	6082959	50037164.00
2014/08/18	7.50	7.59	7.45	7.51	5427048	44856192.00
2014/08/19	7.54	7.61	7.51	7.57	6158246	51289320.00
2014/08/20	7.58	7.67	7.51	7.57	6302084	52587996.00
2014/08/21	7.56	7.58	7.24	7.39	8231585	67074452.00
2014/08/22	7.39	7.39	7.23	7.35	5730184	46201692.00
2014/08/25	7.34	7.34	7.23	7.26	3507982	28153288.00
2014/08/26	7.25	7.32	7.12	7.16	3687236	29445650.00
2014/08/27	7.23	7.23	7.12	7.21	4057833	32202510.00
2014/08/28	7.22	7.22	7.09	7.16	3474495	27512040.00
2014/08/29	7.16	7.29	7.10	7.23	5490982	43787884.00
2014/09/01	7.25	7.44	7.24	7.35	10827145	87728472.00
2014/09/02	7.34	7.41	7.29	7.39	6493922	52648936.00
2014/09/03	7.43	7.61	7.38	7.54	16148009	133975544.00
2014/09/04	7.51	7.57	7.44	7.54	11828008	97420872.00
2014/09/05	7.56	7.58	7.45	7.54	7960825	65839480.00
2014/09/09	7.59	7.60	7.45	7.53	7511649	62100896.00
2014/09/10	7.49	7.55	7.45	7.51	7905062	65285492.00
2014/09/11	7.51	7.64	7.46	7.49	10611360	88018832.00
2014/09/12	7.49	7.64	7.46	7.58	11890326	98920520.00
2014/09/15	7.57	7.66	7.48	7.55	12960606	107543704.00
2014/09/16	7.54	7.56	7.30	7.38	13569213	110962104.00
2014/09/17	7.37	7.59	7.31	7.52	10159829	83559296.00
2014/09/18	7.53	7.79	7.49	7.61	18516190	155521504.00
2014/09/19	7.60	7.66	7.54	7.63	7805612	65280216.00
2014/09/22	7.63	7.63	7.41	7.45	6171563	51071908.00
2014/09/23	7.43	7.51	7.37	7.47	5413047	44403156.00
2014/09/24	7.42	7.62	7.36	7.55	12119675	100035528.00
2014/09/25	7.54	7.59	7.43	7.51	9144529	75864888.00
2014/09/26	7.49	7.61	7.45	7.55	7870803	65443752.00
2014/09/29	7.56	7.62	7.44	7.54	11651268	96496128.00
2014/09/30	7.58	7.73	7.55	7.71	18912475	159192976.00
2014/10/08	7.70	7.78	7.64	7.75	13058847	110728576.00
2014/10/09	7.78	7.78	7.64	7.68	10492317	88701160.00
2014/10/10	7.72	7.72	7.53	7.58	8355241	69254448.00
2014/10/13	7.58	7.71	7.53	7.68	6611190	54967208.00
2014/10/14	7.68	7.70	7.52	7.57	6711428	55585448.00
2014/10/15	7.56	7.60	7.43	7.52	7234980	59169092.00
2014/10/16	7.47	7.56	7.41	7.41	6793711	55522984.00
2014/10/17	7.40	7.53	7.24	7.48	7529412	60839672.00
2014/10/20	7.44	7.52	7.42	7.49	4943405	40378288.00
2014/10/21	7.49	7.50	7.34	7.34	4159245	33692416.00
2014/10/22	7.36	7.36	7.10	7.11	11540519	91428488.00
2014/10/23	7.15	7.23	6.97	6.99	8058950	62561388.00
2014/10/24	7.00	7.04	6.95	6.99	4836497	37110428.00
2014/10/27	6.99	7.06	6.97	7.03	3947912	30361050.00
2014/10/28	7.04	7.18	7.04	7.16	6282680	48962940.00
2014/10/29	7.17	7.23	7.10	7.20	9421224	73854384.00
2014/10/30	7.19	7.28	7.15	7.21	9322551	73562840.00
2014/10/31	7.22	7.23	7.06	7.12	20677788	161220752.00
2014/11/03	7.12	7.19	7.12	7.19	13235175	103684184.00
2014/11/04	7.19	7.30	7.15	7.30	18438620	145795536.00
2014/11/05	7.29	7.38	7.20	7.34	15424060	123067944.00
2014/11/06	7.35	7.39	7.30	7.34	11245435	90128984.00
2014/11/07	7.32	7.34	7.20	7.22	8356608	66293084.00
2014/11/10	7.38	7.41	7.18	7.34	15447560	122873512.00
2014/11/11	7.37	7.37	7.10	7.16	11149455	88458440.00
2014/11/12	7.11	7.29	7.08	7.25	5112703	40322884.00
2014/11/13	7.22	7.35	7.14	7.31	8068453	64125560.00
2014/11/14	7.27	7.30	7.18	7.21	6176155	48844976.00
2014/11/17	7.24	7.31	7.17	7.19	6415403	50716584.00
2014/11/18	7.19	7.24	7.17	7.20	4278388	33688412.00
2014/11/19	7.20	7.23	7.11	7.19	4383681	34358396.00
2014/11/20	7.18	7.24	7.13	7.17	3310835	26048226.00
2014/11/21	7.22	7.35	7.22	7.31	9315490	74315744.00
2014/11/24	7.35	7.41	7.28	7.37	12853773	103306424.00
2014/11/25	7.37	7.45	7.35	7.45	9531218	77054712.00
2014/11/26	7.44	7.52	7.36	7.42	9401857	76335736.00
2014/11/27	7.45	7.52	7.43	7.46	12759524	103986792.00
2014/11/28	7.44	7.58	7.37	7.48	15438590	125914352.00
2014/12/01	7.50	7.65	7.45	7.63	19870113	163467328.00
2014/12/02	7.55	7.76	7.50	7.66	17183399	142578736.00
2014/12/03	7.65	8.02	7.62	7.83	28664161	242588576.00
2014/12/04	7.80	8.07	7.77	8.02	27360832	235216800.00
2014/12/05	7.98	8.37	7.53	7.81	25576884	220107552.00
2014/12/08	7.79	8.12	7.52	8.07	23860583	206737648.00
2014/12/09	8.08	8.50	7.82	7.94	34917220	309660288.00
2014/12/10	7.91	8.20	7.82	8.17	21014923	183413232.00
2014/12/11	8.11	8.43	7.91	8.32	55804735	489751200.00
2014/12/12	8.50	8.51	8.02	8.15	49187122	435302272.00
2014/12/15	8.14	8.15	8.00	8.10	18761130	164219648.00
2014/12/16	8.09	8.20	8.02	8.11	21736919	190988160.00
2014/12/17	8.11	8.37	8.00	8.14	28452823	251594768.00
2014/12/18	8.06	8.22	8.00	8.12	19978696	175564672.00
2014/12/19	8.08	8.22	7.80	8.12	26173024	227313840.00
2014/12/22	8.17	8.18	7.83	7.91	19477741	169512960.00
2014/12/23	7.91	8.18	7.84	7.94	15232886	132299272.00
2014/12/24	7.94	8.00	7.80	7.92	11253920	96448808.00
2014/12/25	7.94	8.12	7.89	8.10	11258997	98022896.00
2014/12/26	8.14	8.14	7.95	8.04	17729807	154319680.00
2014/12/29	8.10	8.52	8.01	8.23	38091517	337929088.00
2014/12/30	8.06	8.17	7.97	7.98	16726323	146008256.00
2014/12/31	7.97	8.06	7.85	8.00	11115148	95964288.00
2015/01/05	8.03	8.41	8.03	8.33	34788187	311177088.00
2015/01/06	8.27	8.77	8.22	8.46	51306429	473864608.00
2015/01/07	8.42	8.45	8.23	8.40	19948988	179937840.00
2015/01/08	8.42	8.47	8.17	8.23	15495377	138903280.00
2015/01/09	8.20	8.32	7.98	7.99	24420779	216872608.00
2015/01/12	7.94	7.95	7.68	7.78	15396285	130718376.00
2015/01/13	7.83	7.88	7.75	7.85	7754221	65911864.00
2015/01/14	7.82	7.90	7.71	7.74	8764648	74588880.00
2015/01/15	7.74	7.89	7.74	7.88	7607162	64839336.00
2015/01/16	7.87	7.95	7.82	7.87	13742100	117695120.00
2015/01/19	7.68	7.68	7.12	7.33	16895247	138527472.00
2015/01/20	7.37	7.55	7.35	7.53	9101310	74116168.00
2015/01/21	7.53	7.72	7.49	7.70	12713466	105489992.00
2015/01/22	7.70	7.74	7.62	7.71	11382824	95185056.00
2015/01/23	7.72	7.75	7.60	7.65	8842247	73889736.00
2015/01/26	7.64	7.76	7.62	7.75	8581399	71877544.00
2015/01/27	7.74	7.99	7.74	7.87	15831369	135316528.00
2015/01/28	7.84	7.84	7.70	7.76	8122390	68560320.00
2015/01/29	7.70	7.74	7.61	7.64	6176590	51539896.00
2015/01/30	7.67	7.76	7.62	7.65	6845823	57320744.00
2015/02/02	7.60	7.61	7.52	7.55	6230100	51339836.00
2015/02/03	7.55	7.62	7.53	7.61	6728615	55556076.00
2015/02/04	7.62	7.72	7.59	7.61	9206546	76651288.00
2015/02/05	7.69	7.70	7.51	7.52	10123786	83685568.00
2015/02/06	7.49	7.55	7.35	7.40	5755267	46817872.00
2015/02/09	7.39	7.48	7.36	7.45	3690500	29928204.00
2015/02/10	7.45	7.57	7.43	7.56	5582534	45642428.00
2015/02/11	7.58	7.61	7.53	7.57	4250880	35106080.00
2015/02/12	7.57	7.67	7.57	7.63	5931393	49277160.00
2015/02/13	7.67	7.73	7.64	7.69	7890226	66055396.00
2015/02/16	7.69	7.76	7.67	7.72	6121825	51427388.00
2015/02/17	7.72	7.89	7.72	7.82	10416549	88545184.00
2015/02/25	7.82	7.87	7.75	7.78	5237779	44487148.00
2015/02/26	7.78	7.88	7.72	7.87	6885663	58555468.00
2015/02/27	7.91	7.91	7.80	7.81	7955008	67814488.00
2015/03/02	7.88	8.01	7.82	8.00	15037056	129710376.00
2015/03/03	7.98	7.98	7.82	7.87	10674401	91629480.00
2015/03/04	7.97	8.09	7.85	8.01	13110932	113055736.00
2015/03/05	8.03	8.38	7.98	8.32	39325765	350069344.00
2015/03/06	8.36	8.71	8.24	8.32	41957956	383432320.00
2015/03/09	8.27	8.57	8.24	8.50	23452506	214649584.00
2015/03/10	8.53	8.66	8.42	8.47	17895590	164786112.00
2015/03/11	8.55	8.55	8.21	8.25	19442292	175132976.00
2015/03/12	8.22	8.47	8.20	8.44	15114417	136070256.00
2015/03/13	8.43	8.47	8.29	8.43	11390842	103374320.00
2015/03/16	8.43	8.62	8.42	8.55	28447671	261614000.00
2015/03/17	8.57	8.65	8.46	8.62	21564762	199349712.00
2015/03/18	8.60	9.31	8.58	9.12	37047488	359783936.00
2015/03/19	9.10	9.19	8.95	9.13	21326974	208197024.00
2015/03/20	9.13	9.65	9.07	9.40	28098435	284323904.00
2015/03/23	9.50	9.62	9.32	9.41	22145305	223613712.00
2015/03/24	9.37	9.40	8.95	9.17	24854429	244868496.00
2015/03/25	9.23	9.40	9.12	9.31	22006261	218573520.00
2015/03/26	9.22	9.25	9.05	9.15	20768248	204028336.00
2015/03/27	9.17	9.22	9.05	9.11	16246575	159432016.00
2015/03/30	9.15	9.47	9.14	9.40	27218527	271760512.00
2015/03/31	9.37	9.43	9.12	9.15	22473246	223870896.00
2015/04/01	9.14	9.45	9.07	9.39	27580207	275845056.00
2015/04/02	9.41	9.93	9.37	9.89	35008204	363957312.00
2015/04/03	9.82	10.12	9.70	9.88	25597005	270348448.00
2015/04/07	9.90	10.01	9.82	9.96	20974060	221974800.00
2015/04/08	9.98	10.06	9.64	9.87	23568584	248391936.00
2015/04/09	9.80	9.88	9.37	9.57	21255587	217483840.00
2015/04/10	9.52	9.72	9.50	9.70	19895138	205122848.00
2015/04/13	9.75	9.92	9.61	9.85	21813369	228024384.00
2015/04/14	9.84	10.02	9.67	9.88	19956699	209835072.00
2015/04/15	9.87	10.26	9.77	10.05	29957998	321814048.00
2015/04/16	10.06	10.23	9.62	10.17	23328958	248314096.00
2015/04/17	10.22	10.66	10.15	10.46	33104834	368221248.00
2015/04/20	10.33	10.54	9.97	10.00	31965024	348508544.00
2015/04/21	10.00	10.37	10.00	10.36	20846358	226675936.00
2015/04/22	10.38	10.94	10.38	10.81	31042946	354456160.00
2015/04/23	10.85	11.37	10.85	11.08	35188628	415839104.00
2015/04/24	10.82	11.75	10.72	11.54	33159175	400057408.00
2015/04/27	11.62	12.76	11.54	12.76	49921523	647082048.00
2015/04/28	12.74	12.74	11.92	12.20	34537743	446113120.00
2015/04/29	12.00	12.43	11.69	12.33	23007436	295090528.00
2015/04/30	12.31	12.72	11.82	11.87	19956928	258551888.00
2015/05/04	11.82	12.33	11.74	12.01	15630818	198841920.00
2015/05/05	12.03	12.03	11.02	11.14	19226166	233593472.00
2015/05/06	11.14	11.32	10.35	10.66	16146871	188435904.00
2015/05/07	10.62	10.75	10.38	10.52	11623702	130518952.00
2015/05/08	10.62	10.97	10.55	10.91	15016076	172066832.00
2015/05/11	11.02	12.01	10.83	11.98	27209954	330503392.00
2015/05/12	11.77	12.04	11.60	11.80	20145927	251684944.00
2015/05/13	11.75	12.08	11.54	11.90	18630745	231799840.00
2015/05/14	11.92	12.34	11.78	12.04	17312780	221132128.00
2015/05/15	11.92	11.92	11.42	11.48	12395246	152095728.00
2015/05/18	11.43	11.43	11.11	11.17	12501891	148725840.00
2015/05/19	11.15	11.70	10.98	11.55	13440327	162954032.00
2015/05/20	11.58	11.79	11.46	11.48	18835657	231728272.00
2015/05/21	11.42	11.68	11.15	11.67	13905429	167965376.00
2015/05/22	11.72	12.65	11.54	12.37	29355470	370639744.00
2015/05/25	13.61	13.61	12.72	12.78	38474549	524122336.00
2015/05/26	13.00	13.12	12.52	12.91	33192752	448392448.00
2015/05/27	12.88	12.88	12.46	12.71	25370217	337743584.00
2015/05/28	12.62	12.92	11.52	11.57	29112008	381876256.00
2015/05/29	11.56	11.80	10.87	11.25	21262281	255601056.00
2015/06/01	11.32	12.02	11.32	11.98	21490835	267276288.00
2015/06/02	12.00	12.48	11.86	12.45	23623323	302832672.00
2015/06/03	12.52	12.61	11.98	12.29	23479392	305111584.00
2015/06/04	12.30	12.65	11.11	12.41	27294304	349026176.00
2015/06/05	12.67	13.72	12.33	13.72	57566001	785739776.00
2015/06/08	13.92	14.51	13.67	14.14	46209844	685723392.00
2015/06/09	14.33	14.40	13.89	14.21	26693616	395874400.00
2015/06/10	14.05	14.66	13.82	14.53	25341057	382365248.00
2015/06/11	14.60	14.62	14.02	14.16	25098855	373493056.00
2015/06/12	14.16	14.31	13.95	14.10	19496892	288827296.00
2015/06/15	14.10	15.58	13.92	15.17	60229406	942627648.00
2015/06/16	14.80	16.52	14.30	15.98	53112046	839740288.00
2015/06/17	16.02	17.05	15.62	16.57	37295234	639887168.00
2015/06/18	16.60	17.65	16.15	17.28	36932420	655532416.00
2015/06/19	17.30	17.42	16.15	16.73	38126162	662501248.00
2015/06/23	16.19	16.46	14.99	16.00	27497289	446689760.00
2015/06/24	16.07	17.12	15.37	16.03	33526885	558894464.00
2015/06/25	15.72	16.52	15.50	16.04	31340865	522686624.00
2015/06/26	15.32	15.48	14.37	14.37	19329381	297843232.00
2015/06/29	14.90	15.20	12.87	14.02	28217072	410465216.00
2015/06/30	13.72	14.90	12.55	14.62	27054988	390817440.00
2015/07/01	14.67	14.91	13.42	14.20	27013265	408783392.00
2015/07/02	14.31	15.32	12.77	14.41	27372528	402445472.00
2015/07/03	13.92	14.83	13.11	14.28	21767304	322225056.00
2015/07/06	15.62	15.62	12.84	14.45	34617111	513956384.00
2015/07/07	13.72	14.17	12.94	12.94	16801045	235529200.00
2015/07/08	11.58	11.58	11.58	11.58	521500	6393590.00
2015/07/09	10.35	12.81	10.35	12.81	34703065	424280064.00
2015/07/10	12.84	14.16	12.84	14.16	23991205	351201120.00
2015/07/13	14.40	15.42	13.77	15.37	33361657	518017216.00
2015/07/14	15.07	16.31	14.52	15.19	28535325	451481248.00
2015/07/15	15.19	16.30	14.82	15.47	31903536	518784224.00
2015/07/16	15.52	16.02	14.67	15.82	20349142	331711392.00
2015/07/17	16.00	16.97	15.57	16.82	30010028	512554176.00
2015/07/20	16.82	17.21	15.88	16.86	27653634	475347008.00
2015/07/21	16.48	17.24	16.28	16.77	18342821	318732192.00
2015/07/22	16.85	16.87	15.75	16.72	18319867	310748160.00
2015/07/23	16.48	18.40	16.37	17.52	24138826	433940832.00
2015/07/24	17.60	18.94	17.40	18.60	32146437	610475776.00
2015/07/27	18.18	19.38	16.68	18.34	27067516	514518336.00
2015/07/28	17.30	18.90	16.95	18.84	25847569	486391744.00
2015/07/29	18.75	20.78	17.90	19.01	22588766	439712928.00
2015/07/30	18.74	18.85	17.72	18.36	15274147	289005088.00
2015/07/31	18.05	18.53	17.82	18.19	9931977	186731904.00
2015/08/03	17.87	18.50	16.40	17.14	13025147	234292800.00
2015/08/04	16.90	18.52	16.82	18.51	14528671	270169728.00
2015/08/05	18.70	18.72	18.21	18.55	11778971	223999248.00
2015/08/06	18.53	19.10	17.98	18.57	11726268	226740976.00
2015/08/07	18.60	19.08	18.36	18.98	13606307	263789568.00
2015/08/10	18.99	19.63	18.43	19.29	49893816	974340416.00
2015/08/11	19.10	19.19	17.88	18.31	63281287	1203541632.00
2015/08/12	18.10	18.78	17.38	18.37	33132827	623072256.00
2015/08/13	18.40	18.60	17.92	18.12	23154879	434786208.00
2015/08/14	18.25	19.98	18.06	19.28	43561370	852355456.00
2015/08/17	19.39	20.40	18.92	20.37	38121641	773535936.00
2015/08/18	20.40	20.55	18.27	18.73	38785623	769023232.00
2015/08/19	18.40	19.59	17.80	19.25	27626591	539053888.00
2015/08/20	19.35	19.48	18.57	18.92	15119455	295129024.00
2015/08/21	18.93	19.35	17.91	18.69	13522633	261136688.00
2015/08/24	18.10	18.11	16.76	16.76	9480112	165941936.00
2015/08/25	15.02	18.28	15.02	15.02	17638014	281536352.00
2015/08/26	15.60	16.57	14.40	15.73	22934124	376113792.00
2015/08/27	16.12	16.80	15.46	16.78	13675381	229035312.00
2015/08/28	17.08	17.88	16.77	17.85	14812084	265268032.00
2015/08/31	17.72	17.90	16.92	17.63	10026291	179975856.00
2015/09/01	17.65	18.00	15.81	15.81	11389300	192161424.00
2015/09/02	14.51	16.26	14.17	15.81	12366616	196590128.00
2015/09/07	16.00	16.58	15.61	15.88	6903958	114495224.00
2015/09/08	16.09	16.60	15.16	16.56	6712556	111746568.00
2015/09/09	16.55	17.50	16.40	17.46	10879361	191976896.00
2015/09/10	17.40	17.80	17.00	17.49	8929503	161517136.00
2015/09/11	17.58	18.27	17.40	17.77	10862245	200750320.00
2015/09/14	18.10	18.57	16.57	17.51	10358357	188950192.00
2015/09/15	17.20	17.27	16.45	16.76	5608254	97299400.00
2015/09/16	16.76	18.50	16.76	18.50	17312715	318108608.00
2015/09/17	18.50	19.39	17.78	17.92	22925322	441032320.00
2015/09/18	18.12	18.38	17.60	18.20	9011622	167818560.00
2015/09/21	18.20	18.53	17.92	18.42	8164783	153856688.00
2015/09/22	18.30	19.08	18.20	18.46	13073248	250878464.00
2015/09/23	18.40	18.55	18.03	18.07	6688021	126090200.00
2015/09/24	18.00	18.50	17.95	18.28	5648234	106586536.00
2015/09/25	18.10	18.33	17.30	17.54	6263155	114385216.00
2015/09/28	17.63	17.90	17.05	17.73	4088086	74436344.00
2015/09/29	17.73	18.18	17.46	17.74	4743647	87393920.00
2015/09/30	17.99	18.19	17.40	17.58	8142573	148657376.00
2015/10/08	18.00	18.50	17.82	18.06	10815684	202320528.00
2015/10/09	18.10	19.23	17.74	18.76	11305980	214920064.00
2015/10/12	18.88	20.57	18.74	20.06	16553192	332763488.00
2015/10/13	19.99	19.99	18.86	18.91	27711258	546380992.00
2015/10/14	18.85	19.17	18.54	18.67	10412802	200636416.00
2015/10/15	18.57	19.13	18.37	18.93	11194465	216585104.00
2015/10/16	19.03	19.68	18.84	19.32	14472679	284494304.00
2015/10/19	19.26	19.92	19.18	19.56	12630116	253459584.00
2015/10/20	19.77	19.77	19.12	19.33	6587747	130437200.00
2015/10/21	19.27	19.27	17.46	17.73	10295596	194292128.00
2015/10/22	17.74	18.29	17.65	18.11	4949727	91720768.00
2015/10/23	18.31	18.67	17.99	18.48	5167530	97411344.00
2015/10/26	18.84	18.88	18.36	18.46	7654965	146250096.00
2015/10/27	18.33	19.58	18.13	19.55	11802832	230493008.00
2015/10/28	19.64	19.76	19.18	19.49	8746837	174821808.00
2015/10/29	19.48	20.46	19.38	20.16	8874470	182128464.00
2015/10/30	20.16	20.86	19.73	20.34	7428425	155003040.00
2015/11/02	20.10	20.80	19.58	19.82	6492655	134743088.00
2015/11/03	19.68	20.28	19.38	19.59	3523515	71539952.00
2015/11/04	19.48	20.76	19.46	20.44	6866693	142778480.00
2015/11/05	20.50	21.97	20.29	21.91	15064441	327642624.00
2015/11/06	21.98	23.13	21.63	22.63	15133630	346710048.00
2015/11/09	22.78	23.70	22.48	22.88	14224854	335855392.00
2015/11/10	22.39	23.00	21.94	22.25	17316936	393473568.00
2015/11/11	22.28	22.96	22.14	22.66	9282550	213820496.00
2015/11/12	22.78	23.33	22.23	23.22	9999641	232691920.00
2015/11/13	22.81	24.28	22.68	23.63	10094391	245472336.00
2015/11/16	23.17	23.83	22.78	23.60	5391983	128293472.00
2015/11/17	23.73	24.33	22.78	22.94	6632144	160053008.00
2015/11/18	23.03	23.48	22.74	22.76	4687706	110501960.00
2015/11/19	22.78	23.17	22.28	23.00	3651069	84771312.00
2015/11/20	23.17	23.18	22.08	22.31	5673291	131163744.00
2015/11/23	21.78	22.28	21.78	21.95	4800221	107879920.00
2015/11/24	21.96	22.43	21.79	22.10	3848227	87567688.00
2015/11/25	21.95	22.68	21.95	22.41	3209397	73456368.00
2015/11/26	22.55	22.55	21.64	21.65	6815471	152552112.00
2015/11/27	21.28	21.87	19.67	20.16	5497197	117551160.00
2015/11/30	19.98	20.45	18.78	20.40	5480149	111179240.00
2015/12/01	20.59	20.64	19.88	20.02	3376278	70083768.00
2015/12/02	20.02	20.86	20.02	20.73	4023632	84655720.00
2015/12/03	20.98	21.36	20.74	21.21	3820621	82576648.00
2015/12/04	21.13	21.89	20.93	21.54	4711773	103922800.00
2015/12/07	21.66	21.84	21.05	21.57	2813973	62131376.00
2015/12/08	21.39	21.71	21.36	21.58	2721274	59959396.00
2015/12/09	21.57	21.78	21.18	21.29	3773173	82701184.00
2015/12/10	21.29	21.36	20.81	21.10	3208178	69187120.00
2015/12/11	21.10	21.47	20.48	20.55	3520086	76016048.00
2015/12/14	20.53	21.59	20.33	21.45	4960354	107151992.00
2015/12/15	21.38	22.03	21.25	21.81	2718081	60687656.00
2015/12/16	21.70	22.18	21.60	21.88	2406327	53814092.00
2015/12/17	21.89	22.17	21.78	21.94	3350245	75203560.00
2015/12/18	21.98	22.13	21.78	21.99	3189127	71739160.00
2015/12/21	21.93	21.98	21.49	21.69	3766970	83534448.00
2015/12/22	21.78	21.93	21.61	21.75	2835485	63161172.00
2015/12/23	21.77	23.98	21.70	23.98	13589573	325461056.00
2015/12/24	23.98	24.23	22.26	22.48	12183949	287017984.00
2015/12/25	22.72	23.45	22.54	22.79	5082043	119425624.00
2015/12/28	22.78	22.81	21.81	22.05	4759074	107813680.00
2015/12/29	21.98	22.28	21.98	22.24	2558272	57983712.00
2015/12/30	22.25	22.38	22.04	22.29	1971742	44866520.00
2015/12/31	22.34	22.46	21.88	22.05	2372472	53743900.00
2016/01/04	22.05	22.33	19.81	19.83	2509658	54740684.00
2016/01/05	19.51	21.40	18.51	20.62	5620132	116417008.00
2016/01/06	20.62	21.73	20.62	21.71	3957592	86265616.00
2016/01/07	21.52	21.52	19.78	19.91	524304	10983130.00
2016/01/08	20.98	21.86	19.68	21.53	4232559	90749576.00
2016/01/11	21.18	21.33	19.65	20.11	4856998	100891744.00
2016/01/12	20.22	20.36	19.08	20.07	4472838	90750152.00
2016/01/13	19.88	20.47	19.08	19.36	3077387	62318312.00
2016/01/14	19.08	19.76	18.03	19.55	4061756	78523200.00
2016/01/15	19.75	19.77	18.25	18.62	3301714	63921004.00
2016/01/18	18.50	19.28	18.00	19.03	2817594	54471088.00
2016/01/19	18.93	20.71	18.73	20.23	3332667	67660904.00
2016/01/20	20.25	20.48	19.82	20.26	2524433	52372596.00
2016/01/21	20.18	20.38	19.86	19.94	2077411	42839568.00
2016/01/22	19.98	20.13	18.86	19.52	3102910	61798640.00
2016/01/25	19.52	20.07	19.38	19.73	1362923	27585750.00
2016/01/26	19.43	19.98	18.48	18.80	1960235	38592524.00
2016/01/27	18.82	19.58	18.18	18.86	1944556	37260728.00
2016/01/28	19.05	19.13	18.16	18.24	1127230	21557104.00
2016/01/29	18.28	19.48	18.26	19.29	2149345	41842752.00
2016/02/01	19.30	19.54	18.88	19.17	1284619	25366484.00
2016/02/02	19.17	20.08	19.17	19.80	1689869	34185528.00
2016/02/03	19.86	19.86	18.92	19.69	1401134	27961686.00
2016/02/04	19.70	20.48	19.70	19.85	1873190	38776432.00
2016/02/05	19.81	19.98	19.43	19.82	1372273	27740900.00
2016/02/15	18.88	19.81	18.88	19.73	790022	15905450.00
2016/02/16	19.58	20.46	19.58	20.30	1558778	32425102.00
2016/02/17	20.48	20.83	20.20	20.42	1656073	34746872.00
2016/02/18	20.48	21.25	20.45	20.77	2499412	53481356.00
2016/02/19	20.63	20.97	20.56	20.69	1080589	22945112.00
2016/02/22	20.76	21.16	20.75	20.95	2147158	45984736.00
2016/02/23	20.98	21.02	20.03	20.57	1209021	25585112.00
2016/02/24	20.48	20.76	20.01	20.42	1527291	31795050.00
2016/02/25	20.48	20.63	18.48	19.17	2333201	46705636.00
2016/02/26	19.17	19.83	18.48	19.40	2612150	51031860.00
2016/02/29	19.08	19.35	17.66	18.15	2292640	43103604.00
2016/03/01	18.13	18.47	17.98	18.28	1361710	25586296.00
2016/03/02	18.28	18.97	18.18	18.90	1741963	33500330.00
2016/03/03	18.78	19.12	18.73	18.75	1634876	31744018.00
2016/03/04	18.68	18.95	18.36	18.40	1576903	30149590.00
2016/03/07	18.50	18.98	18.24	18.47	1653070	31472674.00
2016/03/08	18.30	18.77	17.58	18.64	2044810	38513968.00
2016/03/09	18.48	18.48	18.06	18.26	935064	17499210.00
2016/03/10	18.32	18.56	17.98	18.32	1202215	22686406.00
2016/03/11	18.08	18.43	18.08	18.30	751701	14139206.00
2016/03/14	18.38	18.92	18.38	18.75	1691668	32530674.00
2016/03/15	18.63	18.64	18.38	18.42	898797	17101374.00
2016/03/16	18.42	18.65	18.09	18.15	838344	15756692.00
2016/03/17	18.17	18.48	18.17	18.44	1418262	26790698.00
2016/03/18	18.54	19.06	18.46	18.88	2509325	48448508.00
2016/03/21	18.89	20.06	18.89	19.99	3367619	67355656.00
2016/03/22	20.02	20.02	19.58	19.66	2034066	41241116.00
2016/03/23	19.64	19.99	19.52	19.79	1409405	28704626.00
2016/03/24	19.83	19.85	19.28	19.32	1525604	30465414.00
2016/03/25	19.13	19.68	19.13	19.41	1127745	22606902.00
2016/03/28	19.50	19.68	19.38	19.42	966764	19428508.00
2016/03/29	19.42	19.68	18.92	19.44	1511817	29822420.00
2016/03/30	19.44	19.93	19.41	19.90	1707538	34464364.00
2016/03/31	19.91	20.47	19.64	20.10	1915263	39367640.00
2016/04/01	19.91	20.26	19.48	20.09	1346891	27474068.00
2016/04/05	19.98	21.55	19.89	21.43	3809353	80854384.00
2016/04/06	22.28	22.28	20.77	20.78	2740748	59464076.00
2016/04/07	20.88	20.92	20.18	20.44	1780041	37347004.00
2016/04/08	20.48	20.48	19.89	20.21	1354508	27955148.00
2016/04/11	20.27	20.88	20.27	20.82	2038908	43181592.00
2016/04/12	20.95	20.95	20.38	20.54	1295120	27327448.00
2016/04/13	20.54	21.27	20.50	21.02	2212215	47441480.00
2016/04/14	21.08	21.48	20.80	21.12	1393795	30084554.00
2016/04/15	20.90	21.37	20.90	21.09	1459930	31553884.00
2016/04/18	20.87	21.32	20.56	20.76	1344264	28767570.00
2016/04/19	20.88	21.23	20.88	21.14	1229450	26573554.00
2016/04/20	21.14	23.31	20.61	22.15	4408901	97510840.00
2016/04/21	21.98	22.01	21.14	21.36	3318534	73495144.00
2016/04/22	21.36	21.95	21.15	21.78	1857902	40964484.00
2016/04/25	21.73	21.86	21.24	21.79	2238806	49533964.00
2016/04/26	21.63	21.82	20.98	21.43	2675814	58544908.00
2016/04/27	21.23	21.33	20.95	20.98	1443571	31196136.00
2016/04/28	20.92	21.66	20.92	21.36	1951348	42673148.00
2016/04/29	21.36	22.08	21.09	21.88	3908707	87120344.00
2016/05/03	21.89	22.68	21.89	22.49	8953646	205562016.00
2016/05/04	22.68	23.00	22.46	22.53	4608114	107191432.00
2016/05/05	22.56	23.48	22.56	22.73	2233932	52203764.00
2016/05/06	22.50	23.46	22.50	22.68	4811164	112670664.00
2016/05/09	22.48	23.41	22.08	23.05	4367884	102109336.00
2016/05/10	22.96	25.03	22.86	24.03	8755523	215500000.00
2016/05/11	23.79	24.13	23.51	23.81	3826537	93084056.00
2016/05/12	23.57	24.19	23.57	24.17	4572281	112201632.00
2016/05/13	24.37	24.37	22.96	23.44	5512579	132478624.00
2016/05/16	23.24	23.62	22.80	23.42	3290818	77929280.00
2016/05/17	23.28	23.83	23.08	23.54	3258372	78219048.00
2016/05/18	23.44	23.96	23.18	23.67	3132008	75288128.00
2016/05/19	23.81	23.85	22.58	22.78	4825429	114227320.00
2016/05/20	22.56	22.88	21.73	22.37	4175693	95221272.00
2016/05/23	22.38	22.73	22.14	22.43	1769162	40641224.00
2016/05/24	22.51	22.73	22.23	22.59	1862888	42919500.00
2016/05/25	22.39	22.72	22.23	22.38	1885931	43264612.00
2016/05/26	22.45	22.68	22.09	22.48	1727523	39654472.00
2016/05/27	22.68	22.85	22.43	22.51	1678269	38807288.00
2016/05/30	22.57	22.77	22.41	22.51	1542907	35637320.00
2016/05/31	22.52	23.48	22.51	23.22	4681085	110507024.00
2016/06/01	23.68	23.76	23.06	23.42	4722048	112581360.00
2016/06/02	23.48	23.59	23.08	23.23	3620580	86425256.00
2016/06/03	23.34	23.46	22.72	23.37	3848555	90454552.00
2016/06/06	23.38	23.46	22.93	23.09	2534652	59854856.00
2016/06/07	23.11	23.16	22.70	22.88	2667467	62317908.00
2016/06/08	23.01	23.08	22.28	22.38	4843806	111951368.00
2016/06/13	22.24	22.24	21.53	21.57	2724157	60974684.00
2016/06/14	21.57	21.85	21.48	21.70	1455212	32220422.00
2016/06/15	21.66	22.33	21.48	22.21	3336528	74991744.00
2016/06/16	22.18	22.35	21.84	21.93	2321370	52340992.00
2016/06/17	21.90	22.47	21.68	21.97	6049056	137057904.00
2016/06/20	22.12	22.33	21.69	21.94	1552721	34832036.00
2016/06/21	22.07	22.08	21.20	21.44	1836947	40601808.00
2016/06/22	21.41	21.69	21.11	21.45	1563350	34003596.00
2016/06/23	21.56	21.68	21.23	21.46	1225044	26693366.00
2016/06/24	21.35	22.08	21.11	21.62	3753578	82160952.00
2016/06/27	21.70	22.90	21.60	22.83	4623387	105133008.00
2016/06/28	22.85	23.28	22.65	23.06	2853258	66750736.00
2016/06/29	23.14	23.40	22.70	23.08	2778711	65119708.00
2016/06/30	23.05	23.14	22.50	23.09	2232317	51916892.00
2016/07/01	22.93	23.53	22.82	23.15	1944977	45874588.00
2016/07/04	23.06	23.78	22.82	23.59	4585564	109044616.00
2016/07/05	23.59	24.10	22.60	23.28	3168630	75526696.00
2016/07/06	23.06	24.10	22.97	24.09	5070870	122557720.00
2016/07/07	24.09	24.57	23.91	24.43	3506618	86684016.00
2016/07/08	23.60	24.09	21.95	21.95	23263086	527680032.00
2016/07/11	21.77	22.04	21.05	21.72	7037330	154786368.00
2016/07/12	21.49	21.89	21.20	21.22	14850237	323683776.00
2016/07/13	21.29	22.06	21.24	21.97	9369454	207736160.00
2016/07/14	21.98	22.35	21.69	22.20	7036201	158232512.00
2016/07/15	22.23	22.78	22.19	22.41	7260763	166215392.00
2016/07/18	22.32	22.90	22.26	22.85	6405704	148183520.00
2016/07/19	22.92	23.20	22.72	23.10	3716957	87066472.00
2016/07/20	23.03	23.69	22.94	23.47	3427880	81731832.00
2016/07/21	23.58	23.96	23.14	23.48	6136024	147684144.00
2016/07/22	23.44	23.88	23.10	23.34	2597157	61634556.00
2016/07/25	23.37	23.59	23.15	23.54	4399350	105075560.00
2016/07/26	23.39	23.87	23.39	23.74	2400396	57916716.00
2016/07/27	23.74	24.10	22.66	23.26	4216220	99843880.00
2016/07/28	23.29	23.58	22.91	23.42	3295353	78201176.00
2016/07/29	23.22	23.74	23.10	23.28	3535440	83938280.00
2016/08/01	23.10	23.41	22.90	23.15	3248449	76315968.00
2016/08/02	23.14	23.45	22.91	23.44	4315284	101655904.00
2016/08/03	23.45	23.95	23.25	23.93	3859762	92886120.00
2016/08/04	24.03	24.19	23.62	23.85	2922684	70813592.00
2016/08/05	23.85	24.27	23.70	23.99	3232486	78997448.00
2016/08/08	24.15	24.85	24.10	24.82	6086694	152130336.00
2016/08/09	24.84	25.17	24.37	25.12	6698970	167908000.00
2016/08/10	24.93	25.50	24.75	25.41	4757861	120795552.00
2016/08/11	25.30	25.87	25.10	25.44	4021556	104033808.00
2016/08/12	25.43	25.59	25.02	25.57	4836425	124391952.00
2016/08/15	25.26	25.26	24.11	24.93	8081917	203576256.00
2016/08/16	24.62	24.62	23.60	23.66	10285556	250607440.00
2016/08/17	23.64	23.81	22.70	23.79	8460310	200348656.00
2016/08/18	23.47	23.73	23.28	23.49	3142124	75176192.00
2016/08/19	23.56	24.09	23.56	23.76	4239580	102624440.00
2016/08/22	23.49	23.50	22.92	22.99	3588534	84377168.00
2016/08/23	22.99	23.45	22.90	23.12	2171096	50934320.00
2016/08/24	23.09	23.23	22.89	23.16	2206633	51659240.00
2016/08/25	23.19	23.37	22.91	23.29	2471540	58354964.00
2016/08/26	23.28	23.54	23.22	23.26	1555978	36919108.00
2016/08/29	23.11	23.37	22.88	23.00	2194304	51640256.00
2016/08/30	23.00	23.15	22.90	22.98	1961225	45889904.00
2016/08/31	23.00	23.07	22.61	22.72	2356345	54556656.00
2016/09/01	22.84	22.84	21.21	21.79	9214004	205656640.00
2016/09/02	21.69	21.79	21.43	21.77	4696647	103457064.00
2016/09/05	21.87	22.38	21.85	22.04	4651853	104623032.00
2016/09/06	22.10	22.35	22.03	22.29	3342869	75662104.00
2016/09/07	22.33	22.83	22.33	22.80	3775774	87097912.00
2016/09/08	22.85	22.90	22.70	22.85	3297513	76494448.00
2016/09/09	22.95	23.00	22.75	22.98	3407390	79303536.00
2016/09/12	22.60	22.90	22.22	22.74	3499701	80080552.00
2016/09/13	22.69	22.84	22.51	22.83	2745972	63445344.00
2016/09/14	22.80	23.08	22.60	23.07	3664898	85189600.00
2016/09/19	22.90	23.05	22.60	22.99	3205287	74489856.00
2016/09/20	22.93	22.93	22.27	22.76	3457982	79491352.00
2016/09/21	22.19	22.58	22.12	22.44	4982389	113219840.00
2016/09/22	22.10	22.38	22.09	22.30	3619816	82042720.00
2016/09/23	22.26	22.37	21.79	22.05	4121630	92367600.00
2016/09/26	22.10	22.10	21.62	21.81	3254605	72249384.00
2016/09/27	21.63	21.85	21.42	21.84	2869305	63334532.00
2016/09/28	21.84	21.93	21.68	21.79	1847426	40967108.00
2016/09/29	21.80	21.90	21.55	21.72	2885498	63917312.00
2016/09/30	21.75	21.94	21.45	21.90	4542929	100201296.00
2016/10/10	21.94	22.08	21.80	22.06	4032716	89984640.00
2016/10/11	22.06	22.09	21.87	21.92	2545552	56898348.00
2016/10/12	21.91	21.93	21.75	21.79	1838662	40893848.00
2016/10/13	21.79	21.86	21.58	21.68	2341813	51705524.00
2016/10/14	21.67	21.75	21.55	21.74	2544581	56031464.00
2016/10/17	21.80	22.12	21.80	22.04	4715929	105876544.00
2016/11/01	24.28	24.28	22.18	22.79	17443549	412060800.00
2016/11/02	22.91	22.97	22.48	22.51	5476692	125769640.00
2016/11/03	22.61	23.08	22.42	22.96	6612178	152630000.00
2016/11/04	22.83	25.01	22.83	24.49	14729637	362156384.00
2016/11/07	24.38	25.50	24.29	25.17	14325173	363523776.00
2016/11/08	25.18	25.76	24.93	25.10	8327591	213683552.00
2016/11/09	25.10	25.32	24.63	25.06	5159428	130643728.00
2016/11/10	25.22	25.56	24.66	24.87	4842684	122716240.00
2016/11/11	24.82	25.03	24.34	24.59	3879555	96617544.00
2016/11/14	24.66	25.26	24.56	25.16	4639744	117340192.00
2016/11/15	25.68	25.68	24.79	25.28	3184615	81140640.00
2016/11/16	25.29	25.29	24.64	24.83	3254533	81843480.00
2016/11/17	24.58	24.96	24.47	24.80	2012214	50297328.00
2016/11/18	24.80	24.93	24.58	24.87	1609762	40471756.00
2016/11/21	24.87	25.06	24.71	24.81	2032972	51242324.00
2016/11/22	24.98	24.98	24.64	24.85	2265238	56909028.00
2016/11/23	24.85	25.03	24.68	24.93	3003897	75653568.00
2016/11/24	24.93	25.13	24.68	24.96	2860481	72254320.00
2016/11/25	25.02	25.06	24.69	24.92	2443525	61604580.00
2016/11/28	24.73	25.02	24.73	24.94	1918065	48254120.00
2016/11/29	24.95	25.66	24.82	24.92	4642905	118188448.00
2016/11/30	24.78	25.03	24.34	24.82	2679155	67205680.00
2016/12/01	24.82	25.16	24.66	24.98	3305311	83126232.00
2016/12/02	25.08	25.08	24.18	24.46	3463160	86268552.00
2016/12/05	24.30	24.66	23.58	23.81	2452375	59507032.00
2016/12/06	23.59	24.07	23.58	24.04	1604934	38629280.00
2016/12/07	23.96	24.66	23.83	24.53	1869176	45966632.00
2016/12/08	24.53	24.65	24.33	24.57	2274364	56403164.00
2016/12/09	24.57	24.67	23.99	24.08	1673784	41199464.00
2016/12/12	24.02	24.28	22.68	23.25	3711365	87457088.00
2016/12/13	22.73	23.46	22.61	23.15	2488155	57888952.00
2016/12/14	23.27	23.45	22.85	23.16	1731097	40534176.00
2016/12/15	23.16	23.33	22.88	23.18	1367192	32037464.00
2016/12/16	23.19	23.43	22.94	23.15	1945030	45594088.00
2016/12/19	23.17	23.17	22.66	22.80	1692600	39114136.00
2016/12/20	22.66	22.98	22.58	22.77	2220878	51257168.00
2016/12/21	22.78	23.06	22.18	22.90	2772611	64027832.00
2016/12/22	22.90	22.95	22.63	22.90	1884945	43518804.00
2016/12/23	22.90	22.90	22.56	22.72	1531293	35228440.00
2016/12/26	22.74	22.78	22.41	22.74	2040868	46859952.00
2016/12/27	22.76	23.44	22.74	23.21	8288610	194311728.00
2016/12/28	23.02	23.56	22.68	22.89	5579600	130376616.00
2016/12/29	22.89	22.98	22.70	22.82	2749310	63550328.00
2016/12/30	22.88	23.01	22.67	22.85	1801345	41656636.00
2017/01/03	22.97	22.99	22.73	22.88	1451897	33656932.00
2017/01/04	22.93	22.96	22.58	22.87	1391183	32060192.00
2017/01/05	22.86	22.86	22.59	22.83	1741186	40197076.00
2017/01/06	22.92	22.92	22.58	22.59	2133102	49153032.00
2017/01/09	22.68	22.77	22.41	22.44	2984516	68342392.00
2017/01/10	22.53	22.87	22.33	22.37	3562771	81581736.00
2017/01/11	22.52	22.83	22.20	22.82	2368023	54453436.00
2017/01/12	22.87	22.98	22.68	22.96	2194953	50913792.00
2017/01/13	22.98	24.08	22.76	24.01	8433900	201114464.00
2017/01/16	23.98	24.56	22.96	24.41	9370117	228228512.00
2017/01/17	24.06	24.48	23.61	24.05	2297274	55954480.00
2017/01/18	24.01	24.05	23.60	23.67	1835934	44183608.00
2017/01/19	23.73	23.77	23.16	23.43	1851010	43794264.00
2017/01/20	23.38	23.64	23.18	23.45	2125725	50228236.00
2017/01/23	23.45	23.68	23.27	23.29	1862906	44155888.00
2017/01/24	23.29	23.29	23.00	23.10	1342413	31412184.00
2017/01/25	23.18	23.40	22.83	23.22	1559823	36725284.00
2017/01/26	23.36	23.48	23.11	23.43	1098889	25895824.00
2017/02/03	23.48	23.63	23.00	23.25	1329035	31306388.00
2017/02/06	23.32	23.82	23.25	23.79	3648686	87086312.00
2017/02/07	23.68	23.96	23.54	23.59	2133009	51288128.00
2017/02/08	23.43	23.75	23.30	23.66	1547299	36854364.00
2017/02/09	23.77	24.02	23.67	23.76	1849750	44680836.00
2017/02/10	23.84	23.88	23.50	23.82	1543293	37150644.00
2017/02/13	23.88	24.20	23.80	24.16	2238589	54512792.00
2017/02/14	24.21	24.22	24.03	24.11	1511970	36951224.00
2017/02/15	24.11	24.34	23.91	24.02	2036654	49703944.00
2017/02/16	24.04	24.53	23.95	24.39	2373193	58263784.00
2017/02/17	24.38	24.59	24.03	24.08	2041160	50003536.00
2017/02/20	24.17	25.15	24.17	25.00	5696682	143234784.00
2017/02/21	25.48	27.38	25.13	26.66	15023235	397606112.00
2017/02/22	26.23	26.32	25.21	25.42	15101342	393077632.00
2017/02/23	25.55	25.55	24.95	25.02	5931160	151526576.00
2017/02/24	25.07	25.18	24.78	24.97	4222588	106881368.00
2017/02/27	25.21	25.45	24.94	24.99	7409724	188749408.00
2017/02/28	24.93	25.46	24.93	25.43	5158476	131995320.00
2017/03/01	25.28	25.67	25.20	25.24	6437523	165814672.00
2017/03/02	25.29	25.87	25.06	25.08	8125764	209084768.00
2017/03/03	25.07	25.38	24.93	25.20	4689175	119406000.00
2017/03/06	25.28	25.78	25.13	25.16	7391072	189880112.00
2017/03/07	25.28	25.95	25.16	25.93	10446200	271021184.00
2017/03/08	25.90	26.14	25.78	25.87	5128789	134747536.00
2017/03/09	25.84	25.97	25.55	25.60	3529717	91887016.00
2017/03/10	25.49	25.96	25.49	25.92	2275349	59254392.00
2017/03/13	25.88	26.22	25.72	25.74	5031945	132062496.00
2017/03/14	25.73	26.05	25.69	25.79	2136937	55812440.00
2017/03/15	25.68	25.83	25.50	25.59	2866465	74447928.00
2017/03/16	25.58	25.84	25.42	25.56	2523833	65365156.00
2017/03/17	25.63	25.68	25.07	25.58	4839897	124461672.00
2017/03/20	25.44	25.68	25.37	25.58	2092912	54136140.00
2017/03/21	25.59	25.71	25.38	25.57	1753455	45304056.00
2017/03/22	25.56	25.56	25.18	25.35	2938348	75365496.00
2017/03/23	25.30	25.49	25.20	25.47	1972361	50682020.00
2017/03/24	25.49	26.03	25.49	25.90	6634700	173889664.00
2017/03/27	26.03	26.55	26.03	26.25	5685325	151511600.00
2017/03/28	26.38	26.45	26.07	26.36	3415475	90618120.00
2017/03/29	26.35	26.46	26.11	26.25	2884483	76625904.00
2017/03/30	26.24	26.34	25.49	25.65	3475345	90632056.00
2017/03/31	25.65	26.01	25.53	25.94	2383886	62125136.00
2017/04/05	25.80	26.18	25.68	25.87	2779380	72890624.00
2017/04/06	25.70	25.92	25.45	25.60	3245916	84268112.00
2017/04/07	25.55	25.69	25.02	25.21	5665374	144900192.00
2017/04/10	25.18	25.36	24.80	24.93	3492248	88653400.00
2017/04/11	25.06	25.14	24.48	24.94	3528441	88771080.00
2017/04/12	24.94	25.09	24.65	24.95	2540801	63949196.00
2017/04/13	25.08	25.08	24.67	24.97	2959496	74470136.00
2017/04/14	24.95	25.16	24.88	25.03	1976737	50066668.00
2017/04/17	25.04	25.09	24.73	24.97	2958250	74573688.00
2017/04/18	24.89	25.05	24.06	24.70	2907056	72291752.00
2017/04/19	24.59	24.76	24.51	24.69	1602580	39963332.00
2017/04/20	24.79	25.09	24.69	25.06	2209239	55730924.00
2017/04/21	25.06	25.28	24.90	24.91	3501754	88990736.00
2017/04/24	24.86	25.15	24.44	24.48	2612549	65152672.00
2017/04/25	24.58	24.86	24.56	24.65	2023505	50563640.00
2017/04/26	24.80	25.06	24.69	25.01	2266896	57052296.00
2017/04/27	25.01	26.02	24.79	25.19	10051707	258307232.00
2017/04/28	25.18	25.41	24.88	25.18	3975225	101512328.00
2017/05/02	25.73	25.94	25.19	25.40	4820409	124734224.00
2017/05/03	25.32	26.17	25.22	26.14	11726677	307331904.00
2017/05/04	26.00	26.35	25.89	26.17	13116921	347212512.00
2017/05/05	25.73	26.58	25.69	26.43	10543070	281461920.00
2017/05/08	26.26	26.67	26.20	26.21	9098838	243401856.00
2017/05/09	26.36	26.93	26.19	26.33	7253100	194667104.00
2017/05/10	26.22	26.50	25.68	25.85	7482306	197769760.00
2017/05/11	25.68	25.96	25.23	25.65	3861544	100052384.00
2017/05/12	25.66	26.08	25.50	25.98	4199757	109987744.00
2017/05/15	26.08	26.37	25.91	26.06	5040661	133152056.00
2017/05/16	26.12	26.20	25.85	26.11	6566198	173179040.00
2017/05/17	26.11	26.68	26.11	26.67	12902672	345935136.00
2017/05/18	26.49	26.78	26.38	26.68	18214581	490952000.00
2017/05/19	26.68	26.77	26.36	26.65	15294502	410613856.00
2017/05/22	26.63	26.63	25.49	25.56	10693000	280831296.00
2017/05/23	25.63	25.63	24.63	24.69	10567512	265623680.00
2017/05/24	24.68	25.11	24.58	25.07	7099323	178152576.00
2017/05/25	25.05	25.10	24.56	24.97	7818811	196484944.00
2017/05/26	24.97	25.32	24.89	25.28	7957141	203082224.00
2017/05/31	25.53	25.86	25.38	25.55	5546097	143861024.00
2017/06/01	25.45	25.61	25.06	25.07	3192800	82095008.00
2017/06/02	25.10	26.23	25.10	25.88	14232200	371101088.00
2017/06/05	25.99	26.40	25.90	26.24	11944100	317250048.00
2017/06/06	26.28	26.58	26.16	26.38	10391200	278268640.00
2017/06/07	26.49	26.51	26.30	26.47	12654200	338668608.00
2017/06/08	26.47	26.59	26.25	26.53	13435200	359806240.00
2017/06/09	26.56	26.93	26.49	26.88	15210200	410248800.00
2017/06/12	26.93	27.18	26.76	27.00	14183294	387244320.00
2017/06/13	27.10	27.45	26.90	27.40	17460506	475930176.00
2017/06/14	27.36	28.23	27.20	27.68	18738574	522409920.00
2017/06/15	27.47	28.10	27.35	27.71	11820414	329469952.00
2017/06/16	27.65	27.91	27.47	27.82	10251869	285052896.00
2017/06/19	27.89	27.99	27.72	27.93	12469200	348986656.00
2017/06/20	27.96	28.33	27.89	28.08	9500196	267325792.00
2017/06/21	28.06	28.10	27.53	27.78	12909500	360348736.00
2017/06/22	27.82	27.92	27.16	27.28	15014400	415745888.00
2017/06/23	27.37	27.70	27.10	27.69	5863600	161300832.00
2017/06/26	27.75	27.87	27.55	27.73	11775000	327459936.00
2017/06/27	27.78	27.84	27.38	27.48	10827300	300355168.00
2017/06/28	27.56	27.69	27.21	27.25	9208356	253057696.00
2017/06/29	27.35	27.45	25.42	26.04	27652900	727069568.00
2017/06/30	25.80	26.15	25.30	25.96	12125900	314587744.00
2017/07/03	25.90	25.90	25.32	25.66	19741700	505369216.00
2017/07/04	25.50	25.96	25.45	25.93	9099100	235342272.00
2017/07/05	26.15	26.23	25.91	26.15	11503800	301272064.00
2017/07/06	26.20	26.62	26.16	26.51	13321600	354084992.00
2017/07/07	26.60	26.63	26.31	26.61	6606500	175936992.00
2017/07/10	26.45	26.60	25.65	25.72	15104200	392653824.00
2017/07/11	25.71	26.10	25.71	25.80	7150400	185680064.00
2017/07/12	25.74	26.24	25.72	26.17	9374800	244536544.00
2017/07/13	26.21	26.35	25.78	26.17	6906900	180485360.00
2017/07/14	26.24	26.24	25.99	26.08	4281600	112012312.00
2017/07/17	26.06	26.16	25.40	25.93	11060900	287181248.00
2017/07/18	25.99	25.99	25.70	25.81	5624600	145636672.00
2017/07/19	25.77	26.23	25.71	25.97	8373900	217426976.00
2017/07/20	25.84	26.10	25.84	25.99	8653700	225531792.00
2017/07/21	26.00	26.47	25.98	26.43	8891078	234617920.00
2017/07/24	26.41	26.85	26.21	26.36	7718200	204750512.00
2017/07/25	26.27	26.48	25.91	25.92	5607500	147197968.00
2017/07/26	25.93	26.22	25.70	25.76	9821000	254744496.00
2017/07/27	25.77	25.95	25.51	25.87	3879700	100304456.00
2017/07/28	25.86	26.12	25.71	26.04	5145300	133899376.00
2017/07/31	26.04	26.45	25.86	26.35	7070000	186121568.00
2017/08/01	26.38	26.49	26.11	26.36	5451900	143642080.00
2017/08/02	26.25	26.38	25.71	25.93	7876400	204975120.00
2017/08/03	25.93	26.23	25.66	26.07	6466800	167758736.00
2017/08/04	26.00	26.00	25.78	25.86	2838100	73651936.00
2017/08/07	25.65	25.90	25.65	25.76	3244500	83944864.00
2017/08/08	25.77	25.96	25.70	25.80	2872100	74395552.00
2017/08/09	25.79	25.91	25.72	25.89	3898600	101029528.00
2017/08/10	25.87	25.87	25.41	25.71	6908900	177597344.00
2017/08/11	25.60	25.70	25.38	25.66	6788300	173638816.00
2017/08/14	25.57	25.64	25.37	25.41	5935800	151549360.00
2017/08/15	25.44	25.49	25.15	25.44	6778400	172171824.00
2017/08/16	25.37	25.47	25.22	25.29	3827800	97182824.00
2017/08/17	25.28	25.95	22.88	25.86	13382700	341397248.00
2017/08/18	25.50	25.98	25.42	25.93	5494900	142697712.00
2017/08/21	25.87	26.10	25.87	26.08	5019400	131041392.00
2017/08/22	26.00	26.14	25.85	25.92	3689000	96067024.00
2017/08/23	25.92	26.10	25.70	25.76	5570700	144548064.00
2017/08/24	25.78	25.90	25.33	25.48	6377500	163713616.00
2017/08/25	25.60	25.67	25.38	25.42	5956900	152280256.00
2017/08/28	25.40	25.69	25.29	25.34	7618400	194788928.00
2017/08/29	25.35	25.88	25.28	25.78	12801800	328917984.00
2017/08/30	25.96	25.99	25.76	25.91	13324900	346422912.00
2017/08/31	25.88	25.94	25.30	25.33	10230800	262626448.00
2017/09/01	25.30	25.53	25.08	25.35	8789000	223486656.00
2017/09/04	25.40	25.77	25.28	25.68	7711000	198412624.00
2017/09/05	25.68	25.92	25.45	25.65	8490600	219574480.00
2017/09/06	25.59	25.96	25.59	25.89	10793742	280013760.00
2017/09/07	25.91	26.16	25.88	26.06	9722277	254385008.00
2017/09/08	26.08	26.20	25.92	26.01	9116016	238829584.00
2017/09/11	26.41	27.70	26.41	27.23	32319559	879638784.00
2017/09/12	26.90	27.24	26.86	26.90	17340003	469608768.00
2017/09/13	26.93	27.27	26.80	26.90	14028779	379091168.00
2017/09/14	26.80	26.81	25.97	26.01	17869899	469725696.00
2017/09/15	25.98	26.08	25.62	25.78	7227549	186414880.00
2017/09/18	25.80	26.05	25.70	25.98	11287400	292537696.00
2017/09/19	26.65	26.74	26.12	26.29	12923700	340182752.00
2017/09/20	26.20	26.33	26.01	26.25	8347700	218471200.00
2017/09/21	26.22	26.85	26.22	26.68	16296700	434511264.00
数据来源:通达信
