601336 新华保险 日线 前复权
      日期	    开盘	    最高	    最低	    收盘	    成交量	    成交额
2011/12/16	23.47	25.27	23.37	24.91	117177275	3013978368.00
2011/12/19	24.68	25.96	24.47	25.43	52416127	1393215744.00
2011/12/20	25.57	26.06	25.12	25.35	27480230	744248000.00
2011/12/21	25.61	26.12	24.76	24.86	22180360	599846784.00
2011/12/22	24.43	25.67	24.03	25.27	14722866	386845504.00
2011/12/23	24.99	25.64	24.29	25.56	12658980	337348512.00
2011/12/26	25.18	25.79	24.96	25.18	7469975	200983856.00
2011/12/27	24.92	27.85	24.49	25.54	13944132	385938080.00
2011/12/28	24.94	25.89	23.60	25.59	10747748	284469280.00
2011/12/29	25.08	26.77	25.08	26.59	9982846	277077408.00
2011/12/30	26.44	27.16	26.27	26.34	11365897	320882272.00
2012/01/04	26.39	27.02	26.17	26.44	7659030	215469104.00
2012/01/05	26.41	26.89	25.35	25.57	8982348	248863760.00
2012/01/06	25.07	26.68	25.07	26.61	6134233	168226624.00
2012/01/09	26.56	28.02	26.08	27.85	6715869	192597712.00
2012/01/10	27.85	28.77	27.47	28.59	8405120	250574176.00
2012/01/11	28.42	28.67	27.57	28.34	4795160	142677152.00
2012/01/12	28.09	29.42	28.09	28.85	5555409	168174288.00
2012/01/13	28.95	29.05	27.42	28.34	4972570	147160096.00
2012/01/16	27.97	28.24	26.60	26.75	3600578	105667096.00
2012/01/17	27.05	29.39	26.97	29.34	9177673	271016896.00
2012/01/18	29.01	29.37	27.65	28.20	6458792	195056032.00
2012/01/19	28.20	29.07	27.84	28.68	3814065	115275976.00
2012/01/20	28.57	30.69	28.57	30.36	6631448	207219248.00
2012/01/30	30.26	30.26	28.67	28.72	5263418	162543296.00
2012/01/31	28.60	29.04	28.27	29.00	2167097	65397656.00
2012/02/01	28.72	29.22	28.24	28.44	4416194	133139480.00
2012/02/02	28.13	29.77	27.40	29.56	5974537	179946080.00
2012/02/03	29.17	29.82	29.17	29.53	5294399	164317440.00
2012/02/06	29.47	29.57	28.45	28.94	5162336	157284176.00
2012/02/07	28.48	28.74	27.38	27.61	7208458	211658384.00
2012/02/08	27.63	29.43	27.55	29.15	4550580	136481968.00
2012/02/09	29.02	29.13	28.37	28.67	4249277	128594912.00
2012/02/10	28.36	29.70	28.36	28.87	3018026	92335496.00
2012/02/13	28.47	29.22	28.00	28.44	3820403	114491592.00
2012/02/14	28.42	28.46	27.95	28.19	2226764	66015324.00
2012/02/15	28.02	28.92	27.98	28.92	3710523	111913352.00
2012/02/16	28.92	29.00	28.10	28.31	3153273	94630216.00
2012/02/17	28.51	28.82	27.77	28.15	2461452	73077104.00
2012/02/20	28.62	28.91	28.22	28.32	5729514	172375088.00
2012/02/21	28.32	28.59	27.88	28.58	2488423	74217784.00
2012/02/22	28.47	29.23	28.26	29.04	5367417	162679744.00
2012/02/23	29.16	29.46	28.90	29.43	3865792	118509160.00
2012/02/24	29.46	29.69	29.07	29.43	4352743	134237376.00
2012/02/27	29.47	30.32	28.77	29.02	6887152	214045872.00
2012/02/28	28.86	29.06	28.05	28.32	8992529	268844416.00
2012/02/29	27.82	28.50	27.76	28.24	4910929	145645712.00
2012/03/01	28.07	28.37	27.87	28.09	1946705	57723568.00
2012/03/02	28.09	29.03	28.09	28.80	4090656	123082672.00
2012/03/05	28.92	29.02	27.57	27.94	5854879	173724336.00
2012/03/06	27.57	28.03	27.18	27.62	6182373	180050416.00
2012/03/07	27.07	27.67	27.03	27.48	3134396	90863864.00
2012/03/08	27.76	27.85	27.47	27.61	2582684	75303880.00
2012/03/09	27.60	28.07	27.58	27.79	2058899	60520400.00
2012/03/12	27.79	27.96	27.28	27.50	1570745	45567008.00
2012/03/13	27.61	28.52	27.27	28.43	6105810	181115744.00
2012/03/14	28.73	28.80	27.45	27.71	4377537	129905360.00
2012/03/15	27.57	28.61	27.57	28.44	4979819	148035584.00
2012/03/16	28.27	29.75	27.77	29.26	10241240	306638272.00
2012/03/19	28.98	29.45	28.60	28.98	4939596	150344416.00
2012/03/21	28.55	28.75	27.57	27.87	4003654	119088632.00
2012/03/22	27.87	28.11	27.63	27.91	1626079	47761880.00
2012/03/23	27.86	27.86	27.17	27.38	2532278	73262648.00
2012/03/26	27.32	28.73	27.18	28.12	2862989	84921832.00
2012/03/27	28.13	28.37	27.87	28.20	1774739	52710940.00
2012/03/28	27.68	27.97	27.27	27.33	2704450	79020640.00
2012/03/29	26.97	28.05	26.27	27.39	3435151	98861016.00
2012/03/30	27.07	27.57	26.79	27.18	1631093	46626036.00
2012/04/05	27.35	28.35	26.82	27.97	2022148	59371148.00
2012/04/06	27.99	29.05	27.61	28.81	3553350	106491720.00
2012/04/09	28.47	28.87	28.00	28.75	2333434	70182152.00
2012/04/10	28.67	28.68	27.88	28.59	1776415	52908440.00
2012/04/11	28.18	28.97	28.17	28.46	1593883	47901008.00
2012/04/12	28.27	29.77	28.12	29.46	4991775	152917904.00
2012/04/13	29.45	30.25	29.27	29.63	4995640	156366576.00
2012/04/16	29.50	29.80	29.18	29.55	1246302	38762496.00
2012/04/17	29.47	29.77	28.47	28.63	1656898	50343904.00
2012/04/18	28.75	29.73	28.30	29.38	3668675	112448968.00
2012/04/19	29.37	32.27	29.17	31.97	13419788	442018400.00
2012/04/20	31.87	33.87	31.48	33.82	12835633	440259488.00
2012/04/23	33.49	34.27	33.02	33.44	7900300	277029376.00
2012/04/24	32.77	34.95	32.27	33.68	11402995	402033856.00
2012/04/25	33.33	33.97	32.77	33.39	7274749	252845248.00
2012/04/26	33.18	33.86	32.24	32.63	6903373	237237072.00
2012/04/27	32.78	33.04	32.08	32.44	5818495	198031216.00
2012/05/02	32.81	34.97	32.75	33.31	8111518	285067840.00
2012/05/03	33.26	33.93	32.97	33.46	4846766	169527808.00
2012/05/04	33.22	33.77	33.13	33.43	2967949	103745776.00
2012/05/07	33.26	33.27	31.97	32.51	5132456	174645712.00
2012/05/08	32.35	32.59	31.77	32.07	3441561	115656872.00
2012/05/09	31.72	32.47	31.65	32.14	3105569	104715616.00
2012/05/10	31.97	32.42	31.72	32.09	2562560	86055016.00
2012/05/11	32.02	32.27	31.47	31.63	2493758	83364320.00
2012/05/14	31.92	31.92	30.89	30.94	5424079	178845056.00
2012/05/15	30.55	31.67	30.47	31.55	7197941	235427376.00
2012/05/16	31.38	31.54	30.98	31.10	5248614	172178640.00
2012/05/17	31.07	32.42	30.88	32.30	6218093	207440880.00
2012/05/18	31.88	32.27	31.19	31.62	3887418	129228952.00
2012/05/21	31.50	31.90	31.02	31.55	2093999	69087200.00
2012/05/22	31.85	32.31	31.46	32.14	3138517	104881152.00
2012/05/23	32.07	32.13	31.65	32.02	2692569	90088992.00
2012/05/24	31.87	32.47	31.20	31.27	2792880	93020064.00
2012/05/25	31.09	31.29	29.95	30.26	3434584	110137632.00
2012/05/28	30.22	30.95	30.07	30.65	2105938	67517248.00
2012/05/29	30.50	32.07	30.03	31.60	5801882	191087280.00
2012/05/30	31.42	31.59	31.08	31.32	2015812	66147328.00
2012/05/31	30.87	31.30	30.67	31.18	1714607	55810868.00
2012/06/01	31.18	31.85	31.15	31.25	3416668	112795416.00
2012/06/04	30.47	30.93	29.36	29.38	4995087	158066928.00
2012/06/05	29.45	29.87	29.07	29.62	3345473	103852720.00
2012/06/06	29.67	29.75	28.62	28.85	3986861	122610288.00
2012/06/07	29.27	29.47	28.50	28.92	4586035	139679648.00
2012/06/08	28.98	29.46	28.72	29.18	5802584	178239872.00
2012/06/11	29.19	30.10	29.19	29.78	5339428	166421120.00
2012/06/12	29.76	30.32	29.65	29.82	4807865	151533088.00
2012/06/13	29.72	32.96	29.62	32.96	10005219	329715040.00
2012/06/14	33.17	34.43	33.17	33.74	11813902	418142176.00
2012/06/15	33.77	34.79	33.03	34.08	9988410	353726272.00
2012/06/18	34.05	34.05	33.08	33.60	6985234	244516736.00
2012/06/19	33.51	34.02	33.18	33.71	6291083	221196016.00
2012/06/21	33.46	33.46	31.76	32.54	8617707	291664256.00
2012/06/25	32.44	32.53	30.90	31.05	6746679	221560240.00
2012/06/26	30.65	31.71	30.57	31.19	5530478	181259840.00
2012/06/27	31.24	31.46	30.89	31.18	6355733	208357408.00
2012/06/28	30.97	32.03	30.97	31.28	5739792	189492992.00
2012/06/29	30.87	33.57	30.87	32.71	8289938	281563488.00
2012/07/02	32.55	34.05	32.20	34.00	8920628	307705696.00
2012/07/03	33.87	34.67	33.23	33.52	7077571	250579536.00
2012/07/04	33.46	33.82	32.47	32.67	5391825	185352944.00
2012/07/05	32.46	33.36	32.16	32.98	5625472	192011008.00
2012/07/06	33.36	34.05	32.46	33.75	5951732	207573968.00
2012/07/09	33.39	34.26	32.51	32.55	4651754	161226960.00
2012/07/10	32.54	33.64	32.06	32.41	4404026	151306256.00
2012/07/11	32.34	32.65	31.46	32.09	4905063	164173760.00
2012/07/12	32.09	33.16	31.18	32.79	7524724	252608656.00
2012/07/13	32.36	33.35	32.21	32.66	3226436	110451608.00
2012/07/16	32.65	32.94	30.78	31.08	3937698	130682056.00
2012/07/17	31.07	31.76	30.87	31.52	3653938	119707400.00
2012/07/18	31.72	32.15	30.47	31.53	3530269	115794544.00
2012/07/19	31.16	34.36	30.91	33.14	8974501	309379200.00
2012/07/20	32.86	33.15	32.16	32.43	4850593	165269120.00
2012/07/23	32.06	32.16	31.06	31.61	4109680	135660144.00
2012/07/24	31.55	32.65	31.16	32.46	3943700	132227664.00
2012/07/25	32.07	32.76	31.86	32.01	2541253	85874688.00
2012/07/26	32.01	32.41	31.46	31.75	4083011	135901648.00
2012/07/27	31.88	32.05	30.49	30.81	5903255	192130064.00
2012/07/30	30.58	31.01	28.75	29.20	7557272	233500480.00
2012/07/31	28.96	29.91	28.96	29.56	5468330	169326768.00
2012/08/01	29.26	30.15	29.19	29.64	3716944	115665424.00
2012/08/02	29.44	29.80	29.16	29.39	3562896	109905088.00
2012/08/03	29.59	29.66	27.78	28.70	7867515	234569120.00
2012/08/06	28.56	29.64	28.07	29.30	6394265	193487312.00
2012/08/07	29.03	29.39	28.40	28.77	7030412	213533120.00
2012/08/08	28.76	29.22	28.54	29.08	5557163	168529248.00
2012/08/09	28.88	29.18	28.28	29.09	5261925	158935328.00
2012/08/10	29.05	29.97	28.88	29.44	5618810	173815264.00
2012/08/13	29.27	29.42	26.56	26.96	7909834	232980128.00
2012/08/14	27.20	27.20	25.43	26.03	10391171	283839616.00
2012/08/15	26.04	26.25	25.68	25.84	4485520	122717352.00
2012/08/16	25.88	25.90	25.26	25.38	2896682	77043440.00
2012/08/17	25.38	25.97	24.48	25.94	7268520	190766544.00
2012/08/20	25.28	25.88	24.74	25.52	3978679	104514968.00
2012/08/21	25.38	26.21	25.09	25.68	4915860	132595552.00
2012/08/22	25.53	26.03	25.53	25.86	3549605	95646128.00
2012/08/23	25.88	26.03	25.49	25.89	2866513	77319200.00
2012/08/24	25.90	25.93	25.34	25.35	1993586	53207656.00
2012/08/27	25.29	25.29	23.88	23.92	3461747	88824768.00
2012/08/28	23.87	24.34	23.68	24.18	5710295	143264416.00
2012/08/29	23.93	24.32	23.59	23.65	2716196	68072224.00
2012/08/30	23.43	24.88	23.43	24.49	7312947	185731152.00
2012/08/31	24.38	25.05	24.27	24.55	4819044	124160216.00
2012/09/03	24.33	25.92	24.28	25.54	7451341	197695840.00
2012/09/04	25.60	25.62	25.14	25.22	3244417	85789136.00
2012/09/05	25.04	25.33	24.39	24.58	5840317	151716880.00
2012/09/06	24.57	25.46	24.57	25.18	4756561	124566344.00
2012/09/07	25.58	27.39	25.58	26.72	11015504	304136032.00
2012/09/10	26.58	26.88	26.08	26.68	5989856	165508192.00
2012/09/11	26.58	26.58	25.48	25.84	8226701	221597280.00
2012/09/12	26.16	26.28	25.26	25.76	5263828	141607632.00
2012/09/13	25.74	26.55	25.51	26.45	10402331	283319488.00
2012/09/14	26.37	26.72	25.84	26.11	6117741	167734928.00
2012/09/17	25.93	25.93	24.08	24.17	8626605	223332976.00
2012/09/18	23.87	24.28	23.64	23.87	4985423	124362752.00
2012/09/19	23.91	24.07	23.42	23.56	8001085	198248672.00
2012/09/20	23.38	23.38	21.41	21.79	15564263	360428576.00
2012/09/21	21.47	21.76	21.11	21.22	6523752	146776592.00
2012/09/24	21.06	21.97	20.69	21.72	7077540	160418944.00
2012/09/25	21.58	22.18	21.50	21.88	5150154	118832784.00
2012/09/26	21.81	22.24	21.63	21.96	3885705	89405064.00
2012/09/27	21.87	23.39	21.78	22.95	8021338	191752976.00
2012/09/28	22.69	23.72	22.65	23.39	6278119	153230912.00
2012/10/08	23.39	24.03	22.95	23.33	5613199	139042144.00
2012/10/09	23.56	24.04	23.48	23.85	5230873	130493320.00
2012/10/10	23.63	23.91	23.28	23.47	5277571	129989248.00
2012/10/11	23.38	23.38	22.13	22.19	7394992	175130576.00
2012/10/12	22.25	22.64	21.47	21.90	7312531	168028288.00
2012/10/15	21.90	22.17	21.70	22.10	4231083	97753592.00
2012/10/16	22.15	22.57	21.94	22.12	4872399	113786840.00
2012/10/17	22.23	22.30	21.16	21.43	10052708	227353008.00
2012/10/18	21.46	22.03	21.20	21.86	7348867	167000960.00
2012/10/19	21.78	22.29	21.69	22.09	6913404	160372464.00
2012/10/22	21.87	22.10	21.68	22.08	4517679	103898848.00
2012/10/23	22.29	22.64	22.04	22.05	6093126	142896992.00
2012/10/24	21.88	22.23	21.78	22.10	3023022	70059296.00
2012/10/25	22.18	22.36	21.80	21.88	3633067	84036248.00
2012/10/26	21.88	22.08	20.88	20.97	4569400	102393688.00
2012/10/29	20.97	21.13	20.38	20.61	2819516	61583512.00
2012/10/30	20.57	21.02	20.57	20.87	3234658	71095880.00
2012/10/31	20.68	21.22	20.57	20.79	4713414	103570528.00
2012/11/01	20.78	21.73	20.78	21.47	7081073	159518768.00
2012/11/02	21.46	21.64	21.18	21.54	3166440	71346744.00
2012/11/05	21.42	21.70	21.28	21.46	2615113	59023400.00
2012/11/06	21.43	21.55	20.79	21.50	4691892	104867992.00
2012/11/07	21.70	21.70	21.10	21.19	2431701	54479872.00
2012/11/08	20.96	21.07	20.43	20.48	2993686	65519880.00
2012/11/09	20.42	20.74	20.37	20.55	2548635	55339856.00
2012/11/12	20.59	20.76	20.54	20.75	2052781	44716032.00
2012/11/13	20.75	20.76	20.23	20.31	2426829	52200472.00
2012/11/14	20.35	20.38	20.07	20.13	2496405	53188200.00
2012/11/15	20.08	20.56	19.56	20.18	6675322	141863424.00
2012/11/16	20.00	20.03	19.49	19.73	2289316	47650872.00
2012/11/19	19.72	19.72	19.04	19.47	2170347	44546684.00
2012/11/20	19.48	19.63	18.99	19.00	2460758	49993668.00
2012/11/21	19.08	19.39	18.82	19.38	2699753	54729832.00
2012/11/22	19.24	19.28	19.05	19.10	1584852	32094656.00
2012/11/23	19.13	19.63	18.98	19.52	4381134	90097512.00
2012/11/26	19.36	19.41	18.85	19.00	3107170	62504260.00
2012/11/27	18.91	18.98	18.00	18.16	3045668	59191696.00
2012/11/28	18.03	18.06	16.86	16.87	7320385	134379824.00
2012/11/29	16.88	17.08	16.73	16.83	4409395	79566840.00
2012/11/30	16.73	17.41	16.51	17.36	4885350	88929184.00
2012/12/03	17.18	18.58	17.08	17.85	12442281	238274928.00
2012/12/04	17.81	18.68	17.63	18.60	5486000	105797496.00
2012/12/05	18.45	20.57	18.25	20.57	18986840	404575680.00
2012/12/06	20.28	20.53	20.05	20.20	7660599	163685456.00
2012/12/07	20.06	21.25	19.98	20.90	10568718	231624768.00
2012/12/10	20.71	21.37	20.40	21.06	7040433	154866416.00
2012/12/11	20.81	20.97	20.57	20.76	4816165	105297528.00
2012/12/12	20.64	20.93	20.23	20.83	5699521	123429936.00
2012/12/13	20.76	20.83	20.35	20.38	3437010	74357512.00
2012/12/14	20.18	22.53	20.18	22.53	10307278	236626912.00
2012/12/17	22.19	24.73	22.19	24.08	17783428	442835776.00
2012/12/18	23.68	24.53	23.39	24.07	7962541	198286432.00
2012/12/19	23.88	24.03	23.53	23.83	5505835	137313408.00
2012/12/20	23.83	25.32	23.39	25.25	9589668	242585760.00
2012/12/21	24.88	26.28	24.49	25.29	12598013	333441344.00
2012/12/24	25.08	25.44	24.72	25.20	5605523	147105712.00
2012/12/25	24.80	25.98	24.76	25.54	6967089	186118352.00
2012/12/26	25.38	25.88	24.88	25.55	4169709	110236792.00
2012/12/27	25.50	25.80	24.26	24.35	8758264	226957712.00
2012/12/28	24.21	25.13	23.98	25.08	6834439	176768432.00
2012/12/31	24.88	27.70	24.88	27.70	12813589	358484224.00
2013/01/04	27.89	29.88	26.83	27.75	16876727	491417824.00
2013/01/07	27.20	27.77	26.56	27.48	6198221	175678448.00
2013/01/08	27.30	27.46	26.27	26.72	9817120	272416032.00
2013/01/09	26.71	27.21	26.39	26.91	5868133	164048240.00
2013/01/10	26.63	27.56	26.56	26.66	6542076	184107712.00
2013/01/11	26.71	26.91	25.66	25.80	5552499	152410928.00
2013/01/14	25.61	27.64	25.41	27.00	10925108	305878176.00
2013/01/15	26.93	28.10	26.79	28.06	11432510	326827520.00
2013/01/16	27.68	28.08	26.78	27.40	7597132	216322864.00
2013/01/17	26.98	27.34	26.58	26.88	4158368	116639440.00
2013/01/18	27.08	27.53	26.23	26.90	6196024	173751424.00
2013/01/21	26.93	26.93	25.57	26.40	9863102	268067584.00
2013/01/22	26.23	27.07	26.07	26.21	6981626	193292208.00
2013/01/23	25.88	26.18	25.24	25.88	5547273	148424224.00
2013/01/24	26.01	27.76	25.53	26.06	12469951	344454496.00
2013/01/25	26.17	26.17	24.65	24.87	8183879	214847232.00
2013/01/28	24.70	25.84	24.68	25.83	12489549	330264832.00
2013/01/29	25.96	26.83	25.51	26.48	15976174	437422400.00
2013/01/30	26.38	28.06	26.33	27.36	19394222	552729408.00
2013/01/31	27.41	27.93	26.68	27.45	14318781	407827712.00
2013/02/01	27.16	30.31	26.93	30.31	24420956	734971328.00
2013/02/04	30.46	31.24	29.43	29.75	22909955	720604928.00
2013/02/05	29.02	29.68	28.35	29.33	14095417	424228512.00
2013/02/06	29.25	30.18	28.78	28.88	15654244	480721088.00
2013/02/07	28.53	28.72	27.59	28.06	15152237	440772736.00
2013/02/08	28.01	28.16	27.48	27.85	9676150	280333440.00
2013/02/18	28.24	28.43	27.13	27.18	12321593	357126496.00
2013/02/19	26.99	27.63	26.41	27.28	10867363	306191040.00
2013/02/20	27.18	27.32	26.63	27.18	7431493	208552080.00
2013/02/21	26.84	26.84	25.18	26.07	12673009	343517280.00
2013/02/22	25.87	26.13	25.37	25.57	5544664	149010768.00
2013/02/25	25.73	26.16	24.98	25.41	11815072	312634368.00
2013/02/26	25.08	26.01	24.89	25.04	12448193	331181664.00
2013/02/27	25.26	26.18	25.15	26.12	12203879	326754912.00
2013/02/28	26.19	27.04	25.69	26.87	15006433	413150144.00
2013/03/01	26.66	26.78	25.48	25.81	17543039	476159392.00
2013/03/04	25.08	25.08	23.12	23.29	16272816	405272576.00
2013/03/05	23.38	24.37	23.22	24.14	11438152	284488864.00
2013/03/06	24.23	24.73	24.06	24.40	9530197	243447200.00
2013/03/07	24.18	24.28	23.41	23.79	7488806	186940496.00
2013/03/08	23.87	24.46	23.63	24.08	8710096	219564320.00
2013/03/11	23.81	24.03	22.99	23.42	6852882	169318400.00
2013/03/12	23.43	24.07	23.25	23.93	9857890	245201696.00
2013/03/13	23.69	23.97	23.34	23.38	5837761	144147232.00
2013/03/14	23.34	23.46	22.67	23.05	7726463	186751088.00
2013/03/15	22.88	23.93	22.33	23.01	14723732	355585312.00
2013/03/18	22.63	22.81	21.78	21.89	9416489	219999424.00
2013/03/19	21.98	22.46	21.80	22.34	6433826	149494912.00
2013/03/20	22.28	23.81	22.19	23.74	14468241	350948864.00
2013/03/21	23.67	23.68	22.98	23.26	18275481	446349184.00
2013/03/22	23.17	23.47	22.98	23.31	7112901	173379056.00
2013/03/25	23.35	23.65	22.78	22.85	6488108	157255504.00
2013/03/26	22.77	22.78	21.79	21.92	9213129	213773808.00
2013/03/27	21.95	22.43	21.76	21.98	7735076	179542368.00
2013/03/28	21.38	21.38	20.21	20.62	9947724	216892128.00
2013/03/29	20.63	21.04	20.63	20.78	5986711	131677552.00
2013/04/01	20.86	21.23	20.69	21.06	5550732	122736984.00
2013/04/02	21.06	21.73	20.98	21.17	6131235	137268784.00
2013/04/03	21.37	21.62	21.08	21.30	5682753	127702624.00
2013/04/08	20.58	21.22	20.43	21.16	5579237	122382584.00
2013/04/09	21.16	22.17	21.16	21.99	11747703	269461152.00
2013/04/10	21.92	22.36	21.63	22.28	10862412	251989568.00
2013/04/11	22.43	22.64	21.90	21.91	5730188	133719840.00
2013/04/12	21.79	22.25	21.68	21.70	3900073	89748584.00
2013/04/15	21.63	21.75	21.37	21.68	4271342	96995192.00
2013/04/16	21.36	23.31	21.24	23.24	14531707	343960928.00
2013/04/17	22.98	23.36	22.69	23.34	10576201	255426752.00
2013/04/18	23.13	23.92	22.93	23.58	10433726	257133424.00
2013/04/19	23.62	24.37	23.54	24.07	12519086	313483296.00
2013/04/22	23.68	23.73	23.10	23.45	11896335	291821344.00
2013/04/23	23.43	23.47	21.91	21.93	8796815	209191840.00
2013/04/24	21.98	23.13	21.88	22.71	9172924	216436112.00
2013/04/25	22.56	23.16	22.11	22.71	7303724	173631120.00
2013/04/26	22.72	23.40	22.68	22.89	7607198	183954608.00
2013/05/02	22.91	23.87	22.53	23.32	8143524	199537904.00
2013/05/03	23.52	24.23	23.15	23.78	10768805	269925152.00
2013/05/06	23.90	24.29	23.58	23.99	9510632	238270800.00
2013/05/07	23.88	24.02	23.55	23.79	6324906	157327808.00
2013/05/08	24.06	24.28	23.63	23.79	7296766	182580848.00
2013/05/09	23.69	23.84	22.78	23.11	10612036	257037872.00
2013/05/10	23.07	23.43	22.90	23.27	5818203	141533696.00
2013/05/13	23.36	23.41	22.77	22.84	5544296	133808984.00
2013/05/14	22.83	22.83	22.00	22.06	6182535	144579504.00
2013/05/15	22.06	22.36	22.06	22.25	3150760	73398168.00
2013/05/16	22.26	23.33	21.78	23.27	10647401	255423280.00
2013/05/17	23.33	23.79	22.91	23.67	9384810	229787536.00
2013/05/20	23.58	24.38	23.48	23.93	11838053	297577856.00
2013/05/21	23.70	24.00	23.61	23.78	6614472	164607872.00
2013/05/22	23.80	24.44	23.79	24.07	9608194	242396400.00
2013/05/23	23.89	23.94	23.09	23.14	10689035	262985056.00
2013/05/24	23.30	23.58	23.07	23.32	4898895	119692488.00
2013/05/27	22.91	23.61	22.89	23.07	6030652	146587952.00
2013/05/28	23.07	24.37	23.01	24.35	13682943	340344640.00
2013/05/29	24.35	24.52	24.11	24.24	10126915	257230608.00
2013/05/30	24.00	24.51	23.65	23.90	9539056	240018576.00
2013/05/31	23.91	24.22	23.53	23.72	7090400	177359088.00
2013/06/03	23.80	24.11	23.55	23.81	6306290	157309888.00
2013/06/04	23.60	23.73	22.88	23.06	8909051	216246016.00
2013/06/05	23.07	23.18	22.58	22.77	6181662	148117696.00
2013/06/06	22.66	22.78	22.18	22.24	6214081	146249008.00
2013/06/07	22.24	22.41	21.13	21.31	9814273	223783728.00
2013/06/13	20.88	20.88	19.78	20.40	9751100	208832336.00
2013/06/14	20.50	20.67	20.33	20.54	5660417	122449360.00
2013/06/17	21.28	21.81	21.13	21.64	15037744	340261408.00
2013/06/18	21.70	22.01	21.48	21.70	8929627	203979408.00
2013/06/19	21.48	21.57	21.02	21.50	6150667	137618368.00
2013/06/20	21.28	22.16	20.99	21.69	10716703	243262672.00
2013/06/21	21.28	23.97	21.03	23.69	28389248	690236224.00
2013/06/24	23.36	23.61	22.26	22.88	28240414	680504320.00
2013/06/25	22.44	24.07	20.48	23.97	39385224	945527680.00
2013/06/26	23.57	23.83	22.89	23.51	25079757	614726784.00
2013/06/27	23.44	23.93	22.45	22.95	23523854	573715008.00
2013/06/28	22.57	23.76	21.98	23.59	21228964	515459712.00
2013/07/01	23.25	23.54	22.70	23.32	14031028	341230432.00
2013/07/02	23.20	23.51	22.84	23.29	11810313	286805408.00
2013/07/03	23.03	23.08	21.81	21.89	15702635	366605920.00
2013/07/04	21.38	22.33	21.18	21.75	11850871	271820544.00
2013/07/05	21.76	22.38	21.76	21.81	8865470	205311568.00
2013/07/08	21.38	21.38	20.58	20.85	9674938	213833600.00
2013/07/09	20.85	21.03	20.38	20.73	7063606	154129952.00
2013/07/10	20.64	21.73	20.64	21.71	10726210	240125296.00
2013/07/11	21.54	23.88	21.53	23.31	26460104	638747200.00
2013/07/12	22.88	23.13	22.21	22.23	16194026	386412480.00
2013/07/15	22.38	23.37	21.88	22.63	14643489	347941312.00
2013/07/16	22.38	22.57	21.89	22.42	9979345	232826832.00
2013/07/17	22.19	22.78	22.09	22.11	8797296	207123520.00
2013/07/18	21.90	22.08	21.24	21.28	8709237	197223472.00
2013/07/19	21.31	21.57	20.85	20.87	7739499	172785472.00
2013/07/22	20.68	21.23	20.43	21.21	5866587	129552416.00
2013/07/23	21.36	22.11	21.04	21.67	10368712	236471008.00
2013/07/24	21.38	21.56	20.84	21.20	8979684	199912224.00
2013/07/25	21.31	21.61	21.03	21.25	6331688	142254912.00
2013/07/26	21.03	21.20	20.86	21.04	5382751	118857864.00
2013/07/29	20.76	20.76	20.38	20.43	6573750	142182240.00
2013/07/30	20.48	21.56	20.43	20.94	8629504	191359648.00
2013/07/31	21.18	21.48	20.91	20.97	5856070	130462816.00
2013/08/01	21.21	21.76	21.00	21.74	9183616	206727264.00
2013/08/02	21.88	21.98	21.31	21.34	7020098	159316352.00
2013/08/05	21.34	21.83	21.26	21.81	7181199	163001840.00
2013/08/06	21.68	21.95	21.33	21.75	8000130	181968304.00
2013/08/07	21.61	21.96	21.33	21.39	6578117	149768144.00
2013/08/08	21.26	21.77	21.16	21.30	5063598	113943904.00
2013/08/09	21.48	21.56	20.88	21.16	5783740	129249032.00
2013/08/12	21.28	22.08	21.13	22.07	13051482	298518336.00
2013/08/13	21.98	22.21	21.79	22.09	8816932	204144304.00
2013/08/14	22.10	22.77	21.86	22.06	12604882	295571552.00
2013/08/15	21.88	22.20	21.79	21.83	5365036	123848264.00
2013/08/16	21.68	23.87	21.53	21.86	16673283	392316384.00
2013/08/19	21.26	22.06	21.09	21.71	7181972	162991184.00
2013/08/20	21.69	22.05	21.38	21.50	6582297	150121584.00
2013/08/21	21.64	22.31	21.29	21.86	7873653	180552880.00
2013/08/22	21.68	22.22	21.63	21.86	4898277	113078360.00
2013/08/23	22.06	22.17	21.38	21.59	6619051	151855344.00
2013/08/26	21.86	22.38	21.58	22.22	7420653	172007408.00
2013/08/27	22.18	22.27	21.81	22.08	6723593	155400240.00
2013/08/28	21.68	21.86	21.40	21.51	9329431	211637584.00
2013/08/29	21.63	21.76	21.26	21.36	4747953	107055744.00
2013/08/30	21.38	22.18	21.35	21.68	10396634	238284288.00
2013/09/02	21.76	21.93	21.49	21.68	6340569	144944784.00
2013/09/03	21.77	22.22	21.68	22.10	9574397	221640480.00
2013/09/04	22.08	22.10	21.74	21.87	6116416	140710576.00
2013/09/05	21.88	21.94	21.66	21.68	4767359	109115736.00
2013/09/06	21.58	21.98	21.54	21.73	4244014	97032728.00
2013/09/09	21.68	23.82	21.68	22.86	24694949	591119296.00
2013/09/10	22.84	23.08	22.50	23.04	11766646	280929696.00
2013/09/11	23.68	25.07	23.56	23.59	29152204	737825728.00
2013/09/12	23.38	24.72	23.33	24.16	21427515	541851520.00
2013/09/13	24.28	24.95	23.67	23.85	15359407	390385024.00
2013/09/16	24.18	24.45	23.69	24.20	10481361	264242512.00
2013/09/17	24.16	24.83	23.88	23.96	13852752	353892224.00
2013/09/18	23.78	23.96	22.85	23.27	10012580	244150272.00
2013/09/23	23.33	23.45	22.92	23.40	6072131	147731072.00
2013/09/24	23.23	23.24	22.36	22.55	10736466	255238096.00
2013/09/25	22.49	22.80	22.10	22.30	7093440	167002672.00
2013/09/26	22.18	22.24	21.46	21.66	8460715	193473952.00
2013/09/27	21.65	21.85	21.39	21.83	6257804	142425392.00
2013/09/30	21.94	22.04	21.51	21.67	5446753	124088440.00
2013/10/08	21.48	21.95	21.18	21.83	5952846	135894272.00
2013/10/09	21.74	22.13	21.58	22.03	6048918	139415760.00
2013/10/10	22.09	22.13	21.42	21.50	6288216	143326112.00
2013/10/11	21.67	22.05	21.66	21.93	7042513	161970560.00
2013/10/14	21.95	22.44	21.68	22.24	10455905	242690560.00
2013/10/15	22.37	22.37	21.79	21.95	6999666	161711600.00
2013/10/16	21.83	21.83	21.30	21.47	5395794	122154016.00
2013/10/17	21.51	21.67	21.25	21.28	3895251	87900848.00
2013/10/18	21.32	21.65	21.19	21.49	4140876	93588688.00
2013/10/21	21.49	21.77	21.31	21.71	5316461	120588272.00
2013/10/22	21.71	21.72	21.29	21.43	5617661	126946744.00
2013/10/23	21.48	21.90	21.24	21.40	5977033	135514432.00
2013/10/24	21.36	21.44	20.91	20.97	4672174	104256448.00
2013/10/25	21.09	21.36	20.75	20.92	4495070	99532952.00
2013/10/28	21.06	21.17	20.66	20.85	3650200	80303568.00
2013/10/29	20.85	21.50	20.73	21.18	8339488	185728208.00
2013/10/30	21.16	21.43	21.01	21.42	5339356	119354440.00
2013/10/31	21.56	21.80	21.36	21.43	7734946	175466768.00
2013/11/01	21.48	21.98	21.32	21.76	7286614	166406608.00
2013/11/04	21.88	21.98	21.49	21.56	4849990	110547168.00
2013/11/05	21.46	21.50	20.98	21.45	4752256	106385920.00
2013/11/06	21.37	21.46	21.15	21.16	3113353	69774064.00
2013/11/07	21.27	21.53	21.11	21.34	4250919	95507992.00
2013/11/08	21.25	21.33	20.86	20.89	3798102	84302400.00
2013/11/11	20.89	21.05	20.71	20.92	2783338	61256864.00
2013/11/12	21.08	21.48	20.99	21.46	5288024	118608416.00
2013/11/13	21.28	21.28	20.84	20.96	3914564	86630184.00
2013/11/14	21.14	21.15	20.86	21.04	3392858	75151192.00
2013/11/15	20.99	21.98	20.96	21.74	13379470	305430592.00
2013/11/18	21.83	23.96	21.81	23.81	27054273	650124672.00
2013/11/19	23.65	23.98	23.08	23.25	19868341	487517088.00
2013/11/20	23.48	23.63	22.93	23.24	10267998	249485632.00
2013/11/21	22.93	22.93	22.08	22.47	12911530	304614528.00
2013/11/22	22.48	22.96	22.31	22.47	8632560	205303344.00
2013/11/25	22.38	23.28	22.21	22.48	10786240	257716496.00
2013/11/26	22.56	22.64	22.22	22.34	6462787	152049296.00
2013/11/27	22.36	23.24	22.28	22.88	11578665	277268864.00
2013/11/28	22.81	23.61	22.80	23.12	13297034	324628896.00
2013/11/29	23.12	23.24	22.85	22.98	6121157	147574704.00
2013/12/02	22.66	23.87	22.56	23.42	21644683	528698944.00
2013/12/03	23.05	23.71	22.89	23.63	11915740	291351936.00
2013/12/04	23.43	23.98	23.37	23.69	15826993	394363616.00
2013/12/05	23.69	23.95	23.43	23.65	10426965	259276208.00
2013/12/06	23.50	23.73	22.88	23.01	10212082	248423056.00
2013/12/09	23.38	23.62	23.12	23.30	8785348	214918240.00
2013/12/10	23.37	23.48	23.02	23.13	5751811	139996464.00
2013/12/11	22.90	22.97	22.43	22.53	6276603	148938976.00
2013/12/12	22.43	22.63	22.16	22.44	5209175	122476424.00
2013/12/13	22.08	22.62	21.99	22.56	5897450	138517072.00
2013/12/16	22.55	22.77	22.33	22.52	6345999	150247824.00
2013/12/17	22.61	22.61	22.00	22.18	4941678	115497552.00
2013/12/18	22.19	22.38	21.84	21.92	6422703	149396640.00
2013/12/19	22.06	22.26	21.75	21.79	5384171	124321880.00
2013/12/20	21.79	21.86	21.09	21.15	6548520	147226976.00
2013/12/23	21.18	21.65	21.09	21.36	4597272	103476888.00
2013/12/24	21.51	21.74	21.26	21.44	4259478	96305304.00
2013/12/25	21.48	21.59	21.33	21.49	4827966	109039424.00
2013/12/26	21.40	21.52	21.13	21.15	3814476	85596720.00
2013/12/27	21.15	21.81	21.15	21.68	6741123	152988688.00
2013/12/30	21.86	21.93	21.54	21.60	4696300	107034760.00
2013/12/31	21.43	22.00	21.38	21.76	5847643	133762816.00
2014/01/02	21.60	21.74	21.38	21.49	4845790	109552752.00
2014/01/03	21.31	21.37	20.86	20.95	7340641	162684032.00
2014/01/06	20.95	20.96	20.46	20.64	6654374	144482816.00
2014/01/07	20.58	20.84	20.47	20.59	3815406	83013024.00
2014/01/08	20.71	20.99	20.52	20.81	4982687	109002976.00
2014/01/09	20.74	20.98	20.54	20.56	5003013	109281208.00
2014/01/10	20.56	20.73	20.38	20.58	3375201	73002320.00
2014/01/13	20.63	20.79	20.42	20.47	3817041	82734304.00
2014/01/14	20.49	20.86	20.40	20.81	3872695	84335976.00
2014/01/15	20.78	20.78	20.44	20.66	2811142	61056944.00
2014/01/16	20.66	21.14	20.61	20.96	8707187	192062816.00
2014/01/17	20.80	20.88	20.36	20.45	7896063	170741872.00
2014/01/20	20.38	20.49	20.23	20.28	4026672	86502160.00
2014/01/21	20.36	20.69	20.28	20.40	5294521	114321808.00
2014/01/22	20.49	20.93	20.38	20.90	7510565	164221488.00
2014/01/23	20.88	21.13	20.79	21.11	10689529	236000768.00
2014/01/24	20.99	21.18	20.92	20.96	5567414	123362448.00
2014/01/27	20.73	20.83	20.35	20.42	5450401	117815232.00
2014/01/28	20.57	20.73	20.49	20.69	3045276	66232180.00
2014/01/29	20.76	20.78	20.57	20.66	2943936	64142988.00
2014/01/30	20.60	20.72	20.38	20.41	2851986	61566500.00
2014/02/07	20.45	20.45	20.07	20.24	4346398	92547168.00
2014/02/10	20.33	20.87	20.33	20.77	7657094	166728208.00
2014/02/11	20.64	21.35	20.57	20.92	10864659	239930000.00
2014/02/12	20.96	21.12	20.76	20.82	9362392	205931136.00
2014/02/13	20.86	21.04	20.61	20.76	11937728	261759040.00
2014/02/14	20.76	21.06	20.73	21.03	8658580	190573904.00
2014/02/17	21.23	21.35	21.04	21.16	11331924	252913424.00
2014/02/18	21.18	21.18	20.66	20.79	9953599	218645856.00
2014/02/19	20.77	21.53	20.63	21.32	14115132	314009728.00
2014/02/20	21.40	21.73	21.04	21.22	12583179	283047008.00
2014/02/21	21.14	21.33	20.91	21.10	7312193	162687296.00
2014/02/24	20.81	20.84	20.44	20.52	8032305	174593056.00
2014/02/25	20.58	20.67	20.10	20.19	6220980	134094504.00
2014/02/26	20.08	20.41	20.06	20.32	4034465	86127312.00
2014/02/27	20.38	20.63	20.08	20.34	7255394	155327808.00
2014/02/28	20.13	20.59	19.91	20.41	7519974	160710304.00
2014/03/03	20.28	20.40	20.07	20.26	6390298	136236384.00
2014/03/04	20.11	20.35	20.01	20.20	5061870	107706792.00
2014/03/05	20.31	20.35	19.95	20.05	4577762	97339064.00
2014/03/06	20.06	20.31	19.56	20.16	8467505	178681872.00
2014/03/07	20.08	20.30	19.79	19.87	7431038	157441936.00
2014/03/10	19.68	19.68	18.83	18.84	7436888	151318896.00
2014/03/11	18.84	18.88	18.48	18.68	4930126	97481016.00
2014/03/12	18.59	19.18	18.53	18.91	4610955	91787848.00
2014/03/13	18.99	19.33	18.81	18.92	4917172	98976168.00
2014/03/14	18.80	18.91	18.58	18.65	3355595	66550684.00
2014/03/17	18.80	18.82	18.64	18.80	2961319	58824884.00
2014/03/18	18.83	18.90	18.68	18.69	3518565	69956712.00
2014/03/19	18.69	18.69	18.17	18.37	4961512	96668608.00
2014/03/20	18.35	18.67	18.18	18.18	4589691	89617160.00
2014/03/21	18.19	18.99	18.09	18.93	10037241	197843136.00
2014/03/24	19.11	19.54	18.88	19.39	10644770	216151984.00
2014/03/25	19.20	19.39	19.01	19.04	5445540	110452632.00
2014/03/26	19.05	19.25	19.02	19.21	4116458	83374168.00
2014/03/27	18.98	19.28	18.60	18.79	7440085	149042864.00
2014/03/28	18.79	19.03	18.70	18.87	4059061	81133064.00
2014/03/31	18.97	19.11	18.82	19.06	4866248	97830600.00
2014/04/01	19.03	19.36	18.92	19.19	4398691	89401488.00
2014/04/02	19.27	19.53	19.09	19.40	6652872	135826368.00
2014/04/03	19.47	19.71	18.98	19.12	7250681	148022768.00
2014/04/04	18.94	19.20	18.88	19.13	4000618	80666280.00
2014/04/08	19.03	20.22	19.03	19.98	13427717	279916320.00
2014/04/09	19.96	20.20	19.71	20.08	9966275	210739136.00
2014/04/10	20.02	21.53	19.85	20.65	18819347	411445792.00
2014/04/11	20.38	20.64	20.08	20.20	11671150	249531312.00
2014/04/14	20.20	20.29	19.83	20.03	6019811	126902304.00
2014/04/15	19.84	19.90	19.41	19.51	5540148	115088224.00
2014/04/16	19.48	19.76	19.43	19.65	4245041	88132488.00
2014/04/17	19.76	19.81	19.50	19.55	3273468	67786528.00
2014/04/18	19.40	19.86	19.34	19.74	4531555	94211472.00
2014/04/21	19.62	19.82	19.21	19.25	4137918	85260184.00
2014/04/22	19.31	19.47	19.10	19.38	2974495	60659164.00
2014/04/23	19.28	19.40	19.14	19.21	2122617	43244144.00
2014/04/24	19.18	19.43	19.08	19.08	2927699	59619708.00
2014/04/25	19.23	19.38	19.00	19.02	2855385	57985036.00
2014/04/28	18.89	19.15	18.54	18.60	4470023	88713968.00
2014/04/29	18.79	19.13	18.62	18.99	2731242	54593556.00
2014/04/30	18.99	18.99	18.81	18.87	2356356	47131436.00
2014/05/05	18.78	18.88	18.62	18.80	3360979	66735004.00
2014/05/06	18.81	19.16	18.74	18.96	3398084	68264544.00
2014/05/07	18.92	18.93	18.72	18.77	2529129	50367680.00
2014/05/08	18.73	19.06	18.69	18.78	4302975	85982168.00
2014/05/09	18.81	18.83	18.56	18.62	3241525	64167540.00
2014/05/12	18.73	19.14	18.66	19.14	6619019	133105440.00
2014/05/13	19.12	19.16	18.92	19.03	3171734	63940508.00
2014/05/14	19.08	19.24	19.01	19.12	2950804	59707016.00
2014/05/15	19.10	19.11	18.81	18.88	2972614	59680496.00
2014/05/16	19.05	19.05	18.75	18.90	2149964	42917708.00
2014/05/19	18.81	18.81	18.33	18.53	3966395	77674440.00
2014/05/20	18.64	18.81	18.57	18.63	2491106	49343952.00
2014/05/21	18.39	19.02	18.39	19.00	3493690	69736040.00
2014/05/22	18.97	19.24	18.80	18.88	2664301	53760016.00
2014/05/23	19.03	19.12	18.83	18.96	2338878	47043628.00
2014/05/26	19.18	19.18	18.96	19.07	2660609	53690964.00
2014/05/27	19.03	19.28	19.03	19.15	3682542	74813616.00
2014/05/28	19.18	19.52	19.07	19.51	3996565	81675344.00
2014/05/29	19.48	19.61	19.31	19.35	4263345	87960456.00
2014/05/30	19.28	19.47	19.10	19.12	3523848	71829712.00
2014/06/03	19.22	19.39	19.13	19.18	2125559	43353032.00
2014/06/04	19.16	19.22	18.88	18.99	2374294	47794576.00
2014/06/05	18.99	19.38	18.86	19.32	2800106	56816736.00
2014/06/06	19.33	19.58	19.32	19.48	5222217	107502384.00
2014/06/09	19.38	20.20	19.29	19.76	6692857	140618464.00
2014/06/10	19.66	20.23	19.66	20.15	6013789	127431176.00
2014/06/11	20.13	20.13	19.78	19.85	4175544	87909632.00
2014/06/12	19.79	20.13	19.76	20.03	3655527	77136688.00
2014/06/13	19.94	20.64	19.94	20.40	6119014	131820024.00
2014/06/16	20.33	20.64	20.28	20.47	5038715	108911048.00
2014/06/17	20.38	20.46	19.89	20.01	5275749	112119752.00
2014/06/18	20.02	20.22	19.84	19.91	3576201	75657752.00
2014/06/19	19.98	20.03	19.54	19.61	2981021	62388208.00
2014/06/20	19.70	19.82	19.33	19.52	5821543	119888968.00
2014/06/23	19.48	19.73	19.48	19.54	3186115	66001704.00
2014/06/24	19.61	19.97	19.40	19.96	3289634	68697928.00
2014/06/25	19.86	19.94	19.31	19.35	4824361	99394240.00
2014/06/26	19.48	19.93	19.39	19.66	3426236	71334512.00
2014/06/27	19.65	19.74	19.40	19.49	3723043	76879168.00
2014/06/30	19.55	20.16	19.55	20.01	4923632	103784368.00
2014/07/01	20.03	20.13	19.84	19.96	3298317	69647152.00
2014/07/02	19.89	20.11	19.89	20.09	3891410	82313880.00
2014/07/03	20.16	20.34	20.03	20.15	4471135	95296880.00
2014/07/04	20.23	20.88	20.23	20.67	11534685	251595888.00
2014/07/07	20.88	21.17	20.53	20.95	9523592	209496208.00
2014/07/08	20.82	21.09	20.63	21.04	4446713	97967048.00
2014/07/09	20.93	21.36	20.49	20.62	7070167	156147088.00
2014/07/10	20.78	20.90	20.07	20.34	13726840	295057088.00
2014/07/11	20.24	20.61	20.19	20.46	4529238	97478088.00
2014/07/14	20.55	21.02	20.38	20.81	4353390	94701072.00
2014/07/15	20.74	20.83	20.45	20.60	4623109	99799480.00
2014/07/16	20.63	20.71	20.52	20.69	3080813	66497232.00
2014/07/17	20.69	20.69	20.27	20.45	4931447	105475504.00
2014/07/18	20.32	20.64	20.24	20.54	6189445	132955696.00
2014/07/21	20.54	21.29	20.54	21.16	8618355	189435824.00
2014/07/22	21.15	21.54	20.95	21.30	5553799	123943600.00
2014/07/23	21.23	22.48	21.16	22.18	17089050	394516608.00
2014/07/24	22.03	23.87	22.03	23.28	18665136	451270432.00
2014/07/25	23.24	23.70	22.93	23.50	12884707	313627840.00
2014/07/28	23.68	24.67	23.29	23.99	14448427	358589216.00
2014/07/29	23.71	23.81	23.11	23.36	13198379	322220608.00
2014/07/30	23.25	23.80	23.25	23.49	8728861	214041280.00
2014/07/31	23.52	23.85	22.91	23.82	9670769	234821488.00
2014/08/01	23.51	24.33	23.41	23.53	9732790	240854848.00
2014/08/04	23.71	24.46	23.33	24.35	16812629	420413984.00
2014/08/05	24.42	24.43	23.59	24.09	9342318	232385760.00
2014/08/06	24.02	24.02	23.36	23.61	7034492	172601648.00
2014/08/07	23.73	23.73	22.72	22.99	10247812	246489584.00
2014/08/08	22.99	23.23	22.88	23.05	5388384	129442736.00
2014/08/11	23.10	23.97	22.92	23.67	9016930	221361920.00
2014/08/12	23.48	23.54	23.14	23.43	4811137	116907800.00
2014/08/13	23.48	24.32	23.04	24.30	11485319	283140576.00
2014/08/14	24.64	24.80	23.18	23.43	18676299	468471296.00
2014/08/15	23.46	24.13	23.24	23.93	9701886	240356144.00
2014/08/18	23.96	24.03	23.45	23.74	7334423	180664736.00
2014/08/19	23.77	23.82	23.23	23.52	7098556	173372400.00
2014/08/20	23.36	23.49	23.22	23.32	7475436	181732224.00
2014/08/21	23.32	23.57	22.95	23.37	7032164	170532800.00
2014/08/22	23.15	23.53	23.15	23.49	5369875	131073040.00
2014/08/25	23.50	23.54	22.88	22.89	6934471	166946336.00
2014/08/26	22.88	23.03	22.62	22.77	5191981	123268176.00
2014/08/27	22.98	23.03	22.78	22.93	3727122	88962376.00
2014/08/28	23.06	23.47	23.06	23.15	4844776	117362368.00
2014/08/29	23.31	23.39	23.03	23.28	3083854	74582976.00
2014/09/01	23.37	23.67	23.07	23.65	6966487	169818704.00
2014/09/02	23.61	23.93	23.32	23.91	9522612	234223920.00
2014/09/03	23.83	24.18	23.75	23.98	14503828	362596960.00
2014/09/04	24.04	24.23	23.83	24.12	8985634	224999392.00
2014/09/05	24.22	24.53	24.13	24.51	11118544	281629984.00
2014/09/09	24.52	24.85	24.34	24.37	10704064	273992640.00
2014/09/10	24.24	24.28	23.68	23.81	7481993	186031744.00
2014/09/11	23.79	24.28	23.32	23.57	9353854	231794992.00
2014/09/12	23.52	23.67	23.35	23.66	4823131	118060496.00
2014/09/15	23.53	23.53	23.14	23.46	8189759	199023232.00
2014/09/16	23.48	23.53	22.74	22.78	7460076	180329264.00
2014/09/17	22.98	23.00	22.66	22.90	5162705	123000464.00
2014/09/18	22.83	23.13	22.68	22.93	8024685	191601024.00
2014/09/19	22.95	23.21	22.78	23.11	4974707	119307992.00
2014/09/22	23.13	23.13	22.29	22.37	9296239	219400832.00
2014/09/23	22.37	22.66	22.21	22.61	5209382	122020392.00
2014/09/24	22.43	23.39	22.35	23.29	9037543	216869728.00
2014/09/25	23.38	23.54	22.95	23.08	7611673	184776448.00
2014/09/26	22.96	23.26	22.86	23.24	5675681	136674528.00
2014/09/29	23.29	23.39	23.11	23.31	5731868	138788064.00
2014/09/30	23.34	23.65	23.24	23.51	7137795	174479904.00
2014/10/08	23.60	23.66	23.10	23.49	8179765	199576960.00
2014/10/09	23.53	23.73	23.38	23.63	7925658	194658464.00
2014/10/10	23.41	23.60	23.18	23.35	7454370	181241936.00
2014/10/13	23.23	23.23	22.60	22.85	9117227	216129168.00
2014/10/14	22.83	23.01	22.69	22.92	6316318	150386272.00
2014/10/15	22.83	23.46	22.80	23.32	8563171	206630704.00
2014/10/16	23.13	23.86	22.93	23.66	17691237	434160192.00
2014/10/17	23.65	24.01	23.53	23.91	12926972	320227008.00
2014/10/20	23.95	24.46	23.85	24.00	13321874	335182752.00
2014/10/21	23.90	24.27	23.72	23.73	5400308	134713392.00
2014/10/22	23.71	25.98	23.61	25.07	21377044	555083200.00
2014/10/23	24.82	26.13	24.78	25.49	25642789	678941504.00
2014/10/24	25.22	25.41	24.77	25.30	13904618	361802944.00
2014/10/27	25.07	25.63	24.52	24.83	13394232	348599104.00
2014/10/28	24.83	25.91	24.69	25.82	18692247	489680160.00
2014/10/29	25.83	27.08	25.68	26.51	24906292	682055872.00
2014/10/30	26.42	26.97	26.16	26.69	18656453	513541312.00
2014/10/31	26.72	28.53	26.53	28.48	33100971	943484160.00
2014/11/03	28.13	28.50	27.64	27.88	18120219	525799200.00
2014/11/04	27.76	27.98	27.40	27.63	11891495	340469856.00
2014/11/05	27.62	28.48	27.14	28.44	18607766	537031936.00
2014/11/06	28.27	28.53	27.07	27.37	15073444	430069728.00
2014/11/07	27.39	29.23	27.11	27.92	24403105	710315328.00
2014/11/10	28.83	28.93	27.59	28.40	19133451	558355328.00
2014/11/11	28.33	29.24	27.05	28.04	33201053	977560448.00
2014/11/12	27.40	28.02	26.95	27.85	12832146	365088800.00
2014/11/13	28.03	29.25	27.83	28.99	27772055	824768448.00
2014/11/14	28.63	28.83	27.54	28.42	16294240	473194048.00
2014/11/17	29.23	29.23	27.56	27.64	12738187	373136288.00
2014/11/18	27.59	28.06	27.24	27.34	8582366	245547296.00
2014/11/19	27.37	27.94	27.30	27.40	7218476	206534704.00
2014/11/20	27.34	29.12	27.23	28.78	17108931	503314176.00
2014/11/21	28.60	31.16	28.22	30.70	32233751	985972096.00
2014/11/24	31.83	33.87	31.23	33.44	41970350	1427539200.00
2014/11/25	33.32	34.69	32.81	34.06	26046377	903677504.00
2014/11/26	33.89	37.56	33.81	37.56	32324489	1195738112.00
2014/11/27	38.43	41.41	38.18	41.41	56953618	2330914816.00
2014/11/28	41.53	41.69	39.61	40.92	44342271	1851984640.00
2014/12/01	41.22	41.93	39.21	39.94	48590660	2004065280.00
2014/12/02	39.13	43.38	38.51	42.03	75384659	3141072384.00
2014/12/03	41.37	43.44	39.13	39.47	85302859	3619974912.00
2014/12/04	39.33	43.43	38.23	42.99	96487448	4014593024.00
2014/12/05	42.44	44.33	39.95	41.43	97815450	4226464000.00
2014/12/08	40.72	44.12	39.18	43.01	109130260	4751013888.00
2014/12/09	40.03	43.32	38.61	38.61	93654487	3941420544.00
2014/12/10	37.53	38.92	35.83	37.63	61071337	2321077504.00
2014/12/11	36.63	37.93	36.06	36.35	40715745	1540822400.00
2014/12/12	36.39	38.04	36.38	37.09	34545173	1321554432.00
2014/12/15	36.76	37.52	36.07	37.40	31623975	1187830272.00
2014/12/16	37.43	41.24	37.33	41.24	63830360	2549960448.00
2014/12/17	41.63	43.01	40.35	42.01	75451800	3220639488.00
2014/12/18	42.30	44.04	40.66	42.63	61106121	2671422720.00
2014/12/19	42.80	42.91	39.97	41.37	38107261	1617895296.00
2014/12/22	41.14	43.28	40.63	41.13	46624330	2007312384.00
2014/12/23	40.58	45.34	39.53	42.04	58064457	2530675712.00
2014/12/24	42.50	42.83	38.13	39.07	42522684	1761859072.00
2014/12/25	39.26	42.02	39.06	41.63	36644461	1530629760.00
2014/12/26	42.23	45.89	41.83	45.89	65893379	2971864576.00
2014/12/29	47.13	50.58	46.03	48.93	86888973	4319652352.00
2014/12/30	48.43	49.43	46.83	48.52	45242869	2234998784.00
2014/12/31	48.23	49.17	47.03	48.59	37709541	1855827200.00
2015/01/05	49.38	50.98	48.08	48.64	51357267	2599822080.00
2015/01/06	47.61	48.12	45.49	46.22	41804260	1992615808.00
2015/01/07	46.01	48.14	45.73	46.70	28255185	1354328064.00
2015/01/08	47.31	47.73	43.93	44.37	39278821	1815355008.00
2015/01/09	44.36	48.90	44.03	45.84	73392394	3515705344.00
2015/01/12	44.33	46.43	44.01	45.81	44419113	2056030336.00
2015/01/13	45.68	46.01	44.46	44.53	28527808	1311113856.00
2015/01/14	44.92	45.31	43.78	44.35	24166701	1099011072.00
2015/01/15	45.00	48.88	44.75	48.88	63626626	3072348416.00
2015/01/16	50.43	53.72	49.62	51.67	92292304	4862275584.00
2015/03/02	49.68	50.52	47.53	50.30	111267887	5594456064.00
2015/03/03	49.35	50.22	48.92	49.25	51008765	2565391872.00
2015/03/04	49.18	49.33	48.18	48.57	34248635	1699067136.00
2015/03/05	48.00	50.22	47.79	49.03	42937270	2149188352.00
2015/03/06	48.79	49.18	45.83	46.21	34331099	1667487616.00
2015/03/09	45.03	48.02	43.03	47.42	56310287	2584498176.00
2015/03/10	46.37	46.53	45.53	46.02	26590551	1249052032.00
2015/03/11	46.03	49.71	46.03	47.45	47344312	2316689408.00
2015/03/12	48.23	52.29	47.35	51.96	76675058	3938539264.00
2015/03/13	52.03	52.48	50.09	50.93	53089095	2783676416.00
2015/03/16	50.73	55.52	50.24	55.13	59340899	3207624704.00
2015/03/17	55.33	56.43	54.05	54.83	49045662	2754879744.00
2015/03/18	54.81	55.87	53.83	55.84	40694325	2264301824.00
2015/03/19	55.03	55.30	52.89	53.62	41672090	2279850240.00
2015/03/20	54.33	56.53	52.80	53.83	58710393	3250887680.00
2015/03/23	53.56	54.98	53.04	54.16	37471231	2057496448.00
2015/03/24	54.23	56.63	53.63	55.41	53450359	3000778752.00
2015/03/25	55.33	55.33	52.53	53.06	49035037	2671954432.00
2015/03/26	51.03	54.33	50.44	51.91	52237974	2775130368.00
2015/03/27	51.43	51.90	50.61	51.19	27532528	1436075520.00
2015/03/30	51.61	53.22	50.68	53.07	44588267	2371027200.00
2015/03/31	54.53	55.58	51.81	52.04	51012681	2797155072.00
2015/04/01	53.16	54.02	52.53	52.90	38249459	2070702976.00
2015/04/02	53.52	53.52	52.04	52.51	28799415	1542118528.00
2015/04/03	52.09	54.01	51.93	53.88	42416409	2294993664.00
2015/04/07	54.22	54.73	53.15	54.68	49376417	2712139264.00
2015/04/08	54.48	57.51	53.53	56.15	79810649	4524806144.00
2015/04/09	57.03	59.07	55.03	55.67	66301699	3852107520.00
2015/04/10	55.53	57.36	55.23	56.91	42119290	2414165248.00
2015/04/13	57.83	57.83	55.38	55.96	46546425	2663078400.00
2015/04/14	55.23	55.23	53.53	54.10	42067904	2324019200.00
2015/04/15	54.23	54.87	52.73	52.77	34741851	1904318080.00
2015/04/16	52.04	54.53	51.71	54.49	37111114	2023770752.00
2015/04/17	55.38	55.63	53.96	54.41	42746379	2391605760.00
2015/04/20	54.93	54.93	51.01	51.63	37894983	2051033216.00
2015/04/21	51.62	53.63	51.62	53.02	29399139	1570953216.00
2015/04/22	53.34	55.53	53.04	55.27	46438661	2568010496.00
2015/04/23	55.27	55.53	53.81	54.18	31642545	1759177344.00
2015/04/24	53.23	53.23	51.04	51.99	39667157	2105150464.00
2015/04/27	52.00	52.98	51.81	52.54	32207550	1713989120.00
2015/04/28	52.33	53.63	51.06	52.73	45572473	2445156608.00
2015/04/29	52.92	52.92	49.73	51.99	29498935	1556743040.00
2015/04/30	53.43	54.53	52.53	52.86	57842938	3155011328.00
2015/05/04	52.85	58.24	52.01	58.24	81788805	4580319232.00
2015/05/05	59.13	60.90	56.13	59.05	98976509	5924272640.00
2015/05/06	59.63	65.05	59.03	63.54	112640544	7234616320.00
2015/05/07	61.03	64.98	60.53	61.21	74987086	4739825152.00
2015/05/08	62.01	62.25	57.91	59.84	72087524	4342527488.00
2015/05/11	59.88	65.92	58.25	64.66	107550221	6824016384.00
2015/05/12	63.56	65.41	62.44	63.44	71184494	4609066496.00
2015/05/13	62.92	65.02	60.83	61.75	56854242	3601819392.00
2015/05/14	61.23	65.24	60.93	62.41	59247724	3799839232.00
2015/05/15	61.18	61.33	58.94	59.33	45852294	2793721856.00
2015/05/18	58.03	59.90	57.52	58.09	36478074	2167941888.00
2015/05/19	57.70	63.18	57.70	61.08	64150144	3976772096.00
2015/05/20	61.33	62.38	59.80	60.50	45452388	2805056256.00
2015/05/21	60.01	61.48	59.34	60.63	35094928	2151604736.00
2015/05/22	61.03	65.26	61.03	64.60	69099584	4444553216.00
2015/05/25	65.38	67.52	64.33	66.48	62628118	4209086720.00
2015/05/26	67.13	67.38	64.51	66.10	42358910	2820818432.00
2015/05/27	65.97	65.99	63.91	64.57	35123904	2310949632.00
2015/05/28	64.13	65.04	58.16	58.62	51472281	3253791744.00
2015/05/29	59.19	59.49	56.63	57.84	43224781	2555546624.00
2015/06/01	57.33	61.38	56.83	61.04	42474748	2560837888.00
2015/06/02	60.63	60.63	59.18	60.46	33391761	2033650176.00
2015/06/03	60.53	63.03	59.53	61.71	44786468	2793167360.00
2015/06/04	61.25	64.33	58.03	63.83	51089321	3225294336.00
2015/06/05	65.47	66.03	61.36	62.72	49498085	3183512064.00
2015/06/08	62.46	69.09	62.04	69.09	85344841	5728911872.00
2015/06/09	69.58	69.63	65.63	66.53	59674882	4074480128.00
2015/06/10	65.43	66.66	64.54	65.10	37588843	2496857856.00
2015/06/11	64.93	67.27	63.41	65.77	44614933	2967988992.00
2015/06/12	65.55	66.31	64.03	64.52	34313290	2255722752.00
2015/06/15	64.18	65.01	61.33	61.51	34702769	2214912768.00
2015/06/16	60.53	62.93	59.91	60.62	30351768	1894971264.00
2015/06/17	61.33	61.63	59.23	61.09	24880706	1538542976.00
2015/06/18	60.83	61.09	57.83	57.95	31347095	1897435264.00
2015/06/19	57.03	58.53	54.03	54.98	30379027	1746368128.00
2015/06/23	55.53	58.63	54.23	58.55	37796875	2160871424.00
2015/06/24	58.53	58.89	56.79	58.63	32765129	1936293120.00
2015/06/25	59.19	59.68	56.06	57.60	28436264	1677928576.00
2015/06/26	56.03	58.53	51.74	54.47	52297440	2937281280.00
2015/06/29	56.03	57.98	50.91	56.00	60575522	3419140352.00
2015/06/30	56.73	61.03	55.58	60.09	72641594	4293381888.00
2015/07/01	58.65	59.70	55.31	55.76	49519881	2920905984.00
2015/07/02	55.55	57.26	51.34	52.44	56857507	3135004160.00
2015/07/03	51.23	54.42	48.03	49.39	46325292	2424925184.00
2015/07/06	54.03	54.23	51.03	52.54	70524671	3777510912.00
2015/07/07	51.92	55.52	47.71	55.02	95519531	5102213632.00
2015/07/08	49.42	50.50	49.42	49.42	44295073	2234462208.00
2015/07/09	49.33	54.20	44.38	52.61	86647644	4410916352.00
2015/07/10	50.53	57.69	50.03	54.85	89976590	5046678016.00
2015/07/13	53.03	55.53	51.91	53.27	61511263	3354065408.00
2015/07/14	51.96	52.50	50.03	50.68	46437997	2430426112.00
2015/07/15	49.63	51.53	47.83	48.61	33537409	1695037440.00
2015/07/16	48.61	49.90	47.04	48.38	23782425	1175991552.00
2015/07/17	48.64	50.53	48.53	50.17	30940778	1565353984.00
2015/07/20	50.03	50.57	48.61	49.17	27835758	1405338112.00
2015/07/21	48.52	49.43	47.80	48.27	30664730	1515190784.00
2015/07/22	47.96	48.69	47.36	47.76	24305372	1190922624.00
2015/07/23	48.04	50.71	47.87	50.33	53474306	2717842688.00
2015/07/24	50.43	50.59	47.88	48.29	42038395	2121111808.00
2015/07/27	47.47	47.93	43.36	43.36	41204773	1930297344.00
2015/07/28	41.83	44.48	41.13	43.33	41003572	1789275520.00
2015/07/29	43.43	44.23	41.73	43.28	39208188	1708103424.00
2015/07/30	43.23	45.61	42.51	42.70	42394366	1923037824.00
2015/07/31	41.93	42.62	41.03	42.03	45617775	1944450176.00
2015/08/03	41.23	42.89	41.13	42.86	30763768	1318389248.00
2015/08/04	42.82	44.00	41.78	43.78	24016284	1057020288.00
2015/08/05	43.23	43.77	42.15	42.27	16455125	723617664.00
2015/08/06	41.62	42.71	41.13	41.65	12706260	544385344.00
2015/08/07	41.94	43.71	41.94	43.02	23400007	1030798208.00
2015/08/10	43.01	46.26	42.74	45.51	33973933	1546897280.00
2015/08/11	45.03	45.71	44.11	44.54	23164743	1062188096.00
2015/08/12	43.91	44.53	43.52	43.61	17472330	784450176.00
2015/08/13	43.31	44.23	43.03	43.88	20302460	904852608.00
2015/08/14	44.53	44.53	43.59	43.81	18192379	816978816.00
2015/08/17	43.37	43.37	41.73	42.37	22504379	972924992.00
2015/08/18	42.43	43.96	40.01	40.07	33753133	1457041536.00
2015/08/19	39.23	40.41	38.43	40.08	24347777	986157568.00
2015/08/20	40.44	40.84	38.74	38.83	21992853	894260736.00
2015/08/21	38.24	38.91	36.00	36.03	28367311	1081291008.00
2015/08/24	34.24	35.00	32.35	32.35	37416851	1262091520.00
2015/08/25	30.23	33.23	29.12	29.55	52929601	1684054016.00
2015/08/26	30.24	32.53	29.31	30.91	58079638	1841087104.00
2015/08/27	31.79	34.08	31.06	34.08	50891141	1689970688.00
2015/08/28	35.14	36.84	34.75	36.16	63038084	2297518848.00
2015/08/31	35.24	38.14	34.72	37.81	50425192	1868554496.00
2015/09/01	36.74	37.71	34.80	37.25	64250618	2407401216.00
2015/09/02	35.34	36.86	35.12	36.63	54163950	2004793344.00
2015/09/07	36.14	37.22	34.94	35.02	18021380	663128768.00
2015/09/08	34.73	36.74	34.57	36.64	20952332	771813120.00
2015/09/09	36.44	37.94	36.25	37.06	27307670	1030847936.00
2015/09/10	36.44	36.82	35.95	36.08	13513968	502000160.00
2015/09/11	36.35	36.87	35.93	36.15	10304967	382597728.00
2015/09/14	36.29	36.50	34.04	35.70	27664339	997570048.00
2015/09/15	34.87	35.22	33.75	34.00	11836552	416704992.00
2015/09/16	34.02	36.54	33.64	36.20	17119735	616635328.00
2015/09/17	36.13	37.02	35.25	35.48	17476682	644180224.00
2015/09/18	35.57	36.93	35.35	36.40	15618827	580514560.00
2015/09/21	36.01	36.74	35.55	36.69	10478354	387827040.00
2015/09/22	36.62	39.42	36.41	38.53	19575000	763048448.00
2015/09/23	37.89	38.34	37.12	37.17	12971121	498388960.00
2015/09/24	37.64	38.23	37.30	37.60	9776229	376474048.00
2015/09/25	37.54	38.41	36.85	37.39	10061023	386914528.00
2015/09/28	37.25	37.39	36.23	37.04	5565220	209011440.00
2015/09/29	36.56	36.56	35.06	35.31	9788397	357161184.00
2015/09/30	35.62	35.92	35.04	35.07	8657921	312939904.00
2015/10/08	37.44	37.48	35.63	36.22	17484308	656204288.00
2015/10/09	36.54	37.84	36.23	37.79	15820439	603078720.00
2015/10/12	38.24	40.42	37.92	39.44	18826098	753718976.00
2015/10/13	39.18	39.80	38.36	39.55	13038079	519300800.00
2015/10/14	38.92	39.25	37.94	38.01	11970490	471562720.00
2015/10/15	37.95	39.29	37.95	39.15	12511267	496233088.00
2015/10/16	39.60	40.78	39.23	40.37	18977766	778543872.00
2015/10/19	40.37	42.52	39.75	41.25	20561129	867397888.00
2015/10/20	40.80	41.50	40.03	41.36	12448689	518389824.00
2015/10/21	41.33	44.74	40.82	41.93	30036415	1304456960.00
2015/10/22	41.29	43.50	41.24	42.68	20026849	860807552.00
2015/10/23	42.79	44.21	41.74	43.81	20176194	880679040.00
2015/10/26	44.82	45.82	43.77	43.85	23774272	1081859712.00
2015/10/27	43.39	43.74	41.70	43.53	16347360	707870912.00
2015/10/28	42.94	43.04	41.52	41.76	11665545	502329824.00
2015/10/29	41.65	41.90	40.33	41.24	18434915	770173568.00
2015/10/30	40.84	42.85	40.28	41.74	20269566	860201472.00
2015/11/02	40.94	41.69	40.34	40.38	13621423	568430976.00
2015/11/03	40.39	41.71	40.01	40.20	14294753	596006976.00
2015/11/04	40.53	44.30	40.49	44.30	41866847	1831576832.00
2015/11/05	44.44	48.81	44.30	46.67	83783784	4003297024.00
2015/11/06	46.25	50.69	45.80	49.61	53077911	2596085504.00
2015/11/09	49.42	51.74	48.08	48.98	52737752	2675908608.00
2015/11/10	48.21	51.28	47.76	48.86	32165397	1606715648.00
2015/11/11	48.42	48.86	46.74	48.71	30810127	1495971712.00
2015/11/12	48.54	49.22	46.74	47.07	25987596	1251093120.00
2015/11/13	46.57	48.18	46.17	47.13	27300643	1315128192.00
2015/11/16	45.84	47.13	45.61	47.07	19367451	912668352.00
2015/11/17	47.64	50.23	46.80	46.90	42310380	2094028288.00
2015/11/18	46.80	47.74	45.84	46.25	24080846	1140043008.00
2015/11/19	46.69	47.56	45.90	47.53	20713263	988634752.00
2015/11/20	47.69	47.79	46.35	46.90	19265581	921990144.00
2015/11/23	46.92	48.52	46.75	47.18	21226871	1026000448.00
2015/11/24	46.83	47.78	46.26	47.26	15673086	747265664.00
2015/11/25	46.84	48.19	46.81	47.92	15877890	767675968.00
2015/11/26	48.43	49.20	47.22	47.30	18006675	881776960.00
2015/11/27	46.94	47.52	43.35	43.83	29470580	1353520384.00
2015/11/30	44.39	44.43	41.44	43.25	26244394	1146721152.00
2015/12/01	42.74	44.91	42.12	43.83	22240466	983110016.00
2015/12/02	43.54	48.29	43.24	48.29	63387169	3050023680.00
2015/12/03	48.74	52.94	48.22	51.05	77854979	3972810240.00
2015/12/04	49.74	50.36	48.85	48.90	39613927	1989369472.00
2015/12/07	49.06	49.44	47.46	48.29	29909688	1467465856.00
2015/12/08	47.90	48.04	46.24	47.04	25442819	1216854144.00
2015/12/09	46.94	49.34	46.69	48.86	32291519	1569250432.00
2015/12/10	48.08	50.98	47.24	47.28	33115741	1649736576.00
2015/12/11	46.57	47.63	45.32	46.89	22543758	1062693824.00
2015/12/14	46.02	51.66	45.86	51.66	45567400	2281775616.00
2015/12/15	51.24	51.64	49.74	50.42	33983684	1748162304.00
2015/12/16	50.74	51.52	49.79	50.25	23988106	1231000960.00
2015/12/17	50.79	52.73	50.42	51.07	37717954	1973523968.00
2015/12/18	50.54	53.44	50.13	51.13	32634532	1710854272.00
2015/12/21	50.64	54.96	50.43	53.57	46608094	2514717440.00
2015/12/22	53.24	53.94	52.46	53.61	22180323	1196934400.00
2015/12/23	53.54	56.84	53.39	54.41	40832833	2293445120.00
2015/12/24	54.24	56.26	53.04	54.44	31249823	1732052480.00
2015/12/25	53.92	54.56	52.99	53.61	17075133	928220096.00
2015/12/28	53.75	53.79	51.23	51.32	22231722	1177506432.00
2015/12/29	51.57	52.22	51.14	51.87	16647036	871918528.00
2015/12/30	51.74	51.79	50.84	51.46	15791053	821628992.00
2015/12/31	51.62	52.79	51.24	51.45	22763784	1202087936.00
2016/01/04	50.99	51.01	46.23	46.24	23342816	1145982336.00
2016/01/05	44.75	47.84	44.60	47.30	33402968	1579432192.00
2016/01/06	46.94	47.73	45.94	47.35	27471799	1308765824.00
2016/01/07	46.24	46.44	42.64	42.81	6777700	308155584.00
2016/01/08	44.24	47.13	42.25	44.62	31492594	1427466368.00
2016/01/11	43.30	44.71	41.04	41.39	27922891	1222985472.00
2016/01/12	42.02	43.09	41.39	41.70	22993664	984657216.00
2016/01/13	42.20	42.44	40.24	40.49	22165432	937299328.00
2016/01/14	39.04	41.72	38.82	41.33	25046729	1025775168.00
2016/01/15	40.62	40.84	38.24	38.53	26796976	1076400768.00
2016/01/18	37.39	39.23	37.39	38.53	23445231	916580416.00
2016/01/19	38.33	40.89	37.84	40.17	28413160	1142565504.00
2016/01/20	39.55	40.02	38.77	39.00	28419301	1138818432.00
2016/01/21	38.14	40.06	37.49	37.58	25620451	1014846720.00
2016/01/22	38.22	38.98	37.15	38.38	18725017	727515200.00
2016/01/25	38.69	39.12	38.05	38.56	14081095	554620288.00
2016/01/26	38.07	38.24	35.25	35.86	29621429	1107016704.00
2016/01/27	35.85	36.08	33.66	34.91	21847586	777920320.00
2016/01/28	34.45	35.94	34.04	34.39	20701355	740073152.00
2016/01/29	34.57	36.76	34.37	36.06	27864400	1021414016.00
2016/02/01	35.69	36.02	34.32	35.14	16758074	604859136.00
2016/02/02	35.30	36.46	35.30	36.12	15818027	581942272.00
2016/02/03	35.59	35.64	34.84	35.54	13770915	496449504.00
2016/02/04	35.67	36.70	35.67	36.26	17768245	657640896.00
2016/02/05	36.24	36.56	35.79	35.97	13491051	498148128.00
2016/02/15	34.29	36.08	34.29	35.61	11660826	417650464.00
2016/02/16	36.03	37.42	35.84	37.07	17653906	664453184.00
2016/02/17	36.83	37.70	36.72	37.33	15450018	587844416.00
2016/02/18	37.59	38.47	36.88	37.00	21346540	823841536.00
2016/02/19	37.06	37.69	36.55	37.09	9480422	358747616.00
2016/02/22	37.74	40.82	37.10	39.35	32598424	1295265920.00
2016/02/23	38.90	39.22	37.88	38.46	16678370	653111744.00
2016/02/24	38.24	38.72	37.26	38.52	16821117	652504512.00
2016/02/25	38.24	38.24	34.75	34.93	23066219	854596096.00
2016/02/26	35.35	35.59	34.25	34.96	15452171	553257344.00
2016/02/29	34.44	34.78	32.25	33.06	23489139	792186688.00
2016/03/01	32.96	34.80	32.64	34.10	19159048	658589504.00
2016/03/02	34.10	36.05	33.99	35.73	22733407	816389952.00
2016/03/03	36.01	36.64	35.52	36.01	17869972	658311552.00
2016/03/04	35.85	37.49	35.55	37.04	32812116	1228479360.00
2016/03/07	36.74	37.52	36.45	36.99	16753449	632244992.00
2016/03/08	36.61	36.76	34.74	36.65	18042716	655723648.00
2016/03/09	35.65	35.99	34.84	35.70	15352970	555322048.00
2016/03/10	35.39	35.67	34.65	34.73	8830967	317236640.00
2016/03/11	34.25	35.01	34.15	34.96	12645556	447601600.00
2016/03/14	35.62	36.65	35.26	35.68	18266078	670847168.00
2016/03/15	35.28	36.14	34.81	36.10	16797377	607505728.00
2016/03/16	35.63	36.72	35.56	36.21	25567942	947474112.00
2016/03/17	36.45	37.43	36.04	36.87	24532657	920309248.00
2016/03/18	36.96	38.30	36.62	37.72	33913838	1304275456.00
2016/03/21	38.22	41.21	38.04	40.12	46361428	1887479680.00
2016/03/22	39.37	39.68	38.63	38.75	22408723	895289600.00
2016/03/23	38.76	40.21	38.54	39.42	22625852	907823232.00
2016/03/24	38.65	39.11	37.84	38.14	16182010	634838656.00
2016/03/25	38.09	41.12	37.92	39.14	27174407	1087063296.00
2016/03/28	39.34	39.93	38.31	38.48	20227936	806718336.00
2016/03/29	38.75	39.27	38.15	38.66	17994188	711851968.00
2016/03/30	38.89	40.19	38.75	40.16	29200395	1180396288.00
2016/03/31	40.18	40.60	39.41	39.81	20196318	820792256.00
2016/04/01	39.64	39.88	38.55	39.39	18151641	725718912.00
2016/04/05	38.98	40.32	38.75	39.84	18967554	767486400.00
2016/04/06	39.44	39.74	38.96	39.39	12499838	501431168.00
2016/04/07	39.59	39.67	38.24	38.52	15205428	601856192.00
2016/04/08	38.24	38.28	37.46	37.95	12032428	464613920.00
2016/04/11	38.72	39.43	38.47	38.64	15686311	621903552.00
2016/04/12	38.54	38.82	38.07	38.80	10041359	393972928.00
2016/04/13	39.14	40.60	38.97	39.45	24655073	1003281536.00
2016/04/14	39.86	40.17	39.24	39.67	11384675	460285184.00
2016/04/15	39.59	39.83	39.22	39.58	9791421	394073952.00
2016/04/18	39.24	39.27	38.51	38.75	9597571	380381632.00
2016/04/19	39.14	39.18	38.44	38.72	9087318	358227648.00
2016/04/20	38.89	39.01	36.91	38.38	22239922	861904896.00
2016/04/21	37.74	39.04	37.35	38.34	20589261	807382976.00
2016/04/22	38.04	39.00	37.79	38.77	13490928	532122368.00
2016/04/25	38.77	39.64	38.32	39.23	14015042	559510592.00
2016/04/26	39.03	39.59	38.99	39.39	11862061	474308224.00
2016/04/27	39.24	39.60	39.15	39.25	5986366	240428896.00
2016/04/28	39.26	39.56	38.99	39.33	7385040	295442880.00
2016/04/29	39.12	39.44	38.89	39.14	7305006	292185184.00
2016/05/03	39.03	39.54	38.27	39.24	13464178	535726752.00
2016/05/04	39.23	39.33	38.84	39.13	8586715	343037184.00
2016/05/05	38.94	39.34	38.84	39.02	4841448	192655328.00
2016/05/06	39.09	39.23	37.90	37.94	10058189	396308576.00
2016/05/09	37.74	38.11	37.52	37.79	10684030	411674816.00
2016/05/10	37.53	38.02	37.28	37.54	9923730	382014944.00
2016/05/11	37.77	38.05	37.56	37.81	6166777	237869328.00
2016/05/12	37.52	38.69	37.25	38.56	15569025	605552960.00
2016/05/13	38.34	38.79	38.13	38.67	12981194	510235168.00
2016/05/16	38.40	39.29	38.36	38.82	7756328	307962272.00
2016/05/17	38.91	39.12	38.60	38.94	4546713	179800368.00
2016/05/18	38.63	40.00	38.54	39.54	12715964	509797216.00
2016/05/19	39.22	39.74	39.22	39.54	8290800	333959776.00
2016/05/20	39.42	39.82	39.34	39.62	4803708	193984848.00
2016/05/23	39.64	39.75	38.94	39.24	4926941	197345584.00
2016/05/24	39.13	39.13	38.26	38.63	3296786	129996824.00
2016/05/25	38.84	39.01	38.45	38.49	3340058	131591208.00
2016/05/26	38.48	38.99	38.46	38.83	3795997	149784176.00
2016/05/27	39.14	39.29	38.69	38.74	3680872	146366112.00
2016/05/30	38.64	39.20	38.53	39.02	2836741	112583064.00
2016/05/31	39.04	42.58	39.03	41.52	16859049	709205248.00
2016/06/01	41.13	41.43	41.00	41.20	7705622	323207616.00
2016/06/02	41.05	41.60	40.79	41.23	4641990	194545424.00
2016/06/03	41.24	41.49	40.70	41.25	6705152	280880512.00
2016/06/06	41.26	41.34	40.56	40.71	4685810	195046848.00
2016/06/07	40.72	41.10	40.35	40.95	4642338	192594912.00
2016/06/08	40.75	40.79	39.84	40.43	7056223	289935328.00
2016/06/13	39.94	40.33	38.72	38.80	5711146	231314880.00
2016/06/14	38.64	39.48	38.62	39.34	4064491	162101136.00
2016/06/15	38.56	40.39	38.45	39.66	7116027	287626048.00
2016/06/16	39.30	39.53	38.86	39.01	3598269	143563296.00
2016/06/17	39.15	39.65	39.05	39.29	3566437	143077904.00
2016/06/20	39.59	39.59	39.23	39.29	2693947	107912696.00
2016/06/21	39.44	40.69	39.16	39.31	8621071	348422720.00
2016/06/22	38.93	39.54	38.84	39.52	4263313	170823728.00
2016/06/23	39.56	39.61	39.22	39.30	3165409	127107136.00
2016/06/24	39.49	39.82	38.44	38.66	5624262	223396800.00
2016/06/27	38.64	39.04	38.54	39.03	3275408	129774768.00
2016/06/28	38.84	39.64	38.53	39.38	7272210	288558464.00
2016/06/29	39.24	40.42	39.24	39.91	9600272	390408896.00
2016/06/30	39.86	40.13	39.49	39.64	4109762	166350576.00
2016/07/01	39.74	40.04	39.62	39.85	4315251	175100592.00
2016/07/04	39.63	41.23	39.51	40.66	9474108	392439488.00
2016/07/05	40.52	40.81	40.09	40.37	6726442	276572672.00
2016/07/06	40.14	40.50	40.14	40.28	6063530	248966160.00
2016/07/07	40.29	40.34	39.74	40.02	4501157	183399664.00
2016/07/08	40.09	40.09	39.73	39.78	3777596	153536112.00
2016/07/11	39.90	40.57	39.74	40.03	5513903	225846240.00
2016/07/12	39.95	42.03	39.85	41.74	16831381	706032256.00
2016/07/13	41.74	42.54	41.39	41.83	13647654	581064704.00
2016/07/14	41.52	41.74	41.25	41.58	5005126	211408864.00
2016/07/15	41.52	41.99	41.20	41.38	5703155	241486272.00
2016/07/18	40.90	42.03	40.83	41.13	9949810	419451328.00
2016/07/19	41.07	41.07	40.36	40.53	7611607	314226624.00
2016/07/20	40.54	40.64	40.03	40.15	8936503	366509472.00
2016/07/21	40.16	40.51	40.05	40.43	13083838	537676352.00
2016/07/22	40.44	40.47	39.76	39.97	5931742	241617024.00
2016/07/25	39.56	40.02	39.54	39.73	4098987	166128016.00
2016/07/26	39.72	40.36	39.69	40.24	7001495	285420480.00
2016/07/27	40.14	40.22	38.74	40.01	14245096	572667456.00
2016/07/28	39.59	39.77	39.04	39.26	6148618	246504832.00
2016/07/29	39.24	39.38	38.96	39.00	4081711	162790720.00
2016/08/01	38.83	39.20	38.64	38.89	4069300	161293136.00
2016/08/02	38.89	39.05	38.77	38.98	2567342	101912048.00
2016/08/03	38.64	38.99	38.64	38.78	3771729	149150992.00
2016/08/04	38.78	38.92	38.64	38.90	3089238	122134496.00
2016/08/05	38.88	39.43	38.83	39.07	4619439	184082960.00
2016/08/08	39.14	39.44	38.94	39.35	3777421	151127760.00
2016/08/09	39.34	39.58	39.24	39.47	3678557	147799232.00
2016/08/10	39.51	39.57	39.30	39.32	3125503	124651184.00
2016/08/11	40.37	43.30	40.21	41.02	35975334	1512677632.00
2016/08/12	40.45	43.22	40.23	42.82	33221198	1401632384.00
2016/08/15	42.52	47.15	42.22	46.18	58263987	2657356800.00
2016/08/16	46.02	46.72	45.02	45.20	29857908	1380641536.00
2016/08/17	45.17	45.17	43.97	44.76	20272272	911603584.00
2016/08/18	44.84	45.60	44.17	44.51	19936057	905904128.00
2016/08/19	44.12	44.12	43.32	43.78	14171188	625323840.00
2016/08/22	43.72	44.30	43.02	43.52	12002573	529388992.00
2016/08/23	43.57	44.40	43.37	43.94	11836862	525033376.00
2016/08/24	43.82	43.84	42.46	42.82	15002887	650896128.00
2016/08/25	42.33	42.76	42.04	42.55	9109514	390748800.00
2016/08/26	42.58	43.04	42.26	42.32	8548206	368746176.00
2016/08/29	42.32	42.53	42.12	42.49	4819825	206464976.00
2016/08/30	42.55	42.95	42.16	42.65	8934598	384427808.00
2016/08/31	42.53	43.40	42.28	43.18	11570423	502438080.00
2016/09/01	42.95	43.10	41.81	41.99	10478888	450715680.00
2016/09/02	41.86	42.42	41.72	42.21	9184486	390198112.00
2016/09/05	42.19	42.49	41.92	42.06	7055478	300744288.00
2016/09/06	42.16	42.88	41.82	42.70	9056333	388510624.00
2016/09/07	42.70	43.90	42.54	42.88	15163261	661847616.00
2016/09/08	42.81	42.98	42.32	42.65	7120613	306768928.00
2016/09/09	42.87	43.41	42.32	42.37	8413521	364677088.00
2016/09/12	41.16	41.61	40.57	41.41	14628402	609205184.00
2016/09/13	41.25	41.35	40.49	40.91	7009568	289638176.00
2016/09/14	40.64	40.92	40.37	40.59	4853396	199241520.00
2016/09/19	40.71	41.00	40.59	40.83	4228974	174617728.00
2016/09/20	40.91	40.92	40.57	40.89	3214267	132554448.00
2016/09/21	40.81	41.21	40.64	40.96	3443897	142624416.00
2016/09/22	41.26	42.22	41.12	41.64	10496588	443680448.00
2016/09/23	41.66	41.93	41.43	41.46	4537827	190920448.00
2016/09/26	41.32	41.32	40.42	40.52	4664524	192575888.00
2016/09/27	40.48	41.00	40.32	40.85	3996251	164545984.00
2016/09/28	40.82	41.16	40.67	40.78	2456659	101581880.00
2016/09/29	41.29	41.32	40.90	41.09	4153082	172889456.00
2016/09/30	40.91	41.08	40.62	40.73	6242694	257798384.00
2016/10/10	40.93	41.39	40.77	41.32	6129381	254939728.00
2016/10/11	41.22	41.89	41.22	41.63	7193696	302506720.00
2016/10/12	41.61	41.79	41.32	41.58	4163041	174946432.00
2016/10/13	41.56	41.75	41.36	41.50	2549664	107030320.00
2016/10/14	41.43	41.71	41.18	41.63	3305883	138568384.00
2016/10/17	41.68	41.69	41.07	41.11	4045613	169069248.00
2016/10/18	41.04	41.82	40.82	41.76	6074251	254079952.00
2016/10/19	41.70	41.78	41.31	41.39	3056465	128265560.00
2016/10/20	41.41	41.58	41.31	41.36	2597638	108872696.00
2016/10/21	41.37	41.82	41.07	41.32	6207409	259646032.00
2016/10/24	41.22	42.79	41.15	42.21	13628894	581509760.00
2016/10/25	42.21	42.22	41.74	41.93	5902037	250060432.00
2016/10/26	42.03	42.12	41.62	41.86	4408776	186402448.00
2016/10/27	41.75	41.81	41.42	41.54	4288628	180374960.00
2016/10/28	41.47	42.64	41.47	41.88	11430993	487997664.00
2016/10/31	41.53	41.97	41.17	41.81	6588252	276256928.00
2016/11/01	41.77	42.29	41.61	42.15	5270136	224074752.00
2016/11/02	42.02	42.19	41.48	41.64	5361542	226322736.00
2016/11/03	41.50	42.62	41.42	42.30	11019939	471113568.00
2016/11/04	42.07	42.87	42.06	42.41	8435088	362768288.00
2016/11/07	42.51	42.96	42.22	42.74	8688625	375134656.00
2016/11/08	42.92	43.18	42.70	42.99	6645729	288399360.00
2016/11/09	42.72	43.29	42.22	42.78	11838120	511669280.00
2016/11/10	43.32	43.46	42.80	43.06	6931781	301983872.00
2016/11/11	43.12	45.22	43.02	44.50	17070363	763298560.00
2016/11/14	44.44	45.38	43.84	44.46	14775419	667337216.00
2016/11/15	44.48	45.01	43.82	44.12	7346738	328571776.00
2016/11/16	44.03	44.55	43.60	43.85	6756265	300393152.00
2016/11/17	43.74	43.85	43.45	43.79	5411476	238448432.00
2016/11/18	43.69	44.18	43.46	43.72	5852775	259191744.00
2016/11/21	43.77	47.40	43.73	46.25	27644176	1299050752.00
2016/11/22	45.97	48.08	45.97	47.26	19246001	914660928.00
2016/11/23	47.42	47.51	46.04	46.13	8854167	418368640.00
2016/11/24	46.13	48.02	46.09	46.80	11449956	543295936.00
2016/11/25	46.52	47.22	46.02	47.18	6957941	327192000.00
2016/11/28	47.16	48.32	46.97	47.64	10628565	512943232.00
2016/11/29	47.23	47.49	46.43	47.04	8521096	402327136.00
2016/11/30	46.92	47.45	45.42	45.77	10619630	499143232.00
2016/12/01	45.47	46.22	45.34	46.03	4769479	221604160.00
2016/12/02	45.93	45.97	44.92	45.05	7473137	341761536.00
2016/12/05	44.52	45.06	43.95	44.77	6221887	280231840.00
2016/12/06	44.77	45.01	44.36	44.44	6227491	280290752.00
2016/12/07	44.49	45.58	44.38	44.80	8490230	383706688.00
2016/12/08	45.02	45.72	44.82	45.12	6661937	305343680.00
2016/12/09	45.04	47.04	44.80	46.32	11561362	539618944.00
2016/12/12	46.34	46.92	45.24	45.48	10735769	498618144.00
2016/12/13	45.32	45.78	44.73	45.16	8184557	375086720.00
2016/12/14	44.92	46.28	44.83	45.50	4981087	229407728.00
2016/12/15	45.15	45.68	43.24	43.66	9720543	433774176.00
2016/12/16	43.53	43.89	43.22	43.39	3947737	173413312.00
2016/12/19	43.39	43.98	43.24	43.57	4017013	177220304.00
2016/12/20	43.92	44.02	42.94	43.40	5485868	241518832.00
2016/12/21	43.53	44.32	43.52	44.20	3795817	168846384.00
2016/12/22	44.08	44.10	43.54	43.93	1862971	82541088.00
2016/12/23	43.99	44.02	43.34	43.71	3099692	137044224.00
2016/12/26	43.41	44.12	42.42	44.09	4532984	198381056.00
2016/12/27	43.82	44.28	43.09	43.18	3751346	165433392.00
2016/12/28	43.04	43.49	43.02	43.30	2156413	94337872.00
2016/12/29	43.23	43.51	42.64	42.87	3337030	144921856.00
2016/12/30	42.88	43.32	42.88	43.30	3184218	138792464.00
2017/01/03	43.30	45.07	43.30	44.53	7842845	351744512.00
2017/01/04	44.51	44.87	44.19	44.59	3761106	169429840.00
2017/01/05	44.86	45.17	44.32	44.42	2822518	127671920.00
2017/01/06	44.33	44.72	43.68	43.76	5750099	255919312.00
2017/01/09	44.02	44.77	43.77	44.22	4605402	206208080.00
2017/01/10	44.19	44.36	43.88	43.90	1278701	57025864.00
2017/01/11	43.87	44.61	43.85	44.03	2952063	131989848.00
2017/01/12	44.04	44.40	43.32	43.55	2318352	102818240.00
2017/01/13	43.55	45.21	43.52	44.53	12192904	547404992.00
2017/01/16	44.52	45.47	44.12	45.32	13631838	619349312.00
2017/01/17	44.99	45.84	44.62	44.97	5603686	256171792.00
2017/01/18	44.96	45.76	44.83	45.27	4203148	192796848.00
2017/01/19	45.00	45.52	44.80	45.08	3076331	140418048.00
2017/01/20	45.05	45.56	44.89	45.33	2558067	117161296.00
2017/01/23	45.42	46.02	45.25	45.40	2960621	136292512.00
2017/01/24	45.47	45.94	44.97	45.42	3765513	173377120.00
2017/01/25	45.20	45.44	44.51	45.21	4851131	219858784.00
2017/01/26	45.18	45.73	44.84	45.69	3239031	148929184.00
2017/02/03	45.60	45.60	44.30	44.35	4024308	181877680.00
2017/02/06	44.58	44.91	44.55	44.79	8922758	403680608.00
2017/02/07	44.98	45.38	44.52	45.33	6653925	302249216.00
2017/02/08	45.17	45.71	45.02	45.48	6149852	282429248.00
2017/02/09	45.57	46.60	45.38	46.10	5674729	265023408.00
2017/02/10	46.36	46.42	45.61	45.84	3632195	169038512.00
2017/02/13	46.23	47.02	46.03	46.51	7394386	348089152.00
2017/02/14	46.51	46.51	45.84	45.90	4022969	187043792.00
2017/02/15	46.07	46.41	45.70	45.90	4370343	203506432.00
2017/02/16	45.68	45.92	45.35	45.58	6390481	293981952.00
2017/02/17	45.65	46.21	45.38	45.43	6798927	315340544.00
2017/02/20	45.43	46.01	45.14	45.95	9457210	434718304.00
2017/02/21	45.97	46.27	45.72	45.92	9237620	429597056.00
2017/02/22	45.97	45.97	45.27	45.65	5116374	235295872.00
2017/02/23	45.61	45.61	44.72	45.00	6361987	289767200.00
2017/02/24	44.88	44.88	44.44	44.72	3627455	163512736.00
2017/02/27	44.73	44.75	43.41	43.74	7822513	347880416.00
2017/02/28	43.64	43.99	43.58	43.82	3841751	170165584.00
2017/03/01	43.84	44.14	43.62	43.84	3965865	175979936.00
2017/03/02	43.87	44.37	43.66	43.73	4036112	179423792.00
2017/03/03	43.62	43.72	43.21	43.50	4024431	176464880.00
2017/03/06	43.56	43.56	42.97	43.18	6565965	286315040.00
2017/03/07	43.12	43.70	42.94	43.63	7000305	306137920.00
2017/03/08	43.52	43.57	43.19	43.39	3970530	174094464.00
2017/03/09	43.39	43.62	43.25	43.44	4372444	192073216.00
2017/03/10	43.42	43.49	42.78	42.82	4345119	188822768.00
2017/03/13	42.79	43.60	42.68	43.41	7333058	321210048.00
2017/03/14	43.31	43.45	42.96	43.17	5069903	221033664.00
2017/03/15	43.12	43.16	42.83	43.03	3189955	138595248.00
2017/03/16	43.22	43.81	43.17	43.30	10178324	447352768.00
2017/03/17	43.52	43.62	42.83	42.88	7036519	307436576.00
2017/03/20	42.85	42.98	42.01	42.26	7961993	341566752.00
2017/03/21	42.23	42.46	41.55	41.68	10133582	429901184.00
2017/03/22	41.70	41.70	40.33	40.65	12133643	501302240.00
2017/03/23	40.67	41.29	40.62	40.94	11197220	464508384.00
2017/03/24	40.99	41.37	40.82	41.23	7555297	314171040.00
2017/03/27	40.89	41.88	40.88	41.27	7169802	300884832.00
2017/03/28	41.32	41.87	41.15	41.22	7208643	303202336.00
2017/03/29	41.32	41.51	40.85	40.96	6092514	252788320.00
2017/03/30	41.24	41.78	40.99	41.47	10467878	439208032.00
2017/03/31	41.51	42.02	41.51	41.71	8238464	348525344.00
2017/04/05	41.75	41.91	41.08	41.73	8786410	368302400.00
2017/04/06	41.73	41.73	41.07	41.37	7964960	332787680.00
2017/04/07	41.22	42.04	41.22	41.70	9686226	408687808.00
2017/04/10	41.68	42.28	41.54	41.63	7783714	330321248.00
2017/04/11	41.51	41.76	41.14	41.60	5666205	237566608.00
2017/04/12	41.55	42.26	41.39	42.01	8447866	358983520.00
2017/04/13	41.91	42.42	41.67	41.76	8586515	365727008.00
2017/04/14	41.63	41.94	41.18	41.73	5187959	217772928.00
2017/04/17	41.54	41.68	40.66	41.15	5069975	210909632.00
2017/04/18	41.07	41.12	40.41	40.46	6499736	267376704.00
2017/04/19	40.42	40.82	39.88	40.44	5737914	234121216.00
2017/04/20	40.29	41.31	40.04	40.97	5568928	229011792.00
2017/04/21	40.93	41.30	40.73	41.22	6601613	273925184.00
2017/04/24	41.11	42.35	40.93	42.34	14163673	598755584.00
2017/04/25	42.30	43.75	42.03	43.32	15774454	688177920.00
2017/04/26	43.24	45.28	43.24	44.32	15602957	700848384.00
2017/04/27	44.02	45.34	43.86	44.34	12328275	556099840.00
2017/04/28	44.19	44.52	44.06	44.36	5780645	259051712.00
2017/05/02	44.03	45.02	43.98	44.41	6056227	272426368.00
2017/05/03	44.49	45.41	44.08	45.07	10149612	462368032.00
2017/05/04	45.02	45.63	44.40	45.30	10099167	462455072.00
2017/05/05	45.20	45.70	44.62	45.43	13116783	596761664.00
2017/05/08	45.37	46.49	44.82	45.91	13967012	650204736.00
2017/05/09	45.71	46.52	45.62	46.48	11573867	542034880.00
2017/05/10	46.27	49.16	45.84	48.30	18841670	908855168.00
2017/05/11	47.72	48.49	47.29	48.07	18370157	891953216.00
2017/05/12	47.53	51.40	47.53	49.55	16278358	818998208.00
2017/05/15	49.72	50.16	48.13	48.54	13575985	670962368.00
2017/05/16	48.52	48.90	48.14	48.54	11820813	579584896.00
2017/05/17	48.22	48.50	47.25	47.86	16320258	787813120.00
2017/05/18	47.54	48.02	47.00	47.36	9183861	441178656.00
2017/05/19	47.29	48.07	47.27	47.58	8041609	387802176.00
2017/05/22	47.60	49.68	47.52	49.47	14722100	731055488.00
2017/05/23	49.30	51.50	48.84	50.53	15130377	773292416.00
2017/05/24	50.04	50.51	48.63	49.90	10698044	534848992.00
2017/05/25	49.41	52.02	49.41	51.64	12391784	641760640.00
2017/05/26	51.13	53.02	51.03	51.82	11350771	592372288.00
2017/05/31	51.35	53.28	50.93	52.59	11953798	630681600.00
2017/06/01	52.02	52.77	51.32	52.73	14157400	741955200.00
2017/06/02	52.30	52.51	50.02	50.32	11458900	589773952.00
2017/06/05	50.18	50.18	48.48	49.54	14302900	711022976.00
2017/06/06	49.10	50.63	49.00	50.44	11360800	575257856.00
2017/06/07	50.24	51.32	49.80	50.02	13416600	684646784.00
2017/06/08	50.03	51.35	49.82	51.31	9781100	499178880.00
2017/06/09	51.22	53.22	51.12	52.27	15157100	800942720.00
2017/06/12	51.93	53.52	51.51	52.34	9667468	512181920.00
2017/06/13	52.05	52.32	50.32	50.89	9169091	470276096.00
2017/06/14	50.86	50.89	48.86	49.39	15686428	785604224.00
2017/06/15	49.42	49.80	48.45	48.89	9516215	469817760.00
2017/06/16	48.82	49.36	48.50	48.71	9125284	450002400.00
2017/06/19	48.72	49.78	48.67	49.39	13687200	680340928.00
2017/06/20	49.47	49.49	47.52	48.44	16266954	791616448.00
2017/06/21	48.12	49.17	47.83	48.91	11576700	568887232.00
2017/06/22	48.83	51.31	48.83	50.01	18646700	946460992.00
2017/06/23	49.57	51.72	49.49	51.60	12596700	645094592.00
2017/06/26	51.39	52.87	50.42	50.77	21901200	1131670912.00
2017/06/27	50.52	51.20	49.66	50.96	10170300	516681984.00
2017/06/28	50.52	50.67	49.72	49.83	8394903	424536320.00
2017/06/29	49.95	50.51	49.57	50.47	7031700	355839488.00
2017/06/30	50.03	51.01	50.03	50.92	8108200	414948448.00
2017/07/03	50.86	50.92	48.97	49.77	12408200	621245120.00
2017/07/04	49.39	49.69	48.57	49.57	9973000	494696832.00
2017/07/05	49.30	53.97	49.12	53.21	20412300	1076415616.00
2017/07/06	53.22	56.02	52.84	55.75	21114500	1159040768.00
2017/07/07	55.29	56.08	54.43	55.40	11635800	650299776.00
2017/07/10	54.73	56.55	54.40	54.97	7676900	428998400.00
2017/07/11	54.67	56.67	54.65	54.98	7113100	400190336.00
2017/07/12	54.74	56.66	53.42	53.78	10850300	601497408.00
2017/07/13	53.93	56.82	53.93	56.68	16779600	944750400.00
2017/07/14	56.52	57.49	55.72	57.19	11996300	687123712.00
2017/07/17	57.21	60.20	55.82	59.95	19237900	1139750528.00
2017/07/18	59.49	61.35	58.40	61.08	18044800	1093636864.00
2017/07/19	60.58	61.97	59.95	60.45	15698600	960613888.00
2017/07/20	60.02	61.51	58.53	60.57	14280500	859898624.00
2017/07/21	60.02	60.17	58.64	58.99	11481619	685719616.00
2017/07/24	58.55	61.12	58.55	59.22	13085100	787365632.00
2017/07/25	58.69	59.87	57.92	59.40	7611500	453155872.00
2017/07/26	59.06	59.32	56.92	58.54	11264300	658885120.00
2017/07/27	58.12	59.07	57.25	58.84	7644300	448696832.00
2017/07/28	58.27	59.09	57.82	58.13	4341400	255659280.00
2017/07/31	58.10	58.35	56.55	56.98	15991700	925941376.00
2017/08/01	57.14	62.73	57.14	62.73	21693900	1320355968.00
2017/08/02	62.52	64.65	60.66	63.25	21160200	1327871232.00
2017/08/03	62.82	63.24	61.07	61.18	11549500	722882880.00
2017/08/04	60.77	61.27	59.20	60.13	10302500	623902784.00
2017/08/07	59.82	61.32	59.02	60.18	7761300	472634208.00
2017/08/08	59.79	62.41	59.57	61.95	9125100	559663296.00
2017/08/09	61.32	61.89	60.52	60.81	7437300	457981632.00
2017/08/10	61.11	61.76	59.05	60.55	8325800	500592064.00
2017/08/11	59.48	60.95	59.20	60.64	10756700	647388800.00
2017/08/14	60.10	61.65	58.90	60.53	9830800	592584960.00
2017/08/15	60.55	63.50	60.28	61.86	9827400	610275904.00
数据来源:通达信
