002399 海普瑞 日线 前复权
      日期	    开盘	    最高	    最低	    收盘	    成交量	    成交额
2010/05/06	49.75	56.63	49.44	52.62	22474978	3979548160.00
2010/05/07	51.94	56.90	51.90	53.43	10636545	1922656000.00
2010/05/10	51.00	51.01	47.88	47.88	1354500	219752400.00
2010/05/11	44.28	45.69	42.88	42.95	9327819	1370372864.00
2010/05/12	40.69	41.78	38.59	39.19	5437694	731831360.00
2010/05/13	38.50	40.37	37.56	40.22	4240265	563617152.00
2010/05/14	39.41	41.59	37.91	41.06	4808337	642068864.00
2010/05/17	39.59	43.71	39.44	41.00	5053690	712136128.00
2010/05/18	41.28	41.62	39.24	40.37	3015489	410055136.00
2010/05/19	39.91	42.40	39.73	41.22	3162264	440643552.00
2010/05/20	40.53	42.29	40.22	40.43	2573502	356134112.00
2010/05/21	39.13	42.23	38.52	41.69	3699072	505512416.00
2010/05/25	42.25	43.09	41.56	41.56	4641113	660133632.00
2010/05/26	41.16	41.58	39.97	40.88	2778918	380717024.00
2010/05/27	40.44	42.49	40.16	42.20	2601158	364261184.00
2010/05/28	42.51	44.53	42.25	43.88	3693422	542317056.00
2010/05/31	43.28	43.65	41.63	41.64	2243510	321773728.00
2010/06/01	41.00	41.78	40.19	41.00	1729944	238038288.00
2010/06/02	40.69	40.99	40.00	40.81	1143755	155805712.00
2010/06/03	41.13	41.15	39.97	40.00	1501789	205401488.00
2010/06/04	39.71	40.11	39.31	39.75	1067021	142653040.00
2010/06/07	38.66	40.19	38.52	40.00	1191711	158896016.00
2010/06/08	39.72	40.97	39.68	40.06	1033195	140266224.00
2010/06/09	40.21	41.00	40.07	40.97	1473425	201859216.00
2010/06/10	40.97	41.62	40.81	41.19	1310005	182098352.00
2010/06/11	41.02	41.58	40.07	40.12	1949940	268062912.00
2010/06/17	40.53	40.97	39.77	39.95	1268049	171948144.00
2010/06/18	40.53	40.84	39.47	39.70	1456871	197849568.00
2010/06/21	39.75	40.03	37.88	39.47	1321411	173680768.00
2010/06/22	39.48	41.38	39.33	40.56	1708420	234834192.00
2010/06/23	40.16	40.56	39.47	40.23	919432	124066968.00
2010/06/24	39.85	40.71	39.85	40.27	606969	82564984.00
2010/06/25	39.91	40.17	38.87	39.31	850578	113027200.00
2010/06/28	39.28	39.30	37.94	38.14	973746	126390416.00
2010/06/29	38.00	38.63	35.38	35.38	1727276	213414512.00
2010/06/30	34.78	35.03	34.00	34.45	909846	106149216.00
2010/07/01	34.44	34.69	33.92	33.99	490621	56964272.00
2010/07/02	33.99	34.34	30.69	32.05	1654758	181485776.00
2010/07/06	31.63	33.76	31.16	33.54	1292989	144515232.00
2010/07/07	33.50	33.50	32.73	33.47	634473	71662776.00
2010/07/08	33.95	34.88	33.57	34.28	829226	96673144.00
2010/07/09	34.37	35.31	33.78	34.88	881742	103749376.00
2010/07/12	35.06	38.11	34.88	36.90	1732895	217263056.00
2010/07/13	36.46	38.03	35.65	37.19	1212497	151141808.00
2010/07/14	37.25	37.78	36.53	36.68	792625	99151416.00
2010/07/15	36.31	36.75	35.38	35.40	947828	115559312.00
2010/07/16	35.07	35.28	33.35	34.57	1123435	130340088.00
2010/07/19	33.82	36.26	33.82	36.06	920958	110892848.00
2010/07/20	36.02	37.41	36.02	37.05	1094969	136517232.00
2010/07/21	37.09	37.83	36.74	37.14	909869	115136712.00
2010/07/22	37.18	38.36	37.18	38.06	908326	116882456.00
2010/07/23	38.28	38.38	37.43	37.95	765418	97743560.00
2010/07/26	37.96	39.43	37.96	39.22	1063513	139816112.00
2010/07/27	39.23	41.25	38.83	39.90	1520168	205625536.00
2010/07/28	39.64	40.53	39.49	40.40	980917	132727872.00
2010/07/29	40.73	40.74	39.56	40.38	1059897	143258144.00
2010/07/30	40.34	40.34	39.34	39.62	860710	115400304.00
2010/08/02	39.13	40.04	38.97	39.88	1530208	203917792.00
2010/08/03	39.91	40.00	38.50	38.50	1391701	184480160.00
2010/08/04	38.19	39.06	37.72	38.89	997491	128633616.00
2010/08/05	38.78	40.17	38.56	39.40	1453562	194397984.00
2010/08/06	38.50	39.94	38.13	39.83	2767597	361716160.00
2010/08/09	39.72	39.94	39.06	39.81	1912490	254414560.00
2010/08/10	39.82	40.94	39.06	39.09	1925417	259536352.00
2010/08/11	38.85	39.28	38.44	39.00	1387118	182096096.00
2010/08/12	38.34	38.69	37.63	37.81	1561264	201313456.00
2010/08/13	37.88	38.34	37.63	38.31	1121541	144253072.00
2010/08/16	38.25	38.77	38.05	38.61	1525653	198050720.00
2010/08/17	38.66	39.19	38.56	38.76	1213579	159150832.00
2010/08/18	38.79	38.79	37.88	38.01	1356403	175017296.00
2010/08/19	37.90	38.43	37.90	38.14	1105306	142539136.00
2010/08/20	38.15	38.69	36.94	36.94	1717500	219343376.00
2010/08/23	36.97	37.23	36.93	36.99	857786	107527448.00
2010/08/24	36.84	37.52	36.28	37.39	1135915	141772240.00
2010/08/25	36.98	37.08	35.69	35.72	1013657	124904744.00
2010/08/26	35.75	36.63	35.69	35.94	1004053	122747256.00
2010/08/27	35.94	36.78	35.78	36.77	1191771	146700736.00
2010/08/30	37.08	37.43	36.78	37.28	1374554	172869488.00
2010/08/31	37.19	37.19	36.58	36.88	1238437	154305360.00
2010/09/01	36.91	37.74	36.50	36.70	1398949	175861216.00
2010/09/02	37.01	40.12	36.80	39.72	3740264	490113824.00
2010/09/03	39.72	40.15	38.82	39.34	2166342	288364640.00
2010/09/06	39.41	40.06	38.19	38.19	1479088	192439664.00
2010/09/07	38.11	38.64	37.88	38.53	852573	110613576.00
2010/09/08	38.53	39.96	38.53	39.42	1357855	180416288.00
2010/09/09	39.22	39.87	38.09	38.12	1473905	192242928.00
2010/09/10	37.97	39.28	37.88	39.00	1242315	162368640.00
2010/09/13	39.03	39.44	38.50	39.02	998036	131212352.00
2010/09/14	39.05	39.38	38.45	38.50	865109	112988640.00
2010/09/15	38.50	38.63	37.03	37.19	1000277	127760120.00
2010/09/16	37.41	37.56	36.06	36.28	1066839	131915744.00
2010/09/17	36.36	36.50	36.00	36.12	470593	57818468.00
2010/09/20	36.13	36.50	35.28	35.30	791864	95489920.00
2010/09/21	35.23	35.62	35.23	35.35	482485	57932464.00
2010/09/27	35.43	36.15	35.36	36.00	695678	84249688.00
2010/09/28	35.97	36.97	35.69	36.61	902825	111719040.00
2010/09/29	36.94	36.94	35.88	36.00	513880	62987464.00
2010/09/30	35.69	36.88	35.56	36.60	577726	71237024.00
2010/10/08	36.70	37.22	36.58	37.02	805498	100768656.00
2010/10/11	36.97	37.09	36.47	36.68	1132188	140278656.00
2010/10/12	36.68	37.41	36.32	36.93	825067	103043976.00
2010/10/13	36.92	37.14	36.37	36.59	712416	88280496.00
2010/10/14	36.76	37.72	36.40	36.69	1595487	200508464.00
2010/10/15	36.63	36.63	35.89	36.16	1495847	182730736.00
2010/10/18	35.40	35.53	33.84	34.30	1840545	215109328.00
2010/10/19	34.28	35.86	33.83	35.53	1068212	127660792.00
2010/10/20	35.37	35.96	34.75	35.13	908321	108681568.00
2010/10/21	35.13	36.15	34.72	35.81	966676	117189568.00
2010/10/22	35.88	37.88	35.88	37.23	1719870	215512304.00
2010/10/25	37.72	37.84	36.63	37.00	1918481	240150576.00
2010/10/26	37.03	37.33	36.38	36.90	1217355	151178976.00
2010/10/27	36.93	37.65	36.82	36.99	1125119	141367104.00
2010/10/28	37.21	37.38	36.50	36.73	906283	112959008.00
2010/10/29	36.92	36.93	36.39	36.84	925680	115104784.00
2010/11/01	36.84	38.50	36.84	37.95	2241498	285853248.00
2010/11/02	37.97	38.03	37.07	37.08	1570550	198513760.00
2010/11/03	36.93	36.93	36.16	36.19	1371599	169560064.00
2010/11/04	36.16	36.73	36.00	36.62	1583715	194522496.00
2010/11/05	36.78	36.91	36.34	36.90	1214626	150553056.00
2010/11/08	36.91	38.33	36.91	38.11	2050709	262422864.00
2010/11/09	38.12	38.44	37.53	38.06	1457460	186670128.00
2010/11/10	38.15	42.08	38.15	42.08	4524014	627579264.00
2010/11/11	42.81	44.42	42.10	42.27	5676927	820216768.00
2010/11/12	42.27	44.29	41.56	42.62	4586078	662570496.00
2010/11/15	43.19	46.31	43.18	45.30	4329612	655130176.00
2010/11/16	45.38	46.68	43.16	43.58	3863088	579825728.00
2010/11/17	42.88	43.15	39.75	40.25	2837016	396889184.00
2010/11/18	40.41	41.22	39.40	40.88	1890498	257268800.00
2010/11/19	41.09	42.98	40.69	42.97	2176701	307414624.00
2010/11/22	42.98	44.62	42.56	43.03	2436190	357142496.00
2010/11/23	42.56	44.09	42.39	43.81	2180730	316705728.00
2010/11/24	43.81	44.62	43.50	44.49	1886882	279880960.00
2010/11/25	45.06	45.33	42.77	42.80	2395878	350759200.00
2010/11/26	42.53	43.46	42.22	42.76	1172552	168909632.00
2010/11/29	42.87	47.25	42.87	47.25	4288744	653682496.00
2010/11/30	47.25	49.40	44.13	48.34	4925841	771443264.00
2010/12/01	47.67	49.31	47.06	47.09	2372569	380515104.00
2010/12/02	47.44	47.88	46.55	46.55	1866629	293810880.00
2010/12/03	46.63	46.93	45.28	46.62	1684260	258887440.00
2010/12/06	46.63	46.90	44.44	45.05	1521229	231634768.00
2010/12/07	44.75	46.31	44.69	45.93	1152319	176620752.00
2010/12/08	46.03	46.43	44.75	44.94	1156358	176138112.00
2010/12/09	44.68	44.68	42.68	42.72	1861123	272016160.00
2010/12/10	42.28	44.08	42.25	43.81	992680	144119424.00
2010/12/13	43.81	45.34	43.81	45.14	1158653	174664960.00
2010/12/14	45.16	45.50	44.65	44.91	1001704	150955408.00
2010/12/15	44.90	45.25	44.24	44.44	1138545	170258784.00
2010/12/16	44.28	46.09	44.13	45.47	1078919	164556928.00
2010/12/17	45.50	45.78	45.06	45.47	806214	122597536.00
2010/12/20	45.26	45.54	42.72	43.65	2129945	312863552.00
2010/12/21	43.78	44.07	43.03	43.47	890519	130063320.00
2010/12/22	43.47	44.13	42.91	43.12	745142	108749064.00
2010/12/23	42.92	43.68	42.92	43.01	667829	96965336.00
2010/12/24	42.88	42.98	40.41	40.94	1932686	267608064.00
2010/12/27	41.03	41.90	39.33	39.43	1119050	152852320.00
2010/12/28	39.13	40.13	39.13	39.75	970129	129640736.00
2010/12/29	39.75	40.49	39.37	40.41	708325	95306200.00
2010/12/30	40.68	40.93	40.07	40.42	696672	95081960.00
2010/12/31	40.41	41.47	40.25	41.35	825916	114413240.00
2011/01/04	41.56	41.93	40.62	41.69	949775	132227648.00
2011/01/05	41.43	42.21	41.22	41.38	715341	100229288.00
2011/01/06	41.31	41.90	40.74	40.75	681683	94404352.00
2011/01/07	40.75	41.06	40.16	40.59	507461	69328744.00
2011/01/10	40.33	40.82	39.75	39.82	547354	74137536.00
2011/01/11	39.72	40.01	39.16	39.44	580263	77244424.00
2011/01/12	39.55	40.05	39.34	39.56	458159	61156348.00
2011/01/13	40.00	40.25	39.69	39.98	460959	62179664.00
2011/01/14	39.68	39.98	39.04	39.15	478557	63347076.00
2011/01/17	39.13	39.28	37.12	37.25	736728	95034760.00
2011/01/18	37.25	37.25	36.37	37.05	496004	61881052.00
2011/01/19	37.05	37.87	36.64	37.72	528763	66717424.00
2011/01/20	37.41	37.77	36.37	36.46	495532	62059480.00
2011/01/21	36.40	37.41	36.16	36.97	513157	63551260.00
2011/01/24	36.78	37.25	36.16	36.16	380156	46986916.00
2011/01/25	36.04	36.58	36.00	36.43	316960	38871120.00
2011/01/26	36.32	37.21	36.32	36.98	269764	33694748.00
2011/01/27	36.63	37.34	36.63	37.31	398921	50119324.00
2011/01/28	37.35	37.51	37.01	37.46	426165	53649912.00
2011/01/31	37.25	37.56	36.63	37.48	368030	46394880.00
2011/02/01	37.48	37.73	37.35	37.55	338408	42958084.00
2011/02/09	37.09	37.26	36.31	36.50	472991	58981816.00
2011/02/10	36.47	37.20	36.09	37.13	885132	110251056.00
2011/02/11	37.06	38.46	37.06	38.00	891128	114584880.00
2011/02/14	38.01	38.97	38.01	38.65	791037	103208448.00
2011/02/15	38.65	39.28	38.42	38.66	836948	109690688.00
2011/02/17	39.34	39.90	38.75	39.07	1042161	137901184.00
2011/02/18	39.22	39.28	38.19	38.55	721211	93753576.00
2011/02/21	38.44	39.21	38.22	39.17	647911	84712392.00
2011/02/22	39.06	39.15	37.94	37.97	835096	108216920.00
2011/02/23	37.62	38.69	37.53	38.19	760032	98029320.00
2011/02/24	38.19	38.75	37.88	38.17	764157	98983296.00
2011/02/25	38.00	38.26	37.71	38.19	609029	78221656.00
2011/02/28	39.09	39.75	38.75	39.44	1829508	241108112.00
2011/03/01	39.34	39.40	38.92	39.17	802024	105796984.00
2011/03/02	38.98	38.98	38.25	38.58	607448	79023280.00
2011/03/03	38.62	38.77	37.63	37.66	753888	97141768.00
2011/03/04	37.75	38.35	37.75	38.13	431677	55522360.00
2011/03/07	38.19	38.64	38.06	38.40	710281	91848440.00
2011/03/08	38.43	38.59	38.19	38.33	444498	57505112.00
2011/03/09	38.44	39.22	38.44	38.81	910542	119345256.00
2011/03/10	38.89	39.63	38.84	39.04	997346	132191272.00
2011/03/11	38.84	39.44	38.78	38.96	1089583	143684416.00
2011/03/14	38.81	39.48	38.56	39.38	919151	121364480.00
2011/03/15	39.38	39.38	37.88	38.51	1022818	132682792.00
2011/03/16	38.51	38.73	38.17	38.46	625150	81032328.00
2011/03/17	38.19	38.20	37.63	37.74	802885	102889312.00
2011/03/18	37.97	38.18	37.76	37.93	412225	52847420.00
2011/03/21	37.94	38.18	37.56	37.69	501205	63978600.00
2011/03/22	37.82	37.87	36.94	37.28	506063	63832616.00
2011/03/23	37.25	37.74	37.15	37.69	404752	51309240.00
2011/03/24	37.74	37.78	37.39	37.43	468678	59374228.00
2011/03/25	37.47	38.19	37.47	38.16	699174	89366928.00
2011/03/28	39.51	41.31	39.51	39.58	3146145	425953184.00
2011/03/29	39.44	39.44	38.34	38.38	1274515	166585456.00
2011/03/30	38.19	39.43	38.06	38.66	1007313	132501888.00
2011/03/31	38.51	39.12	38.19	38.35	633810	82578000.00
2011/04/01	38.19	38.35	37.88	38.18	706091	90651184.00
2011/04/06	37.93	37.93	37.08	37.43	1154547	145776160.00
2011/04/07	37.47	37.50	37.05	37.28	617906	77690544.00
2011/04/08	37.27	37.77	37.27	37.73	591722	75102656.00
2011/04/11	37.75	37.87	37.22	37.32	576704	72901168.00
2011/04/12	37.21	37.56	37.21	37.28	405723	51226568.00
2011/04/13	37.25	37.81	37.25	37.78	508968	64781752.00
2011/04/14	37.82	37.96	37.50	37.55	422031	53713752.00
2011/04/15	37.55	38.06	37.41	37.98	573641	73222120.00
2011/04/19	33.98	33.98	33.98	33.98	384300	44394336.00
2011/04/20	30.37	30.37	30.37	30.37	527400	54833776.00
2011/04/21	27.19	29.13	27.19	28.07	4766916	461090112.00
2011/04/22	27.56	28.43	27.16	27.87	2210248	210901232.00
2011/04/25	27.25	27.56	25.31	25.59	3770909	341909952.00
2011/04/26	25.38	25.42	24.03	25.42	2718630	233525520.00
2011/04/27	25.00	25.47	24.91	25.05	1514252	132128792.00
2011/04/28	25.05	25.64	24.96	25.26	1869386	164216848.00
2011/04/29	24.49	24.69	22.94	23.11	4798515	192419376.00
2011/05/03	23.06	23.06	21.94	22.38	4614637	174864992.00
2011/05/04	22.18	22.18	20.97	20.98	5118374	188017536.00
2011/05/05	20.88	21.38	20.56	20.78	3895479	139866224.00
2011/05/06	20.61	21.60	20.61	21.14	3524564	128429392.00
2011/05/09	21.07	21.63	20.63	21.23	2928788	105908664.00
2011/05/10	21.23	21.24	20.91	21.07	2237177	80651520.00
2011/05/11	21.12	21.88	21.01	21.56	3762201	138394448.00
2011/05/12	21.33	21.48	20.88	20.88	2641413	95465224.00
2011/05/13	20.94	21.05	20.38	20.61	2140421	75442848.00
2011/05/16	20.59	20.64	20.06	20.13	2186078	76198400.00
2011/05/17	20.06	20.60	19.93	20.41	1933485	67396704.00
2011/05/18	20.04	20.54	20.04	20.31	1437778	50270736.00
2011/05/19	20.31	20.65	20.19	20.19	1454182	50989980.00
2011/05/20	20.06	20.15	19.49	19.54	1958058	66622584.00
2011/05/23	19.50	19.51	18.19	18.22	3035345	97690728.00
2011/05/24	18.06	19.87	17.63	19.41	4387045	143184784.00
2011/05/25	19.12	19.12	18.19	18.31	2369528	76957184.00
2011/05/26	18.38	18.69	18.13	18.13	1303761	41450816.00
2011/05/27	18.33	19.38	18.10	18.58	2704263	87859560.00
2011/05/30	18.54	19.47	18.38	19.16	3445737	113816168.00
2011/05/31	19.31	19.43	18.76	19.36	2870436	94748880.00
2011/06/01	19.31	19.53	19.05	19.53	2546880	84569640.00
2011/06/02	19.19	19.50	18.71	18.94	2508998	82609288.00
2011/06/03	18.83	19.41	18.83	19.03	1837328	60715612.00
2011/06/07	18.97	19.31	18.81	19.08	1522246	50252748.00
2011/06/08	19.23	19.48	19.06	19.19	1873654	62150668.00
2011/06/09	19.14	19.14	18.25	18.25	2324623	75111344.00
2011/06/10	18.19	18.38	17.81	18.26	1686749	52764096.00
2011/06/13	18.19	20.23	17.88	20.23	6498386	221439616.00
2011/06/14	20.76	21.61	20.44	21.19	11319871	408903648.00
2011/06/15	20.94	21.56	20.78	21.00	5796580	209974608.00
2011/06/16	20.89	22.06	20.63	21.64	8979563	331475040.00
2011/06/17	21.56	21.94	21.01	21.23	4948047	180264672.00
2011/06/20	21.25	21.38	19.94	20.58	4850203	169992704.00
2011/06/21	20.56	21.96	20.41	21.88	6354903	231542880.00
2011/06/22	21.86	21.86	21.01	21.08	4314395	157676624.00
2011/06/23	20.94	21.21	20.32	21.01	3683855	131241056.00
2011/06/24	20.89	22.12	20.76	21.63	5642633	207783200.00
2011/06/27	21.63	22.68	21.55	22.01	5526936	208761552.00
2011/06/28	21.97	22.80	21.63	22.50	5863305	223829664.00
2011/06/30	22.69	24.24	22.55	22.69	7502737	296819200.00
2011/07/01	22.51	23.46	22.01	23.26	6415492	248192672.00
2011/07/04	23.50	24.44	23.21	23.80	5965904	240526288.00
2011/07/05	23.80	23.81	23.31	23.44	3881112	154934480.00
2011/07/06	23.41	23.81	22.89	23.72	3615005	143209232.00
2011/07/07	23.55	23.93	23.38	23.43	3276456	131443264.00
2011/07/08	23.24	23.43	23.00	23.00	2374636	93480632.00
2011/07/11	22.87	22.88	22.35	22.67	2666474	102802808.00
2011/07/12	22.53	22.53	22.08	22.08	2608601	99346288.00
2011/07/13	21.99	22.69	21.94	22.60	2454110	94005752.00
2011/07/14	22.70	22.80	22.44	22.80	2744088	105958656.00
2011/07/15	22.80	23.59	22.58	23.50	4222109	167458640.00
2011/07/18	23.56	24.11	23.07	23.15	3943324	158278272.00
2011/07/19	23.00	23.00	22.46	22.47	2139167	82650688.00
2011/07/20	22.57	22.84	22.19	22.45	1628083	62525540.00
2011/07/21	22.47	22.73	22.13	22.14	1339235	50893184.00
2011/07/22	22.19	22.36	22.03	22.26	1200227	45514844.00
2011/07/25	22.23	22.23	20.44	20.48	2758211	100423528.00
2011/07/26	20.44	20.76	20.38	20.55	1400397	49567412.00
2011/07/27	20.41	20.95	19.75	20.81	1859693	65481884.00
2011/07/28	20.38	21.30	20.25	21.06	1801409	64601696.00
2011/07/29	21.06	21.22	20.32	20.44	1520474	53856152.00
2011/08/01	20.44	20.64	19.93	20.19	1231789	42802628.00
2011/08/02	20.16	20.16	19.44	19.77	2004134	67768296.00
2011/08/03	19.50	20.46	19.44	20.33	2024536	70387816.00
2011/08/04	20.31	20.38	20.04	20.25	1271592	44220724.00
2011/08/05	19.43	20.03	19.13	19.40	1915909	64506324.00
2011/08/08	19.13	19.13	17.38	17.63	3099334	97692080.00
2011/08/09	17.07	17.61	16.69	17.33	2738774	81578896.00
2011/08/10	17.75	18.09	17.71	17.75	2195575	68084272.00
2011/08/11	17.25	18.11	17.03	18.10	1918833	59290148.00
2011/08/12	18.19	19.43	18.19	19.39	3824115	126215632.00
2011/08/15	19.50	19.59	19.13	19.54	2355594	78627792.00
2011/08/16	19.66	19.66	19.11	19.14	1824501	60646672.00
2011/08/17	19.14	19.36	19.00	19.16	1215999	40320908.00
2011/08/18	19.13	19.14	18.43	18.49	1606936	52104984.00
2011/08/19	17.93	18.38	17.75	18.29	1654829	51548940.00
2011/08/22	18.19	19.12	18.07	18.44	1669079	53968072.00
2011/08/23	18.74	19.11	18.51	19.09	1559890	50788296.00
2011/08/24	19.28	19.68	18.95	19.19	2585514	86456864.00
2011/08/25	19.18	19.60	19.18	19.49	1998879	66932856.00
2011/08/26	19.50	19.50	19.21	19.29	1740135	57950152.00
2011/08/29	19.00	19.11	18.70	18.74	1463017	47573476.00
2011/08/30	18.88	18.99	18.43	18.49	1241771	40328980.00
2011/08/31	18.49	18.70	18.18	18.38	879628	28004854.00
2011/09/01	18.56	18.88	18.39	18.52	1273850	41024060.00
2011/09/02	18.38	18.53	18.10	18.25	916602	28958696.00
2011/09/05	17.94	17.99	17.58	17.58	1226575	37796908.00
2011/09/06	17.56	17.74	17.30	17.42	800915	24280436.00
2011/09/07	17.63	17.98	17.46	17.91	845196	26002956.00
2011/09/08	17.97	18.19	17.69	17.70	949629	29532040.00
2011/09/09	17.69	17.98	17.55	17.73	639510	19686060.00
2011/09/13	17.29	17.54	17.26	17.41	637516	19289578.00
2011/09/14	17.51	17.73	17.26	17.68	751044	22822510.00
2011/09/15	17.75	18.06	17.64	17.83	1117627	34660252.00
2011/09/16	18.03	18.05	17.76	17.85	788427	24511204.00
2011/09/19	17.85	17.85	17.38	17.40	616620	18764872.00
2011/09/20	17.38	17.56	17.21	17.50	589557	17852492.00
2011/09/21	17.54	18.09	17.36	18.03	1251747	38646792.00
2011/09/22	17.91	17.97	17.38	17.41	992926	30518932.00
2011/09/23	17.09	17.52	17.01	17.38	831011	24984130.00
2011/09/26	17.28	17.48	16.94	17.03	822056	24552218.00
2011/09/27	17.24	17.25	17.01	17.05	565677	16864796.00
2011/09/28	17.31	17.31	16.78	16.78	601097	17822030.00
2011/09/29	16.64	16.75	16.34	16.35	864598	24887144.00
2011/09/30	16.35	16.55	16.19	16.54	558510	16020847.00
2011/10/10	16.54	16.75	16.48	16.59	548602	15899917.00
2011/10/11	16.93	17.00	16.34	16.45	663239	19374828.00
2011/10/12	16.45	17.01	16.36	17.01	933827	27373694.00
2011/10/13	16.88	17.34	16.85	17.19	1112053	33176386.00
2011/10/14	17.27	17.38	17.00	17.26	920238	27532956.00
2011/10/17	17.33	17.33	17.08	17.15	855760	25586214.00
2011/10/18	17.11	17.11	16.32	16.32	934557	27119158.00
2011/10/19	16.21	16.48	16.18	16.29	933883	26541124.00
2011/10/20	16.26	16.26	15.41	15.46	1053462	28998410.00
2011/10/21	15.41	15.61	15.31	15.34	582629	15770160.00
2011/10/24	15.44	15.72	15.18	15.66	678406	18435636.00
2011/10/25	15.64	15.98	15.42	15.96	1016605	28113414.00
2011/10/26	15.87	16.28	15.79	16.19	1389277	39010500.00
2011/10/27	16.24	16.54	16.11	16.14	1216719	34722340.00
2011/10/28	16.34	16.80	16.19	16.69	1850572	53410264.00
2011/10/31	16.68	17.43	16.50	17.09	1970551	58512012.00
2011/11/01	16.88	17.23	16.75	16.96	1617400	47754272.00
2011/11/02	16.66	17.20	16.51	17.19	1743689	51164588.00
2011/11/03	17.30	17.74	17.30	17.38	2522195	76700824.00
2011/11/04	17.54	17.60	17.28	17.49	1534890	46471160.00
2011/11/07	17.36	17.44	17.01	17.04	1340490	40167160.00
2011/11/08	17.06	17.23	16.90	16.94	998900	29668618.00
2011/11/09	17.11	17.34	16.83	17.34	1354411	40350128.00
2011/11/10	17.13	17.33	17.06	17.14	1245054	37214888.00
2011/11/11	17.09	17.59	17.05	17.34	1565775	47347676.00
2011/11/14	17.62	18.10	17.41	18.06	2357266	72943728.00
2011/11/15	18.07	19.97	17.91	19.46	7431473	245916944.00
2011/11/16	19.50	19.84	19.25	19.42	7016538	236413712.00
2011/11/17	19.50	19.96	18.83	19.56	5845398	195878400.00
2011/11/18	19.63	20.30	18.83	19.95	7941611	268345616.00
2011/11/21	20.03	20.99	19.13	19.44	8747368	299770880.00
2011/11/22	19.11	19.11	18.09	18.16	4544596	144853648.00
2011/11/23	18.13	18.43	17.91	18.01	2088829	65650132.00
2011/11/24	17.79	17.93	17.30	17.78	2381329	72850896.00
2011/11/25	17.88	17.88	17.04	17.13	2245607	68113728.00
2011/11/28	17.13	17.31	16.63	16.88	1781975	52439944.00
2011/11/29	17.10	17.78	16.94	17.68	2260403	68691864.00
2011/11/30	17.72	17.73	16.24	16.48	2679022	78617720.00
2011/12/01	17.16	17.36	16.80	16.87	2216862	65857872.00
2011/12/02	16.75	16.87	16.29	16.36	1310400	37668476.00
2011/12/05	16.28	16.48	15.69	15.73	1115532	31373594.00
2011/12/06	15.82	16.21	15.74	16.10	976101	27296962.00
2011/12/07	16.06	16.25	15.94	16.10	691922	19475942.00
2011/12/08	16.11	16.28	15.70	16.19	917263	25827422.00
2011/12/09	16.19	16.43	15.94	16.35	986589	28027578.00
2011/12/12	16.31	16.38	15.89	15.93	649556	18265644.00
2011/12/13	15.91	15.91	15.33	15.38	1203672	32667630.00
2011/12/14	15.38	15.54	15.16	15.33	616463	16652640.00
2011/12/15	15.33	15.53	15.19	15.23	742259	19989944.00
2011/12/16	15.48	15.73	15.20	15.70	755763	20477812.00
2011/12/19	15.68	15.68	15.09	15.49	941389	25380954.00
2011/12/21	15.75	15.81	15.16	15.16	921976	25180624.00
2011/12/22	15.97	15.97	14.80	15.48	1386898	37347768.00
2011/12/23	15.38	15.54	15.19	15.25	912873	24592708.00
2011/12/26	15.23	15.38	15.00	15.04	574287	15322219.00
2011/12/27	15.05	15.20	14.19	14.23	1039794	26836102.00
2011/12/28	14.13	14.13	13.63	13.87	930323	22742808.00
2011/12/29	13.86	13.93	13.63	13.68	759284	18565286.00
2011/12/30	13.83	14.09	13.74	13.94	654198	16180502.00
2012/01/04	14.13	14.54	13.94	13.96	852175	21416230.00
2012/01/05	13.95	13.95	12.94	13.03	969606	22971258.00
2012/01/06	12.93	13.06	12.53	12.93	682226	15612650.00
2012/01/09	12.94	13.53	12.81	13.48	1091547	25630176.00
2012/01/10	13.49	14.19	13.39	14.12	1299424	32105628.00
2012/01/11	14.03	14.45	14.01	14.10	1340167	33649344.00
2012/01/12	14.13	14.31	13.90	14.01	739159	18454292.00
2012/01/13	14.09	14.17	13.19	13.29	1018993	24488900.00
2012/01/16	13.14	13.29	12.61	12.61	759944	17540594.00
2012/01/17	12.66	13.49	12.61	13.41	993577	23151588.00
2012/01/18	13.32	13.59	12.93	12.96	1142465	27000954.00
2012/01/19	13.04	13.30	12.75	13.13	722504	16870986.00
2012/01/20	13.20	13.63	13.19	13.49	849631	20309424.00
2012/01/30	13.50	13.73	13.24	13.54	784290	18823142.00
2012/01/31	13.54	13.61	13.36	13.53	561935	13450663.00
2012/02/01	13.53	13.66	13.34	13.37	622503	14950070.00
2012/02/02	13.43	13.65	13.38	13.61	639132	15390060.00
2012/02/03	13.73	14.22	13.56	14.08	1685294	41778816.00
2012/02/06	14.10	14.34	13.94	14.04	1038338	25956188.00
2012/02/07	13.97	14.04	13.56	13.66	741448	18082954.00
2012/02/08	13.66	14.61	13.59	14.37	1469956	37160904.00
2012/02/09	14.22	14.51	14.16	14.35	1346968	34187912.00
2012/02/10	14.25	14.54	14.25	14.47	1177625	29958802.00
2012/02/13	14.21	14.81	14.13	14.56	1272438	32790530.00
2012/02/14	14.57	14.78	14.44	14.64	1243943	32093796.00
2012/02/15	14.64	14.86	14.50	14.78	1258461	32634814.00
2012/02/16	14.72	15.03	14.50	14.61	1627063	42356436.00
2012/02/17	14.63	14.75	14.43	14.58	929221	23886338.00
2012/02/20	14.59	14.91	14.48	14.51	1363748	35284248.00
2012/02/21	14.44	14.56	14.19	14.53	1309495	33282974.00
2012/02/22	14.59	14.96	14.54	14.93	2020985	52853380.00
2012/02/23	15.03	15.17	14.82	14.91	1654416	43626704.00
2012/02/24	15.04	15.38	14.99	15.38	2249196	60290708.00
2012/02/27	15.53	15.56	15.26	15.36	1881494	50787392.00
2012/02/28	15.32	15.33	14.88	15.03	1814119	48040312.00
2012/02/29	14.94	15.06	14.90	14.98	961199	25295614.00
2012/03/01	14.94	15.09	14.88	14.89	889910	23487814.00
2012/03/02	14.93	15.12	14.91	15.07	975008	25779628.00
2012/03/05	15.07	15.50	15.04	15.19	1518076	40727964.00
2012/03/06	15.09	15.29	14.81	15.13	1296834	34237788.00
2012/03/08	14.97	15.33	14.97	15.29	1214868	32503198.00
2012/03/09	15.37	15.56	15.27	15.56	1509545	40908636.00
2012/03/12	15.50	15.75	15.45	15.72	1613959	44248160.00
2012/03/13	15.76	15.77	15.45	15.66	1156328	31582194.00
2012/03/14	15.68	15.74	14.71	14.78	3025614	81460656.00
2012/03/15	14.76	15.46	14.43	15.14	3148821	83209000.00
2012/03/16	15.10	15.44	14.81	15.19	1928892	51287604.00
2012/03/19	15.16	15.36	14.86	15.19	1494422	39793216.00
2012/03/20	15.29	15.96	15.29	15.49	3700716	101546800.00
2012/03/21	15.49	15.79	15.22	15.43	2091123	56775252.00
2012/03/22	15.43	15.50	14.95	15.09	1449505	38626948.00
2012/03/23	15.05	15.05	14.56	14.68	1185279	30876620.00
2012/03/26	14.77	15.25	14.70	14.83	1514451	39930368.00
2012/03/27	14.93	14.98	14.53	14.54	1177166	30382776.00
2012/03/28	14.48	14.48	13.53	13.56	1543031	38113820.00
2012/03/29	13.66	13.67	13.03	13.13	1018118	24176770.00
2012/03/30	13.22	13.36	13.06	13.10	624802	14631148.00
2012/04/05	13.10	13.41	13.08	13.38	1119116	26398580.00
2012/04/06	13.39	13.45	13.22	13.33	1065765	25282026.00
2012/04/09	13.32	13.32	12.88	13.08	848846	19830834.00
2012/04/10	13.10	13.23	12.75	13.20	790697	18294916.00
2012/04/11	13.11	13.34	12.94	13.27	774095	18204210.00
2012/04/12	13.28	13.56	13.23	13.54	1207002	28787820.00
2012/04/13	13.61	13.68	13.41	13.61	1051076	25362792.00
2012/04/16	13.54	13.61	13.40	13.44	736225	17646788.00
2012/04/17	13.44	13.78	13.41	13.45	1063646	25664838.00
2012/04/18	13.51	13.78	13.46	13.70	1443196	35012140.00
2012/04/19	13.71	13.94	13.64	13.79	1137448	27810164.00
2012/04/23	13.92	13.93	13.35	13.41	1361126	32705416.00
2012/04/24	13.31	13.41	12.88	13.07	1374891	32025316.00
2012/04/25	13.07	13.20	12.89	13.20	1039847	24197552.00
2012/04/26	13.19	13.41	13.18	13.23	846295	20009242.00
2012/04/27	13.23	13.38	13.15	13.31	592181	14003275.00
2012/05/02	13.41	13.92	13.41	13.72	1519675	37022116.00
2012/05/03	13.90	13.90	13.61	13.83	1137606	27854830.00
2012/05/04	13.74	13.96	13.74	13.91	1276487	31433456.00
2012/05/07	13.91	14.50	13.91	14.49	2671357	67604440.00
2012/05/08	14.59	14.73	14.44	14.61	2085652	53660968.00
2012/05/09	14.47	14.47	13.19	13.25	8515535	199809728.00
2012/05/10	13.15	13.36	12.99	13.21	5666704	129589096.00
2012/05/11	13.23	13.51	13.16	13.37	2907558	67088908.00
2012/05/14	13.38	13.49	13.13	13.17	4625473	106685240.00
2012/05/15	12.97	12.97	12.63	12.81	3348858	74339568.00
2012/05/16	12.81	12.81	12.66	12.66	1447349	32039888.00
2012/05/17	12.67	12.99	12.67	12.89	1842765	41282880.00
2012/05/18	12.81	13.04	12.68	12.84	2076104	46357828.00
2012/05/21	12.84	12.97	12.51	12.63	1742201	38508720.00
2012/05/22	12.69	12.79	12.68	12.79	1012856	22483416.00
2012/05/23	12.81	12.95	12.74	12.89	1641846	36711136.00
2012/05/24	12.83	12.89	12.66	12.72	1332799	29574498.00
2012/05/25	12.75	12.75	12.47	12.51	1274361	27921554.00
2012/05/28	12.51	12.63	12.19	12.54	1681756	36318272.00
2012/05/29	12.53	12.79	12.44	12.72	1617652	35672984.00
2012/05/30	12.71	13.01	12.64	12.87	1870734	41970772.00
2012/05/31	12.83	12.85	12.64	12.76	1524574	33831524.00
2012/06/01	12.81	13.03	12.75	12.99	2246971	50424896.00
2012/06/04	12.77	12.77	12.44	12.46	1839579	40427824.00
2012/06/05	12.50	12.69	12.39	12.51	1110712	24308150.00
2012/06/06	12.59	12.68	12.38	12.49	993965	21702480.00
2012/06/07	12.61	12.61	12.26	12.28	1096708	23764772.00
2012/06/08	12.39	12.43	12.09	12.09	1292733	27548752.00
2012/06/11	12.17	12.24	12.03	12.21	1089979	23165240.00
2012/06/12	12.22	12.22	12.07	12.09	855008	18141552.00
2012/06/13	12.21	12.30	12.09	12.29	1169420	24948680.00
2012/06/14	12.28	12.50	12.20	12.39	1677476	36280476.00
2012/06/15	12.44	12.78	12.33	12.66	2206648	48492472.00
2012/06/18	12.66	13.48	12.66	12.95	3963433	89853280.00
2012/06/19	12.88	13.36	12.80	12.97	3363906	76462048.00
2012/06/20	12.99	13.04	12.61	12.68	2069074	45960872.00
2012/06/21	12.68	12.68	12.32	12.39	1480593	32096260.00
2012/06/25	12.36	12.44	12.15	12.16	1218235	26133282.00
2012/06/26	12.08	12.36	12.00	12.26	1267076	26930932.00
2012/06/27	12.33	12.34	12.16	12.18	950283	20347280.00
2012/06/28	12.19	12.28	11.96	11.96	1074237	22753592.00
2012/06/29	11.91	12.24	11.71	12.13	1038113	21837816.00
2012/07/02	12.14	12.43	12.14	12.34	1358937	29229502.00
2012/07/03	12.32	12.48	12.19	12.26	1397946	30117000.00
2012/07/04	12.27	12.36	12.11	12.18	963987	20592642.00
2012/07/05	12.18	12.18	11.83	11.84	1030028	21474942.00
2012/07/06	11.86	12.25	11.74	12.18	1048882	21972238.00
2012/07/09	12.12	12.43	12.00	12.00	1710931	36601876.00
2012/07/10	11.89	12.00	11.75	11.90	952120	19803990.00
2012/07/11	11.90	12.06	11.75	11.99	626030	13099677.00
2012/07/12	11.94	12.53	11.89	12.48	2713310	58639824.00
2012/07/13	12.55	12.55	12.25	12.29	1225020	26418942.00
2012/07/16	12.31	12.49	12.00	12.00	1582470	33889280.00
2012/07/17	11.76	12.00	11.74	11.95	925575	19247228.00
2012/07/18	11.91	11.97	11.69	11.94	896862	18593504.00
2012/07/19	11.93	12.19	11.80	12.04	1025948	21628280.00
2012/07/20	11.92	12.24	11.92	11.96	838621	17639770.00
2012/07/23	11.83	12.28	11.78	12.14	1317767	27804576.00
2012/07/24	12.06	12.44	12.05	12.38	1819418	39220304.00
2012/07/25	12.23	12.49	12.16	12.19	1231178	26486452.00
2012/07/26	12.22	12.41	12.17	12.18	1060265	22747864.00
2012/07/27	12.26	12.43	12.11	12.33	1095182	23496278.00
2012/07/30	12.34	12.46	11.83	11.89	1129515	23978564.00
2012/07/31	11.86	11.99	11.34	11.34	1333864	27321736.00
2012/08/01	11.36	11.56	11.25	11.46	943194	18962442.00
2012/08/02	11.47	11.59	11.36	11.56	880242	17751516.00
2012/08/03	11.56	11.66	11.48	11.63	681437	13846755.00
2012/08/06	11.60	11.80	11.53	11.76	1141270	23336560.00
2012/08/07	11.72	11.79	11.68	11.76	1053358	21683588.00
2012/08/08	11.76	11.85	11.63	11.72	1155703	23796294.00
2012/08/09	11.74	11.88	11.49	11.84	1793654	36717896.00
2012/08/10	11.83	11.98	11.72	11.75	1708826	35376172.00
2012/08/13	11.70	11.84	11.54	11.55	1008772	20684674.00
2012/08/14	11.56	11.69	11.44	11.63	1034496	20981776.00
2012/08/15	11.56	11.61	11.43	11.44	795497	16052093.00
2012/08/16	11.43	11.48	11.38	11.39	657379	13199721.00
2012/08/17	11.38	11.55	11.38	11.51	484172	9742424.00
2012/08/20	11.46	11.49	11.28	11.46	683445	13659248.00
2012/08/21	11.43	11.63	11.39	11.58	1106684	22457020.00
2012/08/22	11.56	11.61	11.41	11.44	857421	17341904.00
2012/08/23	11.44	11.55	11.38	11.49	1022605	20601240.00
2012/08/24	11.48	11.52	11.13	11.16	1516044	30078388.00
2012/08/27	11.24	11.28	10.87	10.88	1123966	21745658.00
2012/08/28	10.88	11.01	10.82	10.97	650348	12552106.00
2012/08/29	10.93	11.01	10.87	10.89	498738	9625612.00
2012/08/30	10.95	10.98	10.62	10.68	970074	18454362.00
2012/08/31	10.68	10.81	10.65	10.71	519115	9831871.00
2012/09/03	10.71	10.91	10.61	10.89	998488	19064652.00
2012/09/04	10.86	11.10	10.82	10.89	1192828	23081064.00
2012/09/05	10.91	11.15	10.83	11.00	734887	14241683.00
2012/09/06	11.00	11.11	10.94	11.08	803496	15631971.00
2012/09/07	11.16	11.61	11.07	11.44	2490672	49889500.00
2012/09/10	11.45	11.69	11.39	11.59	2556403	51859444.00
2012/09/11	11.51	11.67	11.46	11.59	2182771	44336628.00
2012/09/12	11.61	11.69	11.38	11.53	1490851	30185020.00
2012/09/13	11.50	11.75	11.43	11.59	2402267	49083548.00
2012/09/14	11.64	11.75	11.50	11.66	2470443	50425836.00
2012/09/17	11.65	11.66	11.18	11.18	1603544	32189386.00
2012/09/18	11.07	11.28	10.99	11.10	738753	14515406.00
2012/09/19	11.13	11.43	11.07	11.43	1050185	20824072.00
2012/09/20	11.47	11.47	11.28	11.33	1638713	32719196.00
2012/09/21	11.19	11.41	11.11	11.17	1049959	20792278.00
2012/09/24	11.06	11.23	10.88	11.07	699106	13569291.00
2012/09/25	11.13	11.21	11.02	11.06	577460	11302838.00
2012/09/26	11.17	11.21	10.81	10.86	793913	15414077.00
2012/09/27	10.92	11.30	10.75	11.25	2116730	41374712.00
2012/09/28	11.13	11.98	11.13	11.93	6684355	136467040.00
2012/10/08	11.99	12.49	11.81	12.31	10096498	214512240.00
2012/10/09	12.38	12.49	12.14	12.41	8329835	179420464.00
2012/10/10	12.34	12.71	12.18	12.54	8758443	189812064.00
2012/10/11	12.52	13.08	12.26	12.65	10423608	228162080.00
2012/10/12	12.63	12.88	12.38	12.66	8708149	191412768.00
2012/10/15	12.66	12.95	11.99	12.19	9471363	202905936.00
2012/10/16	12.12	12.34	11.74	11.86	4999183	104743280.00
2012/10/17	11.85	12.01	11.79	11.91	2511892	52303160.00
2012/10/18	11.92	12.09	11.83	11.95	3084334	64576812.00
2012/10/19	11.96	12.04	11.79	11.80	2020325	42177284.00
2012/10/22	11.73	12.08	11.69	12.00	1896847	39605372.00
2012/10/23	12.04	12.09	11.79	11.88	1399206	29174898.00
2012/10/24	11.76	11.92	11.75	11.81	980116	20345916.00
2012/10/25	11.88	12.13	11.84	11.84	1854937	38880116.00
2012/10/26	11.86	11.91	11.26	11.29	2382667	48053732.00
2012/10/29	11.29	11.36	11.18	11.30	791975	15702415.00
2012/10/30	11.29	11.44	11.23	11.29	801754	15965253.00
2012/10/31	11.26	11.37	11.20	11.31	841488	16699975.00
2012/11/01	11.33	11.54	11.30	11.50	1182814	23807344.00
2012/11/02	11.56	11.61	11.46	11.51	860035	17398138.00
2012/11/05	11.45	11.53	11.27	11.36	907865	18188120.00
2012/11/06	11.38	11.49	11.22	11.33	891360	17742882.00
2012/11/07	11.33	11.38	11.15	11.29	723492	14341070.00
2012/11/08	11.19	11.26	10.98	10.98	811161	15863511.00
2012/11/09	11.04	11.04	10.87	10.89	673276	13009679.00
2012/11/12	10.90	11.03	10.90	11.01	578423	11204611.00
2012/11/13	11.01	11.01	10.83	10.87	648834	12479050.00
2012/11/14	10.88	11.02	10.86	11.02	607246	11708587.00
2012/11/15	10.99	11.03	10.76	10.80	525489	10118372.00
2012/11/16	10.89	10.89	10.69	10.75	586034	11128326.00
2012/11/19	10.75	10.89	10.72	10.86	445245	8484405.00
2012/11/20	10.88	10.94	10.74	10.78	618300	11801244.00
2012/11/21	10.85	10.97	10.74	10.95	771413	14805262.00
2012/11/22	10.96	10.99	10.82	10.94	463795	8923797.00
2012/11/23	10.93	11.01	10.88	10.88	516143	9953230.00
2012/11/26	10.88	10.88	10.36	10.38	1031170	19345482.00
2012/11/27	10.37	10.37	9.95	10.03	1099674	19795098.00
2012/11/28	10.05	10.05	9.77	9.91	742505	13071866.00
2012/11/29	9.98	10.03	9.71	9.71	708244	12487368.00
2012/11/30	9.71	9.87	9.68	9.81	434962	7600448.00
2012/12/03	9.81	9.87	9.50	9.53	525968	9156645.00
2012/12/04	9.54	9.73	9.49	9.66	597881	10258420.00
2012/12/05	9.63	10.04	9.63	9.99	1154572	20417782.00
2012/12/06	9.99	10.06	9.85	9.93	620187	10995558.00
2012/12/07	9.97	10.13	9.89	10.11	1187092	21212824.00
2012/12/10	10.13	10.28	10.13	10.23	1536412	27861794.00
2012/12/11	10.23	10.23	10.01	10.11	1130570	20294662.00
2012/12/12	10.11	10.14	9.99	10.03	864389	15461397.00
2012/12/13	10.00	10.15	9.92	9.97	1089161	19442990.00
2012/12/14	10.03	10.40	9.94	10.33	3400881	61749812.00
2012/12/17	10.28	10.44	10.23	10.32	2897588	53003644.00
2012/12/18	10.32	10.40	10.21	10.28	3116963	57026040.00
2012/12/19	10.28	10.32	10.19	10.25	2980645	54300120.00
2012/12/20	10.28	10.28	9.94	10.09	3057896	54698864.00
2012/12/21	10.09	10.20	10.00	10.13	2184506	39256460.00
2012/12/24	10.32	10.50	10.19	10.28	5824315	107114304.00
2012/12/25	10.25	10.51	10.14	10.43	5159512	94903688.00
2012/12/26	10.44	10.73	10.41	10.66	4916147	91812520.00
2012/12/27	10.67	10.70	10.48	10.48	3332915	62274464.00
2012/12/28	10.49	10.60	10.41	10.57	2670688	49846908.00
2012/12/31	10.63	10.69	10.54	10.59	2967172	55721824.00
2013/01/04	10.68	10.71	10.41	10.50	2324759	43475492.00
2013/01/07	10.52	10.80	10.52	10.74	3625716	68650136.00
2013/01/08	10.80	10.97	10.66	10.84	3896659	74362536.00
2013/01/09	10.80	10.99	10.70	10.89	4690472	89856672.00
2013/01/10	10.88	10.96	10.77	10.86	3738031	71548720.00
2013/01/11	10.88	10.92	10.52	10.56	3759064	71224248.00
2013/01/14	10.53	10.86	10.50	10.85	5321415	101279808.00
2013/01/15	10.88	11.16	10.85	11.02	6576160	127595768.00
2013/01/16	11.00	11.09	10.73	10.85	4979214	95813240.00
2013/01/17	10.79	11.09	10.79	10.88	4979776	96090040.00
2013/01/18	11.03	11.06	10.79	10.93	4286937	82407880.00
2013/01/21	10.98	11.16	10.91	10.98	4130994	80166136.00
2013/01/22	10.94	10.95	10.58	10.66	5525736	104967408.00
2013/01/23	10.63	10.74	10.43	10.59	2931821	54895064.00
2013/01/24	10.61	11.14	10.41	11.00	9876861	189829680.00
2013/01/25	10.97	10.98	10.54	10.59	6123270	116397928.00
2013/01/28	10.56	11.23	10.43	11.11	10140591	194963008.00
2013/01/29	11.01	11.16	10.93	11.04	7187832	139990192.00
2013/01/30	11.03	11.55	11.02	11.36	10251489	204228208.00
2013/01/31	11.38	11.38	11.13	11.25	4726436	93339000.00
2013/02/01	11.28	11.65	11.16	11.54	9261414	186482160.00
2013/02/04	11.50	11.51	11.11	11.31	6432313	127714600.00
2013/02/05	11.23	11.31	11.13	11.23	4321551	85368616.00
2013/02/06	11.26	11.29	11.13	11.16	3948577	78017976.00
2013/02/07	11.14	11.28	11.10	11.16	3672306	72355720.00
2013/02/08	11.23	11.41	11.14	11.25	4946806	97986992.00
2013/02/18	11.31	11.31	11.08	11.14	3430008	67545600.00
2013/02/19	11.15	11.43	11.15	11.31	7389223	147026944.00
2013/02/20	11.34	11.55	11.28	11.51	6224004	125290096.00
2013/02/21	11.44	11.44	11.03	11.04	6330812	125050720.00
2013/02/22	11.12	11.16	10.92	10.94	3258372	63534884.00
2013/02/25	11.05	11.09	10.96	11.03	2119036	41149940.00
2013/02/26	11.01	11.16	10.69	10.73	4098395	79597784.00
2013/02/27	10.76	10.93	10.66	10.81	3041585	57938600.00
2013/02/28	10.85	10.94	10.73	10.93	3100761	59463272.00
2013/03/01	10.94	11.14	10.86	11.11	3666039	71207336.00
2013/03/04	11.03	11.03	10.56	10.63	3769492	71959112.00
2013/03/05	10.64	10.93	10.63	10.90	2677187	51184104.00
2013/03/06	10.91	11.30	10.91	11.19	4619241	90897776.00
2013/03/07	11.19	11.22	10.88	10.99	3549808	69238648.00
2013/03/08	10.98	11.37	10.91	11.23	4653346	91937288.00
2013/03/11	11.23	11.36	11.08	11.25	3125352	61650520.00
2013/03/12	11.31	11.31	10.69	10.79	3455951	66878372.00
2013/03/13	10.81	10.84	10.33	10.40	4306612	80020392.00
2013/03/14	10.38	10.51	10.33	10.35	1905170	35140680.00
2013/03/15	10.37	10.50	10.19	10.33	2645531	48679396.00
2013/03/18	10.31	10.49	10.26	10.31	1692570	31115648.00
2013/03/19	10.30	10.41	10.16	10.29	2233242	40756620.00
2013/03/20	10.29	10.50	10.26	10.49	2800985	51671660.00
2013/03/21	10.49	10.55	10.40	10.49	3306790	61338896.00
2013/03/22	10.48	10.61	10.42	10.53	1999974	37273832.00
2013/03/25	10.53	10.59	10.43	10.45	1901141	35313664.00
2013/03/26	10.46	10.46	10.13	10.24	2628007	47750920.00
2013/03/27	10.23	10.36	10.13	10.28	2404473	43739104.00
2013/03/28	10.19	10.24	9.93	9.95	2731243	48706448.00
2013/03/29	10.01	10.16	9.96	10.06	1874269	33595608.00
2013/04/01	10.30	10.31	10.08	10.18	1832384	33258164.00
2013/04/02	10.20	10.25	10.06	10.07	1764582	31804150.00
2013/04/03	10.13	10.32	10.10	10.25	2224513	40416620.00
2013/04/08	10.14	10.42	10.06	10.38	2799866	51288504.00
2013/04/09	10.43	10.43	10.27	10.31	2143801	39250724.00
2013/04/10	10.36	10.36	10.14	10.19	1774130	32297438.00
2013/04/11	10.22	10.29	10.18	10.21	1260183	22881802.00
2013/04/12	10.21	10.23	9.96	9.96	2303550	41263804.00
2013/04/15	9.97	10.02	9.75	9.78	1460497	25677472.00
2013/04/16	9.73	9.87	9.66	9.85	1407752	24524828.00
2013/04/17	9.86	9.96	9.78	9.91	1407071	24782508.00
2013/04/18	9.83	9.98	9.75	9.89	1099191	19366098.00
2013/04/19	9.88	10.23	9.88	10.14	2626853	47057176.00
2013/04/22	9.98	10.08	9.94	10.06	2164454	38577116.00
2013/04/23	10.04	10.04	9.63	9.64	2415466	42140548.00
2013/04/24	9.66	9.84	9.62	9.78	1921878	33376636.00
2013/04/25	9.78	9.78	9.47	9.51	2559188	43839204.00
2013/04/26	9.51	9.58	9.22	9.24	2441613	40964832.00
2013/05/02	9.25	9.26	9.00	9.09	1649609	26970720.00
2013/05/03	9.06	9.36	9.06	9.27	2059067	34183256.00
2013/05/06	9.31	9.61	9.25	9.58	2132217	36278468.00
2013/05/07	9.58	9.61	9.47	9.51	1513686	25775700.00
2013/05/08	9.54	9.70	9.54	9.69	1689704	29087142.00
2013/05/09	9.70	9.70	9.51	9.62	1675255	28696422.00
2013/05/10	9.64	9.81	9.64	9.79	2105766	36626808.00
2013/05/13	9.84	9.85	9.68	9.73	1640356	28493470.00
2013/05/14	9.76	9.78	9.50	9.55	1592131	27252108.00
2013/05/15	9.59	9.84	9.58	9.84	2072934	36052144.00
2013/05/16	9.93	9.99	9.81	9.83	2736960	48289544.00
2013/05/17	9.81	10.16	9.76	10.11	3028113	53933368.00
2013/05/20	10.13	10.24	10.02	10.18	3547471	63901228.00
2013/05/21	10.20	10.26	10.14	10.22	2907337	52718900.00
2013/05/22	10.22	10.24	10.04	10.06	2260933	40651192.00
2013/05/23	9.98	10.17	9.94	10.01	2223478	39791312.00
2013/05/24	10.03	10.16	9.99	10.13	1670180	29958600.00
2013/05/27	10.13	10.42	10.04	10.36	3568548	65256440.00
2013/05/28	10.40	10.44	10.14	10.38	2341367	42694840.00
2013/05/29	10.46	10.59	10.38	10.39	2636582	49009036.00
2013/05/30	10.34	10.48	10.33	10.44	2364074	43598076.00
2013/05/31	10.49	10.84	10.48	10.63	4861957	91626792.00
2013/06/03	10.66	10.84	10.51	10.75	3443453	65078580.00
2013/06/04	10.75	10.76	10.34	10.47	3606387	67085932.00
2013/06/05	10.51	10.51	10.21	10.33	2579485	45655392.00
2013/06/06	10.27	10.31	10.09	10.09	2051068	35772556.00
2013/06/07	10.05	10.16	9.86	9.88	2075800	35620592.00
2013/06/13	9.84	9.84	9.47	9.63	2021433	33388782.00
2013/06/14	9.67	9.86	9.59	9.84	1665009	27879208.00
2013/06/17	9.89	10.89	9.88	10.89	5622582	101829024.00
2013/06/18	11.04	11.22	10.81	11.04	11246473	212491760.00
2013/06/19	10.93	11.00	10.66	10.93	5044220	93611128.00
2013/06/20	10.88	11.22	10.54	10.58	6380387	119247840.00
2013/06/21	10.38	10.93	10.17	10.83	4013025	72584016.00
2013/06/24	10.75	10.93	10.04	10.53	5673826	102664888.00
2013/06/25	10.34	10.66	9.68	10.39	4702134	82970456.00
2013/06/26	10.44	11.08	10.26	11.07	6251607	115074848.00
2013/06/27	11.04	11.41	10.66	10.69	9299421	175953312.00
2013/06/28	10.59	10.59	9.97	10.38	4571822	80812672.00
2013/07/01	10.21	10.72	10.21	10.64	3155408	56657620.00
2013/07/02	10.60	11.01	10.60	10.79	4240177	78384864.00
2013/07/03	10.84	11.14	10.63	11.06	5686496	106059768.00
2013/07/04	11.02	11.13	10.83	10.91	4382750	82384320.00
2013/07/05	10.93	11.29	10.83	11.03	5566430	105670264.00
2013/07/08	10.78	10.88	10.40	10.40	4102832	74564440.00
2013/07/09	10.38	10.61	10.18	10.53	2981464	53203964.00
2013/07/10	10.44	10.75	10.41	10.75	3170176	57589956.00
2013/07/11	10.75	11.10	10.72	10.91	5000900	93402960.00
2013/07/12	10.91	11.24	10.91	11.03	6589839	125027072.00
2013/07/15	11.04	11.36	11.00	11.19	6173115	118183352.00
2013/07/16	11.18	11.28	10.91	11.26	4283574	81254544.00
2013/07/17	11.21	11.24	10.93	10.96	4028494	76231008.00
2013/07/18	10.93	11.69	10.88	11.49	10537074	205600288.00
2013/07/19	11.45	11.97	11.34	11.36	10649763	211901872.00
2013/07/22	11.28	11.96	11.10	11.88	7859299	155619344.00
2013/07/23	11.79	12.00	11.69	11.90	6528591	131629904.00
2013/07/24	11.85	12.34	11.76	12.09	8266577	170518176.00
2013/07/25	12.03	12.16	11.56	11.63	6542590	131289176.00
2013/07/26	11.60	12.02	11.55	11.80	5097120	102436928.00
2013/07/29	11.76	12.02	11.63	11.67	3650218	72882080.00
2013/07/30	11.60	11.75	11.27	11.44	3705633	72599520.00
2013/07/31	11.40	11.66	11.23	11.29	3175554	61984776.00
2013/08/01	11.31	11.66	11.25	11.65	2976970	58490768.00
2013/08/02	11.64	12.02	11.63	11.74	4706765	94840416.00
2013/08/05	11.75	11.99	11.75	11.94	3504793	71068936.00
2013/08/06	11.89	12.09	11.79	11.97	3936862	79907320.00
2013/08/07	11.96	11.99	11.70	11.89	3905390	78642576.00
2013/08/08	11.98	12.27	11.83	12.03	4566963	93773784.00
2013/08/09	12.08	12.16	11.77	11.90	3391415	68889608.00
2013/08/12	11.88	12.03	11.73	11.97	3780254	76378560.00
2013/08/13	11.93	11.97	11.75	11.86	2434966	49034416.00
2013/08/14	11.87	11.93	11.61	11.64	3330930	66367864.00
2013/08/15	11.62	11.66	11.33	11.36	3652076	71547752.00
2013/08/16	11.34	11.63	11.24	11.28	2944304	57412724.00
2013/08/19	11.30	11.56	11.30	11.55	1801875	35218188.00
2013/08/20	11.55	11.61	11.39	11.54	1889394	37051624.00
2013/08/21	11.54	11.71	11.47	11.60	1727691	34152732.00
2013/08/22	11.56	11.68	11.38	11.43	1693475	33209184.00
2013/08/23	11.43	11.53	11.06	11.13	2910524	55770060.00
2013/08/26	11.13	11.38	11.13	11.29	2455798	47300996.00
2013/08/27	11.29	11.40	11.24	11.30	2199401	42436060.00
2013/08/28	11.24	11.27	11.10	11.14	2471225	47191172.00
2013/08/29	11.13	11.14	10.73	10.81	5500265	102071424.00
2013/08/30	10.75	10.82	10.61	10.62	3291824	60329468.00
2013/09/02	10.62	10.86	10.56	10.85	1744731	32081168.00
2013/09/03	10.88	10.93	10.78	10.86	1829295	33960240.00
2013/09/04	10.86	11.15	10.86	11.12	4033286	76174064.00
2013/09/05	11.10	11.16	10.96	11.03	1739906	32806316.00
2013/09/06	10.94	11.06	10.86	10.96	1974234	36919360.00
2013/09/09	11.00	11.21	10.92	11.14	2770630	52357328.00
2013/09/10	11.20	11.23	11.04	11.13	2672189	50762140.00
2013/09/11	11.13	11.43	11.01	11.39	5113796	98365120.00
2013/09/12	11.36	11.60	11.34	11.45	4647662	91153232.00
2013/09/13	11.44	11.47	11.29	11.46	1997110	38709704.00
2013/09/16	11.48	11.66	11.47	11.56	3872253	76314208.00
2013/09/17	11.54	11.56	11.31	11.34	3817656	74374896.00
2013/09/18	11.34	11.44	11.24	11.44	3221326	62399388.00
2013/09/23	11.45	11.64	11.45	11.53	2969055	58580308.00
2013/09/24	11.50	12.03	11.50	11.98	6561933	131969000.00
2013/09/25	11.98	13.25	11.90	13.25	15186392	331896704.00
2013/12/27	13.25	13.50	12.34	12.93	16026880	351061248.00
2013/12/30	12.73	12.87	12.18	12.18	8887359	187257776.00
2013/12/31	12.06	12.15	11.78	11.94	5527564	112541016.00
2014/01/02	11.97	12.28	11.94	12.09	5189909	107088120.00
2014/01/03	12.05	12.51	11.71	12.42	7767318	161020064.00
2014/01/06	12.34	12.41	11.88	11.98	3814665	78625224.00
2014/01/07	11.94	12.19	11.82	12.02	2288095	46742412.00
2014/01/08	12.09	12.31	11.99	12.22	3228807	66792804.00
2014/01/09	12.30	12.30	11.66	11.71	3557107	72509760.00
2014/01/10	11.51	11.65	11.00	11.13	3784538	73042560.00
2014/01/13	11.16	11.48	11.15	11.24	2059489	39628896.00
2014/01/14	11.25	11.41	11.16	11.30	1834468	35334056.00
2014/01/15	11.31	11.38	10.84	11.02	4085064	77047712.00
2014/01/16	11.01	11.24	10.94	11.06	2466515	46691904.00
2014/01/17	11.04	11.18	10.96	10.97	2149544	40721400.00
2014/01/20	10.94	11.13	10.76	10.88	1880789	35223440.00
2014/01/21	10.89	11.13	10.89	11.09	3408380	64259320.00
2014/01/22	11.14	11.24	11.06	11.21	3736536	71360272.00
2014/01/23	11.21	11.31	11.16	11.22	3588296	68803264.00
2014/01/24	11.19	11.43	11.13	11.26	2838469	54738572.00
2014/01/27	11.15	11.41	11.14	11.20	2988193	57481732.00
2014/01/28	11.19	11.35	11.15	11.23	2228106	42785992.00
2014/01/29	11.25	11.47	11.21	11.41	2824301	54756904.00
2014/01/30	11.44	12.16	11.36	12.08	6196105	125077632.00
2014/02/07	11.81	12.36	11.78	12.16	4657904	96026328.00
2014/02/10	12.16	12.35	12.07	12.22	6110032	126695728.00
2014/02/11	12.22	12.64	12.16	12.38	5440784	114182112.00
2014/02/12	12.30	12.56	12.25	12.48	4628394	97406920.00
2014/02/13	12.48	12.54	12.01	12.03	4764423	99227424.00
2014/02/14	12.09	12.31	12.03	12.16	3803267	78603416.00
2014/02/17	12.25	12.99	12.18	12.95	10600029	228391472.00
2014/02/18	12.83	13.09	12.59	13.04	9244812	201000128.00
2014/02/19	12.94	13.08	12.75	12.75	7389571	160906032.00
2014/02/20	12.86	12.89	12.39	12.82	5799669	124415864.00
2014/02/21	12.75	12.99	12.46	12.58	4515654	97206168.00
2014/02/24	12.54	12.54	12.26	12.45	3178646	66978936.00
2014/02/25	12.49	13.77	12.49	13.03	13570650	302280864.00
2014/02/26	13.00	13.30	12.63	13.18	7149924	157064592.00
2014/02/27	12.98	13.94	12.91	13.49	10211577	233747488.00
2014/02/28	13.40	13.56	13.02	13.41	5867329	131832216.00
2014/03/03	13.50	13.94	13.25	13.56	7020428	161123728.00
2014/03/04	13.43	13.51	13.11	13.44	4423068	99429344.00
2014/03/05	13.55	13.74	13.19	13.37	5060574	115217320.00
2014/03/06	13.25	13.32	13.05	13.17	3855997	85998632.00
2014/03/07	13.19	13.57	13.16	13.29	3743306	84641880.00
2014/03/10	13.18	13.18	12.61	12.62	4872288	106089928.00
2014/03/11	12.48	12.79	12.38	12.50	3065994	65471064.00
2014/03/12	12.56	12.60	12.08	12.31	2820930	59225496.00
2014/03/13	12.25	12.58	12.22	12.44	2055394	43391508.00
2014/03/14	12.43	12.61	12.34	12.53	1966907	41789876.00
2014/03/17	12.63	12.79	12.58	12.75	2299615	49432732.00
2014/03/18	12.76	12.90	12.65	12.71	2442460	52785180.00
2014/03/19	12.71	12.71	12.41	12.60	2087418	44484380.00
2014/03/20	12.60	12.86	12.38	12.38	2725858	58515280.00
2014/03/21	12.38	12.88	12.24	12.79	3258537	69405128.00
2014/03/24	12.71	13.05	12.71	12.79	3415821	74447600.00
2014/03/25	12.79	12.98	12.31	12.46	3937101	84288968.00
2014/03/26	12.49	12.69	12.45	12.53	2597716	55268408.00
2014/03/27	12.54	12.59	12.03	12.03	3182188	66400484.00
2014/03/28	12.02	12.14	11.83	12.06	2671262	54488264.00
2014/03/31	12.38	12.71	11.96	12.36	4329947	90675608.00
2014/04/01	12.20	12.43	12.16	12.38	1666775	34794600.00
2014/04/02	12.45	12.49	12.28	12.31	1194710	25043902.00
2014/04/03	12.31	12.38	12.03	12.10	2058937	42496564.00
2014/04/04	12.00	12.18	12.00	12.14	1016134	20938142.00
2014/04/08	12.14	12.38	12.07	12.35	1895415	39434716.00
2014/04/09	12.38	12.48	12.29	12.39	1933751	40598312.00
2014/04/10	12.39	12.56	12.35	12.48	2438244	51490172.00
2014/04/11	12.48	12.68	12.48	12.57	2813576	60077112.00
2014/04/14	12.55	12.98	12.49	12.88	3704796	80428928.00
2014/04/15	12.88	12.88	12.47	12.51	3408219	73122016.00
2014/04/16	12.51	12.64	12.50	12.60	2049420	43720532.00
2014/04/17	12.61	12.71	12.36	12.36	2916463	61875368.00
2014/04/18	12.31	12.31	12.02	12.05	3424804	70447600.00
2014/04/21	12.06	12.16	11.93	11.96	2369524	48503400.00
2014/04/22	11.96	12.15	11.85	12.03	1654515	33767592.00
2014/04/23	12.05	12.11	11.94	11.97	1358399	27715992.00
2014/04/24	11.88	12.07	11.56	11.58	2751522	55065556.00
2014/04/25	11.63	11.77	11.36	11.44	3674290	72642760.00
2014/04/28	11.44	11.61	11.11	11.16	1895959	36268528.00
2014/04/29	11.25	11.33	11.18	11.33	1179468	22688286.00
2014/04/30	11.39	11.43	11.28	11.33	1299453	25152582.00
2014/05/05	11.32	11.40	11.03	11.14	2329885	44242480.00
2014/05/06	11.16	11.28	11.13	11.23	2492797	47688052.00
2014/05/07	11.21	11.21	10.98	11.00	2266249	42890600.00
2014/05/08	10.97	11.18	10.91	11.07	1716817	32492060.00
2014/05/09	11.12	11.12	10.78	10.91	1746640	32631018.00
2014/05/12	10.93	11.20	10.91	11.18	3443256	65182232.00
2014/05/13	11.19	11.19	11.06	11.14	1858267	35331360.00
2014/05/14	11.14	11.18	10.98	11.02	1779269	33644644.00
2014/05/15	11.02	11.14	10.86	10.90	1783284	33498264.00
2014/05/16	10.89	10.94	10.65	10.74	1810383	33359068.00
2014/05/19	10.69	10.75	10.57	10.69	892925	16270611.00
2014/05/20	10.78	10.84	10.67	10.73	1236925	22735698.00
2014/05/21	10.70	10.86	10.58	10.84	1201885	22165712.00
2014/05/22	10.85	10.91	10.73	10.73	1452306	26921060.00
2014/05/23	10.69	10.81	10.69	10.75	1162564	21389996.00
2014/05/26	10.86	10.98	10.78	10.97	1871132	34862120.00
2014/05/27	10.96	10.98	10.88	10.93	1208275	22566964.00
2014/05/28	10.94	11.07	10.86	11.04	1636367	30714138.00
2014/05/29	10.94	11.16	10.90	10.91	2072347	39115120.00
2014/05/30	10.91	11.06	10.88	11.01	1297651	24357750.00
2014/06/03	11.00	11.16	11.00	11.09	1309601	24831178.00
2014/06/04	10.98	11.09	10.87	10.87	1432676	26811754.00
2014/06/05	10.87	11.04	10.86	11.03	1164169	21804756.00
2014/06/06	11.04	11.20	11.01	11.14	1981722	37612896.00
2014/06/09	11.19	11.19	10.91	10.94	1862917	34671184.00
2014/06/10	10.95	11.08	10.94	11.05	1477007	27397678.00
2014/06/11	11.05	11.12	10.99	11.09	1368051	25462624.00
2014/06/12	11.16	11.16	10.96	11.01	1190369	22091298.00
2014/06/13	10.99	11.13	10.94	11.11	1687421	31425470.00
2014/06/16	11.18	11.34	11.17	11.28	3392005	64195772.00
2014/06/17	11.27	11.36	11.21	11.28	2114252	40116464.00
2014/06/18	11.28	11.33	11.14	11.21	1546700	29094304.00
2014/06/19	11.21	11.28	10.79	10.86	1725198	31888672.00
2014/06/20	10.86	10.93	10.79	10.88	1479632	27006296.00
2014/06/23	10.88	10.96	10.83	10.84	2124964	38977960.00
2014/06/24	10.84	10.92	10.83	10.88	1403134	25646774.00
2014/06/25	10.88	10.90	10.77	10.79	1619287	29468784.00
2014/06/26	10.79	10.99	10.79	10.93	1557214	28648796.00
2014/06/27	10.94	10.99	10.88	10.98	1594892	29355466.00
2014/06/30	10.99	11.16	10.95	11.11	2428934	45278384.00
2014/07/01	11.15	11.15	11.06	11.11	1778740	33213446.00
2014/07/02	11.11	11.20	11.05	11.13	2056192	38423960.00
2014/07/03	11.13	11.33	11.13	11.27	3190054	60294628.00
2014/07/04	11.26	11.35	11.21	11.24	2520803	47780824.00
2014/07/07	11.18	11.34	11.13	11.19	1761799	33151524.00
2014/07/10	11.36	12.28	11.36	11.80	10286579	203848768.00
2014/07/11	11.79	11.79	11.59	11.66	3859344	75586408.00
2014/07/14	11.69	11.87	11.60	11.80	4652123	91716032.00
2014/07/15	11.76	11.85	11.66	11.72	4471120	88109032.00
2014/07/16	11.74	11.88	11.61	11.64	3958622	77951048.00
2014/07/17	11.70	11.70	11.38	11.44	2816335	54367004.00
2014/07/18	11.45	11.60	11.42	11.45	2701540	52258116.00
2014/07/21	11.44	11.50	11.36	11.49	2312118	44355656.00
2014/07/22	11.48	11.86	11.41	11.72	6156623	120387160.00
2014/07/23	11.74	11.79	11.51	11.57	3949613	77386712.00
2014/07/24	11.57	11.65	11.42	11.57	2871135	55539276.00
2014/07/25	11.57	11.75	11.55	11.73	2983517	58376992.00
2014/07/28	11.75	11.99	11.70	11.95	4983673	99149224.00
2014/07/29	11.95	12.10	11.82	11.86	7389501	147906976.00
2014/07/30	11.88	12.04	11.84	12.03	4304066	86118680.00
2014/07/31	12.00	12.01	11.84	11.98	3651587	73090640.00
2014/08/01	11.88	12.17	11.88	11.99	6457484	130486160.00
2014/08/04	12.04	12.21	12.00	12.19	4819206	97921856.00
2014/08/05	12.21	12.24	12.05	12.16	3660478	74366032.00
2014/08/06	12.16	12.26	12.08	12.19	3546716	72368992.00
2014/08/07	12.19	12.19	11.94	11.94	4671093	94362352.00
2014/08/08	11.94	12.09	11.93	12.01	2512116	50499064.00
2014/08/11	12.01	12.18	12.01	12.14	3690038	74830320.00
2014/08/12	12.14	12.17	12.06	12.14	2592801	52572216.00
2014/08/13	12.14	12.16	11.95	12.14	3648517	73734232.00
2014/08/14	12.14	12.21	12.04	12.15	3925041	79760448.00
2014/08/15	12.16	12.68	12.13	12.58	10036169	208959632.00
2014/08/18	12.59	12.64	12.46	12.63	4936414	103656064.00
2014/08/19	12.63	12.90	12.49	12.75	5612550	119013688.00
2014/08/20	12.69	12.84	12.64	12.74	4144280	88127648.00
2014/08/21	12.72	12.75	12.50	12.63	4013771	84558744.00
2014/08/22	12.63	12.72	12.56	12.63	2708544	57175148.00
2014/08/25	12.64	12.70	12.50	12.63	3031646	63838600.00
2014/08/26	12.62	12.63	12.38	12.52	4252589	88903664.00
2014/08/27	12.53	12.86	12.48	12.76	4404913	93541408.00
2014/08/28	12.71	12.86	12.56	12.74	4958978	105404488.00
2014/08/29	12.86	13.03	12.77	12.93	4965810	107198488.00
2014/09/01	12.96	13.16	12.87	13.11	4159094	90538536.00
2014/09/02	13.17	13.18	12.94	13.09	5754852	125486512.00
2014/09/03	13.10	13.29	13.00	13.25	6970393	152518480.00
2014/09/04	13.25	13.31	13.07	13.20	5693446	125347752.00
2014/09/05	13.28	13.28	12.99	13.06	6290625	137292480.00
2014/09/09	13.05	13.12	12.89	12.96	5775287	124946168.00
2014/09/10	12.98	13.18	12.89	13.13	8651257	188922208.00
2014/09/11	13.13	13.38	13.01	13.10	7617409	167612256.00
2014/09/12	13.10	13.14	13.00	13.13	3454297	75449400.00
2014/09/15	13.11	13.38	13.11	13.28	5015850	110689336.00
2014/09/16	13.36	13.39	12.73	12.82	5775953	126368240.00
2014/09/17	12.87	12.91	12.74	12.81	4462074	95623744.00
2014/09/18	12.81	13.03	12.73	12.86	4508205	96975784.00
2014/09/19	12.89	13.51	12.87	13.34	7986668	177550176.00
2014/09/22	13.43	14.74	13.38	14.29	21132470	504055296.00
2014/09/23	14.28	14.46	14.09	14.35	8471734	201280960.00
2014/09/24	14.21	14.53	14.19	14.31	8396693	200220144.00
2014/09/25	14.31	15.44	14.31	15.13	12494177	310421408.00
2014/09/26	15.00	15.68	14.91	14.99	7670245	193385344.00
2014/09/29	15.07	15.54	15.06	15.28	7331517	186302928.00
2014/09/30	15.31	15.43	14.94	15.03	5722606	143138736.00
2014/10/08	15.04	15.25	14.94	15.21	4598117	115351816.00
2014/10/09	15.28	16.37	15.25	15.89	9607019	251461392.00
2014/10/10	15.81	16.56	15.75	16.20	9563767	257275168.00
2014/10/13	16.16	16.47	15.88	16.34	7422817	199479792.00
2014/10/14	16.26	16.91	16.00	16.00	7072437	190501584.00
2014/10/15	16.05	17.03	15.69	17.01	10160267	275405696.00
2014/10/16	16.90	17.49	16.76	16.76	10594772	300098784.00
2014/10/17	16.69	16.93	16.03	16.42	7183871	195474800.00
2014/10/20	16.45	17.06	16.45	16.89	4686290	130503104.00
2014/10/21	16.91	16.93	16.44	16.55	3535493	97458512.00
2014/10/22	16.58	16.59	16.04	16.13	5837648	156364208.00
2014/10/23	16.01	16.19	15.48	15.86	6245118	163130512.00
2014/10/24	15.89	16.05	15.75	15.75	2585088	68162448.00
2014/10/27	15.74	16.48	15.44	16.33	5220320	138523072.00
2014/10/28	16.33	16.72	16.25	16.63	4367399	119323856.00
2014/10/29	16.65	16.76	16.42	16.61	5268995	144383136.00
2014/10/30	16.57	17.11	16.57	16.84	6271362	175066512.00
2014/10/31	16.76	16.98	16.44	16.66	3603601	99469744.00
2014/11/03	16.66	16.67	16.06	16.22	5141111	138986800.00
2014/11/04	16.33	16.50	16.19	16.32	3976037	107728952.00
2014/11/05	16.40	16.43	15.91	16.07	3908142	104104728.00
2014/11/06	16.11	16.22	15.91	16.15	2456540	65244920.00
2014/11/07	16.14	16.24	15.79	15.89	3447560	91629624.00
2014/11/10	15.91	15.97	15.59	15.75	4760278	124000832.00
2014/11/11	15.77	15.88	15.19	15.29	4257389	109334848.00
2014/11/12	15.29	15.66	15.29	15.63	2661477	68106272.00
2014/11/13	15.68	15.68	15.34	15.58	3604695	92663440.00
2014/11/14	15.58	15.67	15.38	15.49	1714811	44212084.00
2014/11/17	15.41	16.36	15.41	16.24	5583814	148703824.00
2014/11/18	16.28	16.60	16.00	16.06	4273763	115413280.00
2014/11/19	16.06	16.12	15.70	15.78	3456905	90923104.00
2014/11/20	15.80	16.04	15.79	15.99	2546631	67309392.00
2014/11/21	16.18	16.69	16.10	16.42	6728431	183269968.00
2014/11/24	16.63	16.69	16.19	16.50	4816639	130713840.00
2014/11/25	16.54	16.56	16.31	16.50	3780135	102985864.00
2014/11/26	16.67	16.90	16.41	16.54	3492594	95861960.00
2014/11/27	16.54	16.62	16.31	16.46	3977474	108519448.00
2014/11/28	16.47	16.54	15.97	16.06	6125902	163666368.00
2014/12/01	16.00	16.01	15.56	15.74	4695590	122220408.00
2014/12/02	15.74	15.99	15.74	15.81	4039658	106338592.00
2014/12/03	15.88	16.30	15.66	16.30	6440129	170446512.00
2014/12/04	16.34	16.63	16.16	16.44	10467423	283332160.00
2014/12/05	16.43	16.43	15.60	15.93	9059965	238298032.00
2014/12/08	15.75	16.13	15.72	16.01	7211143	189713280.00
2014/12/09	15.91	17.36	15.76	16.32	17455992	478591968.00
2014/12/10	16.43	17.28	16.43	17.13	10564098	296016928.00
2014/12/11	17.13	18.35	16.88	18.00	11656157	343351232.00
2014/12/12	18.09	18.21	17.66	17.83	5722549	168437600.00
2014/12/15	17.83	18.63	17.83	18.19	6200603	187132464.00
2014/12/16	18.00	18.18	17.44	17.64	8071706	235832848.00
2014/12/17	17.59	17.59	17.18	17.49	5499468	157579120.00
2014/12/18	17.40	17.63	17.14	17.26	4323168	124035200.00
2014/12/19	17.26	17.55	16.81	17.14	5273954	149425840.00
2014/12/22	17.17	17.25	15.78	15.80	7703650	208025248.00
2014/12/23	15.80	16.13	15.19	15.31	7679822	198398432.00
2014/12/24	15.40	15.67	15.25	15.49	5950865	152191360.00
2014/12/25	15.58	15.68	15.45	15.64	3570907	92209288.00
2014/12/26	15.64	15.96	15.61	15.88	4826022	126483696.00
2014/12/29	15.91	16.00	15.53	15.61	4835325	125952328.00
2014/12/30	15.68	15.76	15.47	15.51	2944080	75930864.00
2014/12/31	15.44	15.69	15.31	15.56	4023122	103570480.00
2015/01/05	15.61	15.93	15.28	15.88	5531424	143912880.00
2015/01/06	15.84	16.39	15.76	16.23	5361619	143310912.00
2015/01/07	16.24	16.36	15.94	16.19	3491633	93418424.00
2015/01/08	16.11	16.35	16.09	16.12	3573803	95903688.00
2015/01/09	16.06	16.38	16.04	16.13	4458742	119972048.00
2015/01/12	16.11	16.29	15.61	15.81	4205415	110897176.00
2015/01/13	15.80	16.07	15.74	15.91	2715755	71601736.00
2015/01/14	15.85	16.04	15.64	15.69	2527925	66465048.00
2015/01/15	15.72	16.00	15.71	15.96	2235955	58721660.00
2015/01/16	15.99	16.21	15.99	16.08	2689158	71689856.00
2015/01/19	15.68	16.20	15.33	15.43	4332497	112901488.00
2015/01/20	15.48	15.97	15.47	15.93	4347055	113529776.00
2015/01/21	15.95	16.93	15.94	16.78	7983810	219152016.00
2015/01/22	17.19	17.49	16.98	17.06	8498264	241525328.00
2015/01/23	17.14	17.19	16.70	16.78	6209437	173885424.00
2015/01/26	16.78	17.26	16.78	17.19	5905240	166834704.00
2015/01/27	17.25	17.42	16.86	17.00	5103340	144349840.00
2015/01/28	17.06	17.21	16.90	17.04	3574040	100728840.00
2015/01/29	16.89	17.36	16.63	17.21	5148835	146125856.00
2015/01/30	17.26	17.43	16.98	17.12	4751853	135131392.00
2015/02/02	17.04	17.05	16.45	16.49	4216676	116255720.00
2015/02/03	16.61	16.85	16.51	16.82	3051022	84235008.00
2015/02/04	16.82	16.83	16.45	16.47	3227418	88615320.00
2015/02/05	16.60	16.61	16.19	16.19	3384319	91776328.00
2015/02/06	16.29	16.47	15.98	16.05	3028163	81455544.00
2015/02/09	16.04	16.24	15.81	15.84	2465548	65609680.00
2015/02/10	15.97	16.13	15.81	16.12	2720516	72071544.00
2015/02/11	16.04	16.37	15.94	16.36	2406426	64714824.00
2015/02/12	16.36	16.46	16.20	16.39	2477152	66915348.00
2015/02/13	16.44	16.89	16.44	16.71	3954730	109638040.00
2015/02/16	16.71	16.93	16.56	16.92	3242742	90131488.00
2015/02/17	16.94	17.26	16.86	17.05	6063319	170761520.00
2015/02/25	17.11	17.17	16.81	16.86	3533839	98886480.00
2015/02/26	16.86	17.09	16.82	16.97	2910365	81565432.00
2015/02/27	17.03	17.28	17.01	17.16	4201127	118894368.00
2015/03/02	17.19	17.66	17.04	17.58	6243342	179906256.00
2015/03/03	17.66	18.06	17.38	17.41	7283105	213357856.00
2015/03/04	17.53	17.93	17.32	17.87	6791643	198169600.00
2015/03/05	17.87	18.24	17.64	17.74	6573305	194094640.00
2015/03/06	17.87	17.87	17.28	17.31	5012986	144644112.00
2015/03/09	17.28	17.59	17.00	17.57	4363594	124655504.00
2015/03/10	17.61	18.28	17.56	18.06	7502079	222860496.00
2015/03/11	18.16	18.36	17.70	17.87	5401626	160668656.00
2015/03/12	17.83	17.98	17.63	17.73	4567069	134239792.00
2015/03/13	17.75	17.91	17.64	17.75	3627238	106384352.00
2015/03/16	17.78	18.22	17.78	18.22	10793162	320400928.00
2015/03/17	18.41	18.49	18.03	18.20	9183360	276471488.00
2015/03/18	18.21	18.53	18.16	18.44	8869750	268652832.00
2015/03/19	18.91	20.34	18.91	20.34	18839391	619597632.00
2015/03/20	20.69	21.06	20.19	20.58	19306597	655769920.00
2015/03/23	20.59	21.83	20.34	21.31	13786229	475293440.00
2015/03/24	21.18	21.42	20.34	21.00	13289072	456091456.00
2015/03/25	20.61	21.01	20.45	20.75	10021286	340589824.00
2015/03/26	20.63	20.79	20.34	20.46	7218102	243626336.00
2015/03/27	20.43	20.99	20.38	20.71	6796445	231546896.00
2015/03/30	20.83	21.43	20.83	21.05	8437888	293050272.00
2015/03/31	21.94	22.25	21.31	21.38	12168149	434177920.00
2015/04/01	21.38	21.85	21.31	21.63	7754049	274890272.00
2015/04/02	21.81	22.85	21.75	22.13	11412796	416604768.00
2015/04/03	21.91	22.64	21.81	22.39	10333659	376417376.00
2015/04/07	22.44	22.86	22.25	22.71	10970367	406835328.00
2015/04/08	22.79	22.88	21.61	21.84	11847233	429551840.00
2015/04/09	21.74	21.87	20.56	21.14	10734697	372130496.00
2015/04/10	21.05	21.91	20.88	21.90	7402185	261969280.00
2015/04/13	22.00	23.69	22.00	23.53	12975557	493527200.00
2015/04/14	23.54	23.63	22.88	23.07	9459187	360946272.00
2015/04/15	23.09	23.56	22.36	22.49	8338064	312965088.00
2015/04/16	22.16	22.88	21.81	22.56	8021087	294185888.00
2015/04/17	22.57	22.78	22.16	22.22	9004971	330385024.00
2015/04/20	21.94	22.41	21.35	21.35	10050917	360902496.00
2015/04/21	21.46	22.24	21.25	22.24	9065137	323603680.00
2015/04/22	22.24	22.69	22.24	22.52	7417785	273960672.00
2015/04/23	22.75	23.60	22.75	23.08	11506202	436287488.00
2015/04/24	22.60	23.83	22.59	23.38	11552153	441037984.00
2015/04/27	23.78	24.74	23.78	24.06	10826445	428171552.00
2015/04/28	23.48	23.79	22.56	22.75	13195333	497970400.00
2015/04/29	22.53	23.34	22.49	23.32	6973929	263203056.00
2015/04/30	23.31	23.80	22.63	22.75	7673348	291950208.00
2015/05/04	22.73	22.73	22.07	22.38	6158656	225682272.00
2015/05/05	22.39	22.81	21.60	21.71	7357991	268024496.00
2015/05/06	21.86	22.25	20.69	21.04	8162573	291099936.00
2015/05/07	21.07	21.42	21.05	21.09	5090298	177429232.00
2015/05/08	21.16	21.81	21.16	21.80	5587641	197776800.00
2015/05/11	22.06	22.62	21.69	22.58	9018300	329067744.00
2015/05/12	22.83	22.91	22.38	22.84	8972059	333083968.00
2015/05/13	22.81	23.49	22.54	23.16	10419722	394568096.00
2015/05/14	23.16	23.66	23.01	23.31	7414626	282641376.00
2015/05/15	23.30	23.30	22.33	22.45	7413031	275727296.00
2015/05/18	22.19	24.75	22.06	24.75	13375110	518707232.00
2015/05/19	25.38	25.96	24.83	25.88	17841740	745195264.00
2015/05/20	26.00	26.63	25.41	25.78	14841481	636579456.00
2015/05/21	25.77	26.43	25.51	26.31	9594610	408914080.00
2015/05/22	26.73	26.93	25.91	26.34	9858168	423555872.00
2015/05/25	26.06	28.63	25.75	27.72	11391087	512396576.00
2015/05/26	27.73	29.12	27.18	28.74	11788711	540605888.00
2015/05/27	28.97	28.97	27.93	28.15	9187632	423694784.00
2015/05/28	28.09	29.10	25.69	25.69	13879133	622653376.00
2015/05/29	25.50	26.53	24.32	26.21	11577545	488113920.00
2015/06/01	26.19	28.19	26.06	28.12	12149446	541436736.00
2015/06/02	28.38	29.24	27.80	29.24	12040312	562773248.00
2015/06/03	29.36	30.05	28.00	28.30	12348746	583995968.00
2015/06/04	28.19	28.93	25.75	27.88	13303674	593555264.00
2015/06/05	28.01	28.75	26.81	27.92	12871909	587509376.00
2015/06/08	27.94	28.13	26.81	27.53	10397518	465361664.00
2015/06/09	27.42	28.11	27.08	27.61	9553322	427370304.00
2015/06/10	27.16	28.88	27.04	28.31	12315482	563303040.00
2015/06/11	28.32	29.46	28.23	28.98	13267509	619196928.00
2015/06/12	29.49	30.17	29.08	29.34	13628744	654852608.00
2015/06/15	29.49	29.50	27.81	27.88	11674504	539895488.00
2015/06/16	27.61	28.17	26.26	26.58	10017246	441354144.00
2015/06/17	26.78	27.54	26.27	27.42	8328376	363905504.00
2015/06/18	27.42	27.83	26.51	26.64	6302099	279750912.00
2015/06/19	26.30	26.31	24.55	24.63	8387454	347788128.00
2015/06/23	24.63	25.56	23.68	25.53	7838383	316836416.00
2015/06/24	25.67	26.34	25.25	25.62	11038835	462282784.00
2015/06/25	25.82	25.84	23.80	24.08	9439264	382783552.00
2015/06/26	23.38	23.68	21.63	21.63	11863156	431596608.00
2015/06/29	22.06	22.13	19.43	19.43	13315247	443668992.00
2015/06/30	19.25	21.00	17.61	20.87	15741105	498638752.00
2015/07/01	20.31	21.47	19.49	19.67	13461700	456210912.00
2015/07/02	19.81	20.01	17.86	17.94	13397260	413978560.00
2015/07/03	17.88	18.99	16.11	17.09	16716648	477607840.00
2015/07/06	18.84	18.84	15.35	16.33	21311385	585957888.00
2015/09/29	15.44	16.88	14.66	14.66	25844502	652782912.00
2015/09/30	14.69	15.03	14.51	14.78	13596522	329097664.00
2015/10/08	15.38	16.17	15.26	15.91	16300260	416741280.00
2015/10/09	16.09	16.31	15.89	15.99	12022475	316489632.00
2015/10/12	15.93	16.79	15.77	16.67	16011766	432203648.00
2015/10/13	16.59	16.94	16.44	16.80	11187222	305809248.00
2015/10/14	16.69	16.79	16.41	16.69	10559346	287057568.00
2015/10/15	16.61	17.33	16.56	17.23	12688707	354088000.00
2015/10/16	17.31	17.41	17.00	17.28	11642400	327673088.00
2015/10/19	17.33	17.41	16.83	17.01	8626920	241374528.00
2015/10/20	17.11	17.46	17.11	17.40	9958128	281823200.00
2015/10/21	17.38	17.50	16.13	16.18	13922129	385209856.00
2015/10/22	16.18	16.84	16.18	16.83	8940783	241188544.00
2015/10/23	17.03	18.28	16.95	18.28	15746176	454214592.00
2015/10/26	18.50	18.54	17.84	18.03	12795628	378766400.00
2015/10/27	17.81	18.36	17.33	18.23	10740049	313209856.00
2015/10/28	18.23	18.44	17.59	17.63	8734692	256976880.00
2015/10/29	17.94	17.99	17.50	17.69	6242223	180760192.00
2015/10/30	17.75	17.85	17.31	17.43	6277273	180038368.00
2015/11/02	17.13	17.75	17.00	17.24	5646576	160355120.00
2015/11/03	17.24	17.80	17.19	17.71	7643964	219841456.00
2015/11/04	17.76	18.55	17.76	18.44	10011691	297689344.00
2015/11/05	18.35	18.53	18.06	18.23	11121939	332546240.00
2015/11/06	18.38	18.72	18.38	18.65	9048743	275022592.00
2015/11/09	18.62	18.81	18.25	18.74	10413124	316191424.00
2015/11/10	18.56	18.98	18.45	18.67	8749879	267108752.00
2015/11/11	18.73	18.85	18.44	18.84	9178035	279604672.00
2015/11/12	18.88	19.56	18.88	19.40	11047577	347193504.00
2015/11/13	19.19	19.34	18.56	18.56	10799679	332540128.00
2015/11/16	18.29	18.99	18.22	18.96	6298692	192174944.00
2015/11/17	19.15	19.36	18.39	18.67	7960135	246222112.00
2015/11/18	18.81	19.14	18.58	18.73	6688095	205875200.00
2015/11/19	18.78	19.18	18.78	19.13	7188779	222921504.00
2015/11/20	19.19	19.48	18.94	19.38	8683853	272418752.00
2015/11/23	19.37	19.94	19.22	19.29	9926013	317402496.00
2015/11/24	19.17	19.69	18.86	19.61	7160538	225266384.00
2015/11/25	19.67	20.07	19.56	19.86	7984701	258099360.00
2015/11/26	19.89	20.00	19.45	19.50	6598864	211868880.00
2015/11/27	19.48	19.48	18.24	18.41	9651018	296944224.00
2015/11/30	18.38	18.57	17.50	18.24	7458332	220590368.00
2015/12/01	18.31	18.86	18.24	18.67	6223168	188485072.00
2015/12/02	18.52	18.66	18.00	18.46	5319500	159487280.00
2015/12/03	18.50	18.81	18.48	18.78	4567782	139318496.00
2015/12/04	18.71	18.91	18.59	18.81	5522345	169251952.00
2015/12/07	18.75	19.31	18.75	19.31	5899215	184030688.00
2015/12/08	19.25	19.47	18.70	18.73	6777982	211993104.00
2015/12/09	18.74	18.81	18.29	18.43	4649754	140338176.00
2015/12/10	18.43	20.31	18.38	20.31	14866101	472128576.00
2015/12/11	20.48	21.41	19.83	20.74	22119155	743667264.00
2015/12/14	20.44	21.18	20.18	20.94	12637540	425839488.00
2015/12/15	20.94	21.16	20.58	21.16	10577929	359384224.00
2015/12/16	21.08	22.13	20.97	21.38	13983678	493928288.00
2015/12/17	21.43	21.71	21.16	21.40	10028813	349672672.00
2015/12/18	21.38	21.84	21.28	21.29	9019089	315742080.00
2015/12/21	21.19	21.95	20.89	21.68	9296240	325823392.00
2015/12/22	21.67	21.94	21.23	21.47	6540804	229044992.00
2015/12/23	21.50	22.68	21.41	22.25	13255961	475875936.00
2015/12/24	22.09	22.41	21.74	22.01	7795029	279061120.00
2015/12/25	21.89	22.56	21.88	22.23	6633878	239688960.00
2015/12/28	22.28	23.06	22.05	22.16	10221487	374206976.00
2015/12/29	22.18	22.39	21.59	21.93	6997923	248996912.00
2015/12/30	21.83	22.37	21.71	22.12	5271814	188997616.00
2015/12/31	22.17	22.36	21.69	21.73	5315541	190217840.00
2016/01/04	21.29	21.56	19.52	19.52	7278465	243820032.00
2016/01/05	18.09	19.69	17.56	18.54	11469943	349849568.00
2016/01/06	18.67	19.28	18.61	19.14	5943760	184488592.00
2016/01/07	18.84	18.86	17.25	17.31	1628669	48239076.00
2016/01/08	18.06	18.34	17.00	17.79	9181004	266645088.00
2016/01/11	17.44	17.99	16.38	16.38	9696621	274324576.00
2016/01/12	16.43	16.88	15.99	16.49	8344349	223549792.00
2016/01/13	16.59	16.78	16.03	16.08	5438105	146792256.00
2016/01/14	15.50	16.79	15.36	16.66	6153277	163003056.00
2016/01/15	16.55	16.74	15.89	15.99	5967532	159390992.00
2016/01/18	15.66	16.63	15.59	16.36	4465475	119075392.00
2016/01/19	16.39	16.98	16.29	16.93	5806741	158283072.00
2016/01/20	16.81	17.30	16.50	16.86	5252766	145526896.00
2016/01/21	16.57	17.12	16.30	16.30	4951763	135323072.00
2016/01/22	16.38	16.80	16.19	16.66	4637467	125395032.00
2016/01/25	16.93	17.11	16.69	16.91	4077495	112858664.00
2016/01/26	16.81	17.31	15.81	15.91	8401420	230465680.00
2016/01/27	16.04	16.30	15.14	15.99	7614137	196483056.00
2016/01/28	15.86	16.14	15.46	15.55	4188341	108718120.00
2016/01/29	15.51	16.31	15.51	16.13	4805533	125724520.00
2016/02/01	16.13	16.43	15.98	16.21	4947776	131314808.00
2016/02/02	16.21	16.83	16.21	16.78	4477051	122084480.00
2016/02/03	16.51	16.80	16.51	16.73	2698857	73550136.00
2016/02/04	16.81	17.11	16.79	16.94	3431281	95119768.00
2016/02/05	17.01	17.06	16.72	16.72	2048101	56509920.00
2016/02/15	16.19	16.88	16.19	16.72	2868550	77611368.00
2016/02/16	16.81	17.31	16.81	17.24	4863697	136233632.00
2016/02/17	17.16	17.28	16.95	17.23	4052299	113545088.00
2016/02/18	17.40	17.49	17.08	17.12	4303745	121662328.00
2016/02/19	17.14	17.29	17.01	17.24	3117349	87469896.00
2016/02/22	18.24	18.89	18.06	18.51	10775643	324729120.00
2016/02/23	18.39	18.51	17.83	18.16	7033509	208727504.00
2016/02/24	18.09	18.15	17.66	18.06	4556314	133423672.00
2016/02/25	18.01	18.09	17.13	17.44	8755056	251246016.00
2016/02/26	17.43	17.70	17.16	17.53	4727579	135093792.00
2016/02/29	17.41	17.49	15.74	15.91	8640499	230531952.00
2016/03/01	15.96	16.46	15.84	16.34	4205535	110907000.00
2016/03/02	16.39	17.17	16.34	17.13	5632177	154814768.00
2016/03/03	17.01	17.72	17.01	17.30	5975048	169849504.00
2016/03/04	17.25	17.50	16.83	16.96	4783993	134322784.00
2016/03/07	17.18	17.66	17.11	17.51	3434413	98040656.00
2016/03/08	17.51	17.63	16.81	17.58	3477042	98324720.00
2016/03/09	17.35	17.54	17.04	17.19	2647010	74680896.00
2016/03/10	17.19	17.37	16.99	16.99	1893235	53218764.00
2016/03/11	16.66	17.25	16.65	17.10	2517412	69946840.00
2016/03/14	17.38	18.03	17.29	17.68	4686381	135684560.00
2016/03/15	17.56	17.93	17.50	17.68	3005186	86945544.00
2016/03/16	17.78	17.91	17.46	17.59	2919831	84294976.00
2016/03/17	17.65	18.06	17.65	17.96	4615541	134942864.00
2016/03/18	17.93	18.75	17.93	18.46	6434437	193739712.00
2016/03/21	18.53	18.64	18.39	18.54	9093588	274317696.00
2016/03/22	18.49	18.49	18.26	18.39	6146158	184558848.00
2016/03/23	18.29	18.54	18.22	18.51	3921938	117906856.00
2016/03/24	18.38	18.58	18.22	18.28	4189560	125871760.00
2016/03/25	18.22	18.44	18.21	18.37	3154087	94466224.00
2016/03/28	18.45	18.80	18.32	18.39	5186365	157244736.00
2016/03/29	18.35	18.38	17.66	17.89	5598408	164057744.00
2016/03/30	18.01	18.73	18.01	18.66	5551302	166664368.00
2016/03/31	18.69	18.96	18.63	18.70	5079420	155852864.00
2016/04/01	18.74	18.74	18.34	18.68	3564948	107912200.00
2016/04/05	18.68	19.17	18.54	19.11	4422897	136845840.00
2016/04/06	18.88	19.09	18.83	18.93	3376095	104394424.00
2016/04/07	18.96	19.39	18.72	18.76	5727561	178886656.00
2016/04/08	18.66	18.83	18.45	18.76	3787495	115244688.00
2016/04/11	18.91	19.37	18.88	19.08	5221638	163458336.00
2016/04/12	19.05	19.18	18.72	18.94	2915216	90005656.00
2016/04/13	19.00	19.36	19.00	19.19	4225557	132699168.00
2016/04/14	19.23	19.49	19.23	19.39	3649974	115354272.00
2016/04/15	19.43	19.43	19.00	19.16	2634880	82490960.00
2016/04/18	19.18	19.18	18.74	18.81	2436299	74990208.00
2016/04/19	18.93	18.97	18.71	18.86	2867866	88259616.00
2016/04/20	18.86	18.99	17.74	17.96	4599423	136736304.00
2016/04/21	17.96	18.22	17.83	18.00	2753755	81211080.00
2016/04/22	18.00	18.18	17.79	18.14	2186784	64265748.00
2016/04/25	18.00	18.73	17.82	18.57	3537600	105947184.00
2016/04/26	18.57	18.88	18.38	18.83	2441247	74143752.00
2016/04/27	18.83	18.88	18.58	18.58	1996800	61132572.00
2016/04/28	18.59	18.78	18.29	18.78	2683956	81272176.00
2016/04/29	18.38	18.56	18.06	18.06	3963726	118477784.00
2016/05/03	18.02	18.36	17.94	18.36	3347370	99663736.00
2016/05/04	18.26	18.62	18.26	18.46	3115740	94065816.00
2016/05/05	18.41	18.49	18.19	18.44	2067209	61999436.00
2016/05/06	18.46	18.49	17.66	17.68	3261946	96075160.00
2016/05/09	17.66	17.66	16.97	17.11	3522186	99120208.00
2016/05/10	17.14	17.22	16.97	17.03	1672861	46716264.00
2016/05/11	17.09	17.30	16.88	17.12	2979590	83465184.00
2016/05/12	17.01	17.04	16.64	17.00	1677594	46272508.00
2016/05/13	17.00	17.27	16.73	16.84	1992484	55345364.00
2016/05/16	16.80	17.03	16.54	16.99	2020608	55505208.00
2016/05/17	16.91	17.23	16.91	17.06	2050713	57250592.00
2016/05/18	17.04	17.06	16.26	16.44	2884247	78155032.00
2016/05/19	16.44	16.78	16.44	16.54	2166376	58994032.00
2016/05/20	16.50	16.70	16.44	16.65	1484074	40276184.00
2016/05/23	16.75	16.87	16.69	16.79	1699072	46631548.00
2016/05/24	16.76	16.86	16.50	16.83	1626646	44295056.00
2016/05/25	16.88	16.98	16.69	16.79	1848557	50901328.00
2016/05/26	16.57	16.79	16.31	16.64	2322834	62663024.00
2016/05/27	16.64	16.71	16.53	16.62	1445944	39356776.00
2016/05/30	16.50	16.63	16.30	16.43	1921503	51873076.00
2016/05/31	16.43	17.02	16.43	16.99	3939730	108482432.00
2016/06/01	17.06	17.24	16.96	17.17	3627189	101585688.00
2016/06/02	17.18	17.34	17.09	17.23	3399556	95730352.00
2016/06/03	17.26	17.61	17.18	17.59	4029067	114330264.00
2016/06/06	17.65	17.68	17.48	17.56	3073946	88225512.00
2016/06/07	17.51	17.72	17.49	17.69	2623188	75440264.00
2016/06/08	17.75	17.77	17.47	17.49	3397839	97616800.00
2016/06/13	17.32	17.34	16.50	16.50	4908381	83394584.00
2016/06/14	16.33	16.54	16.19	16.33	3073765	50324356.00
2016/06/15	16.20	16.81	16.08	16.76	3818164	63333196.00
2016/06/16	16.70	16.90	16.62	16.75	3045732	51012600.00
2016/06/17	16.93	17.84	16.92	17.42	7033489	122896736.00
2016/06/20	17.30	17.55	17.10	17.39	4294907	74474840.00
2016/06/21	17.50	17.58	17.00	17.05	4059697	70179864.00
2016/06/22	16.91	17.30	16.91	17.23	3151185	54104804.00
2016/06/23	17.23	17.28	17.00	17.11	2572421	44016400.00
2016/06/24	17.12	17.27	16.59	16.81	4298441	72966688.00
2016/06/27	16.70	17.22	16.66	17.19	3663221	62457180.00
2016/06/28	17.17	17.49	17.10	17.48	4431201	76882624.00
2016/06/29	17.45	17.51	17.36	17.43	3462832	60375808.00
2016/06/30	17.50	17.54	17.36	17.46	3662618	63951620.00
2016/07/01	17.59	17.59	17.38	17.40	3748826	65394024.00
2016/07/04	17.39	17.73	17.24	17.70	6070220	106746624.00
2016/07/05	17.74	17.74	17.46	17.57	5288762	93034488.00
2016/07/06	17.56	17.85	17.51	17.62	4987675	88127168.00
2016/07/07	17.68	17.92	17.58	17.85	6118752	108744672.00
2016/07/08	17.85	17.94	17.77	17.79	4663612	83237448.00
2016/07/11	17.77	17.93	17.62	17.66	4607748	81849520.00
2016/07/12	17.65	17.81	17.43	17.80	6616068	116667320.00
2016/07/13	17.83	18.07	17.80	17.98	7264631	130371976.00
2016/07/14	17.94	18.18	17.86	17.97	4611283	83041480.00
2016/07/15	18.00	18.10	17.84	17.90	3967539	71128768.00
2016/07/18	17.96	17.99	17.63	17.76	4280430	76050056.00
2016/07/19	17.66	17.97	17.66	17.93	4312017	76982480.00
2016/07/20	17.85	18.07	17.82	17.87	4232411	75914176.00
2016/07/21	17.88	18.34	17.88	18.11	7478667	135477408.00
2016/07/22	18.03	18.39	18.03	18.24	6730286	122632568.00
2016/07/25	18.15	18.47	18.10	18.20	5743184	105025480.00
2016/07/26	18.14	18.29	18.08	18.24	3750319	68310472.00
2016/07/27	18.25	18.46	17.28	17.48	13412987	239577376.00
2016/07/28	17.47	17.57	17.22	17.46	5820250	101498272.00
2016/07/29	17.44	17.57	17.16	17.21	4899832	84923520.00
2016/08/01	17.10	17.15	16.83	16.95	4104462	69574416.00
2016/08/02	17.00	17.10	16.93	17.01	2056267	34947624.00
2016/08/03	17.05	17.05	16.84	16.91	3276717	55512864.00
2016/08/04	16.87	17.05	16.82	16.98	2397357	40659868.00
2016/08/05	16.91	17.13	16.91	16.98	2709904	46055732.00
2016/08/08	16.98	17.05	16.82	17.02	3149596	53346792.00
2016/08/09	17.08	17.16	16.99	17.13	3378286	57795468.00
2016/08/10	17.13	17.22	16.98	17.02	2781221	47463956.00
2016/08/11	17.00	17.03	16.55	16.58	4997649	83939864.00
2016/08/12	16.58	16.84	16.50	16.75	4031215	67077104.00
2016/08/15	16.78	17.17	16.69	17.08	6298182	106933144.00
2016/08/16	17.12	17.15	17.02	17.12	5311430	90738808.00
2016/08/17	17.12	17.15	16.94	17.04	5627868	95972056.00
2016/08/18	17.03	17.08	16.96	17.03	5402116	91899776.00
2016/08/19	17.04	17.05	16.83	16.94	4521098	76514208.00
2016/08/22	16.94	16.96	16.77	16.90	4948692	83492896.00
2016/08/23	16.88	17.30	16.85	17.29	10081840	172644608.00
2016/08/24	17.20	17.43	17.18	17.35	6711743	116355216.00
2016/08/25	17.26	17.50	17.05	17.50	6498427	112166360.00
2016/08/26	17.53	17.74	17.40	17.72	7200853	126688760.00
2016/08/29	17.61	17.74	17.51	17.56	5317784	93841984.00
2016/08/30	17.55	17.82	17.52	17.78	5954857	105605656.00
2016/08/31	17.77	17.77	17.43	17.61	4130656	72604736.00
2016/09/01	17.60	17.65	17.37	17.38	3311772	57894924.00
2016/09/02	17.44	17.44	17.24	17.39	2796674	48488828.00
2016/09/05	17.42	17.49	17.35	17.45	3348816	58348592.00
2016/09/06	17.45	17.56	17.27	17.51	3350682	58409692.00
2016/09/07	17.52	17.61	17.41	17.45	3446126	60381140.00
2016/09/08	17.48	17.57	17.38	17.54	2899347	50713100.00
2016/09/09	17.53	17.62	17.47	17.52	2645250	46449980.00
2016/09/12	17.20	17.29	16.87	16.95	4324427	73711288.00
2016/09/13	16.98	17.04	16.86	16.95	1820904	30852738.00
2016/09/14	16.95	16.99	16.85	16.88	1423954	24073560.00
2016/09/19	16.86	17.00	16.86	16.96	1648015	27926134.00
2016/09/20	16.94	17.03	16.87	17.00	1841167	31199486.00
2016/09/21	17.02	17.05	16.95	17.02	1673825	28465800.00
2016/09/22	17.09	17.40	17.09	17.24	5067468	87577016.00
2016/09/23	17.23	17.36	17.11	17.20	2593568	44656292.00
2016/09/26	17.20	17.53	17.03	17.26	5910705	102306176.00
2016/09/27	17.16	17.50	17.15	17.50	3412229	59246044.00
2016/09/28	17.55	17.83	17.46	17.71	9130589	161419248.00
2016/09/29	17.71	17.81	17.55	17.58	3501237	61805676.00
2016/09/30	17.53	17.74	17.53	17.61	2488129	43896924.00
2016/10/10	17.70	17.89	17.65	17.84	4011654	71483432.00
2016/10/11	17.85	17.90	17.61	17.76	3601048	63876916.00
2016/10/12	17.81	17.81	17.53	17.63	3788386	66869672.00
2016/10/13	17.64	18.12	17.61	18.06	7027909	125565944.00
2016/10/14	18.00	18.01	17.80	17.89	2875605	51421192.00
2016/10/17	17.85	17.99	17.66	17.68	2866333	51157488.00
2016/10/18	17.69	17.97	17.65	17.94	2995091	53508796.00
2016/10/19	18.11	18.85	18.01	18.56	11595207	214971936.00
2016/10/20	18.55	18.56	18.22	18.30	6167267	113157000.00
2016/10/21	18.30	18.52	18.20	18.31	4028091	73986992.00
2016/10/24	18.33	19.15	18.25	19.15	12660440	237629472.00
2016/10/25	18.99	19.40	18.88	18.94	12039214	230454304.00
2016/10/26	18.95	19.24	18.85	19.20	6476476	123144440.00
2016/10/27	19.21	19.24	18.90	18.94	4361051	83035296.00
2016/10/28	18.94	19.03	18.60	18.60	6038693	113253984.00
2016/10/31	18.49	18.50	18.26	18.43	4297125	79021256.00
2016/11/01	18.43	18.65	18.40	18.49	3418500	63337956.00
2016/11/02	18.46	18.50	18.16	18.17	5144642	94048192.00
2016/11/03	18.18	18.56	18.15	18.40	3927729	72112464.00
2016/11/04	18.40	18.54	18.30	18.30	3776130	69469024.00
2016/11/07	18.39	18.48	18.20	18.35	2572408	47172260.00
2016/11/08	18.47	18.55	18.36	18.53	2986477	55194700.00
2016/11/09	18.58	19.15	18.46	18.75	10359508	194825632.00
2016/11/10	18.87	18.95	18.70	18.82	4191609	78730800.00
2016/11/11	18.82	18.90	18.71	18.86	4218404	79359816.00
2016/11/14	18.85	18.96	18.76	18.80	4696138	88509104.00
2016/11/15	18.85	18.85	18.61	18.69	3119376	58297416.00
2016/11/16	18.65	18.87	18.65	18.82	3189486	59882336.00
2016/11/17	18.82	18.86	18.43	18.57	4590720	85263328.00
2016/11/18	18.62	18.70	18.51	18.58	3398033	63222172.00
2016/11/21	18.68	18.97	18.58	18.77	7144254	134295344.00
2016/11/22	18.81	18.88	18.66	18.70	4236010	79381960.00
2016/11/23	18.72	18.80	18.08	18.14	10240738	187510736.00
2016/11/24	18.14	18.23	18.02	18.06	3599070	65295732.00
2016/11/25	18.05	18.30	17.92	18.25	4126841	74883032.00
2016/11/28	18.38	18.83	18.38	18.65	8083302	150821232.00
2016/11/29	18.77	18.78	18.46	18.50	3790565	70534136.00
2016/11/30	18.50	18.59	18.39	18.56	3515828	65041032.00
2016/12/01	18.58	18.66	18.51	18.63	3173369	59030560.00
2016/12/02	18.68	18.69	18.22	18.37	2880223	53139808.00
2016/12/05	18.28	18.65	18.01	18.25	4110927	75666640.00
2016/12/06	18.30	18.41	18.07	18.13	3973911	72386496.00
2016/12/07	18.15	18.27	17.95	18.26	3491941	63388380.00
2016/12/08	18.29	18.32	17.81	17.90	5102789	92015608.00
2016/12/09	17.90	18.10	17.83	17.95	4198961	75596784.00
2016/12/12	17.98	18.04	17.56	17.64	5352441	95018424.00
2016/12/13	17.62	17.77	17.47	17.73	2238277	39460164.00
2016/12/14	17.77	17.80	17.53	17.60	1709987	30176420.00
2016/12/15	17.51	17.78	17.41	17.68	2212177	39089716.00
2016/12/16	17.70	17.89	17.58	17.84	2071851	36858544.00
2016/12/19	17.84	17.90	17.73	17.75	1609840	28686726.00
2016/12/20	17.71	17.75	17.40	17.54	2709615	47425920.00
2016/12/21	17.60	17.70	17.53	17.63	1832388	32279370.00
2016/12/22	17.63	17.69	17.20	17.65	1929489	33875056.00
2016/12/23	17.60	17.97	17.50	17.85	3811726	67800088.00
2016/12/26	17.84	18.10	17.75	18.08	3120281	56012412.00
2016/12/27	18.07	18.15	17.96	18.00	2393408	43230976.00
2016/12/28	18.08	18.23	17.70	17.92	2214880	39951472.00
2016/12/29	17.87	18.31	17.85	18.18	3643422	66034096.00
2016/12/30	18.19	18.37	18.08	18.22	3996329	72879928.00
2017/01/03	18.20	18.50	18.12	18.48	3968113	72764320.00
2017/01/04	18.45	18.59	18.40	18.50	2630204	48689108.00
2017/01/05	18.47	18.61	18.27	18.45	3959111	72997824.00
2017/01/06	18.40	18.53	18.24	18.34	4458725	82030848.00
2017/01/09	18.34	18.55	18.30	18.51	2072561	38278656.00
2017/01/10	18.53	18.54	18.38	18.38	2999455	55403256.00
2017/01/11	18.32	18.48	18.21	18.35	2412719	44368824.00
2017/01/12	18.31	18.52	18.31	18.35	1663799	30663280.00
2017/01/13	18.35	18.82	18.32	18.66	5520981	103062312.00
2017/01/16	18.63	18.78	17.50	17.85	6360269	115597760.00
2017/01/17	17.85	17.95	17.20	17.90	2938114	52138096.00
2017/01/18	17.81	17.90	17.58	17.59	2254251	39923792.00
2017/01/19	17.59	17.86	17.54	17.79	1579599	28079502.00
2017/01/20	17.82	18.21	17.80	18.16	1941981	34969464.00
2017/01/23	18.20	18.34	18.12	18.30	3114989	56807964.00
2017/01/24	18.39	18.50	18.15	18.41	2421233	44402696.00
2017/01/25	18.40	18.52	18.30	18.32	2418160	44575112.00
2017/01/26	18.50	18.52	18.35	18.48	1579310	29159120.00
2017/02/03	18.47	18.58	18.30	18.51	1286313	23772442.00
2017/02/06	18.54	18.54	18.33	18.53	1726705	31888272.00
2017/02/07	18.45	18.69	18.41	18.67	3614831	67100164.00
2017/02/08	18.69	18.73	18.54	18.70	2100168	39160104.00
2017/02/09	18.70	18.85	18.63	18.83	2645224	49709968.00
2017/02/10	18.84	18.88	18.66	18.75	2317206	43500984.00
2017/02/13	18.70	19.10	18.70	19.08	3778348	71680592.00
2017/02/14	19.03	19.15	18.95	19.12	3102453	59139712.00
2017/02/15	19.18	19.80	18.99	19.50	8588312	166911968.00
2017/02/16	19.47	19.68	19.40	19.60	3013020	58964104.00
2017/02/17	19.60	19.66	19.33	19.40	3509764	68201248.00
2017/02/20	19.39	20.23	19.36	20.20	5502779	109972104.00
2017/02/21	20.20	20.35	19.91	20.27	4498667	90560912.00
2017/02/22	20.30	20.30	19.97	20.15	2570286	51624816.00
2017/02/23	20.11	20.15	19.75	19.93	3545261	70566152.00
2017/02/24	19.85	20.24	19.85	19.97	2851255	57178560.00
2017/02/27	19.97	20.19	19.90	19.99	2189090	43970756.00
2017/02/28	19.97	20.17	19.91	20.02	1960570	39273680.00
2017/03/01	19.96	20.06	19.71	19.71	2300232	45711260.00
2017/03/02	19.80	19.85	19.61	19.75	2574702	50809132.00
2017/03/03	19.76	20.23	19.65	20.22	3000442	60123632.00
2017/03/06	20.25	21.16	20.22	21.02	5728511	119371656.00
2017/03/07	21.03	21.52	21.00	21.52	7732383	164853952.00
2017/03/08	21.56	21.66	21.33	21.61	4480175	96499960.00
2017/03/09	21.61	21.68	21.02	21.11	6142498	131378696.00
2017/03/10	21.19	21.85	21.19	21.69	5118136	110400392.00
2017/03/13	21.68	22.52	21.56	22.50	6177970	136594240.00
2017/03/14	22.59	22.80	22.22	22.45	4349145	97803688.00
2017/03/15	22.38	22.74	22.25	22.33	3192644	71688664.00
2017/03/16	22.24	22.65	22.19	22.28	3909974	87554520.00
2017/03/17	22.27	22.40	21.84	21.88	4674587	103124176.00
2017/03/20	21.88	22.43	21.80	22.43	4068304	89987568.00
2017/03/21	22.40	22.58	22.12	22.28	2821013	63081812.00
2017/03/22	22.12	22.37	21.90	21.90	2634751	58065600.00
2017/03/23	21.99	22.40	21.90	22.17	3099269	68794792.00
2017/03/24	22.00	22.36	21.96	22.18	2119411	47155764.00
2017/03/27	22.30	22.35	21.96	22.09	2017744	44656324.00
2017/03/28	22.13	22.23	21.70	21.73	2420276	52925528.00
2017/03/29	21.85	22.15	21.53	22.08	3361492	73222584.00
2017/03/30	21.90	21.90	20.74	20.90	6601781	140245536.00
2017/03/31	20.90	21.08	20.65	20.85	2341304	48815408.00
2017/04/05	20.85	21.48	20.81	21.41	2395815	50814940.00
2017/04/06	21.41	21.64	21.30	21.52	2547188	54679148.00
2017/04/07	21.50	21.59	21.28	21.49	1872849	40238600.00
2017/04/10	21.60	21.60	20.50	21.02	2329629	49343592.00
2017/04/11	21.02	21.39	20.60	21.28	1635266	34485368.00
2017/04/12	21.28	21.58	21.05	21.31	1642825	35107684.00
2017/04/13	21.14	21.74	21.14	21.64	2377751	51104224.00
2017/04/14	21.55	22.25	21.44	22.01	2999400	65732532.00
2017/04/17	22.05	22.10	21.46	21.50	2773374	60399828.00
2017/04/18	21.50	21.98	21.50	21.70	1878409	40902712.00
2017/04/19	21.50	21.53	20.50	20.76	3705266	77212128.00
2017/04/20	20.77	20.93	20.08	20.40	3177717	65263600.00
2017/04/21	20.37	20.59	20.25	20.41	1291127	26368210.00
2017/04/24	20.41	20.92	20.02	20.68	2461975	50605064.00
2017/04/25	20.66	20.89	20.50	20.64	1199696	24822376.00
2017/04/26	20.76	20.88	20.60	20.81	1328714	27599562.00
2017/04/27	20.80	20.93	19.90	20.48	2800819	56890752.00
数据来源:通达信
