002602 世纪华通 日线 前复权
      日期	    开盘	    最高	    最低	    收盘	    成交量	    成交额
2011/07/28	7.87	8.87	7.87	8.16	27548122	712907392.00
2011/07/29	7.96	8.45	7.96	8.33	15100015	388814976.00
2011/08/01	8.22	8.68	7.70	8.43	13542301	348325408.00
2011/08/02	8.29	8.85	8.20	8.52	14365875	384144224.00
2011/08/03	8.36	8.49	8.16	8.17	8903622	229332704.00
2011/08/04	8.08	8.26	7.95	8.13	6613661	166418448.00
2011/08/05	7.83	8.19	7.77	7.93	5609349	139463312.00
2011/08/08	7.77	7.89	7.11	7.11	7305235	168533792.00
2011/08/09	6.63	7.03	6.38	6.82	6237714	131232960.00
2011/08/10	6.99	7.12	6.80	6.82	4765997	103796248.00
2011/08/11	6.55	7.04	6.47	6.96	4945085	105441992.00
2011/08/12	7.03	7.34	6.97	7.12	5420382	121227680.00
2011/08/15	7.08	7.25	7.05	7.20	4407375	98571768.00
2011/08/16	7.20	7.33	7.15	7.25	4375652	99303200.00
2011/08/17	7.23	7.28	7.02	7.06	3372967	74982152.00
2011/08/18	7.06	7.10	6.80	6.87	2788422	60336044.00
2011/08/19	6.74	7.20	6.74	7.05	4928136	108348120.00
2011/08/22	6.98	7.21	6.98	7.06	2970879	65920264.00
2011/08/23	7.07	7.37	7.07	7.37	5297675	119942248.00
2011/08/24	7.43	7.43	7.22	7.23	4820106	110262088.00
2011/08/26	7.32	7.58	7.32	7.47	6379565	147853888.00
2011/08/29	7.50	7.53	7.37	7.38	3730789	86666240.00
2011/08/30	7.42	7.48	7.18	7.19	2971058	68095928.00
2011/08/31	7.14	7.18	6.87	7.02	2688577	59040632.00
2011/09/01	7.06	7.15	6.94	6.97	1863284	41029744.00
2011/09/02	7.03	7.03	6.81	6.87	1474403	31730636.00
2011/09/05	6.75	6.82	6.58	6.58	1542502	32319562.00
2011/09/06	6.53	6.61	6.44	6.48	1775813	36260932.00
2011/09/07	6.54	6.72	6.51	6.71	1895468	39415056.00
2011/09/08	6.72	6.79	6.56	6.56	1916245	40080864.00
2011/09/09	6.55	6.66	6.48	6.61	1251071	25726162.00
2011/09/13	6.51	6.51	6.30	6.36	1409787	28247552.00
2011/09/14	6.39	6.45	6.28	6.45	1124213	22523790.00
2011/09/15	6.46	6.56	6.42	6.47	1565405	31910158.00
2011/09/16	6.52	6.55	6.38	6.38	1015554	20631258.00
2011/09/19	6.40	6.40	6.16	6.16	1099137	21603926.00
2011/09/20	6.16	6.24	6.07	6.16	944980	18274840.00
2011/09/21	6.17	6.40	6.14	6.37	1604955	31861662.00
2011/09/22	6.33	6.37	6.13	6.13	1389254	27282212.00
2011/09/23	6.03	6.13	5.98	6.10	1029702	19606372.00
2011/09/26	6.10	6.17	6.00	6.05	899937	17280774.00
2011/09/27	6.06	6.22	6.06	6.18	1419997	27452574.00
2011/09/28	6.20	6.26	5.98	6.00	1116735	21484868.00
2011/09/30	5.90	5.94	5.76	5.82	1224241	22506190.00
2011/10/10	5.90	5.90	5.77	5.78	616184	11322304.00
2011/10/11	5.93	5.95	5.77	5.80	746224	13826725.00
2011/10/12	5.77	6.02	5.72	6.01	1202478	22494918.00
2011/10/13	6.00	6.13	5.93	6.08	1197694	22900938.00
2011/10/14	6.05	6.08	5.95	6.02	816401	15452026.00
2011/10/17	6.03	6.29	6.03	6.25	2194856	42705172.00
2011/10/18	6.16	6.34	6.02	6.05	2044165	39887548.00
2011/10/19	6.09	6.25	6.06	6.12	1679283	32619272.00
2011/10/20	6.10	6.11	5.80	5.88	1414945	26376042.00
2011/10/21	5.89	5.95	5.76	5.76	826479	15195388.00
2011/10/24	5.77	5.89	5.64	5.88	1016626	18629938.00
2011/10/25	5.83	6.07	5.67	6.01	3136134	58164236.00
2011/10/26	5.92	6.15	5.89	6.04	3079722	58638312.00
2011/10/27	6.06	6.14	5.97	6.03	1879582	35844544.00
2011/10/28	6.13	6.15	6.00	6.15	5337917	101811536.00
2011/10/31	6.13	6.16	6.04	6.12	3340443	64045440.00
2011/11/01	6.04	6.35	6.03	6.30	5899835	114976792.00
2011/11/02	6.16	6.49	6.14	6.44	5554936	110440576.00
2011/11/03	6.47	6.52	6.30	6.32	4936395	99311840.00
2011/11/04	6.36	6.39	6.23	6.30	2584913	51221128.00
2011/11/07	6.26	6.33	6.23	6.26	1740755	34303632.00
2011/11/08	6.30	6.37	6.22	6.22	2103873	41653916.00
2011/11/09	6.25	6.32	6.16	6.31	1727216	33901188.00
2011/11/10	6.26	6.35	6.19	6.23	2372926	46826560.00
2011/11/11	6.27	6.34	6.21	6.23	1534113	30302960.00
2011/11/14	6.29	6.39	6.27	6.39	2740655	54764848.00
2011/11/15	6.37	6.43	6.35	6.39	1838401	36905648.00
2011/11/16	6.38	6.42	6.04	6.11	2631638	51532104.00
2011/11/17	6.12	6.19	6.02	6.06	2069276	39746452.00
2011/11/18	6.00	6.07	5.80	5.83	2604638	48532928.00
2011/11/21	5.86	5.87	5.78	5.85	993290	18265390.00
2011/11/22	5.82	6.01	5.79	6.00	2485081	46438960.00
2011/11/23	5.98	5.99	5.86	5.88	1612999	30120052.00
2011/11/24	5.80	5.88	5.74	5.83	1163365	21338618.00
2011/11/25	5.84	5.87	5.75	5.76	926374	16973404.00
2011/11/28	5.76	5.81	5.72	5.75	884560	16081531.00
2011/11/29	5.82	5.87	5.73	5.87	1808518	33035320.00
2011/11/30	5.83	5.84	5.38	5.43	2126051	37667076.00
2011/12/01	5.62	5.66	5.48	5.49	2021559	35647196.00
2011/12/02	5.48	5.48	5.26	5.30	1323465	22409748.00
2011/12/05	5.27	5.30	5.07	5.07	1076876	17643466.00
2011/12/06	5.03	5.15	5.03	5.12	672030	10872314.00
2011/12/07	5.10	5.18	5.10	5.15	915777	14974444.00
2011/12/08	5.13	5.23	5.00	5.15	1261851	20551656.00
2011/12/09	5.10	5.29	5.06	5.22	1461121	24169348.00
2011/12/12	5.21	5.26	5.17	5.18	872109	14437744.00
2011/12/13	5.13	5.13	4.70	4.88	1227443	19217842.00
2011/12/14	4.88	4.90	4.75	4.76	662883	10193513.00
2011/12/15	4.72	4.78	4.67	4.67	950038	14302398.00
2011/12/16	4.70	4.81	4.63	4.77	1175982	17719914.00
2011/12/19	4.76	4.85	4.66	4.83	1116189	16912380.00
2011/12/20	4.78	4.90	4.78	4.80	1155681	17847594.00
2011/12/21	4.85	4.87	4.66	4.66	912228	13949013.00
2011/12/22	4.63	4.63	4.34	4.46	1442436	20614028.00
2011/12/23	4.46	4.56	4.43	4.50	1105079	15958831.00
2011/12/26	4.50	4.54	4.43	4.43	682380	9803601.00
2011/12/27	4.46	4.61	4.30	4.55	3857393	55082884.00
2011/12/28	4.50	4.53	4.27	4.40	2817654	39825740.00
2011/12/29	4.33	4.43	4.33	4.40	1516153	21344198.00
2011/12/30	4.42	4.53	4.41	4.51	1889708	27074172.00
2012/01/04	4.55	4.58	4.30	4.30	1550244	22136660.00
2012/01/05	4.25	4.26	4.02	4.03	1510579	20066850.00
2012/01/06	4.03	4.15	4.00	4.12	1081965	14155912.00
2012/01/09	4.12	4.31	4.08	4.31	1529647	20784216.00
2012/01/10	4.31	4.52	4.27	4.48	2254140	31890794.00
2012/01/11	4.46	4.59	4.41	4.53	2246713	32415902.00
2012/01/12	4.53	4.61	4.47	4.48	1647242	23878172.00
2012/01/13	4.48	4.50	4.20	4.21	1752106	24340994.00
2012/01/16	4.14	4.20	4.07	4.08	826892	11004139.00
2012/01/17	4.09	4.38	4.08	4.35	1337774	18330790.00
2012/01/18	4.35	4.44	4.25	4.27	1726823	24165000.00
2012/01/19	4.28	4.42	4.25	4.42	1056949	14755256.00
2012/01/20	4.36	4.45	4.33	4.41	1815179	25543890.00
2012/01/30	4.39	4.48	4.37	4.41	1264572	17953230.00
2012/01/31	4.39	4.42	4.29	4.34	1000614	13898284.00
2012/02/01	4.35	4.42	4.30	4.31	881022	12295523.00
2012/02/02	4.33	4.38	4.28	4.38	989675	13753606.00
2012/02/03	4.38	4.51	4.35	4.49	1966177	27950792.00
2012/02/06	4.50	4.55	4.46	4.54	1759006	25359080.00
2012/02/07	4.52	4.52	4.39	4.41	1358392	19305544.00
2012/02/08	4.41	4.56	4.40	4.53	1579592	22724396.00
2012/02/09	4.53	4.64	4.53	4.56	2357523	34558760.00
2012/02/10	4.54	4.63	4.53	4.60	1714094	25121154.00
2012/02/13	4.59	4.69	4.55	4.67	1975644	29312590.00
2012/02/14	4.63	4.70	4.59	4.63	1483325	21955716.00
2012/02/15	4.61	4.73	4.59	4.73	2010828	29973962.00
2012/02/16	4.73	4.77	4.63	4.70	2210830	33220604.00
2012/02/17	4.71	4.81	4.67	4.71	1990116	30029048.00
2012/02/20	4.78	4.79	4.71	4.71	1617061	24454282.00
2012/02/21	4.72	4.75	4.63	4.75	1660773	24858614.00
2012/02/22	4.75	4.89	4.75	4.88	2996610	46224724.00
2012/02/23	4.90	5.06	4.87	4.96	3146568	49705060.00
2012/02/24	4.97	5.03	4.91	4.99	2207583	34974460.00
2012/02/27	5.01	5.10	4.94	4.94	2998133	47925376.00
2012/02/28	4.97	4.98	4.77	4.88	2818813	43734872.00
2012/02/29	4.84	4.93	4.82	4.85	1621626	25132204.00
2012/03/01	4.83	4.89	4.82	4.85	1203076	18600678.00
2012/03/02	4.86	5.01	4.86	4.98	2150453	33846044.00
2012/03/05	4.99	5.04	4.94	4.95	1972002	31293396.00
2012/03/06	4.93	4.96	4.83	4.86	1593560	24716886.00
2012/03/07	4.80	4.91	4.80	4.83	1409628	21770472.00
2012/03/08	4.88	5.15	4.87	5.11	3960797	63165880.00
2012/03/09	5.11	5.14	5.06	5.13	3315879	53705552.00
2012/03/12	5.13	5.21	5.09	5.18	2420436	39590980.00
2012/03/13	5.18	5.27	5.11	5.26	2526364	41644908.00
2012/03/14	5.27	5.38	4.92	4.98	4549298	74586672.00
2012/03/15	4.99	5.07	4.86	4.95	1989709	31341238.00
2012/03/16	4.98	5.06	4.92	5.04	1670345	26593656.00
2012/03/19	5.04	5.23	5.03	5.19	1970734	32157278.00
2012/03/20	5.13	5.43	5.13	5.24	5982086	100367544.00
2012/03/21	5.26	5.35	5.13	5.30	2740981	45421784.00
2012/03/22	5.26	5.29	5.18	5.23	1397006	23163894.00
2012/03/23	5.20	5.21	5.00	5.04	2053597	33085002.00
2012/03/26	5.03	5.06	4.95	4.98	1176433	18697210.00
2012/03/27	4.99	5.10	4.99	5.04	1264733	20298964.00
2012/03/28	5.00	5.00	4.70	4.70	1731781	26519738.00
2012/03/29	4.65	4.67	4.47	4.50	1265818	18544608.00
2012/03/30	4.50	4.56	4.37	4.42	838601	11987203.00
2012/04/05	4.42	4.59	4.40	4.59	995425	14465563.00
2012/04/06	4.59	4.73	4.53	4.68	1092697	16215065.00
2012/04/09	4.62	4.68	4.58	4.60	541399	8003200.50
2012/04/10	4.59	4.90	4.43	4.87	1028969	15278119.00
2012/04/11	4.79	4.92	4.74	4.83	937831	14445640.00
2012/04/12	4.90	4.91	4.79	4.90	962580	14928257.00
2012/04/13	4.93	4.95	4.86	4.92	1220816	19076896.00
2012/04/16	4.91	4.96	4.87	4.89	728151	11397770.00
2012/04/17	4.89	4.90	4.69	4.75	1059634	16120148.00
2012/04/18	4.75	4.91	4.72	4.87	759110	11665608.00
2012/04/19	4.87	4.91	4.85	4.88	689561	10713624.00
2012/04/20	4.87	4.97	4.86	4.93	1316262	20604286.00
2012/04/23	4.93	4.97	4.68	4.77	1899894	29195362.00
2012/04/24	4.74	4.77	4.44	4.57	1960548	28963794.00
2012/04/25	4.53	4.63	4.45	4.63	1179718	17292476.00
2012/04/26	4.65	4.65	4.55	4.56	865152	12704830.00
2012/04/27	4.59	4.62	4.54	4.58	482814	7076653.50
2012/05/02	4.63	4.67	4.60	4.65	785567	11651210.00
2012/05/03	4.65	4.68	4.61	4.65	942676	13992535.00
2012/05/04	4.68	4.68	4.62	4.68	804830	11964698.00
2012/05/07	4.66	5.02	4.58	5.00	4716718	72651768.00
2012/05/08	4.93	5.27	4.89	5.07	6782916	109400912.00
2012/05/09	5.00	5.02	4.88	4.89	2388683	37600528.00
2012/05/10	4.89	5.01	4.88	4.92	1378089	21702634.00
2012/05/11	4.92	4.97	4.84	4.84	1157772	18090530.00
2012/05/15	4.78	4.78	4.63	4.69	1403346	20968492.00
2012/05/16	4.69	4.73	4.64	4.65	759671	11367415.00
2012/05/17	4.64	4.73	4.63	4.73	808419	12103186.00
2012/05/18	4.69	4.76	4.64	4.67	779583	11657060.00
2012/05/21	4.66	4.77	4.64	4.67	480424	7174735.00
2012/05/22	4.72	4.74	4.69	4.72	658161	9915667.00
2012/05/23	4.73	4.77	4.67	4.72	690858	10398179.00
2012/05/24	4.72	4.75	4.61	4.63	751668	11241220.00
2012/05/25	4.63	4.63	4.47	4.53	1300781	18888500.00
2012/05/28	4.52	4.58	4.42	4.56	909996	13142522.00
2012/05/29	4.58	4.64	4.55	4.62	933107	13717538.00
2012/05/30	4.62	4.63	4.57	4.60	712470	10471709.00
2012/05/31	4.60	4.74	4.60	4.70	1255204	18790992.00
2012/06/01	4.69	4.74	4.66	4.72	690536	10359391.00
2012/06/04	4.66	4.66	4.57	4.57	848306	12515441.00
2012/06/05	4.55	4.63	4.55	4.58	382257	5613574.00
2012/06/06	4.62	4.65	4.55	4.56	643858	9433041.00
2012/06/07	4.60	4.60	4.35	4.36	1311957	12195170.00
2012/06/08	4.40	4.41	4.26	4.27	1059440	9592356.00
2012/06/11	4.28	4.34	4.25	4.32	704051	6334622.50
2012/06/12	4.31	4.32	4.25	4.27	426351	3820617.25
2012/06/13	4.27	4.33	4.27	4.32	1054227	9495262.00
2012/06/14	4.32	4.38	4.30	4.33	1106421	10056428.00
2012/06/15	4.34	4.36	4.28	4.34	693987	6274067.50
2012/06/18	4.34	4.41	4.32	4.40	787412	7210904.50
2012/06/19	4.40	4.40	4.36	4.37	502123	4600939.50
2012/06/20	4.38	4.41	4.36	4.38	638312	5847203.00
2012/06/21	4.37	4.39	4.28	4.30	658246	5931984.00
2012/06/25	4.29	4.30	4.16	4.19	580579	5166744.00
2012/06/26	4.17	4.22	4.15	4.21	457425	4014147.50
2012/06/27	4.24	4.30	4.17	4.18	460851	4086358.25
2012/06/28	4.18	4.21	4.08	4.09	641496	5574630.00
2012/06/29	4.09	4.14	4.00	4.13	610215	5218464.00
2012/07/02	4.15	4.15	4.10	4.12	592924	5118062.50
2012/07/03	4.13	4.14	4.08	4.10	765736	6604416.00
2012/07/04	4.12	4.12	4.04	4.05	769792	6571167.00
2012/07/05	4.01	4.03	3.84	3.86	1128975	9278253.00
2012/07/06	3.89	3.90	3.77	3.88	1137125	9155715.00
2012/07/09	3.83	3.90	3.66	3.68	1041145	8279885.50
2012/07/10	3.67	3.70	3.62	3.65	1037824	7980521.00
2012/07/11	3.60	3.67	3.60	3.65	626999	4813623.00
2012/07/12	3.61	3.71	3.60	3.67	1257136	9703084.00
2012/07/13	3.67	3.68	3.56	3.56	1306379	9948130.00
2012/07/16	3.56	3.56	3.26	3.28	1621488	11596522.00
2012/07/17	3.27	3.34	3.25	3.31	740668	5183846.00
2012/07/18	3.31	3.32	3.24	3.32	1066929	7434474.50
2012/07/19	3.30	3.44	3.29	3.38	1652071	11809657.00
2012/07/20	3.39	3.41	3.36	3.39	1025604	7347123.00
2012/07/23	3.35	3.35	3.29	3.30	985521	6919961.50
2012/07/24	3.29	3.36	3.29	3.36	798015	5624131.00
2012/07/25	3.34	3.37	3.32	3.33	620840	4403031.50
2012/07/26	3.33	3.38	3.31	3.33	753223	5337526.00
2012/07/27	3.31	3.36	3.31	3.32	749340	5282807.00
2012/07/30	3.33	3.37	3.21	3.23	854942	5963444.50
2012/07/31	3.19	3.23	3.12	3.22	1030939	6941679.00
2012/08/01	3.21	3.29	3.19	3.26	1222466	8399542.00
2012/08/02	3.23	3.23	3.16	3.17	857431	5803940.00
2012/08/03	3.18	3.26	3.15	3.24	943863	6408170.00
2012/08/06	3.23	3.33	3.21	3.32	1226714	8543945.00
2012/08/07	3.32	3.39	3.31	3.39	1844813	13121898.00
2012/08/08	3.38	3.42	3.35	3.38	1241553	8887634.00
2012/08/09	3.38	3.49	3.36	3.47	1685481	12220326.00
2012/08/10	3.47	3.55	3.43	3.50	1664723	12272059.00
2012/08/13	3.49	3.53	3.36	3.37	1358999	9875321.00
2012/08/14	3.36	3.42	3.32	3.42	866659	6167703.00
2012/08/15	3.39	3.41	3.34	3.34	895045	6377922.00
2012/08/16	3.32	3.37	3.32	3.34	543247	3846098.50
2012/08/17	3.34	3.37	3.33	3.37	666470	4732816.50
2012/08/20	3.36	3.40	3.32	3.39	752842	5344531.00
2012/08/21	3.38	3.50	3.37	3.45	1431886	10458520.00
2012/08/22	3.45	3.52	3.42	3.43	1199135	8762715.00
2012/08/23	3.43	3.59	3.41	3.54	1693202	12557433.00
2012/08/24	3.54	3.54	3.44	3.44	987386	7270237.00
2012/08/27	3.40	3.40	3.29	3.31	1042666	7349240.50
2012/08/28	3.29	3.36	3.28	3.34	711365	5007580.50
2012/08/29	3.32	3.38	3.29	3.34	739558	5234991.50
2012/08/30	3.32	3.34	3.17	3.24	1017596	7047066.00
2012/08/31	3.21	3.27	3.21	3.24	491685	3387385.25
2012/09/03	3.24	3.32	3.18	3.32	714648	4975552.50
2012/09/04	3.29	3.55	3.29	3.46	2952990	21471946.00
2012/09/05	3.47	3.48	3.38	3.45	1827479	13266682.00
2012/09/06	3.43	3.49	3.42	3.49	1465785	10706111.00
2012/09/07	3.49	3.64	3.49	3.58	2690999	20289284.00
2012/09/10	3.58	3.73	3.57	3.68	2844449	21924622.00
2012/09/11	3.64	3.68	3.61	3.67	1296502	9958780.00
2012/09/12	3.66	3.72	3.61	3.66	1275964	9826739.00
2012/09/13	3.67	3.67	3.54	3.55	1319950	10039632.00
2012/09/14	3.58	3.60	3.51	3.56	1209665	9080361.00
2012/09/17	3.57	3.91	3.55	3.67	5205814	40856208.00
2012/09/18	3.60	3.69	3.50	3.62	2751712	20869184.00
2012/09/19	3.60	3.62	3.52	3.57	1409089	10587102.00
2012/09/20	3.56	3.56	3.32	3.34	1712174	12516359.00
2012/09/21	3.32	3.38	3.31	3.32	862201	6108288.00
2012/09/24	3.27	3.38	3.26	3.35	689206	4847731.00
2012/09/25	3.33	3.37	3.30	3.32	458286	3235096.50
2012/09/26	3.34	3.34	3.23	3.25	495649	3449254.75
2012/09/27	3.25	3.37	3.25	3.34	584622	4114108.25
2012/09/28	3.34	3.42	3.34	3.41	610421	4362537.50
2012/10/08	3.41	3.44	3.35	3.37	660105	4716857.00
2012/10/09	3.37	3.47	3.37	3.47	942473	6857721.00
2012/10/10	3.44	3.83	3.44	3.83	3577891	28530678.00
2012/10/11	4.05	4.13	3.73	3.75	11329139	94421808.00
2012/10/12	3.64	3.72	3.56	3.65	4858388	37306052.00
2012/10/15	3.63	3.63	3.53	3.56	2007133	15093656.00
2012/10/16	3.56	3.62	3.53	3.57	1668990	12622990.00
2012/10/17	3.57	3.68	3.54	3.66	2530306	19381570.00
2012/10/18	3.65	3.70	3.60	3.68	2605790	20130034.00
2012/10/19	3.64	3.69	3.59	3.62	1668351	12777818.00
2012/10/22	3.60	3.63	3.54	3.62	1266527	9573268.00
2012/10/23	3.59	3.67	3.58	3.59	1486711	11395224.00
2012/10/24	3.59	3.63	3.56	3.59	1116568	8458550.00
2012/10/25	3.65	3.67	3.44	3.45	2138777	15989764.00
2012/10/26	3.46	3.47	3.33	3.35	1582376	11298278.00
2012/10/29	3.38	3.39	3.33	3.36	751599	5345801.00
2012/10/30	3.37	3.41	3.33	3.38	745981	5328613.00
2012/10/31	3.38	3.38	3.34	3.37	960747	6834544.50
2012/11/01	3.37	3.46	3.37	3.44	1152967	8354140.50
2012/11/02	3.45	3.49	3.42	3.45	796589	5802512.00
2012/11/05	3.45	3.47	3.41	3.46	820310	5980338.50
2012/11/06	3.45	3.45	3.36	3.40	865646	6231643.50
2012/11/07	3.37	3.45	3.37	3.42	941403	6809016.00
2012/11/08	3.40	3.40	3.32	3.33	974700	6928315.00
2012/11/09	3.37	3.37	3.29	3.30	693000	4864856.00
2012/11/12	3.35	3.35	3.30	3.33	395770	2790433.25
2012/11/13	3.34	3.34	3.29	3.30	452587	3176721.75
2012/11/14	3.32	3.32	3.25	3.30	399853	2787536.00
2012/11/15	3.27	3.28	3.21	3.21	606802	4182047.75
2012/11/16	3.20	3.21	3.15	3.19	567942	3823403.00
2012/11/19	3.19	3.19	3.13	3.19	632500	4242599.50
2012/11/20	3.21	3.23	3.18	3.20	512301	3491536.25
2012/11/21	3.20	3.27	3.18	3.27	690539	4723699.00
2012/11/22	3.26	3.27	3.22	3.24	387717	2669050.75
2012/11/23	3.27	3.27	3.23	3.24	302351	2085611.88
2012/11/26	3.24	3.26	3.15	3.16	397809	2702355.25
2012/11/27	3.12	3.16	2.98	2.98	785450	5082081.00
2012/11/28	2.91	2.95	2.89	2.92	670178	4170587.50
2012/11/29	2.92	2.97	2.89	2.91	477260	2981957.50
2012/11/30	2.91	2.97	2.87	2.95	514868	3225456.50
2012/12/03	2.92	2.95	2.85	2.85	454900	2820936.75
2012/12/04	2.86	2.91	2.83	2.90	464698	2850267.00
2012/12/05	2.90	3.03	2.90	2.99	988136	6302236.50
2012/12/06	3.01	3.02	2.97	2.99	527304	3368328.75
2012/12/07	3.01	3.08	2.98	3.07	986653	6396286.50
2012/12/10	3.07	3.14	3.07	3.13	1052246	6953696.00
2012/12/11	3.12	3.15	3.04	3.09	778170	5140128.50
2012/12/12	3.11	3.11	3.03	3.08	768994	5026600.50
2012/12/13	3.04	3.08	3.02	3.03	638406	4142799.00
2012/12/14	3.04	3.17	3.04	3.16	1397099	9300457.00
2012/12/17	3.16	3.21	3.13	3.20	1223920	8253374.00
2012/12/18	3.17	3.23	3.16	3.16	1068021	7242449.50
2012/12/19	3.17	3.24	3.15	3.21	905816	6149346.50
2012/12/20	3.20	3.23	3.15	3.20	868011	5889621.50
2012/12/21	3.18	3.24	3.17	3.23	1162751	7924172.50
2012/12/24	3.21	3.29	3.20	3.26	1315609	9100614.00
2012/12/25	3.25	3.37	3.25	3.36	1801607	12696713.00
2012/12/26	3.37	3.45	3.35	3.45	2129087	15335074.00
2012/12/27	3.44	3.54	3.38	3.38	2156814	15681035.00
2012/12/28	3.39	3.42	3.35	3.42	1280689	9189444.00
2012/12/31	3.43	3.44	3.39	3.43	973603	7038720.50
2013/01/04	3.45	3.45	3.37	3.40	891887	6432871.00
2013/01/07	3.40	3.45	3.32	3.44	1059730	7636276.50
2013/01/08	3.46	3.73	3.40	3.68	5764631	43797728.00
2013/01/09	3.67	3.87	3.64	3.80	5479871	43384032.00
2013/01/10	3.80	3.82	3.74	3.80	2376013	18870254.00
2013/01/11	3.81	4.19	3.80	3.96	8706696	72892376.00
2013/01/14	3.95	4.08	3.87	4.07	11012242	91632456.00
2013/01/15	4.00	4.02	3.93	3.97	7412437	61773620.00
2013/01/16	3.92	3.98	3.76	3.83	5456315	44118820.00
2013/01/17	3.83	3.84	3.77	3.79	1916519	15320114.00
2013/01/18	3.80	3.82	3.69	3.80	2968057	23528900.00
2013/01/21	3.80	3.82	3.76	3.80	1793915	14319346.00
2013/01/22	3.80	3.83	3.69	3.71	2390169	19010522.00
2013/01/23	3.71	3.75	3.67	3.72	1629068	12698055.00
2013/01/24	3.71	3.79	3.57	3.60	2610238	20339590.00
2013/01/25	3.59	3.62	3.57	3.62	1038706	7877740.50
2013/01/28	3.62	3.75	3.61	3.74	1745475	13634008.00
2013/01/29	3.73	3.79	3.73	3.74	1568272	12402726.00
2013/01/30	3.74	3.78	3.70	3.74	1288428	10114513.00
2013/01/31	3.75	3.76	3.67	3.71	1108403	8642719.00
2013/02/01	3.71	3.73	3.68	3.72	913145	7132774.50
2013/02/04	3.72	3.74	3.68	3.68	951843	7421171.50
2013/02/05	3.66	3.73	3.65	3.72	920724	7157844.50
2013/02/06	3.74	3.77	3.70	3.76	1143130	9031078.00
2013/02/07	3.74	3.76	3.70	3.74	733461	5766092.50
2013/02/08	3.75	3.84	3.75	3.83	1750016	14042926.00
2013/02/18	3.84	3.86	3.81	3.84	1200846	9695981.00
2013/02/19	3.85	3.86	3.73	3.75	1206554	9586839.00
2013/02/20	3.75	3.82	3.74	3.81	1313576	10457328.00
2013/02/21	3.80	3.80	3.64	3.68	1562395	12239129.00
2013/02/22	3.64	3.70	3.63	3.65	949192	7330001.00
2013/02/25	3.67	3.70	3.66	3.68	588642	4564127.00
2013/02/26	3.70	3.72	3.64	3.66	846373	6578956.50
2013/02/27	3.66	3.70	3.57	3.61	948789	7275436.50
2013/02/28	3.59	3.75	3.57	3.71	1636860	12629079.00
2013/03/01	3.70	3.81	3.67	3.79	2455588	19312502.00
2013/03/04	3.76	3.78	3.63	3.68	1616737	12584948.00
2013/03/05	3.68	3.77	3.67	3.72	1281672	10045953.00
2013/03/06	3.72	3.78	3.71	3.78	1774356	14028538.00
2013/03/07	3.78	3.82	3.73	3.79	1816940	14464790.00
2013/03/08	3.78	3.84	3.76	3.79	1728599	13852806.00
2013/03/11	3.83	3.84	3.73	3.74	962150	7632501.50
2013/03/12	3.73	3.76	3.54	3.60	1380021	10602077.00
2013/03/13	3.60	3.62	3.49	3.51	727818	5420771.00
2013/03/14	3.48	3.66	3.48	3.61	1158330	8724778.00
2013/03/15	3.62	3.66	3.56	3.59	1173349	8933045.00
2013/03/18	3.60	3.71	3.51	3.53	1300131	9935553.00
2013/03/19	3.53	3.60	3.50	3.60	576639	4326403.50
2013/03/20	3.60	3.67	3.57	3.65	1838618	14080773.00
2013/03/21	3.64	3.69	3.62	3.64	1357620	10454230.00
2013/03/22	3.62	3.67	3.62	3.66	773646	5953451.50
2013/03/25	3.66	3.67	3.59	3.60	1148245	8751659.00
2013/03/26	3.58	3.59	3.49	3.53	1036409	7723817.00
2013/03/27	3.54	3.57	3.51	3.51	780784	5829013.50
2013/03/28	3.52	3.52	3.35	3.36	1478052	10639019.00
2013/03/29	3.38	3.39	3.33	3.36	593904	4226404.50
2013/04/01	3.37	3.40	3.36	3.38	476654	3409462.25
2013/04/02	3.38	3.41	3.34	3.35	481821	3444920.00
2013/04/03	3.37	3.38	3.32	3.32	480960	3401894.50
2013/04/08	3.30	3.30	3.22	3.27	599827	4128537.25
2013/04/09	3.29	3.33	3.27	3.32	612115	4289825.00
2013/04/10	3.33	3.36	3.30	3.31	464163	3265954.25
2013/04/11	3.31	3.43	3.30	3.43	1018307	7222557.50
2013/04/12	3.42	3.43	3.35	3.41	1195735	8597084.00
2013/04/15	3.38	3.38	3.30	3.31	429182	3038643.75
2013/04/16	3.31	3.44	3.28	3.41	1328806	9540784.00
2013/04/17	3.43	3.43	3.37	3.43	965763	6969475.50
2013/04/18	3.41	3.44	3.39	3.41	728125	5269716.00
2013/04/19	3.38	3.47	3.38	3.45	1483463	10793855.00
2013/04/22	3.45	3.47	3.40	3.46	1020870	7419539.50
2013/04/23	3.40	3.43	3.27	3.28	1512358	10677063.00
2013/04/24	3.28	3.33	3.26	3.32	723579	5054181.00
2013/04/25	3.32	3.32	3.26	3.27	949987	6632055.50
2013/04/26	3.25	3.28	3.19	3.20	790924	5427348.00
2013/05/02	3.29	3.29	3.18	3.27	693247	4744650.50
2013/05/03	3.27	3.32	3.24	3.29	1128137	7843589.00
2013/05/06	3.29	3.32	3.27	3.31	921432	6450087.50
2013/05/07	3.30	3.31	3.27	3.30	689721	4814682.50
2013/05/08	3.31	3.33	3.29	3.33	888085	6243468.00
2013/05/09	3.32	3.33	3.29	3.33	1005803	7056182.50
2013/05/10	3.33	3.39	3.31	3.39	1332736	9442607.00
2013/05/13	3.38	3.45	3.36	3.45	1767958	12748555.00
2013/05/14	3.45	3.45	3.31	3.34	1095956	7817097.50
2013/05/15	3.34	3.40	3.33	3.39	856568	6125950.00
2013/05/16	3.39	3.44	3.37	3.42	1057306	7627842.00
2013/05/17	3.42	3.47	3.39	3.47	1393898	10136283.00
2013/05/20	3.48	3.55	3.44	3.54	2306034	17069034.00
2013/05/21	3.51	3.79	3.51	3.71	5873648	45511492.00
2013/05/22	3.64	3.72	3.63	3.65	3313946	25564908.00
2013/05/23	3.62	3.68	3.56	3.58	1816781	13848672.00
2013/05/24	3.57	3.64	3.57	3.63	1452996	11056327.00
2013/05/27	3.63	3.73	3.61	3.72	2630254	20511632.00
2013/05/28	3.71	3.71	3.63	3.66	1735309	13390621.00
2013/05/29	3.67	3.70	3.64	3.67	1292760	9993419.00
2013/05/30	3.67	3.67	3.63	3.65	1268742	9745967.00
2013/05/31	3.64	3.67	3.58	3.59	1722059	13198536.00
2013/06/03	3.58	3.62	3.56	3.56	943072	7135361.00
2013/06/04	3.58	3.58	3.48	3.48	1468266	10868713.00
2013/06/05	3.46	3.52	3.46	3.51	641254	4741819.00
2013/06/06	3.55	3.55	3.43	3.43	768352	5560027.00
2013/06/07	3.42	3.46	3.36	3.37	708871	5019532.50
2013/06/13	3.35	3.35	3.23	3.26	786947	5349185.00
2013/06/14	3.24	3.29	3.24	3.28	614033	4201154.00
2013/06/17	3.28	3.30	3.25	3.29	497986	3412453.25
2013/06/18	3.28	3.30	3.26	3.29	451556	3095221.00
2013/06/19	3.27	3.27	3.22	3.25	573014	3887007.50
2013/06/20	3.23	3.32	3.21	3.25	801068	5470997.00
2013/06/21	3.15	3.31	3.13	3.30	807310	5458169.00
2013/06/24	3.33	3.33	3.11	3.18	1532461	10390920.00
2013/06/25	3.17	3.28	2.88	3.20	1924201	12607287.00
2013/06/26	3.17	3.20	3.13	3.15	626134	4154294.00
2013/06/27	3.25	3.25	3.00	3.00	688000	4523712.00
2013/06/28	3.00	3.20	2.97	3.13	1854298	12170445.00
2013/07/01	3.10	3.15	3.07	3.14	905497	5930682.50
2013/07/02	3.18	3.25	3.13	3.22	1787435	11928322.00
2013/07/03	3.20	3.20	3.11	3.14	828082	5463205.50
2013/07/04	3.15	3.20	3.14	3.17	611713	4063432.50
2013/07/05	3.17	3.19	3.11	3.11	734739	4846936.00
2013/07/08	3.09	3.09	2.95	2.96	702000	4412880.50
2013/07/09	2.95	3.04	2.93	2.98	325775	2039531.00
2013/07/10	2.97	3.07	2.97	3.07	686787	4375984.50
2013/07/11	3.06	3.17	3.05	3.14	1393862	9089584.00
2013/07/12	3.10	3.16	3.07	3.08	758280	4950306.00
2013/07/15	3.08	3.14	3.06	3.14	1049511	6851025.50
2013/07/16	3.14	3.19	3.09	3.19	1163250	7665341.00
2013/07/17	3.19	3.22	3.13	3.13	1141250	7567789.50
2013/07/18	3.12	3.15	3.06	3.10	815837	5315248.00
2013/07/19	3.11	3.15	3.04	3.04	743400	4854246.00
2013/07/22	3.03	3.08	2.98	3.06	459518	2933130.75
2013/07/23	3.07	3.13	3.05	3.13	762080	4951567.50
2013/07/24	3.13	3.17	3.13	3.15	1378988	9083226.00
2013/07/25	3.13	3.19	3.11	3.12	721075	4754648.00
2013/07/26	3.10	3.14	3.06	3.14	830380	5399211.00
2013/07/29	3.14	3.14	3.06	3.09	606042	3944657.50
2013/07/30	3.10	3.15	3.05	3.15	1031542	6727661.00
2013/07/31	3.16	3.19	3.12	3.14	1118449	7381952.00
2013/08/01	3.13	3.22	3.13	3.21	1493969	9954705.00
2013/08/02	3.21	3.26	3.18	3.22	1168512	7867431.50
2013/08/05	3.24	3.27	3.18	3.26	1023346	6935221.00
2013/08/06	3.25	3.31	3.23	3.29	1460969	9987756.00
2013/08/07	3.29	3.29	3.22	3.23	1449202	9869233.00
2013/08/08	3.23	3.26	3.21	3.21	1117180	7560022.00
2013/08/09	3.25	3.28	3.21	3.27	1627530	11053715.00
2013/08/12	3.30	3.33	3.27	3.33	1079209	7455951.00
2013/08/13	3.35	3.37	3.29	3.34	1038711	7221051.00
2013/08/14	3.34	3.40	3.31	3.32	1117674	7811535.50
2013/08/15	3.32	3.33	3.25	3.26	1152551	7919168.00
2013/08/16	3.25	3.32	3.19	3.22	1027172	6990890.50
2013/08/19	3.20	3.27	3.19	3.27	605203	4100337.25
2013/08/20	3.27	3.31	3.22	3.31	1216226	8323500.50
2013/08/21	3.27	3.35	3.27	3.35	1319401	9165720.00
2013/08/22	3.35	3.38	3.33	3.35	1571864	11028356.00
2013/08/23	3.35	3.48	3.35	3.39	3933727	28061506.00
2013/08/26	3.39	3.44	3.37	3.44	1781567	12676127.00
2013/08/27	3.44	3.44	3.39	3.44	1515739	10806502.00
2013/08/28	3.43	3.52	3.39	3.46	2387492	17289466.00
2013/08/29	3.47	3.48	3.40	3.44	1265370	9059937.00
2013/08/30	3.44	3.46	3.35	3.37	1685388	11970749.00
2013/09/02	3.37	3.43	3.36	3.43	979808	6942350.50
2013/09/03	3.43	3.48	3.41	3.48	1099982	7933203.00
2013/09/04	3.45	3.49	3.39	3.43	2030282	14503568.00
2013/09/05	3.43	3.45	3.35	3.36	2404943	16922534.00
2013/09/06	3.35	3.42	3.26	3.41	2829776	19800980.00
2013/09/09	3.41	3.42	3.38	3.40	2436955	17271000.00
2013/09/10	3.40	3.42	3.37	3.39	2996810	21231408.00
2013/09/11	3.40	3.54	3.37	3.49	9699784	69879368.00
2013/09/12	3.43	3.47	3.37	3.42	3992049	28482150.00
2013/09/13	3.41	3.42	3.38	3.40	2135641	15151916.00
2013/09/16	3.40	3.42	3.38	3.39	1824360	12921180.00
2013/09/17	3.39	3.40	3.29	3.29	2101086	14665718.00
2013/09/18	3.29	3.33	3.26	3.31	869951	6013816.00
2013/09/23	3.32	3.39	3.32	3.38	1178492	8272872.50
2013/09/24	3.38	3.39	3.33	3.36	1152448	8096922.00
2013/09/25	3.36	3.40	3.36	3.36	1318662	9294332.00
2013/09/26	3.36	3.38	3.31	3.31	1378951	9624114.00
2013/09/27	3.31	3.35	3.30	3.31	759712	5281923.00
2013/09/30	3.31	3.35	3.31	3.34	582179	4047293.00
2013/10/08	3.34	3.39	3.32	3.38	1089044	7646625.50
2013/10/09	3.39	3.42	3.35	3.42	1655060	11727352.00
2013/10/10	3.42	3.43	3.38	3.40	1370126	9726317.00
2013/10/11	3.41	3.46	3.40	3.45	2365010	16935676.00
2013/10/14	3.52	3.63	3.49	3.54	5947486	43969720.00
2013/10/15	3.53	3.54	3.48	3.50	1850045	13494667.00
2013/10/16	3.49	3.50	3.40	3.42	1694941	12145400.00
2013/10/17	3.45	3.58	3.42	3.50	2791066	20427680.00
2014/01/22	3.87	3.87	3.87	3.87	279677	2245806.25
2014/01/23	4.27	4.27	4.27	4.27	226965	2004101.00
2014/01/24	4.71	4.71	4.71	4.71	408122	3962864.50
2014/01/27	5.19	5.19	5.19	5.19	582824	6224560.50
2014/01/28	5.73	5.73	5.73	5.73	421907	4957407.00
2014/01/29	6.32	6.32	6.32	6.32	496834	6424063.50
2014/01/30	6.96	6.96	6.96	6.96	1604657	22818222.00
2014/02/07	7.67	7.67	7.67	7.67	1004490	15710224.00
2014/02/13	8.45	8.45	8.45	8.45	564756	9713803.00
2014/02/14	9.31	9.31	9.31	9.31	887361	16788870.00
2014/02/17	10.26	10.26	10.26	10.26	320188	6663112.50
2014/02/18	11.30	11.30	11.30	11.30	3089434	70717144.00
2014/02/19	12.44	12.44	12.44	12.44	1462109	36815904.00
2014/02/24	13.70	13.70	13.60	13.70	40854578	1131620352.00
2014/02/25	14.00	14.70	13.73	13.85	42676749	1221156224.00
2014/02/26	12.85	13.92	12.85	13.75	18829983	510513984.00
2014/02/27	14.10	14.53	12.63	13.23	21686281	600206784.00
2014/02/28	12.91	13.35	12.60	13.18	12064500	317079712.00
2014/03/03	12.85	12.96	12.46	12.84	11908981	306575776.00
2014/03/04	12.60	13.19	12.48	12.70	11288269	292114912.00
2014/03/05	12.70	12.93	11.80	11.92	15531777	384262912.00
2014/03/06	11.92	12.34	11.68	12.16	10921118	265746672.00
2014/03/07	12.00	12.98	11.85	12.38	14303073	360531232.00
2014/03/10	11.95	12.55	11.75	12.02	8017830	196080000.00
2014/03/11	11.91	12.13	10.81	10.81	13430986	307683328.00
2014/03/12	10.76	10.98	9.85	10.27	12232656	256833232.00
2014/03/13	10.13	10.65	10.12	10.55	7492951	158239232.00
2014/03/14	10.49	10.80	10.32	10.41	5888644	126407368.00
2014/03/17	10.36	11.46	10.35	11.46	14432310	330446912.00
2014/03/18	11.33	11.65	11.25	11.50	9400952	219043584.00
2014/03/19	11.50	12.15	11.18	11.19	9944641	234738208.00
2014/03/20	11.00	11.06	10.40	10.40	9083351	198424592.00
2014/03/21	10.40	10.55	9.88	10.31	6224054	128869984.00
2014/03/24	10.35	10.54	10.21	10.49	4221477	89192632.00
2014/03/25	10.50	10.59	10.06	10.29	4043614	84740912.00
2014/03/26	10.34	10.70	10.26	10.62	4628156	98939048.00
2014/03/27	10.53	10.55	9.55	9.55	9103427	181800944.00
2014/03/28	9.23	9.35	8.78	8.93	9846799	181152080.00
2014/03/31	8.94	9.16	8.81	9.00	4044025	74132776.00
2014/04/01	8.93	9.30	8.91	9.13	4945741	91553688.00
2014/04/02	9.10	9.17	8.82	9.05	3711189	67846800.00
2014/04/03	9.09	9.47	8.98	9.15	5907382	110920976.00
2014/04/04	9.23	9.47	9.12	9.44	6066651	115074408.00
2014/04/08	9.30	9.73	9.09	9.66	6759853	129292040.00
2014/04/09	9.75	10.00	9.62	9.86	7852799	156352448.00
2014/04/10	9.81	10.86	9.69	10.48	17024273	362775904.00
2014/04/11	10.25	10.30	9.90	10.01	9295726	190620624.00
2014/04/14	10.01	10.14	9.70	9.86	5220519	104656888.00
2014/04/15	9.81	10.05	9.75	9.92	3296941	66336748.00
2014/04/16	9.86	9.90	9.50	9.50	4461974	87411704.00
2014/04/17	9.45	9.73	9.43	9.52	2770569	53939428.00
2014/04/18	9.49	9.80	9.44	9.60	3392608	66643756.00
2014/04/21	9.46	9.95	9.36	9.68	4040962	79650128.00
2014/04/22	9.60	9.88	9.45	9.83	4501230	88909928.00
2014/04/23	9.84	10.28	9.79	9.98	6813487	138794992.00
2014/04/24	10.00	10.06	8.97	8.97	8529168	159106112.00
2014/04/25	8.81	9.08	8.58	8.61	4427778	79257160.00
2014/04/28	8.55	8.55	8.24	8.37	2767834	47103372.00
2014/04/29	8.36	8.57	8.31	8.53	1706245	29351298.00
2014/04/30	8.54	8.90	8.45	8.72	2997719	53145624.00
2014/05/05	8.63	8.95	8.60	8.92	2569743	46122804.00
2014/05/06	8.87	9.23	8.83	9.06	3233775	59489516.00
2014/05/07	8.90	9.09	8.74	8.74	2624058	47661148.00
2014/05/08	8.66	9.04	8.56	8.68	2913266	51986056.00
2014/05/09	8.69	8.78	8.48	8.55	2228741	39113160.00
2014/05/12	8.61	9.00	8.61	8.97	3286156	59056492.00
2014/05/13	8.97	9.17	8.89	9.02	3010157	55320140.00
2014/05/14	8.98	9.15	8.78	9.08	2577128	47131024.00
2014/05/15	9.10	9.15	8.69	8.71	2746970	49596440.00
2014/05/16	8.70	8.84	8.53	8.83	2187595	38668424.00
2014/05/19	8.75	9.24	8.73	9.12	4193876	77509664.00
2014/05/20	9.18	9.53	9.04	9.08	5171820	97556888.00
2014/05/21	9.01	9.37	8.78	9.33	3602462	66423688.00
2014/05/22	9.27	9.59	9.18	9.18	4285048	81697592.00
2014/05/23	9.18	9.50	9.11	9.49	2792472	52947496.00
2014/05/26	9.51	9.78	9.41	9.63	4403924	85789344.00
2014/05/27	9.63	9.86	9.43	9.53	4732600	92814040.00
2014/05/28	9.53	9.82	9.42	9.78	3792049	74396352.00
2014/05/29	9.73	9.76	9.35	9.37	3761834	72889008.00
2014/05/30	9.35	9.49	9.26	9.42	1784473	34091624.00
2014/06/03	9.42	9.66	9.42	9.49	2671369	51733384.00
2014/06/04	9.49	10.27	9.33	10.13	9453496	190858000.00
2014/06/05	9.99	10.11	9.81	10.07	5700232	115203272.00
2014/06/06	10.02	10.69	9.99	10.48	7815756	164797568.00
2014/06/09	10.55	11.09	10.25	10.26	11928558	259779856.00
2014/06/10	10.05	10.48	10.05	10.23	6123614	127148376.00
2014/06/11	10.13	10.68	10.11	10.44	4996099	105688560.00
2014/06/12	10.43	11.35	10.41	11.18	11705133	260703536.00
2014/06/13	11.10	12.30	11.00	12.13	13320512	313267328.00
2014/06/16	12.05	12.19	11.72	12.13	9523680	229904768.00
2014/06/17	12.14	13.24	12.14	12.95	12733312	329335968.00
2014/06/18	12.95	13.24	12.19	12.38	10065871	258991248.00
2014/06/19	12.24	12.28	11.20	11.58	10159608	242463696.00
2014/06/20	11.68	12.07	11.58	11.70	5131429	123190576.00
2014/06/23	11.70	12.33	11.51	12.21	5735087	138407904.00
2014/06/24	12.14	12.25	11.91	12.19	3480226	85195400.00
2014/07/02	12.60	12.94	11.36	11.37	10932596	266170224.00
2014/07/03	11.47	11.70	11.21	11.61	5448739	127286040.00
2014/07/04	11.60	11.73	11.41	11.48	3598125	83929432.00
2014/07/07	11.47	11.69	11.44	11.58	2751931	64485824.00
2014/07/08	11.63	11.65	11.25	11.53	3019334	70142720.00
2014/07/09	11.50	11.58	11.06	11.10	3087232	71030296.00
2014/07/10	11.07	11.30	10.88	10.91	2721078	61118340.00
2014/07/11	10.90	11.13	10.85	10.94	2157947	48031048.00
2014/07/14	10.92	10.99	10.30	10.64	4121139	87579024.00
2014/07/15	10.67	10.67	10.30	10.53	1993092	42552616.00
2014/07/16	10.45	10.60	10.28	10.31	1925344	40662452.00
2014/07/17	10.31	10.55	10.26	10.36	1165294	24531150.00
2014/07/18	10.29	10.44	10.08	10.12	1958872	40767748.00
2014/07/21	10.12	10.18	9.85	9.89	1703426	34316588.00
2014/07/22	9.79	9.99	9.76	9.95	1726173	34710780.00
2014/07/23	9.96	10.23	9.87	10.17	2251533	45810484.00
2014/07/24	10.22	10.29	10.07	10.10	1584582	32722394.00
2014/07/25	10.09	10.15	9.95	10.08	1364412	27774942.00
2014/07/28	10.12	11.10	10.12	11.10	6338798	139296416.00
2014/07/29	10.95	11.15	10.86	11.05	4669841	104181312.00
2014/07/30	10.94	11.05	10.76	10.81	2840344	62498888.00
2014/07/31	10.83	11.13	10.81	10.89	2715028	60328344.00
2014/08/01	10.85	10.88	10.51	10.51	2668924	57907116.00
2014/08/04	10.51	10.59	10.42	10.50	2406149	51189636.00
2014/08/05	10.51	10.73	10.39	10.68	2538901	54445228.00
2014/08/06	10.64	10.77	10.56	10.59	1945302	41959592.00
2014/08/07	10.61	10.76	10.59	10.62	1850000	40017272.00
2014/08/08	10.62	10.73	10.48	10.50	1668810	35868828.00
2014/08/11	10.48	10.80	10.48	10.77	2708856	59001744.00
2014/08/12	10.80	10.99	10.77	10.79	2686203	59186252.00
2014/08/13	10.81	10.95	10.71	10.93	2637814	57967508.00
2014/08/14	10.95	11.11	10.84	11.11	4022119	89792736.00
2014/08/15	11.15	11.28	11.04	11.08	2523986	56918452.00
2014/08/18	11.08	11.19	10.96	11.15	3169188	71227664.00
2014/08/19	11.20	12.25	11.13	11.53	5082101	119334936.00
2014/08/20	11.55	11.74	11.35	11.42	2525890	58985232.00
2014/08/21	11.42	11.59	11.13	11.38	2706441	62126860.00
2014/08/22	11.38	11.48	11.18	11.25	1809735	41356896.00
2014/08/25	11.42	11.45	11.19	11.24	2224014	51004924.00
2014/08/26	11.25	11.25	10.60	10.68	3140789	68994728.00
2014/08/27	10.55	10.72	10.23	10.28	3286948	69670672.00
2014/08/28	10.30	10.32	10.08	10.18	1483477	30646608.00
2014/08/29	10.18	10.50	10.14	10.45	2566669	53944200.00
2014/09/01	10.49	11.08	10.48	11.08	4302172	94790632.00
2014/09/02	11.15	11.33	10.95	11.13	3908604	87916152.00
2014/09/03	11.13	11.17	10.81	10.92	4584202	101359176.00
2014/09/04	10.86	10.96	10.75	10.90	2656989	58565788.00
2014/09/05	10.91	10.95	10.77	10.80	2619432	57509192.00
2014/09/09	10.82	10.94	10.60	10.70	1778502	38517396.00
2014/09/10	10.70	10.85	10.56	10.83	1853606	40367056.00
2014/09/11	10.85	10.96	10.75	10.88	2697205	59457212.00
2014/09/12	10.91	10.95	10.61	10.74	2467429	53650792.00
2014/09/15	10.70	11.35	10.53	11.33	7517702	165303952.00
2014/09/16	11.33	11.60	11.11	11.13	11121903	255583392.00
2014/09/17	11.09	11.24	10.75	10.89	3997622	88921176.00
2014/09/18	10.89	10.99	10.60	10.68	2937986	63924204.00
2014/09/19	10.71	10.83	10.65	10.78	1712023	37324648.00
2014/09/22	10.77	10.89	10.60	10.70	1854361	40259984.00
2014/09/23	10.73	10.90	10.69	10.78	2086277	45708516.00
2014/09/24	10.81	10.87	10.71	10.83	1959216	42881064.00
2014/09/25	10.85	10.88	10.70	10.73	2360622	51673128.00
2014/09/26	10.70	10.70	10.35	10.46	4021486	85761680.00
2014/09/29	10.47	10.64	10.47	10.54	2156998	46125640.00
2014/09/30	10.57	10.66	10.55	10.63	2321197	49934004.00
2014/10/08	10.64	11.02	10.55	10.93	3249397	71150752.00
2014/10/09	10.93	10.96	10.69	10.87	2683512	58877716.00
2014/10/10	10.85	10.89	10.70	10.77	1993987	43608376.00
2014/10/13	10.69	10.77	10.55	10.61	1615926	34787968.00
2014/10/14	10.65	10.80	10.57	10.65	1555252	33610432.00
2014/10/15	10.65	10.76	10.60	10.63	1267829	27428530.00
2014/10/16	10.63	10.64	10.14	10.19	3348049	70645784.00
2014/10/17	10.18	10.18	9.85	9.96	2380154	48088424.00
2014/10/20	9.96	10.19	9.87	10.10	1170164	23980612.00
2014/10/21	10.25	10.33	10.11	10.23	1520484	31574788.00
2014/10/22	10.15	11.01	10.15	10.54	5045413	108901096.00
2014/10/23	10.35	10.81	10.30	10.78	3719970	80410952.00
2014/10/24	10.75	10.99	10.68	10.86	3942129	86868432.00
2014/10/27	10.86	10.91	10.67	10.74	2169378	47431432.00
2014/10/28	10.75	10.90	10.64	10.90	2662529	58243400.00
2014/10/29	10.91	11.29	10.84	11.15	5601926	126226176.00
2014/10/30	11.12	11.17	11.01	11.05	2124746	47671652.00
2014/10/31	10.99	11.14	10.60	10.81	2136454	47225344.00
2014/11/03	10.80	10.97	10.75	10.82	1445528	31774158.00
2014/11/04	10.79	10.96	10.70	10.80	1630605	35766172.00
2014/11/05	10.79	11.20	10.77	11.16	4034465	90707536.00
2014/11/06	11.20	11.60	11.13	11.45	6145437	142064352.00
2014/11/07	11.48	12.13	11.29	11.96	9645735	230918512.00
2014/11/10	11.96	13.17	11.95	13.17	12330198	315820544.00
2014/11/11	13.58	13.65	12.77	13.32	9204187	245378944.00
2014/11/12	13.13	13.67	12.95	13.45	5286356	143732672.00
2014/11/13	13.44	13.45	12.86	12.86	3650078	96748392.00
2014/11/14	12.93	12.95	12.39	12.75	3749393	96518776.00
2014/11/17	12.78	13.77	12.74	13.50	4606491	124816920.00
2014/11/18	13.51	13.90	13.22	13.51	3366891	92208392.00
2014/11/19	13.51	13.84	13.36	13.51	2923934	80333080.00
2014/11/20	13.50	13.93	13.41	13.60	2712931	75011872.00
2014/11/21	13.68	13.85	13.64	13.80	2424653	67339360.00
2014/11/24	13.86	14.70	13.86	14.26	4415885	128020744.00
2014/11/25	14.35	14.37	13.65	13.67	3525754	99208656.00
2014/11/26	13.62	13.66	13.05	13.24	5290333	141727824.00
2014/11/27	13.25	13.49	11.90	12.10	15844447	397723456.00
2014/11/28	11.90	11.90	11.46	11.78	15464953	364257856.00
2014/12/01	11.65	11.69	11.43	11.63	7112250	166632048.00
2014/12/02	11.60	11.85	11.60	11.77	7044599	167897456.00
2014/12/03	11.73	12.10	11.70	12.05	8105950	196375936.00
2014/12/04	12.18	13.24	12.10	13.14	14365332	372284768.00
2015/12/08	14.46	14.46	14.46	14.46	148370	2160267.25
2015/12/09	15.92	15.92	15.92	15.92	34604	554356.06
2015/12/10	17.52	17.52	17.52	17.52	79560	1401847.25
2015/12/11	19.28	19.28	19.28	19.28	78404	1519469.50
2015/12/14	21.22	21.22	21.22	21.22	41708	889214.56
2015/12/15	23.35	23.35	23.35	23.35	82710	1939549.50
2015/12/16	25.70	25.70	25.70	25.70	28434	733597.19
2015/12/22	28.28	28.28	28.28	28.28	91024	2583261.00
2015/12/23	31.12	31.12	31.12	31.12	89298	2787883.50
2015/12/24	34.24	34.24	34.24	34.24	86168	2959009.00
2015/12/25	37.67	37.67	37.67	37.67	149002	5627805.50
2015/12/28	41.45	41.45	38.90	41.45	56113215	2299202816.00
2015/12/30	38.90	40.27	37.41	37.61	31155993	1205871488.00
2015/12/31	38.20	38.75	33.84	33.95	31316878	1119987840.00
2016/01/04	32.89	33.50	30.55	30.55	18065492	571707392.00
2016/01/05	29.41	31.39	28.30	30.15	23950598	722469248.00
2016/01/06	29.89	32.17	29.28	30.49	26602636	820590144.00
2016/01/07	28.70	28.70	27.43	27.43	5528700	154509936.00
2016/01/08	26.90	27.40	24.68	25.50	27541949	709251200.00
2016/01/11	23.91	24.99	22.94	22.95	19232966	462034272.00
2016/01/12	23.49	25.26	23.12	25.26	24375404	610869760.00
2016/01/13	26.04	26.38	23.90	23.90	28919766	730666304.00
2016/01/14	22.68	25.80	21.93	25.10	25137092	612146048.00
2016/01/15	24.01	25.26	23.78	24.03	19307733	472075360.00
2016/01/18	23.51	26.25	23.23	25.28	21988224	555938240.00
2016/01/19	24.90	26.09	24.03	25.87	24576775	618342016.00
2016/01/20	25.60	27.44	25.10	26.48	28126537	742049088.00
2016/01/21	25.59	26.07	23.82	23.82	23094376	579814208.00
2016/01/22	24.18	24.57	22.40	23.90	17015885	404313280.00
2016/01/25	24.20	24.68	23.60	23.94	12331909	298301472.00
2016/01/26	23.28	23.49	21.54	21.54	15119420	338447904.00
2016/01/27	21.73	21.90	20.30	21.59	14227106	301546432.00
2016/01/28	21.01	21.44	19.42	19.42	12715953	261511424.00
2016/01/29	19.44	20.66	19.20	20.36	13935083	282095296.00
2016/02/01	20.30	20.95	19.49	20.10	10431095	213205216.00
2016/02/02	20.15	22.12	20.15	22.12	13157041	284692416.00
2016/02/03	21.48	22.02	20.89	21.79	17856258	385133344.00
2016/02/04	21.90	22.77	21.65	21.98	15392867	341745408.00
2016/02/05	21.89	22.23	20.79	20.89	9983898	216106896.00
2016/02/15	19.68	20.88	19.61	20.60	9412994	191709456.00
2016/02/16	20.90	22.67	20.85	22.34	17584395	389124320.00
2016/02/17	21.90	23.37	21.80	23.03	20352724	462055936.00
2016/02/18	23.12	23.29	22.38	23.09	17164265	392925504.00
2016/02/19	22.90	23.40	22.62	23.05	12197662	280850592.00
2016/02/22	23.40	24.74	23.40	23.95	18350934	443545056.00
2016/02/23	23.90	24.28	23.19	23.47	13140893	311492352.00
2016/02/24	23.43	25.83	23.40	25.83	34353153	872812992.00
2016/02/25	26.24	28.28	25.48	25.87	40419694	1079349376.00
2016/02/26	26.22	26.80	23.94	24.14	25726864	653314304.00
2016/02/29	23.45	23.48	21.72	21.72	14690959	324289440.00
2016/03/01	20.70	22.16	19.77	21.29	15942440	333894912.00
2016/03/02	21.39	22.53	21.29	22.16	14548768	320045952.00
2016/03/03	22.06	23.50	21.73	22.23	15863910	362503552.00
2016/03/04	22.38	22.87	20.30	20.88	13190553	286722272.00
2016/03/07	21.21	22.00	21.00	21.25	8583013	185143648.00
2016/03/08	20.92	21.24	19.70	21.08	10280155	211189744.00
2016/03/09	20.65	21.88	20.50	20.87	9563643	203472544.00
2016/03/10	21.08	21.69	20.57	20.75	8087063	171477280.00
2016/03/11	20.18	20.67	19.91	20.40	6692939	136558656.00
2016/03/14	20.75	21.84	20.66	21.56	11994768	258298176.00
2016/03/15	21.31	21.59	20.78	20.81	7887548	167728272.00
2016/03/16	21.40	21.54	20.10	20.50	6506682	135777520.00
2016/03/17	20.53	21.70	20.53	21.29	11718118	249559232.00
2016/03/18	21.60	23.40	21.46	22.92	19099576	430985504.00
2016/03/21	24.01	24.12	22.94	23.35	15306557	359234080.00
2016/03/22	23.20	24.99	22.74	24.19	18181865	434280576.00
2016/03/23	23.70	24.21	23.39	23.88	12494005	297995296.00
2016/03/24	23.45	23.56	22.71	22.78	13054804	303484544.00
2016/03/25	23.35	23.53	22.66	23.20	9937600	230743120.00
2016/03/28	23.23	24.03	23.10	23.31	10696936	254049248.00
2016/03/29	22.95	23.19	22.08	22.40	7761931	176003008.00
2016/03/30	22.60	23.24	22.46	23.24	8929268	204485648.00
2016/03/31	23.51	24.90	23.28	24.90	19209300	463374656.00
2016/04/01	24.54	24.70	23.72	24.05	12551473	304002720.00
2016/04/05	23.92	24.87	23.92	24.62	11847231	290596800.00
2016/04/06	24.35	24.55	23.75	24.31	10391263	252241008.00
2016/04/07	24.41	25.63	24.40	24.63	19259600	483437184.00
2016/04/08	24.21	24.29	23.45	23.88	10202964	244585936.00
2016/04/11	24.27	24.68	23.95	24.16	8718673	212988896.00
2016/04/12	23.93	24.39	23.40	23.75	7990769	190402624.00
2016/04/13	23.90	24.68	23.80	24.09	9967336	242540944.00
2016/04/14	24.54	25.28	24.36	24.64	12607512	313097056.00
2016/04/15	24.64	24.80	24.14	24.36	7390093	180563664.00
2016/04/18	24.29	25.10	24.11	24.49	9473441	233889984.00
2016/04/19	24.54	24.78	23.91	24.10	6990905	169712544.00
2016/04/20	24.29	24.29	21.68	21.88	13823325	314239936.00
2016/04/21	21.95	22.07	21.14	21.21	7281974	158369136.00
2016/04/22	21.40	22.08	21.16	22.04	5812907	126974472.00
2016/04/25	22.13	23.05	21.53	22.62	7937928	178645632.00
2016/04/26	22.62	22.99	22.32	22.69	4170879	94486328.00
2016/04/27	22.87	23.13	22.60	22.67	4201253	96152168.00
2016/04/28	22.66	22.80	22.05	22.39	3799997	85301072.00
2016/04/29	22.58	22.79	22.26	22.40	3736540	84442584.00
2016/05/03	22.60	23.00	22.32	22.96	4949063	113302064.00
2016/05/04	22.75	23.04	22.61	22.71	5000131	114320960.00
2016/05/05	22.70	24.79	22.61	24.50	16559603	402784960.00
2016/05/06	24.19	24.30	22.62	23.50	17065022	405920608.00
2016/05/09	23.10	23.10	21.90	22.07	7755675	174150352.00
2016/05/10	22.07	22.29	21.60	21.86	4133152	90882848.00
2016/05/11	21.86	22.12	20.57	20.60	7457900	158855264.00
2016/05/12	20.18	22.08	18.58	21.73	12884422	264256816.00
2016/05/13	21.30	21.88	20.78	21.39	9395212	201044384.00
2016/05/16	21.56	21.71	21.21	21.49	3104008	66737304.00
2016/05/17	21.58	22.34	21.40	21.65	5967008	131214816.00
2016/05/18	21.40	21.60	20.58	21.00	5523917	117109920.00
2016/05/19	20.75	21.75	20.41	20.56	8329083	176605280.00
2016/05/20	20.25	20.53	19.88	20.21	5005436	101583488.00
2016/05/23	20.35	21.56	20.22	21.10	8857309	186421536.00
2016/05/24	20.80	21.02	20.38	20.60	4339983	90077040.00
2016/05/25	20.81	20.87	19.78	20.03	5840149	118517816.00
2016/05/26	19.91	20.20	19.30	19.78	5671434	111908456.00
2016/05/27	19.63	19.91	19.48	19.60	3607120	71512952.00
2016/05/30	19.40	19.75	19.10	19.19	5567431	107899664.00
2016/05/31	19.40	20.14	19.31	20.09	7562213	150700656.00
2016/06/01	20.09	20.45	19.90	20.21	6368076	129352400.00
2016/06/02	20.10	20.44	20.05	20.35	5092928	103706072.00
2016/06/03	20.39	20.56	20.10	20.32	5730551	116767384.00
2016/06/06	20.43	20.76	20.33	20.58	6335278	130744496.00
2016/06/07	20.59	20.70	20.12	20.22	4506777	91633336.00
2016/06/08	20.23	20.24	19.78	20.07	4130116	82911696.00
2016/06/13	19.89	19.89	18.75	18.76	6169742	120356840.00
2016/06/14	18.90	19.12	18.64	18.84	3467839	65744756.00
2016/06/15	18.48	19.44	18.48	19.23	5744015	110371912.00
2016/06/16	19.20	19.50	18.80	18.90	4311299	83067672.00
2016/06/17	18.79	19.29	18.50	18.81	8292443	157310368.00
2016/06/20	18.85	19.06	18.55	18.98	4698250	88806328.00
2016/06/21	19.09	19.16	18.52	18.64	4975503	94155056.00
2016/06/22	18.64	18.80	18.48	18.78	4095581	76662504.00
2016/06/23	18.40	18.40	17.50	17.75	14227112	254497440.00
2016/06/24	17.74	17.83	16.20	17.09	11939580	206200096.00
2016/06/27	16.90	17.77	16.83	17.71	8358503	147767824.00
2016/06/28	17.66	18.37	17.51	18.23	8581444	156233792.00
2016/06/29	18.42	18.86	18.22	18.26	8659395	161316608.00
2016/06/30	18.40	18.47	18.01	18.43	5586084	102704280.00
2016/07/01	18.59	20.23	18.46	19.40	14158443	277941120.00
2016/07/04	18.94	20.04	18.94	19.47	10152334	200177424.00
2016/07/05	19.50	19.84	19.20	19.33	7349977	143667392.00
2016/07/06	19.44	19.45	19.10	19.16	5058339	97589776.00
2016/07/07	19.25	19.26	18.71	19.00	6248196	118603744.00
2016/07/08	19.02	19.10	18.71	18.96	5836468	110735952.00
2016/07/11	18.96	19.13	18.59	18.64	5230524	99115384.00
2016/07/12	18.74	19.28	18.72	19.26	8532650	163530864.00
2016/07/13	19.37	19.84	19.01	19.81	12805005	250468144.00
2016/07/14	20.10	20.19	19.40	19.81	13455828	267480560.00
2016/07/15	19.55	19.78	19.35	19.43	6634900	130304248.00
2016/07/18	19.55	20.03	19.29	19.89	9307097	185185232.00
2016/07/19	19.80	20.13	19.62	19.79	6746282	134469808.00
2016/07/20	19.86	19.95	19.64	19.68	5628838	111890320.00
2016/07/21	19.75	19.89	19.60	19.64	4642620	92093584.00
2016/07/22	19.59	19.75	19.24	19.25	4559132	88839864.00
2016/07/25	19.35	19.42	19.06	19.21	3460074	66818576.00
2016/07/26	18.95	19.37	18.95	19.30	3279926	63403436.00
2016/07/27	19.31	19.57	18.19	18.23	7905631	148955488.00
2016/07/28	18.19	18.53	17.70	18.01	4467110	81057008.00
2016/07/29	18.02	18.24	17.90	17.90	2904856	52721656.00
2016/08/01	17.91	18.02	17.50	17.75	3276429	58209276.00
2016/08/02	17.75	18.06	17.62	18.04	2466209	44339092.00
2016/08/03	17.88	18.15	17.87	17.95	2471496	44741940.00
2016/08/04	17.96	18.27	17.95	18.22	3765148	68634824.00
2016/08/05	18.25	18.28	18.01	18.09	2704923	49183660.00
2016/08/08	18.15	19.39	18.02	19.29	8000610	151114880.00
2016/08/09	19.12	19.47	19.09	19.20	4148433	80306296.00
2016/08/10	19.28	19.35	18.99	19.00	2810206	53909264.00
2016/08/11	18.98	19.43	18.86	19.07	4640027	89544640.00
2016/08/12	19.00	19.29	18.92	19.25	3588319	69168632.00
2016/08/15	19.35	19.78	19.18	19.64	7799490	153477248.00
2016/08/16	19.66	21.55	19.66	20.78	14836862	310590304.00
2016/08/17	20.70	21.34	20.56	20.78	8120364	170436288.00
2016/08/18	20.66	21.66	20.66	21.47	12260522	263385344.00
2016/08/19	21.55	23.53	21.55	23.35	20522941	470576512.00
2016/08/22	23.40	24.00	22.67	23.32	14913424	349949728.00
2016/08/23	23.00	25.28	23.00	24.95	19828791	482996320.00
2016/08/24	24.80	27.09	24.48	26.89	20386764	527041792.00
2016/08/25	26.50	28.17	26.00	26.31	27671648	754302016.00
2016/10/10	25.98	26.31	23.68	23.99	21865411	535381920.00
2016/10/11	24.17	24.84	23.79	24.76	19117052	467051968.00
2016/10/12	24.25	24.69	24.02	24.29	9577081	232377920.00
2016/10/13	24.40	24.54	24.05	24.05	7129828	173159600.00
2016/10/14	23.80	23.89	23.10	23.20	10817781	252247632.00
2016/10/17	23.29	23.62	23.16	23.34	6620476	154551824.00
2016/10/18	23.35	24.09	23.26	24.04	7878901	186634496.00
2016/10/19	24.09	26.44	24.09	25.70	19653339	503375328.00
2016/10/20	25.79	26.20	25.01	26.02	12311812	317011680.00
2016/10/21	26.01	26.28	25.30	25.49	6482863	166169584.00
2016/10/24	25.78	28.04	25.54	28.04	19336982	527449504.00
2016/10/25	28.05	28.60	27.51	28.18	16494514	462265728.00
2016/10/26	28.30	28.34	27.53	27.99	8594120	240682864.00
2016/10/27	27.74	28.59	27.58	27.82	5537890	155050432.00
2016/10/28	27.55	27.88	26.62	26.86	7818141	211515632.00
2016/10/31	26.86	29.16	26.51	28.43	10214871	288365984.00
2016/11/01	28.60	29.10	28.05	28.87	8408152	242025856.00
2016/11/02	28.55	30.44	28.51	29.00	10768013	318340416.00
2016/11/03	28.61	30.02	28.61	29.16	10271614	303108000.00
2016/11/04	29.36	29.63	28.98	29.45	6515179	190647440.00
2016/11/07	29.56	30.49	29.03	29.20	5925522	175271312.00
2016/11/08	29.33	29.88	29.32	29.77	4916125	145786656.00
2016/11/09	29.54	29.78	28.38	28.90	8686893	251853056.00
2016/11/10	28.80	29.58	28.80	29.07	4833528	141323216.00
2016/11/11	29.07	30.00	28.68	29.98	6179268	183541008.00
2016/11/14	30.10	32.98	30.10	32.98	17225642	559469696.00
2016/11/15	33.35	36.00	33.35	35.00	14984207	517102528.00
2016/11/16	35.30	35.50	34.10	35.15	9472941	329748288.00
2016/11/17	34.89	37.69	34.32	37.61	10547257	382124544.00
2016/11/18	37.40	38.25	35.72	36.05	11472733	423797888.00
2016/11/21	36.30	37.99	36.30	37.80	8289404	307140960.00
2016/11/22	37.34	38.10	36.82	37.39	8178036	306261600.00
2016/11/23	37.39	37.88	35.80	36.06	7247962	265544208.00
2016/11/24	36.39	36.79	35.30	35.69	6593621	236414976.00
2016/11/25	36.16	36.39	34.05	35.64	7533172	264998928.00
2016/11/28	35.63	36.98	35.63	36.46	7160267	260469392.00
2016/11/29	36.80	37.50	35.88	35.96	6161521	226949488.00
2016/11/30	35.93	37.15	35.03	36.73	5133502	186688496.00
2016/12/01	36.82	37.77	36.82	37.66	5576040	208358224.00
2016/12/02	37.82	37.97	36.80	36.85	4539265	168778944.00
2016/12/05	36.80	39.90	36.20	39.59	9095748	350681760.00
2016/12/06	40.25	43.55	40.10	43.55	13400481	566981952.00
2016/12/07	44.30	44.68	42.00	43.99	11788791	512864032.00
2016/12/08	44.19	44.20	42.20	42.26	7114235	307692288.00
2016/12/09	42.21	45.66	42.21	45.10	9042459	400164640.00
2016/12/12	44.38	48.50	43.80	44.52	11426048	525772832.00
2016/12/13	45.15	48.00	43.80	47.30	9087196	421180320.00
2016/12/14	47.70	48.30	46.30	46.89	6283377	295275936.00
2017/01/09	50.00	50.00	42.20	42.20	7890484	346011296.00
2017/01/10	39.00	39.00	37.98	37.98	4487600	171803856.00
2017/01/11	34.18	39.50	34.18	35.18	28523413	1013164736.00
2017/01/12	34.50	34.74	32.33	32.58	17397654	582471040.00
2017/01/13	32.58	33.88	32.00	32.11	10594351	347695712.00
2017/01/16	32.45	32.95	29.04	30.05	11458080	352672736.00
2017/01/17	29.80	31.44	29.00	30.83	11633192	350281440.00
2017/01/18	30.80	30.83	29.51	29.62	5737254	172860672.00
2017/01/19	29.40	30.16	29.09	29.55	4462416	132358672.00
2017/01/20	29.75	30.93	29.60	30.48	4984872	151366800.00
2017/01/23	30.36	33.53	30.18	33.53	12066655	390034688.00
2017/01/24	34.00	35.58	33.33	33.62	14998710	515392992.00
2017/01/25	33.50	33.93	32.54	32.93	7473466	247722768.00
2017/01/26	32.97	34.15	32.97	33.16	6427522	215183488.00
2017/02/03	32.30	33.49	32.10	33.25	3284568	108166616.00
2017/02/06	33.55	35.10	32.98	34.59	6952639	239465040.00
2017/02/07	34.10	35.17	34.01	34.54	5595617	194025280.00
2017/02/08	34.80	35.09	34.20	34.76	3648914	126700552.00
2017/02/09	34.85	34.98	34.44	34.81	3852305	133793312.00
2017/02/10	34.83	34.84	33.65	33.75	4916649	167578304.00
2017/02/13	33.80	33.85	32.60	33.03	3944528	130342784.00
2017/02/14	33.17	35.30	33.17	34.54	7658804	264728640.00
2017/02/15	35.08	35.10	33.75	33.85	5378835	184224880.00
2017/02/16	33.70	34.29	33.60	33.74	2969888	100636800.00
2017/02/17	33.90	35.15	33.75	34.59	7959596	274978496.00
2017/02/20	34.65	35.15	34.11	34.91	5144966	178683600.00
2017/02/21	34.88	36.39	34.76	35.36	9351767	333828480.00
2017/02/22	35.37	35.67	34.80	35.53	4763017	167755264.00
2017/02/23	35.53	36.73	35.23	36.49	10583932	383038496.00
2017/02/24	36.66	38.59	36.17	37.61	10295981	388412928.00
2017/02/27	37.90	38.20	36.64	37.00	6449336	239749152.00
2017/02/28	36.86	37.78	36.71	37.44	5156731	192304992.00
2017/03/01	37.20	37.70	36.58	36.60	5493437	202768928.00
2017/03/02	36.50	37.00	35.88	35.91	4141829	150089744.00
2017/03/03	35.93	36.20	35.42	35.85	3024197	108442192.00
2017/03/06	35.92	36.65	35.88	36.55	3923133	142503792.00
2017/03/07	36.65	37.34	36.55	37.01	4277096	158186240.00
2017/03/08	37.50	37.59	36.35	36.36	4018406	147366320.00
2017/03/09	36.37	36.60	35.68	35.75	3352239	120174904.00
2017/03/10	35.51	36.00	35.50	35.71	2055239	73414448.00
2017/03/13	35.93	35.93	34.52	35.02	5548779	193856656.00
2017/03/14	34.41	35.45	34.41	35.20	3858087	135524416.00
2017/03/15	35.10	35.19	34.60	34.78	2889561	100489840.00
2017/03/16	34.65	35.50	34.65	34.93	3091180	108784128.00
2017/03/17	35.10	35.26	34.03	34.05	4420405	152917776.00
2017/03/20	34.30	34.57	33.50	34.00	2831413	95936560.00
2017/03/21	34.12	35.60	34.12	35.08	4704376	164582688.00
2017/03/22	35.00	35.47	34.71	34.77	3191515	111703272.00
2017/03/23	34.77	35.15	34.46	35.05	2093452	72890168.00
2017/03/24	35.23	35.38	34.55	34.92	2190499	76300408.00
2017/03/27	34.95	34.97	34.42	34.90	2459638	85435464.00
2017/03/28	34.88	35.06	34.60	34.73	2019079	70310080.00
2017/03/29	34.73	35.09	34.00	34.94	3482809	120061920.00
2017/03/30	34.93	34.93	33.90	34.57	2865578	98570336.00
2017/03/31	34.50	34.94	34.30	34.63	1520771	52668532.00
2017/04/05	34.62	36.88	34.51	36.83	6916509	249208816.00
2017/04/06	36.83	37.98	36.63	37.70	8690464	325982880.00
2017/04/07	37.70	37.71	36.84	36.96	3784345	140517728.00
2017/04/10	36.85	38.00	36.50	37.62	5790110	217260720.00
2017/04/11	37.62	38.58	36.63	36.79	8327676	313525440.00
2017/04/12	36.85	37.65	35.62	37.13	4426630	163503424.00
2017/04/13	37.19	37.26	35.94	36.43	2945657	107743736.00
2017/04/14	36.66	36.66	35.51	36.22	3331844	119995280.00
2017/04/17	36.63	36.63	35.53	35.75	1627434	58294016.00
2017/04/18	35.79	36.09	34.88	35.01	2199892	77839336.00
2017/04/19	34.81	35.39	33.70	34.55	3083777	105720336.00
2017/04/20	34.78	34.97	34.15	34.50	1640945	56772472.00
2017/04/21	34.50	35.48	34.27	35.11	2117155	73982248.00
2017/04/24	35.50	35.50	34.21	34.51	1721792	59560544.00
2017/04/25	34.50	34.77	33.98	34.12	1443160	49564280.00
2017/04/26	34.35	34.57	30.71	30.71	7510964	236582016.00
2017/04/27	30.50	31.33	28.58	30.60	5428715	164234288.00
2017/04/28	30.70	31.39	30.20	31.10	2814519	87376016.00
2017/05/02	30.81	31.40	30.50	30.95	1553890	48037320.00
2017/05/03	31.08	31.16	30.13	30.50	2718066	83078448.00
2017/05/04	30.50	30.75	30.23	30.44	1918440	58643208.00
2017/05/05	30.23	30.59	29.00	30.07	2750204	82350056.00
2017/05/08	29.94	29.94	28.14	29.30	2199617	64166528.00
2017/05/09	29.50	29.88	29.15	29.70	2034050	60028588.00
2017/05/10	29.75	30.47	29.59	29.71	2221668	66874872.00
2017/05/11	29.75	29.99	28.18	29.60	4059460	118308056.00
2017/05/12	29.80	30.45	29.20	30.31	2734181	82040376.00
2017/05/15	30.50	30.55	29.95	30.15	1619483	48856600.00
2017/05/16	30.20	31.28	30.00	31.17	3214136	98951800.00
2017/05/17	31.25	31.93	30.88	31.80	2441324	77121968.00
2017/05/18	31.50	31.88	31.19	31.60	1526775	48005640.00
2017/05/19	31.75	32.19	31.33	32.10	1585821	50459916.00
2017/05/22	32.24	32.63	31.65	31.80	1874200	60148776.00
2017/05/23	31.80	31.89	31.01	31.08	2571900	80908376.00
2017/05/24	31.15	32.17	30.59	31.91	2749217	87056600.00
2017/05/25	32.00	32.95	31.94	32.89	3085457	100678096.00
2017/05/26	32.70	33.20	32.50	32.93	1678025	55123924.00
2017/05/31	33.10	33.28	32.66	32.94	2055380	67794896.00
2017/06/01	32.98	33.30	32.36	33.12	3412500	112119664.00
2017/06/02	33.33	33.33	32.73	33.11	1401700	46349224.00
2017/06/05	33.20	33.51	32.88	33.51	2527400	83867160.00
2017/06/06	33.53	34.48	33.30	34.00	2315800	78852160.00
2017/06/07	34.20	35.54	33.81	35.30	4555500	159023856.00
2017/06/08	35.10	35.63	35.10	35.30	2234800	78924656.00
2017/06/09	35.60	35.60	34.86	35.30	3336100	117193968.00
2017/06/12	35.29	36.38	35.02	36.21	4028414	144810560.00
2017/06/13	36.49	37.29	36.12	36.30	4799387	175949040.00
2017/06/14	36.80	37.17	35.51	36.50	4517848	163703152.00
2017/06/15	36.32	37.37	36.21	36.76	3905856	144236624.00
2017/06/16	36.60	36.87	35.95	36.36	2310083	83669576.00
2017/06/19	36.20	36.20	35.80	35.96	1640400	58964076.00
2017/06/20	36.07	36.36	35.49	35.97	1470684	52919636.00
2017/06/21	36.08	36.18	35.69	36.15	1185800	42585948.00
2017/06/22	36.08	36.08	35.50	35.63	2429500	86685464.00
2017/06/23	35.58	35.58	33.81	34.48	3331100	115017624.00
2017/06/26	34.47	35.52	34.46	34.98	1415200	49652136.00
2017/06/27	34.88	36.65	34.88	36.56	3090700	111228072.00
2017/06/28	36.30	36.97	36.10	36.10	1821535	66274776.00
2017/06/29	36.03	36.45	35.78	36.28	1385400	50134964.00
2017/06/30	36.20	36.50	35.90	36.26	904900	32765974.00
2017/07/03	36.26	37.00	36.17	36.73	1864900	68376808.00
2017/07/04	36.70	37.38	36.58	37.34	2438700	90415560.00
2017/07/05	37.10	37.47	36.80	36.92	1547100	57283672.00
2017/07/06	36.89	37.28	36.38	36.67	1604600	59011288.00
2017/07/07	36.65	37.03	36.55	36.69	1384100	50880812.00
2017/07/10	36.89	37.29	36.32	36.83	1945800	71836160.00
2017/07/11	36.82	37.10	36.68	36.88	1831600	67719120.00
2017/07/12	36.88	37.00	36.03	36.90	2074400	76313064.00
2017/07/13	36.70	37.00	36.48	36.92	1756200	64476508.00
2017/07/14	36.96	37.15	36.73	36.98	1421300	52537116.00
2017/07/17	36.72	37.19	35.00	35.61	3212200	115669232.00
2017/07/18	35.50	36.35	34.41	35.20	2627800	92040152.00
2017/07/19	35.18	35.45	34.50	34.99	2367500	82390160.00
2017/07/20	35.07	36.66	34.65	36.11	2327100	83375080.00
2017/07/21	35.80	36.22	35.80	36.04	619419	22271754.00
2017/07/24	36.18	36.38	35.33	35.74	1752500	62404104.00
2017/07/25	35.73	35.82	34.40	35.11	801000	28270676.00
2017/07/26	35.00	35.71	34.76	35.50	795000	27844428.00
2017/07/27	35.48	35.64	34.60	35.08	965300	34004944.00
2017/07/28	35.11	36.19	35.11	35.57	1430000	51239368.00
2017/07/31	35.55	35.65	34.99	35.30	823700	29057006.00
2017/08/01	35.30	35.66	35.00	35.13	661300	23338184.00
2017/08/02	35.10	35.90	35.08	35.13	859600	30465184.00
2017/08/03	35.17	35.30	34.67	34.88	1064800	37147556.00
2017/08/04	34.88	34.99	34.50	34.80	803800	27885978.00
2017/08/07	34.82	34.84	34.41	34.65	534800	18501856.00
2017/08/08	34.65	34.88	33.97	34.00	1204500	41269972.00
2017/08/09	34.10	34.20	32.53	33.94	2594200	86625608.00
2017/08/10	33.61	34.05	33.34	33.66	794000	26801156.00
2017/08/11	33.60	33.97	33.41	33.65	1043700	35162608.00
2017/08/14	33.65	33.94	33.34	33.74	629800	21238722.00
2017/08/15	33.74	33.89	33.16	33.44	742300	24888180.00
2017/08/16	33.40	33.40	32.90	33.11	932700	30918968.00
2017/08/17	33.11	33.33	32.90	32.92	912600	30171210.00
2017/08/18	32.84	33.84	32.65	33.73	1669500	55905768.00
2017/08/21	33.73	34.47	33.60	34.25	1406600	48019404.00
2017/08/22	34.01	34.74	34.01	34.10	1146400	39384716.00
2017/08/23	34.09	34.18	33.55	33.91	1103700	37330292.00
2017/08/24	33.92	35.12	33.92	34.40	3573500	123611528.00
2017/08/25	34.41	34.79	33.95	34.04	1933900	66072228.00
2017/08/28	34.04	34.44	33.59	33.88	1450300	49302736.00
2017/08/29	33.88	36.84	33.83	34.80	5440500	190202256.00
2017/08/30	34.50	34.97	34.18	34.50	2126000	73472128.00
2017/08/31	34.49	34.73	33.91	34.12	1573500	53865532.00
2017/09/01	33.96	34.21	33.82	34.20	1716000	58322396.00
2017/09/04	33.99	33.99	32.89	32.99	2982600	99207304.00
2017/09/05	32.99	33.30	32.68	32.93	1662500	54645984.00
2017/09/06	33.13	33.81	32.80	33.38	2950995	98265944.00
2017/09/07	33.38	33.80	32.90	33.04	2146537	71669392.00
2017/09/08	32.80	33.30	32.70	32.77	2239036	73753376.00
2017/09/11	32.99	32.99	32.01	32.40	2685892	86582000.00
2017/09/12	32.41	32.51	31.91	32.09	2254642	72384632.00
2017/09/13	32.08	32.17	31.68	31.90	1657500	52698508.00
2017/09/14	32.05	32.97	31.69	32.30	2378918	76800048.00
2017/09/15	32.35	32.66	31.70	32.30	2276250	73598464.00
2017/09/18	32.30	32.49	31.73	32.23	1297300	41811472.00
2017/09/19	32.26	32.29	32.02	32.10	835500	26883900.00
2017/09/20	32.30	32.30	32.11	32.20	989100	31865914.00
2017/09/21	32.20	32.29	31.74	31.88	1379200	43982096.00
数据来源:通达信
