002465 海格通信 日线 前复权
      日期	    开盘	    最高	    最低	    收盘	    成交量	    成交额
2010/08/31	7.38	8.28	7.12	7.69	54077311	2641648384.00
2010/09/01	7.70	8.07	7.41	7.77	35549535	1793100672.00
2010/09/02	7.53	7.70	7.37	7.53	21897684	1071243776.00
2010/09/03	7.68	8.04	7.58	7.70	19176047	968583104.00
2010/09/06	7.76	7.95	7.18	7.28	14493246	705726912.00
2010/09/07	7.25	7.51	7.18	7.32	8067748	386666112.00
2010/09/08	7.20	7.25	7.04	7.08	10146242	472042400.00
2010/09/09	7.12	7.24	7.06	7.16	7495911	350084864.00
2010/09/10	7.13	7.20	6.81	6.92	7931784	360942112.00
2010/09/13	6.90	7.01	6.82	6.93	5343783	241922816.00
2010/09/14	6.96	7.06	6.92	6.95	4065448	185673088.00
2010/09/15	6.92	6.92	6.44	6.48	7782918	341795040.00
2010/09/16	6.49	6.57	6.12	6.30	5376569	224258720.00
2010/09/17	6.26	6.33	6.18	6.19	2784269	114639768.00
2010/09/20	6.23	6.47	6.10	6.40	4636116	192872752.00
2010/09/21	6.37	6.43	6.20	6.22	2681718	111394160.00
2010/09/27	6.22	6.34	6.22	6.28	2521371	104710744.00
2010/09/28	6.25	6.26	6.02	6.02	4215535	170278464.00
2010/09/29	6.02	6.10	5.95	5.99	3002195	119928928.00
2010/09/30	5.97	6.11	5.96	6.07	2285459	91571600.00
2010/10/08	6.08	6.20	6.08	6.16	2949868	120091184.00
2010/10/11	6.15	6.24	6.08	6.20	3534820	143839408.00
2010/10/12	6.20	6.24	6.13	6.16	2807039	114842272.00
2010/10/13	6.17	6.17	6.03	6.09	3840961	154437088.00
2010/10/14	6.06	6.29	6.05	6.14	4204446	172047840.00
2010/10/15	6.15	6.15	5.99	6.01	3921572	157326576.00
2010/10/18	5.97	5.98	5.70	5.81	3792659	145855600.00
2010/10/19	5.81	6.28	5.78	6.20	4650749	188021040.00
2010/10/20	6.10	6.23	6.04	6.05	4120498	166812000.00
2010/10/21	6.04	6.19	6.04	6.07	2503711	101177848.00
2010/10/22	6.10	6.28	6.08	6.18	3781271	154993552.00
2010/10/25	6.22	6.37	6.22	6.31	4644564	193281104.00
2010/10/26	6.31	6.33	6.13	6.18	3954092	161954032.00
2010/10/27	6.17	6.30	6.11	6.18	3007204	123267472.00
2010/10/28	6.27	6.70	6.26	6.62	9612589	412058400.00
2010/10/29	6.61	6.83	6.48	6.70	7093248	310574624.00
2010/11/01	6.73	6.73	6.58	6.70	5298465	231931824.00
2010/11/02	6.69	6.89	6.55	6.57	5763829	254482864.00
2010/11/03	6.53	6.53	6.33	6.33	4041283	170755408.00
2010/11/04	6.33	6.49	6.33	6.46	2608391	110595432.00
2010/11/05	6.49	6.53	6.40	6.44	3332828	141946064.00
2010/11/09	6.58	6.67	6.51	6.57	4543694	196421968.00
2010/11/10	6.57	6.68	6.50	6.63	4291630	186555216.00
2010/11/11	6.60	6.86	6.60	6.72	5912931	261336768.00
2010/11/12	6.69	6.93	6.41	6.42	6800296	299095584.00
2010/11/15	6.51	6.59	6.38	6.58	3869386	165804640.00
2010/11/16	6.58	6.70	6.35	6.38	3873016	166193664.00
2010/11/17	6.20	6.36	5.98	6.02	3187210	129811904.00
2010/11/18	6.08	6.18	6.02	6.08	1909579	77046856.00
2010/11/19	6.14	6.31	6.08	6.30	3121984	128284168.00
2010/11/22	6.31	6.70	6.30	6.58	5683029	245265264.00
2010/11/23	6.53	6.53	6.41	6.51	3198996	136349536.00
2010/11/24	6.48	6.69	6.48	6.68	3972202	173187152.00
2010/11/25	6.68	6.73	6.55	6.61	3305041	144166784.00
2010/11/26	6.61	6.63	6.42	6.51	3431646	147013232.00
2010/11/29	6.53	6.65	6.45	6.61	2786808	120532840.00
2010/11/30	6.64	6.64	6.21	6.35	3488508	147341968.00
2010/12/01	6.37	6.37	6.10	6.15	8532827	348074976.00
2010/12/02	6.20	6.32	6.16	6.24	3880088	159997120.00
2010/12/03	6.25	6.30	6.08	6.16	3298816	134384736.00
2010/12/06	6.18	6.18	5.91	5.98	3880707	155150336.00
2010/12/07	6.12	6.23	6.05	6.21	3354367	136623280.00
2010/12/08	6.18	6.21	6.09	6.10	2247389	91367920.00
2010/12/09	6.07	6.07	5.95	5.95	2470879	98192760.00
2010/12/10	5.98	6.08	5.89	6.06	2346560	93120168.00
2010/12/13	6.09	6.28	6.09	6.25	3542418	145213504.00
2010/12/14	6.27	6.27	6.19	6.22	2900232	119366736.00
2010/12/15	6.22	6.28	6.20	6.22	2509830	103527720.00
2010/12/16	6.23	6.48	6.18	6.38	5265668	220292448.00
2010/12/17	6.43	6.47	6.34	6.43	2668598	112592024.00
2010/12/20	6.50	6.67	6.32	6.55	7601375	327015200.00
2010/12/21	6.65	6.70	6.50	6.53	5518166	239196320.00
2010/12/22	6.56	6.57	6.45	6.47	3135369	134254592.00
2010/12/23	6.47	6.66	6.34	6.39	3724599	160059408.00
2010/12/24	6.34	6.37	6.07	6.17	3070668	125739408.00
2010/12/27	6.17	6.25	5.99	6.02	2543191	103163784.00
2010/12/28	6.00	6.12	5.92	6.02	2664880	106016384.00
2010/12/29	6.03	6.13	5.98	6.13	1703328	68336584.00
2010/12/30	6.12	6.13	6.03	6.09	1370138	55266992.00
2010/12/31	6.13	6.17	6.09	6.16	1553272	63035080.00
2011/01/04	6.23	6.27	6.15	6.24	2010207	82682144.00
2011/01/05	6.20	6.24	6.18	6.19	1859834	76205040.00
2011/01/06	6.20	6.24	6.07	6.07	1837511	74654088.00
2011/01/07	6.08	6.16	6.03	6.09	1537940	61958064.00
2011/01/10	6.11	6.14	5.97	5.99	1355451	54349868.00
2011/01/11	5.98	6.00	5.91	5.95	1345032	53053844.00
2011/01/12	5.96	6.03	5.92	6.02	1111605	43950188.00
2011/01/13	6.04	6.06	5.96	5.97	883424	35118152.00
2011/01/14	5.98	5.98	5.76	5.79	1714084	66543412.00
2011/01/17	5.73	5.77	5.47	5.47	1919689	71559464.00
2011/01/18	5.47	5.47	5.30	5.43	1103687	39870664.00
2011/01/19	5.43	5.52	5.38	5.51	866297	31750296.00
2011/01/20	5.53	5.55	5.20	5.20	1526090	54668408.00
2011/01/21	5.20	5.33	5.18	5.29	1059710	37539264.00
2011/01/24	5.30	5.32	5.03	5.09	1155839	40222984.00
2011/01/25	5.09	5.12	4.93	4.98	1394528	47105092.00
2011/01/26	5.00	5.09	4.99	5.07	797095	27194594.00
2011/01/27	5.04	5.20	5.01	5.16	1094335	37791712.00
2011/01/28	5.16	5.40	5.12	5.32	1264217	44463112.00
2011/01/31	5.30	5.35	5.25	5.34	1145122	40867988.00
2011/02/01	5.35	5.36	5.26	5.29	812545	28881038.00
2011/02/09	5.28	5.32	5.20	5.22	811978	28689402.00
2011/02/10	5.20	5.34	5.20	5.34	1130808	40142456.00
2011/02/11	5.33	5.47	5.33	5.40	1631369	59074916.00
2011/02/14	5.41	5.57	5.40	5.52	1754333	64526816.00
2011/02/15	5.55	5.55	5.47	5.47	1496850	55141288.00
2011/02/16	5.47	5.54	5.43	5.53	1225428	45154584.00
2011/02/17	5.53	5.66	5.53	5.58	1592993	59427788.00
2011/02/18	5.58	5.58	5.42	5.47	1628440	59790340.00
2011/02/21	5.45	5.60	5.39	5.58	1472161	54221496.00
2011/02/22	5.60	5.87	5.58	5.61	4863325	185902512.00
2011/02/23	5.56	5.74	5.56	5.70	1730677	65446944.00
2011/02/24	5.70	5.71	5.66	5.69	1097187	41562612.00
2011/02/25	5.70	5.76	5.65	5.76	1519714	57872224.00
2011/02/28	5.76	5.79	5.70	5.76	1461312	55934612.00
2011/03/01	5.76	5.85	5.73	5.75	1694448	65304584.00
2011/03/02	5.74	5.74	5.53	5.61	2023975	75975744.00
2011/03/03	5.60	5.67	5.52	5.53	1282224	47844328.00
2011/03/04	5.58	5.78	5.53	5.73	1700300	64366852.00
2011/03/07	5.70	5.84	5.70	5.83	2284871	88203624.00
2011/03/08	5.83	5.84	5.75	5.79	1300893	50118972.00
2011/03/09	5.78	5.83	5.72	5.75	1282987	49201808.00
2011/03/10	5.73	5.76	5.67	5.68	1110748	42253684.00
2011/03/11	5.67	5.77	5.66	5.69	1041458	39689832.00
2011/03/14	5.67	5.67	5.56	5.61	1366267	51166380.00
2011/03/15	5.68	5.68	5.45	5.51	1488238	55059384.00
2011/03/16	5.51	5.57	5.48	5.56	1164244	43056152.00
2011/03/17	5.52	5.55	5.41	5.42	1442931	52845860.00
2011/03/18	5.44	5.50	5.43	5.45	690355	25188602.00
2011/03/21	5.46	5.59	5.46	5.51	1164020	43068932.00
2011/03/22	5.53	5.57	5.48	5.51	856171	31552364.00
2011/03/23	5.51	5.52	5.43	5.51	931410	34167428.00
2011/03/24	5.50	5.56	5.48	5.52	848988	31376456.00
2011/03/25	5.52	5.58	5.50	5.53	998585	36970728.00
2011/03/28	5.56	5.56	5.41	5.42	1960783	71734984.00
2011/03/29	5.40	5.41	5.22	5.23	2135531	75780352.00
2011/03/30	5.23	5.25	5.10	5.19	1452236	50484112.00
2011/03/31	5.29	5.31	5.18	5.18	1736560	61286904.00
2011/04/01	5.19	5.25	5.18	5.24	825430	28978562.00
2011/04/06	5.25	5.26	5.18	5.21	1064195	37307756.00
2011/04/07	5.26	5.26	5.20	5.25	808869	28438720.00
2011/04/08	5.25	5.31	5.21	5.31	976296	34569244.00
2011/04/11	5.35	5.35	5.20	5.23	1575292	55758192.00
2011/04/12	5.25	5.26	5.14	5.16	1705111	59570844.00
2011/04/13	5.17	5.21	5.13	5.20	1241299	43299912.00
2011/04/14	5.20	5.23	5.17	5.20	856172	29939444.00
2011/04/15	5.20	5.28	5.18	5.26	1921672	67623224.00
2011/04/18	5.13	5.14	4.72	4.84	5012620	166450960.00
2011/04/19	4.78	4.80	4.71	4.72	2215766	71355904.00
2011/04/20	4.78	4.81	4.73	4.77	1414376	45825164.00
2011/04/21	4.78	4.80	4.72	4.76	1550702	50162172.00
2011/04/22	4.76	4.78	4.66	4.67	2276670	72880888.00
2011/04/25	4.64	4.69	4.51	4.53	1611311	50490164.00
2011/04/26	4.53	4.53	4.43	4.44	1384935	42470800.00
2011/04/27	4.44	4.51	4.44	4.48	1240115	38093280.00
2011/04/28	4.48	4.51	4.30	4.31	1405891	42431772.00
2011/04/29	4.32	4.39	4.28	4.33	1457874	43209316.00
2011/05/03	4.33	4.37	4.29	4.36	1167955	34892032.00
2011/05/04	4.37	4.45	4.37	4.37	1450765	43828824.00
2011/05/05	4.33	4.39	4.29	4.34	820883	24485994.00
2011/05/06	4.35	4.42	4.29	4.41	918154	27521084.00
2011/05/10	4.43	4.46	4.39	4.43	962707	29173322.00
2011/05/11	4.45	4.46	4.38	4.40	605132	18303242.00
2011/05/12	4.38	4.38	4.26	4.27	859998	25624326.00
2011/05/13	4.26	4.32	4.26	4.32	706600	20855222.00
2011/05/16	4.33	4.51	4.31	4.43	1690734	51361156.00
2011/05/17	4.43	4.47	4.39	4.43	854990	25985922.00
2011/05/18	4.43	4.55	4.43	4.51	1003984	30962828.00
2011/05/19	4.50	4.53	4.43	4.44	783050	23928288.00
2011/05/20	4.48	4.53	4.46	4.50	782015	24082148.00
2011/05/23	4.49	4.53	4.33	4.34	1047551	31587950.00
2011/05/24	4.32	4.40	4.27	4.39	808535	24142522.00
2011/05/25	4.39	4.49	4.35	4.42	1073512	32691848.00
2011/05/26	4.39	4.42	4.23	4.23	990216	28992856.00
2011/05/27	4.23	4.25	4.07	4.11	963775	26979876.00
2011/05/30	4.10	4.15	4.05	4.07	564547	15682933.00
2011/05/31	4.08	4.14	4.07	4.14	517364	14390504.00
2011/06/01	4.14	4.17	4.12	4.16	457543	12843795.00
2011/06/02	4.09	4.13	4.06	4.09	519067	14387987.00
2011/06/03	4.09	4.15	4.09	4.15	529698	14846630.00
2011/06/07	4.15	4.18	4.14	4.18	464878	13089371.00
2011/06/08	4.18	4.21	4.13	4.19	513909	14513969.00
2011/06/09	4.20	4.20	4.09	4.11	501161	14040583.00
2011/06/10	4.10	4.29	4.08	4.23	1304509	37093456.00
2011/06/13	4.19	4.33	4.19	4.30	1430622	41301924.00
2011/06/14	4.29	4.33	4.26	4.28	908742	26310188.00
2011/06/15	4.31	4.32	4.21	4.22	505203	14541065.00
2011/06/16	4.20	4.23	4.09	4.11	630489	17686914.00
2011/06/17	4.09	4.15	4.05	4.07	391689	10894289.00
2011/06/20	4.07	4.15	4.07	4.10	497754	13890147.00
2011/06/21	4.10	4.15	4.03	4.14	369171	10293823.00
2011/06/22	4.15	4.21	4.14	4.16	438921	12393878.00
2011/06/23	4.16	4.25	4.12	4.25	835940	23767614.00
2011/06/24	4.26	4.37	4.23	4.34	1625783	47244272.00
2011/06/27	4.34	4.42	4.32	4.35	1237074	36411164.00
2011/06/28	4.33	4.40	4.30	4.34	841518	24589434.00
2011/06/29	4.38	4.38	4.24	4.24	846570	24525744.00
2011/06/30	4.23	4.50	4.23	4.41	1696841	50189720.00
2011/07/01	4.40	4.44	4.36	4.43	1200190	35531124.00
2011/07/04	4.43	4.50	4.43	4.49	1360809	40877060.00
2011/07/05	4.49	4.54	4.45	4.51	1404670	42333644.00
2011/07/06	4.51	4.52	4.45	4.50	1107856	33288274.00
2011/07/07	4.51	4.73	4.51	4.61	3225484	100175104.00
2011/07/08	4.57	4.68	4.57	4.64	1189474	36914688.00
2011/07/11	4.59	4.72	4.59	4.67	1203443	37690568.00
2011/07/12	4.61	4.65	4.52	4.52	1118700	34170988.00
2011/07/13	4.47	4.58	4.47	4.58	880841	26868920.00
2011/07/14	4.58	4.66	4.55	4.62	819333	25279638.00
2011/07/15	4.62	4.74	4.60	4.69	1592392	49913104.00
2011/07/18	4.69	4.84	4.69	4.77	1979228	63203684.00
2011/07/19	4.74	4.80	4.69	4.75	1357232	42848676.00
2011/07/20	4.78	4.82	4.66	4.78	1740998	54963896.00
2011/07/21	4.75	4.78	4.69	4.70	1126551	35467536.00
2011/07/22	4.73	4.91	4.71	4.87	2820563	90989704.00
2011/07/25	4.87	4.92	4.69	4.70	2279816	73193408.00
2011/07/26	4.71	4.74	4.54	4.66	1348290	41951552.00
2011/07/27	4.67	4.83	4.60	4.77	1396221	44066084.00
2011/07/28	4.72	4.75	4.65	4.71	847344	26597662.00
2011/07/29	4.71	4.76	4.60	4.64	1034003	32264980.00
2011/08/01	4.63	4.64	4.47	4.56	896159	27383178.00
2011/08/02	4.52	4.56	4.43	4.54	854740	25759698.00
2011/08/03	4.49	4.63	4.47	4.59	790759	24196382.00
2011/08/04	4.63	4.63	4.50	4.59	648844	19867646.00
2011/08/05	4.47	4.72	4.43	4.64	1713650	52573600.00
2011/08/08	4.58	4.59	4.23	4.43	1404707	42057360.00
2011/08/09	4.28	4.49	4.23	4.44	1026131	30114576.00
2011/08/10	4.52	4.56	4.47	4.49	1006174	30450548.00
2011/08/11	4.40	4.59	4.38	4.56	1311493	39477928.00
2011/08/12	4.60	4.74	4.56	4.69	1871251	58280108.00
2011/08/15	4.69	4.72	4.65	4.70	1025921	32159800.00
2011/08/16	4.72	4.74	4.66	4.68	1225796	38444756.00
2011/08/17	4.68	4.69	4.59	4.59	1051647	32510504.00
2011/08/18	4.58	4.59	4.45	4.45	1000022	30212856.00
2011/08/19	4.38	4.41	4.33	4.38	784335	23055398.00
2011/08/22	4.38	4.43	4.35	4.39	531575	15720169.00
2011/08/23	4.39	4.44	4.36	4.41	1081992	32001464.00
2011/08/24	4.43	4.53	4.43	4.45	1364522	40951236.00
2011/08/25	4.47	4.66	4.45	4.61	1701326	52007396.00
2011/08/26	4.60	4.63	4.58	4.61	682307	21033672.00
2011/08/29	4.60	4.61	4.53	4.55	645475	19740982.00
2011/08/30	4.56	4.65	4.47	4.48	1001535	30575394.00
2011/08/31	4.47	4.53	4.35	4.37	960538	28450318.00
2011/09/01	4.38	4.42	4.35	4.35	556968	16432548.00
2011/09/02	4.35	4.37	4.24	4.28	579761	16768760.00
2011/09/05	4.22	4.28	4.16	4.18	390658	11095096.00
2011/09/06	4.18	4.25	4.17	4.18	539989	15301397.00
2011/09/07	4.20	4.35	4.19	4.32	555315	16017760.00
2011/09/08	4.32	4.33	4.23	4.23	550809	15907251.00
2011/09/09	4.28	4.30	4.13	4.15	580530	16401407.00
2011/09/13	4.11	4.11	4.00	4.01	1019708	27907616.00
2011/09/14	4.04	4.05	3.88	3.98	1287109	34685436.00
2011/09/15	4.01	4.01	3.93	3.95	1050445	28384524.00
2011/09/16	3.98	4.03	3.97	3.99	809317	22040278.00
2011/09/19	3.99	3.99	3.90	3.90	343033	9160795.00
2011/09/20	3.90	4.00	3.90	3.95	324122	8690279.00
2011/09/21	3.96	4.08	3.94	4.06	739395	20263954.00
2011/09/22	4.03	4.05	3.91	3.92	680137	18416540.00
2011/09/23	3.88	3.90	3.83	3.89	628229	16568452.00
2011/09/26	3.87	3.93	3.87	3.89	526957	13996862.00
2011/09/27	3.92	3.94	3.87	3.93	433859	11556379.00
2011/09/28	3.96	3.98	3.83	3.85	537816	14308608.00
2011/09/29	3.83	3.83	3.68	3.69	787686	20130768.00
2011/09/30	3.69	3.70	3.61	3.63	698197	17488166.00
2011/10/10	3.63	3.67	3.60	3.60	369333	9192320.00
2011/10/11	3.69	3.72	3.57	3.61	470442	11819793.00
2011/10/12	3.61	3.74	3.58	3.72	734572	18643892.00
2011/10/13	3.72	3.78	3.71	3.77	642872	16507093.00
2011/10/14	3.74	3.75	3.63	3.67	981950	24821642.00
2011/10/17	3.68	3.76	3.65	3.72	726940	18540172.00
2011/10/19	3.64	3.66	3.56	3.59	814693	20254812.00
2011/10/20	3.57	3.61	3.41	3.43	751726	18108084.00
2011/10/21	3.42	3.46	3.34	3.35	620686	14578174.00
2011/10/24	3.38	3.42	3.29	3.41	544227	12751524.00
2011/10/25	3.45	3.57	3.42	3.56	1175475	28574456.00
2011/10/26	3.52	3.60	3.50	3.56	866822	21305470.00
2011/10/27	3.56	3.60	3.53	3.54	596716	14675939.00
2011/10/28	3.58	3.63	3.56	3.62	976869	24216792.00
2011/10/31	3.63	3.70	3.61	3.69	1303171	32689044.00
2011/11/01	3.66	3.69	3.64	3.65	922837	23230360.00
2011/11/02	3.58	3.90	3.57	3.89	1950755	49861092.00
2011/11/03	3.88	3.99	3.85	3.89	1894657	50590496.00
2011/11/04	3.92	4.05	3.92	3.99	1946908	52747176.00
2011/11/07	3.98	4.18	3.93	4.10	4131181	114484280.00
2011/11/08	4.13	4.13	4.00	4.01	1930450	53432264.00
2011/11/09	4.03	4.11	3.93	4.01	1650503	44899976.00
2011/11/10	3.96	4.05	3.93	3.96	1334788	36271676.00
2011/11/11	4.00	4.02	3.96	3.98	1276223	34598640.00
2011/11/14	4.01	4.10	4.00	4.06	977047	26959470.00
2011/11/15	4.06	4.16	4.02	4.14	1150729	32009112.00
2011/11/16	4.13	4.17	4.00	4.02	1344834	37409652.00
2011/11/17	4.03	4.11	4.02	4.03	840731	23128492.00
2011/11/18	4.00	4.00	3.87	3.89	891705	23820192.00
2011/11/21	3.89	3.93	3.86	3.90	319959	8482644.00
2011/11/22	3.85	3.92	3.83	3.88	494917	13104433.00
2011/11/23	3.89	4.00	3.87	3.96	716780	19165410.00
2011/11/24	3.93	3.99	3.88	3.90	485480	12998722.00
2011/11/25	3.93	3.94	3.83	3.85	438190	11618422.00
2011/11/28	3.85	3.89	3.82	3.85	536914	14099818.00
2011/11/29	3.89	4.03	3.83	4.03	1021214	27373164.00
2011/11/30	4.01	4.08	3.80	3.80	1284836	34305192.00
2011/12/01	3.97	3.99	3.90	3.90	930798	24999664.00
2011/12/02	3.90	3.92	3.62	3.62	1072801	27345374.00
2011/12/05	3.65	3.65	3.48	3.50	532144	13060330.00
2011/12/06	3.51	3.53	3.44	3.51	354226	8538923.00
2011/12/07	3.53	3.61	3.51	3.57	412004	10141921.00
2011/12/08	3.57	3.65	3.46	3.62	618165	15198933.00
2011/12/09	3.60	3.62	3.56	3.57	286145	7065624.00
2011/12/12	3.58	3.61	3.53	3.56	360761	8880512.00
2011/12/13	3.56	3.56	3.45	3.45	425035	10232843.00
2011/12/14	3.42	3.51	3.42	3.44	263943	6329514.50
2011/12/15	3.44	3.48	3.40	3.43	655388	15658646.00
2011/12/16	3.44	3.53	3.34	3.53	788575	18862380.00
2011/12/19	3.50	3.69	3.48	3.66	1477018	36576164.00
2011/12/20	3.65	3.67	3.58	3.58	654710	16325425.00
2011/12/21	3.63	3.65	3.47	3.47	471630	11635710.00
2011/12/22	3.47	3.47	3.30	3.36	907046	21042438.00
2011/12/23	3.35	3.43	3.32	3.38	422085	9938962.00
2011/12/27	3.38	3.43	3.29	3.30	719581	16737967.00
2011/12/28	3.28	3.38	3.23	3.33	633349	14567346.00
2011/12/29	3.29	3.37	3.25	3.31	841046	19496916.00
2011/12/30	3.33	3.36	3.27	3.33	878987	20344960.00
2012/01/04	3.35	3.40	3.27	3.27	574993	13363748.00
2012/01/05	3.26	3.26	2.96	2.97	971685	21161474.00
2012/01/06	2.86	2.96	2.86	2.93	774429	15955954.00
2012/01/09	2.93	3.06	2.89	3.05	504260	10687766.00
2012/01/10	3.04	3.19	3.02	3.17	675172	14846267.00
2012/01/11	3.16	3.22	3.14	3.17	568442	12661075.00
2012/01/12	3.14	3.20	3.14	3.17	517194	11510727.00
2012/01/13	3.15	3.18	2.97	2.99	619303	13320077.00
2012/01/16	2.98	2.98	2.88	2.89	379429	7886699.50
2012/01/17	2.89	3.07	2.88	3.07	676652	14274503.00
2012/01/18	3.07	3.09	2.80	2.84	1065596	22384302.00
2012/01/19	2.83	2.91	2.81	2.89	804854	16378183.00
2012/01/20	2.89	2.96	2.84	2.94	535242	11105879.00
2012/01/30	2.94	3.10	2.94	3.02	1119875	24142326.00
2012/01/31	3.00	3.06	2.97	3.01	530742	11252921.00
2012/02/01	3.01	3.06	2.98	2.99	504970	10762770.00
2012/02/02	3.00	3.06	2.98	3.05	475009	10133291.00
2012/02/03	3.07	3.17	3.05	3.15	1101722	24130134.00
2012/02/06	3.17	3.17	3.11	3.16	1069580	23584492.00
2012/02/07	3.15	3.15	3.05	3.10	626938	13642412.00
2012/02/08	3.08	3.22	3.08	3.21	933907	20658332.00
2012/02/09	3.18	3.25	3.16	3.18	1267810	28465022.00
2012/02/10	3.18	3.24	3.17	3.20	995426	22342642.00
2012/02/13	3.17	3.29	3.16	3.27	1277284	28837694.00
2012/02/14	3.28	3.28	3.22	3.25	818952	18513044.00
2012/02/15	3.22	3.32	3.22	3.29	954909	21834070.00
2012/02/16	3.28	3.39	3.27	3.34	1461777	33993476.00
2012/02/17	3.35	3.42	3.32	3.34	1356573	31743096.00
2012/02/20	3.38	3.48	3.35	3.40	1539243	36489024.00
2012/02/21	3.40	3.52	3.40	3.51	1824210	43693200.00
2012/02/22	3.49	3.68	3.49	3.64	2924080	72714128.00
2012/02/23	3.63	3.64	3.55	3.63	2193791	54450628.00
2012/02/24	3.63	3.65	3.57	3.64	2055122	50975772.00
2012/02/27	3.65	3.73	3.60	3.60	2353578	59287856.00
2012/02/28	3.60	3.66	3.58	3.60	2748087	68370200.00
2012/02/29	3.60	3.64	3.54	3.55	870836	21473212.00
2012/03/01	3.55	3.71	3.54	3.68	1724557	43221812.00
2012/03/02	3.70	3.83	3.68	3.82	2100859	54134540.00
2012/03/05	3.85	3.99	3.77	3.78	3221273	85734864.00
2012/03/06	3.77	3.94	3.73	3.86	2278979	59683856.00
2012/03/07	3.78	3.90	3.76	3.83	1397558	36546932.00
2012/03/08	3.83	3.88	3.80	3.85	1274963	33442818.00
2012/03/09	3.86	3.99	3.86	3.96	1769063	47484700.00
2012/03/12	3.98	4.12	3.97	4.04	1939525	53383692.00
2012/03/13	4.06	4.07	3.95	3.96	1388823	37543824.00
2012/03/14	3.97	4.00	3.63	3.72	2329309	61169584.00
2012/03/15	3.73	3.79	3.62	3.66	1347470	34125568.00
2012/03/16	3.68	3.83	3.68	3.82	1450974	37480252.00
2012/03/19	3.87	3.87	3.79	3.85	800766	20982152.00
2012/03/20	3.85	3.85	3.64	3.65	1237872	31665284.00
2012/03/21	3.67	3.71	3.57	3.65	1288997	32259524.00
2012/03/22	3.62	3.71	3.62	3.66	469793	11829856.00
2012/03/23	3.65	3.68	3.62	3.68	561603	14109946.00
2012/03/26	3.68	3.70	3.60	3.65	339101	8527834.00
2012/03/27	3.67	3.78	3.66	3.72	848248	21737212.00
2012/03/28	3.72	3.72	3.54	3.55	926035	22889168.00
2012/03/29	3.52	3.56	3.36	3.45	912962	21867434.00
2012/03/30	3.43	3.50	3.41	3.47	671067	16096728.00
2012/04/05	3.40	3.58	3.37	3.56	867002	20839312.00
2012/04/06	3.53	3.59	3.51	3.54	677736	16614641.00
2012/04/09	3.54	3.60	3.53	3.54	590205	14492084.00
2012/04/10	3.53	3.55	3.44	3.54	480597	11583756.00
2012/04/11	3.48	3.64	3.47	3.63	718920	17792946.00
2012/04/12	3.64	3.78	3.60	3.76	1619460	41080792.00
2012/04/13	3.80	3.80	3.73	3.75	1067440	27417782.00
2012/04/16	3.72	3.76	3.71	3.72	579117	14862810.00
2012/04/17	3.74	3.74	3.64	3.65	591951	14928930.00
2012/04/18	3.70	3.80	3.65	3.77	864141	22210418.00
2012/04/19	3.77	3.83	3.71	3.75	528468	13651632.00
2012/04/20	3.74	3.90	3.74	3.87	1452823	38112052.00
2012/04/24	3.79	3.80	3.58	3.69	1269040	32162720.00
2012/04/25	3.69	3.70	3.64	3.66	641274	16136507.00
2012/04/26	3.66	3.76	3.66	3.69	540050	13758768.00
2012/04/27	3.72	3.79	3.70	3.77	741124	19085148.00
2012/05/02	3.83	3.88	3.76	3.77	918019	23871784.00
2012/05/03	3.75	3.84	3.74	3.79	599338	15521026.00
2012/05/04	3.83	3.83	3.68	3.78	690081	17468976.00
2012/05/07	3.78	3.81	3.77	3.80	1074349	27259890.00
2012/05/08	3.82	3.92	3.81	3.88	1453718	37730224.00
2012/05/09	3.88	3.98	3.84	3.89	1535992	40116272.00
2012/05/10	3.89	3.98	3.88	3.96	1221100	32047236.00
2012/05/11	3.93	4.02	3.93	4.00	2039098	54144860.00
2012/05/14	4.03	4.03	3.85	3.85	1368847	35819740.00
2012/05/15	3.82	3.85	3.73	3.83	972415	24670442.00
2012/05/16	3.83	3.88	3.77	3.78	723115	18461474.00
2012/05/17	3.81	3.83	3.66	3.71	1420957	35371528.00
2012/05/18	3.72	3.76	3.65	3.66	666232	16533479.00
2012/05/21	3.67	3.72	3.65	3.70	484822	11999571.00
2012/05/22	3.72	3.74	3.69	3.71	457497	11368143.00
2012/05/23	3.73	3.74	3.65	3.67	636835	15735918.00
2012/05/24	3.67	3.74	3.67	3.72	624237	15524813.00
2012/05/25	3.72	3.73	3.57	3.59	601025	14728485.00
2012/05/28	3.60	3.61	3.53	3.60	505962	12118964.00
2012/05/29	3.62	3.69	3.60	3.67	557440	13634693.00
2012/05/30	3.68	3.70	3.62	3.68	520949	12787758.00
2012/05/31	3.64	3.79	3.63	3.76	837400	20941140.00
2012/06/01	3.75	3.78	3.71	3.75	495054	12429300.00
2012/06/04	3.70	3.72	3.57	3.59	622426	15312289.00
2012/06/05	3.59	3.66	3.52	3.54	571965	13690676.00
2012/06/06	3.57	3.58	3.51	3.51	383044	9142210.00
2012/06/07	3.55	3.58	3.51	3.54	336072	8013590.00
2012/06/08	3.57	3.61	3.53	3.53	304032	7304096.50
2012/06/11	3.54	3.63	3.54	3.63	378686	9155770.00
2012/06/12	3.63	3.63	3.58	3.60	231423	5602173.50
2012/06/13	3.61	3.61	3.50	3.55	1645354	39240608.00
2012/06/14	3.54	3.58	3.52	3.55	604663	14449189.00
2012/06/15	3.56	3.71	3.55	3.65	1703923	41667668.00
2012/06/18	3.67	3.67	3.59	3.60	1314750	32040680.00
2012/06/19	3.58	3.62	3.52	3.54	1283657	30604728.00
2012/06/20	3.58	3.58	3.46	3.47	1025549	24219618.00
2012/06/21	3.45	3.48	3.23	3.30	1601564	36318504.00
2012/06/25	3.30	3.32	3.23	3.23	609095	13530295.00
2012/06/26	3.20	3.28	3.19	3.25	506229	11131209.00
2012/06/27	3.28	3.32	3.23	3.26	683737	15252315.00
2012/06/28	3.27	3.36	3.27	3.27	836827	18839346.00
2012/06/29	3.25	3.34	3.25	3.33	356804	8001372.00
2012/07/02	3.35	3.41	3.34	3.39	611459	14035779.00
2012/07/03	3.37	3.48	3.37	3.48	931747	21692532.00
2012/07/04	3.48	3.50	3.41	3.47	531158	12351635.00
2012/07/05	3.45	3.45	3.36	3.37	618851	14217696.00
2012/07/06	3.40	3.42	3.29	3.41	625381	14184776.00
2012/07/09	3.40	3.43	3.32	3.32	623066	14281709.00
2012/07/10	3.35	3.36	3.31	3.35	385396	8727873.00
2012/07/11	3.32	3.38	3.32	3.37	230970	5254096.00
2012/07/12	3.37	3.46	3.34	3.45	620488	14354300.00
2012/07/13	3.46	3.47	3.41	3.45	389599	9036386.00
2012/07/16	3.45	3.45	3.31	3.31	530142	12059601.00
2012/07/17	3.32	3.33	3.27	3.32	417570	9351718.00
2012/07/18	3.28	3.33	3.26	3.33	331071	7408754.00
2012/07/19	3.30	3.40	3.29	3.37	380231	8675925.00
2012/07/20	3.35	3.40	3.35	3.36	302393	6899153.00
2012/07/23	3.36	3.38	3.31	3.38	275682	6261736.50
2012/07/24	3.36	3.49	3.35	3.45	799454	18614234.00
2012/07/25	3.45	3.55	3.43	3.54	1281305	30260082.00
2012/07/26	3.54	3.55	3.50	3.51	697234	16567473.00
2012/07/27	3.51	3.60	3.43	3.46	1328672	31617882.00
2012/07/30	3.46	3.48	3.41	3.41	1207075	28078398.00
2012/07/31	3.41	3.42	3.26	3.27	656201	14759192.00
2012/08/01	3.27	3.35	3.27	3.35	452268	10155684.00
2012/08/02	3.36	3.37	3.32	3.34	363598	8231966.50
2012/08/03	3.34	3.41	3.33	3.41	349126	7992076.00
2012/08/06	3.43	3.55	3.41	3.53	1079627	25533580.00
2012/08/07	3.52	3.57	3.51	3.54	560352	13359764.00
2012/08/08	3.58	3.67	3.55	3.56	925844	22449234.00
2012/08/09	3.54	3.58	3.47	3.58	903528	21418206.00
2012/08/10	3.55	3.63	3.55	3.60	624263	15066889.00
2012/08/13	3.57	3.64	3.54	3.56	979744	23763970.00
2012/08/14	3.55	3.62	3.53	3.58	845275	20274922.00
2012/08/15	3.60	3.66	3.57	3.62	830879	20208140.00
2012/08/16	3.61	3.67	3.59	3.61	623822	15209709.00
2012/08/17	3.61	3.61	3.54	3.58	572170	13736150.00
2012/08/20	3.57	3.57	3.51	3.56	504252	11988346.00
2012/08/21	3.58	3.67	3.54	3.58	1635460	39543576.00
2012/08/22	3.57	3.65	3.53	3.59	1089722	26362150.00
2012/08/23	3.59	3.67	3.57	3.66	925523	22594196.00
2012/08/24	3.64	3.65	3.55	3.58	1003532	24290208.00
2012/08/27	3.59	3.59	3.40	3.42	922382	21656572.00
2012/08/28	3.42	3.45	3.38	3.42	531969	12282896.00
2012/08/29	3.42	3.51	3.41	3.48	698767	16409100.00
2012/08/30	3.45	3.55	3.33	3.47	951888	22182806.00
2012/08/31	3.42	3.58	3.38	3.56	781714	18575216.00
2012/09/03	3.55	3.67	3.52	3.67	1353149	33043068.00
2012/09/04	3.68	3.73	3.63	3.65	1105281	27266772.00
2012/09/05	3.70	3.79	3.65	3.74	1900284	47576036.00
2012/09/06	3.74	3.84	3.73	3.79	1296420	32870430.00
2012/09/07	3.85	4.04	3.85	3.98	3259404	85919304.00
2012/09/10	3.99	4.15	3.93	4.08	3147197	84951784.00
2012/09/11	4.07	4.21	4.01	4.09	2657746	72183272.00
2012/09/12	4.09	4.11	4.01	4.09	1627528	43874644.00
2012/09/13	4.11	4.24	4.02	4.16	3601155	98978864.00
2012/09/14	4.13	4.18	3.99	4.09	2254610	60979660.00
2012/09/17	4.04	4.10	3.98	4.05	1819016	48729504.00
2012/09/18	4.03	4.09	3.95	4.01	1741229	46621656.00
2012/09/19	4.05	4.15	4.04	4.11	2209940	60158636.00
2012/09/20	4.12	4.12	3.97	4.05	1772661	47497528.00
2012/09/21	4.05	4.05	3.79	3.83	2274460	59477852.00
2012/09/24	3.81	3.86	3.77	3.84	1246808	31838336.00
2012/09/25	3.85	3.90	3.82	3.85	692342	17844234.00
2012/09/26	3.85	3.89	3.73	3.83	1010990	25785958.00
2012/09/27	3.79	3.99	3.78	3.98	1023503	26699460.00
2012/09/28	3.95	4.04	3.92	4.03	847106	22471222.00
2012/10/08	4.02	4.11	4.02	4.07	849620	22918902.00
2012/10/09	4.04	4.13	4.02	4.11	896896	24376602.00
2012/10/10	4.10	4.12	4.05	4.12	744524	20143146.00
2012/10/11	4.10	4.10	4.01	4.04	640771	17197486.00
2012/10/12	4.02	4.06	3.98	4.02	578447	15431872.00
2012/10/15	4.02	4.03	3.97	4.02	425820	11293043.00
2012/10/16	4.01	4.02	3.86	3.93	2064682	54098960.00
2012/10/17	3.94	3.94	3.80	3.85	992134	25561700.00
2012/10/18	3.86	3.93	3.85	3.90	730178	18940242.00
2012/10/19	3.90	3.93	3.87	3.89	339997	8856981.00
2012/10/22	3.88	3.92	3.84	3.91	527440	13672674.00
2012/10/23	3.93	3.96	3.89	3.92	383886	10022630.00
2012/10/24	3.89	3.92	3.84	3.89	302636	7835499.00
2012/10/25	3.82	3.90	3.82	3.88	552107	14239563.00
2012/10/26	3.86	3.95	3.82	3.95	1276171	33185322.00
2012/10/29	3.96	4.02	3.93	4.01	1008990	26671196.00
2012/10/30	3.98	4.00	3.90	3.90	564758	14797503.00
2012/10/31	3.87	3.91	3.82	3.90	923300	23775840.00
2012/11/01	3.88	3.97	3.88	3.95	576809	15132948.00
2012/11/02	3.95	4.00	3.93	3.99	574127	15177872.00
2012/11/05	3.99	4.15	3.98	4.11	1439350	39034920.00
2012/11/06	4.10	4.13	4.02	4.07	820106	22143258.00
2012/11/07	4.09	4.09	3.97	3.98	670043	17918162.00
2012/11/08	3.98	4.00	3.83	3.83	904546	23433918.00
2012/11/09	3.82	3.87	3.70	3.77	1418791	35583052.00
2012/11/12	3.74	3.83	3.74	3.80	686823	17467482.00
2012/11/13	3.83	3.83	3.75	3.77	454812	11465825.00
2012/11/14	3.81	3.81	3.71	3.76	271391	6801296.00
2012/11/15	3.71	3.76	3.68	3.68	364872	9079377.00
2012/11/16	3.65	3.66	3.52	3.61	1052518	25229594.00
2012/11/19	3.60	3.60	3.53	3.56	356036	8509955.00
2012/11/20	3.60	3.60	3.55	3.55	275561	6604549.00
2012/11/21	3.58	3.58	3.49	3.58	336114	8022326.00
2012/11/22	3.58	3.58	3.49	3.54	274373	6503871.50
2012/11/23	3.54	3.57	3.50	3.53	221372	5278131.50
2012/11/26	3.53	3.56	3.48	3.51	227667	5404678.50
2012/11/27	3.51	3.51	3.38	3.40	417828	9631158.00
2012/11/28	3.38	3.38	3.27	3.28	403366	9040372.00
2012/11/29	3.27	3.34	3.27	3.30	386040	8682470.00
2012/11/30	3.30	3.37	3.30	3.35	119799	2712229.50
2012/12/03	3.32	3.35	3.22	3.26	214968	4803026.00
2012/12/04	3.25	3.32	3.21	3.31	232511	5156402.50
2012/12/05	3.31	3.46	3.28	3.38	561230	12879665.00
2012/12/06	3.38	3.41	3.34	3.38	323757	7395536.00
2012/12/07	3.40	3.48	3.37	3.45	422994	9823449.00
2012/12/10	3.47	3.48	3.43	3.47	432121	10075318.00
2012/12/11	3.47	3.51	3.42	3.46	412554	9631338.00
2012/12/12	3.43	3.48	3.40	3.44	298794	6919197.50
2012/12/13	3.42	3.45	3.40	3.42	249292	5761287.00
2012/12/14	3.50	3.71	3.50	3.66	1117703	27042888.00
2012/12/17	3.65	3.75	3.60	3.73	847661	20979762.00
2012/12/18	3.69	3.74	3.64	3.64	596946	14775594.00
2012/12/19	3.71	3.93	3.71	3.87	1704188	43758468.00
2012/12/20	3.85	3.91	3.80	3.90	990516	25525562.00
2012/12/21	3.87	3.92	3.83	3.89	752584	19472172.00
2012/12/24	3.89	3.98	3.87	3.96	1202016	31516020.00
2012/12/25	3.93	4.03	3.88	3.95	1355363	35607860.00
2012/12/26	3.94	4.04	3.91	4.03	1107419	29365160.00
2012/12/27	4.04	4.15	3.92	3.92	1886516	50500312.00
2012/12/28	3.93	4.33	3.93	4.33	5097384	141676592.00
2012/12/31	4.40	4.68	4.37	4.38	5097349	150606320.00
2013/01/04	4.40	4.48	4.25	4.38	2559811	73396512.00
2013/01/07	4.35	4.62	4.30	4.49	2996274	88658936.00
2013/01/08	4.57	4.99	4.56	4.94	6426709	204577824.00
2013/01/09	4.86	5.01	4.65	4.68	4892042	153908464.00
2013/01/10	4.57	4.78	4.53	4.67	3382062	103778512.00
2013/01/11	4.65	4.86	4.62	4.63	4074757	126733384.00
2013/01/14	4.57	4.90	4.53	4.85	4319874	134443632.00
2013/01/15	4.94	5.31	4.94	4.96	6564917	217670240.00
2013/01/16	4.90	5.07	4.75	5.05	4275631	136412784.00
2013/01/17	5.00	5.00	4.69	4.70	3081080	97097040.00
2013/01/18	4.68	4.83	4.68	4.74	2193487	68009008.00
2013/01/21	4.71	4.92	4.70	4.72	2033333	63705664.00
2013/01/22	4.73	4.79	4.57	4.65	2279833	70040936.00
2013/01/23	4.60	4.78	4.60	4.78	2578723	79807400.00
2013/01/24	4.81	4.93	4.63	4.69	3671286	115108512.00
2013/01/25	4.65	4.70	4.55	4.57	1863751	56345260.00
2013/01/28	4.57	4.71	4.57	4.69	1690309	51776380.00
2013/01/29	4.68	4.80	4.65	4.80	1548334	48159580.00
2013/01/30	4.81	4.84	4.69	4.77	1782856	55653428.00
2013/01/31	4.80	4.85	4.62	4.63	1446959	44395752.00
2013/02/01	4.66	4.74	4.62	4.65	1189437	36429944.00
2013/02/04	4.70	4.70	4.39	4.45	2571459	76747592.00
2013/02/05	4.42	4.48	4.32	4.34	3014936	86634232.00
2013/02/06	4.58	4.73	4.57	4.58	2669266	80985496.00
2013/02/07	4.45	4.68	4.43	4.63	1672643	50362524.00
2013/02/08	4.63	4.93	4.59	4.85	2960969	93003064.00
2013/02/18	4.87	4.89	4.75	4.85	1558054	49065572.00
2013/02/19	4.80	4.85	4.65	4.65	1627359	50288876.00
2013/02/20	4.62	4.78	4.58	4.78	1524880	46742456.00
2013/02/21	4.74	4.74	4.56	4.62	1409509	42821696.00
2013/02/22	4.62	4.70	4.55	4.65	1363126	41363288.00
2013/02/25	4.64	4.81	4.60	4.80	1741625	54030152.00
2013/02/26	4.82	4.88	4.73	4.73	1582166	49733800.00
2013/02/27	4.73	4.79	4.65	4.70	1004719	31019538.00
2013/02/28	4.75	4.93	4.75	4.89	3117293	99293416.00
2013/03/01	4.88	5.12	4.87	5.11	4010964	131192696.00
2013/03/04	5.11	5.22	4.98	5.02	4010402	133357256.00
2013/03/05	5.05	5.21	5.01	5.17	2683375	89245008.00
2013/03/06	5.17	5.36	5.13	5.31	2822583	96950536.00
2013/03/07	5.31	5.36	5.00	5.04	3278954	110243064.00
2013/03/08	5.06	5.10	4.84	4.89	2035729	66070104.00
2013/03/11	4.89	4.97	4.86	4.93	1179359	37861160.00
2013/03/12	4.96	4.98	4.57	4.66	1955913	60367356.00
2013/03/13	4.67	4.69	4.55	4.66	965233	29215708.00
2013/03/14	4.68	4.73	4.63	4.66	668851	20510686.00
2013/03/15	4.67	4.81	4.60	4.70	961392	29820574.00
2013/03/18	4.73	4.73	4.60	4.62	725698	22067036.00
2013/03/19	4.60	4.67	4.56	4.59	846506	25542974.00
2013/03/20	4.60	4.75	4.60	4.75	1006878	31049306.00
2013/03/21	4.75	4.90	4.73	4.88	1208620	38189296.00
2013/03/22	4.88	4.96	4.85	4.90	1288301	41274736.00
2013/03/25	4.90	4.98	4.84	4.89	776166	24863286.00
2013/03/26	4.86	4.86	4.75	4.80	911476	28629484.00
2013/03/27	4.80	5.06	4.80	4.99	2269108	73800584.00
2013/03/28	4.87	4.87	4.71	4.76	1907123	59403368.00
2013/03/29	4.76	4.81	4.67	4.67	895829	27826612.00
2013/04/01	4.67	4.76	4.60	4.71	772750	23829286.00
2013/04/02	4.71	4.75	4.50	4.52	1085354	32804964.00
2013/04/03	4.57	4.65	4.37	4.55	1167150	34541744.00
2013/04/08	4.43	4.90	4.40	4.80	2230212	69097008.00
2013/04/09	4.79	4.93	4.74	4.85	1340347	42311612.00
2013/04/10	4.83	4.93	4.76	4.78	1174508	37151896.00
2013/04/11	4.78	4.88	4.75	4.75	705743	22148872.00
2013/04/12	4.73	4.75	4.61	4.61	789672	24169874.00
2013/04/15	4.61	4.61	4.36	4.40	1766450	51671176.00
2013/04/16	4.37	4.44	4.33	4.44	1529373	44148012.00
2013/04/17	4.41	4.48	4.40	4.45	1001427	29303294.00
2013/04/18	4.41	4.49	4.36	4.49	1216702	35711676.00
2013/04/19	4.48	4.59	4.45	4.57	1076636	32228762.00
2013/04/22	4.58	4.77	4.58	4.76	1458598	44788192.00
2013/04/23	4.77	4.83	4.54	4.60	1481766	45088572.00
2013/04/24	4.59	4.68	4.53	4.66	1446877	43775748.00
2013/04/25	4.63	4.67	4.51	4.51	1326156	39902108.00
2013/04/26	4.52	4.56	4.37	4.38	1081614	31587802.00
2013/05/02	4.38	4.46	4.37	4.41	606397	17634420.00
2013/05/03	4.44	4.72	4.40	4.60	1669426	49970348.00
2013/05/06	4.60	4.76	4.58	4.74	1606863	49533828.00
2013/05/07	4.74	4.77	4.66	4.69	844374	25985354.00
2013/05/08	4.75	4.87	4.72	4.85	1809833	56532004.00
2013/05/09	4.84	4.95	4.82	4.89	1964279	62116484.00
2013/05/10	4.93	5.08	4.82	4.82	2491955	79865128.00
2013/05/13	4.82	4.99	4.82	4.95	1736218	55409208.00
2013/05/14	4.95	4.97	4.76	4.78	1465517	45891792.00
2013/05/15	4.79	5.02	4.79	5.01	2078930	66516632.00
2013/05/16	5.01	5.12	4.97	5.00	2524938	82228336.00
2013/05/17	4.99	5.18	4.98	5.14	2390281	79071968.00
2013/05/20	5.17	5.29	5.15	5.16	2576385	86484536.00
2013/05/21	5.18	5.58	5.18	5.45	5470388	190101648.00
2013/05/22	5.54	5.61	5.28	5.58	5764034	203835904.00
2013/05/23	5.52	5.78	5.42	5.59	5645919	205213712.00
2013/05/24	5.55	5.69	5.52	5.60	2760404	99204808.00
2013/05/27	5.65	5.65	5.49	5.57	3099122	110392904.00
2013/05/28	5.56	5.57	5.25	5.29	3914456	134424176.00
2013/05/29	5.30	5.42	5.28	5.31	2478852	85042528.00
2013/05/30	5.31	5.40	5.26	5.32	1877722	64314336.00
2013/05/31	5.33	5.37	5.19	5.28	1928438	65369948.00
2013/06/03	5.28	5.43	5.25	5.25	2506153	86253872.00
2013/06/04	5.33	5.43	5.16	5.27	2582155	87991368.00
2013/06/05	5.25	5.35	5.22	5.30	1099155	37409572.00
2013/06/06	5.28	5.43	5.25	5.28	2032970	69858824.00
2013/06/07	5.28	5.37	5.02	5.02	2745710	90471432.00
2013/06/13	5.00	5.00	4.67	4.95	1806320	56979540.00
2013/06/14	4.95	5.08	4.93	5.05	1212091	39381200.00
2013/06/17	5.03	5.09	4.95	4.98	1044179	33798384.00
2013/06/18	4.99	5.04	4.85	4.94	1235415	39335948.00
2013/06/19	4.91	4.91	4.77	4.84	1086304	33905988.00
2013/06/20	4.81	4.89	4.71	4.72	1109889	34579940.00
2013/06/21	4.47	4.72	4.47	4.67	1321217	39457960.00
2013/06/24	4.66	4.78	4.48	4.55	1950150	58937328.00
2013/06/25	4.51	4.64	4.20	4.63	2346464	68610272.00
2013/06/26	4.63	4.78	4.54	4.76	2001604	61164276.00
2013/06/27	4.77	4.83	4.68	4.73	1695495	52100280.00
2013/06/28	4.69	4.81	4.58	4.61	1357364	41344436.00
2013/07/01	4.62	4.73	4.54	4.72	1357448	41098556.00
2013/07/02	4.75	4.87	4.71	4.85	2200081	68366032.00
2013/07/03	4.85	4.98	4.76	4.96	2366892	74792952.00
2013/07/04	4.93	5.33	4.90	5.25	3615241	120949208.00
2013/07/05	5.28	5.30	5.12	5.14	1862874	62405252.00
2013/07/08	5.34	5.56	5.19	5.25	6053300	209714176.00
2013/07/09	5.12	5.23	4.99	5.06	3007630	98102512.00
2013/07/10	5.04	5.37	5.02	5.35	3471841	116993144.00
2013/07/11	5.30	5.34	5.18	5.30	3984885	135025296.00
2013/07/12	5.32	5.46	5.29	5.37	3192291	110598192.00
2013/07/15	5.41	5.48	5.30	5.37	4336422	150010576.00
2013/07/16	5.37	5.47	5.35	5.44	3657864	127439856.00
2013/07/17	5.47	5.48	5.23	5.25	3578883	123066576.00
2013/07/18	5.20	5.35	5.14	5.32	2676017	90352896.00
2013/07/19	5.32	5.36	5.15	5.15	2274521	77194104.00
2013/07/22	5.10	5.35	5.07	5.28	1876795	63124192.00
2013/07/23	5.28	5.49	5.26	5.48	3653143	126918928.00
2013/07/24	5.48	5.58	5.38	5.54	3681372	129396752.00
2013/07/25	5.56	5.61	5.30	5.32	3225154	113023824.00
2013/07/26	5.30	5.38	5.18	5.25	1954246	66359976.00
2013/07/29	5.23	5.23	5.10	5.12	1872378	62219216.00
2013/07/30	5.12	5.16	4.94	4.99	1956717	63667132.00
2013/07/31	5.00	5.07	4.98	5.01	1086675	35315116.00
2013/08/01	5.01	5.20	5.01	5.18	1898208	62869000.00
2013/08/02	5.20	5.38	5.18	5.38	3511094	119635240.00
2013/08/05	5.42	5.52	5.33	5.52	2892402	100891256.00
2013/08/06	5.51	5.56	5.42	5.44	2319397	81479936.00
2013/08/07	5.43	5.48	5.22	5.34	1794689	61714416.00
2013/08/08	5.33	5.56	5.28	5.56	3734977	131262112.00
2013/08/09	5.59	5.84	5.56	5.78	7096312	260489024.00
2013/08/12	5.73	5.78	5.64	5.70	2722263	99408944.00
2013/08/13	5.70	5.89	5.65	5.72	3034669	112654816.00
2013/08/14	5.72	5.74	5.55	5.58	2883454	104109368.00
2013/08/15	5.61	5.68	5.45	5.45	2166759	77431072.00
2013/08/16	5.41	5.55	5.28	5.29	2416365	84138632.00
2013/08/19	5.24	5.48	5.23	5.47	1976108	68478408.00
2013/08/20	5.47	5.60	5.42	5.51	2021467	71553448.00
2013/08/21	5.50	5.52	5.41	5.45	1270519	44467896.00
2013/08/22	5.46	5.61	5.44	5.56	1586658	56531940.00
2013/08/23	5.56	5.70	5.46	5.66	2844229	102128120.00
2013/08/26	5.66	5.70	5.58	5.68	2215175	80180544.00
2013/08/27	5.68	5.95	5.64	5.88	4264882	159911808.00
2013/08/28	5.82	5.97	5.76	5.83	3707073	139265040.00
2013/08/29	5.82	5.90	5.53	5.58	3453511	124769312.00
2013/08/30	5.54	5.54	5.08	5.12	5165561	175425504.00
2013/09/02	5.08	5.32	5.08	5.18	2104033	70654600.00
2013/09/03	5.20	5.30	5.14	5.29	1647580	55500336.00
2013/09/04	5.28	5.36	5.27	5.29	1636903	55970656.00
2013/09/05	5.32	5.49	5.32	5.41	2656829	92428840.00
2013/09/06	5.41	5.75	5.40	5.68	4328494	155888576.00
2013/09/09	5.72	5.85	5.62	5.73	3961166	145886128.00
2013/09/10	5.74	5.85	5.65	5.80	2977576	109834704.00
2013/09/11	5.84	5.93	5.48	5.53	3312726	119553632.00
2013/09/12	5.54	5.67	5.52	5.55	1597133	57204424.00
2013/09/13	5.54	5.69	5.53	5.67	1742573	62748540.00
2013/09/16	5.66	5.83	5.61	5.81	2176672	79835624.00
2013/09/17	5.78	5.83	5.62	5.67	2192626	79972720.00
2013/09/18	5.67	5.72	5.58	5.72	1669988	60423452.00
2013/09/23	5.73	6.03	5.73	5.99	5104017	193701232.00
2013/09/24	5.99	6.15	5.93	5.96	3984776	153296448.00
2013/09/25	5.92	6.15	5.92	6.13	3529428	136730256.00
2013/09/26	6.14	6.23	6.03	6.10	3786633	147814448.00
2013/09/27	6.10	6.14	5.89	5.92	3213498	122424752.00
2013/09/30	5.85	6.02	5.72	5.90	4890568	91398672.00
2013/10/08	5.90	6.09	5.78	6.07	6896334	130110832.00
2013/10/09	6.04	6.24	6.02	6.22	7605425	148743728.00
2013/10/10	6.31	6.55	6.07	6.08	12539931	253291056.00
2013/10/11	6.12	6.24	5.92	6.08	8473271	164456736.00
2013/10/14	6.14	6.14	5.84	5.93	11065377	209571008.00
2013/10/15	6.04	6.04	5.73	5.84	8390293	156103584.00
2013/10/16	5.78	5.78	5.44	5.45	9656921	172334288.00
2013/10/17	5.54	5.67	5.47	5.59	5802384	103465712.00
2013/10/18	5.98	6.18	5.87	5.93	19265415	367926560.00
2013/10/21	5.88	6.28	5.79	6.22	11942079	231822336.00
2013/10/22	6.17	6.26	6.00	6.02	10582465	206347904.00
2013/10/23	6.14	6.20	5.71	5.74	11939273	224890848.00
2013/10/24	5.73	5.78	5.45	5.60	7986974	143799408.00
2013/10/25	5.59	5.59	5.22	5.38	10257796	176909680.00
2013/10/28	5.37	5.38	5.27	5.32	3983422	68129056.00
2013/10/29	5.35	5.44	5.02	5.28	6689827	112938648.00
2013/10/30	5.28	5.45	5.25	5.41	5273156	91022056.00
2013/10/31	5.42	5.44	5.20	5.27	5697579	96758992.00
2013/11/01	5.31	5.31	5.04	5.11	5101624	84341304.00
2013/11/04	5.05	5.11	4.92	5.02	7199106	115938104.00
2013/11/05	5.02	5.18	4.87	5.12	7657020	123284528.00
2013/11/06	5.09	5.26	5.03	5.11	6235040	103983848.00
2013/11/07	5.12	5.20	4.99	5.02	3068494	50002080.00
2013/11/08	5.05	5.21	5.03	5.10	4606897	76117688.00
2013/11/11	5.13	5.35	5.12	5.28	6607804	112050456.00
2013/11/12	5.48	5.68	5.46	5.49	10447789	186056896.00
2013/11/13	5.53	5.67	5.46	5.48	7726955	137367648.00
2013/11/14	5.44	6.05	5.39	6.01	19578757	363662048.00
2013/11/15	6.05	6.32	6.01	6.02	25030088	490548736.00
2013/11/18	5.98	6.24	5.84	6.09	26343431	512190144.00
2013/11/19	6.01	6.27	5.92	5.95	22121856	429092832.00
2013/11/20	5.95	6.58	5.78	6.49	40658178	800139520.00
2013/11/21	6.35	6.40	6.12	6.22	23009774	459313504.00
2013/11/22	6.16	6.38	5.96	6.02	20212373	398719584.00
2013/11/25	6.15	6.41	6.10	6.19	23732329	472473312.00
2013/11/26	6.14	6.18	5.88	6.04	17386351	335158720.00
2013/11/27	6.11	6.69	6.06	6.69	35979034	745018240.00
2013/11/28	6.78	6.87	6.55	6.63	47823534	1013678720.00
2013/11/29	6.58	7.24	6.54	6.89	34314571	746485632.00
2013/12/02	6.58	6.65	6.22	6.27	33338778	683786944.00
2013/12/03	6.20	6.68	6.14	6.62	22028277	455598368.00
2013/12/04	6.66	6.98	6.58	6.80	20582244	441182976.00
2013/12/05	6.75	6.78	6.42	6.42	19519571	406674560.00
2013/12/06	6.32	6.47	6.22	6.31	11794523	237358176.00
2013/12/09	6.38	6.47	6.23	6.35	13029076	261011920.00
2013/12/10	6.34	6.37	6.06	6.10	16937082	331975168.00
2013/12/11	6.08	6.20	6.00	6.16	10406534	203396096.00
2013/12/12	6.18	6.40	6.12	6.27	11134168	222753888.00
2013/12/13	6.19	6.28	6.11	6.21	7394691	146014368.00
2013/12/16	6.23	6.27	6.00	6.14	9020892	175988848.00
2013/12/17	6.08	6.25	5.98	6.04	11061703	215284016.00
2013/12/18	6.28	6.37	6.13	6.23	16653312	330613760.00
2013/12/19	6.33	6.37	6.02	6.03	15719260	309391392.00
2013/12/20	6.02	6.04	5.78	5.78	11701690	219313872.00
2013/12/23	5.81	6.13	5.63	6.01	13589196	257669824.00
2013/12/24	6.01	6.33	6.01	6.20	18119310	360092384.00
2013/12/25	6.23	6.76	6.23	6.63	28690248	597027776.00
2013/12/26	6.62	6.74	6.51	6.53	21775101	454188672.00
2013/12/27	6.55	6.81	6.50	6.67	19810795	419479648.00
2013/12/30	6.68	6.98	6.67	6.72	18609542	402243648.00
2013/12/31	6.70	6.78	6.54	6.54	13947115	293868384.00
2014/01/02	6.52	6.92	6.44	6.90	19311298	412218400.00
2014/01/03	6.82	6.92	6.77	6.80	14536194	314324768.00
2014/01/06	6.79	6.79	6.39	6.42	13845405	288526208.00
2014/01/07	6.42	6.70	6.33	6.57	11573171	240998400.00
2014/01/08	6.61	7.27	6.58	7.02	33777918	759411840.00
2014/01/09	6.95	7.09	6.73	6.73	19332556	423979360.00
2014/01/10	6.75	6.84	6.57	6.58	11220001	237358528.00
2014/01/13	6.68	6.79	6.61	6.70	10508549	223678720.00
2014/01/14	6.68	7.02	6.55	6.99	14505384	312890880.00
2014/01/15	6.95	7.22	6.87	7.10	21559389	482621600.00
2014/01/16	7.10	7.30	6.98	6.98	15501140	348684832.00
2014/01/17	6.95	7.17	6.90	7.04	14065199	313773312.00
2014/01/20	7.03	7.08	6.78	6.85	12924739	282789600.00
2014/01/21	6.85	7.13	6.82	7.01	12671356	280932256.00
2014/01/22	7.02	7.28	6.98	7.12	19395795	438887968.00
2014/01/23	7.13	7.45	7.10	7.39	22502351	518822464.00
2014/01/24	7.36	7.46	7.31	7.41	17144630	399808704.00
2014/01/27	7.42	7.78	7.38	7.46	21630849	518666272.00
2014/01/28	7.42	7.57	7.22	7.55	14365183	334849440.00
2014/01/29	7.57	7.78	7.52	7.55	16009672	384966752.00
2014/01/30	7.50	7.64	7.38	7.49	11280717	267407856.00
2014/02/07	7.34	7.92	7.34	7.82	23208622	561728064.00
2014/02/10	7.95	8.12	7.85	7.98	21787196	545783936.00
2014/02/11	8.02	8.38	7.84	7.84	27508252	698932032.00
2014/02/12	7.82	8.08	7.66	8.01	17722443	439554944.00
2014/02/13	8.01	8.26	7.74	7.77	20348866	512891840.00
2014/02/14	7.79	7.90	7.64	7.69	19666435	479017984.00
2014/02/17	7.72	8.05	7.72	8.04	21011018	521820960.00
2014/02/18	8.05	8.07	7.70	7.71	26407922	647655936.00
2014/02/19	7.68	7.74	7.43	7.51	25236337	599828544.00
2014/02/20	7.51	7.58	7.29	7.40	14241272	334060448.00
2014/02/21	7.39	7.53	7.35	7.46	9652274	226393376.00
2014/02/24	7.45	7.45	7.22	7.29	15551050	358103904.00
2014/02/25	7.32	7.50	6.82	6.88	25375492	575382656.00
2014/02/26	6.85	6.85	6.52	6.68	19237032	407164448.00
2014/02/27	6.75	6.94	6.54	6.55	16005159	343606688.00
2014/02/28	6.63	6.81	6.55	6.80	15600437	331361088.00
2014/03/03	6.95	7.08	6.90	7.06	18259112	403979232.00
2014/03/04	7.03	7.03	6.84	6.97	11787223	258868752.00
2014/03/05	7.02	7.13	6.95	6.96	11590711	258309984.00
2014/03/06	6.97	7.01	6.74	6.90	12101104	262976032.00
2014/03/07	6.88	6.97	6.72	6.75	10381950	225251440.00
2014/03/10	6.68	6.68	6.35	6.37	13532798	278505600.00
2014/03/11	6.35	6.44	6.18	6.26	10731721	215447792.00
2014/03/12	6.35	6.42	6.23	6.37	8430177	170032368.00
2014/03/13	6.41	6.63	6.28	6.62	10261212	210584864.00
2014/03/14	6.58	6.67	6.48	6.62	7275706	151705232.00
2014/03/17	6.57	6.80	6.53	6.69	12493273	264164752.00
2014/03/18	6.71	6.75	6.58	6.60	14021679	295668992.00
2014/03/19	6.55	6.56	6.39	6.43	8439419	173067168.00
2014/03/20	6.46	6.48	6.20	6.20	9169709	184490768.00
2014/03/21	6.18	6.37	6.06	6.35	8649475	171405072.00
2014/03/24	6.35	6.40	6.27	6.37	6887041	138861008.00
2014/03/25	6.37	6.41	6.29	6.36	5471677	110617808.00
2014/03/26	6.45	6.50	6.30	6.40	11355146	230653984.00
2014/03/27	6.40	6.40	6.10	6.12	11200287	221791216.00
2014/03/28	6.12	6.20	5.81	5.83	12059139	229314528.00
2014/03/31	5.81	5.94	5.79	5.89	5381445	101032600.00
2014/04/01	5.93	6.05	5.90	6.04	6589229	125601264.00
2014/04/02	5.98	6.03	5.68	5.70	16104841	299344480.00
2014/04/03	5.73	5.88	5.72	5.78	11628301	215332224.00
2014/04/04	5.77	5.90	5.74	5.90	6983956	130111504.00
2014/04/08	5.87	6.11	5.83	6.07	11741749	225495728.00
2014/04/09	6.06	6.23	6.03	6.15	10002335	196436320.00
2014/04/10	6.21	6.34	6.15	6.18	11417551	227162816.00
2014/04/11	6.12	6.20	6.05	6.18	9578722	186653264.00
2014/04/14	6.17	6.30	6.11	6.27	8264050	164283536.00
2014/04/15	6.32	6.40	6.27	6.28	10153318	204441520.00
2014/04/16	6.32	6.45	6.24	6.45	11549715	233997152.00
2014/04/17	6.45	6.47	6.38	6.40	7917682	161530464.00
2014/04/18	6.38	6.39	6.27	6.32	8525299	171278608.00
2014/04/22	6.32	6.36	6.06	6.16	9754935	192919088.00
2014/04/23	6.17	6.43	6.17	6.33	8568691	172189664.00
2014/04/24	6.45	6.70	6.45	6.52	17793482	371485696.00
2014/04/25	6.51	6.52	6.37	6.37	7394899	151193040.00
2014/04/28	6.24	6.24	5.85	5.91	12716501	242262080.00
2014/04/29	5.91	6.00	5.85	6.00	6603426	124896664.00
2014/04/30	6.00	6.20	5.97	6.09	6958333	89932328.00
2014/05/05	6.09	6.19	5.95	6.06	7210586	92655248.00
2014/05/06	6.09	6.40	6.02	6.33	16469783	218316896.00
2014/05/07	6.32	6.42	6.24	6.26	10505179	140353088.00
2014/05/08	6.25	6.33	6.18	6.28	6665946	88317480.00
2014/05/09	6.30	6.30	6.00	6.08	10398658	134051520.00
2014/05/12	6.16	6.33	6.06	6.31	11480931	151229024.00
2014/05/13	6.28	6.35	6.24	6.28	6766399	89865848.00
2014/05/14	6.27	6.28	6.19	6.24	4979997	65546520.00
2014/05/15	6.24	6.34	6.13	6.14	9877550	130303872.00
2014/05/16	6.08	6.15	5.92	6.06	9896533	126116912.00
2014/05/19	6.05	6.12	5.95	6.01	5795352	73818296.00
2014/05/20	6.06	6.17	6.04	6.09	5468051	70396152.00
2014/05/21	6.10	6.16	5.99	6.16	5995946	77327608.00
2014/05/22	6.18	6.34	6.13	6.23	13960560	184635504.00
2014/05/23	6.23	6.38	6.21	6.36	11633436	154821264.00
2014/05/26	6.42	6.59	6.34	6.53	18865721	257943488.00
2014/05/27	6.53	6.63	6.48	6.58	15444730	213670400.00
2014/05/28	6.55	6.76	6.51	6.74	18768416	262941856.00
2014/05/29	6.76	6.92	6.61	6.62	23104462	328333120.00
2014/05/30	6.70	7.23	6.65	7.19	38094533	557892800.00
2014/06/03	7.20	7.30	7.01	7.10	31777341	476306144.00
2014/06/04	7.09	7.19	6.94	7.15	22061371	325735744.00
2014/06/05	7.10	7.20	7.01	7.11	16909937	252769792.00
2014/06/06	7.14	7.19	6.93	7.00	16640653	245322896.00
2014/06/09	6.95	7.07	6.82	6.83	13122129	191300096.00
2014/06/10	6.84	7.22	6.83	7.13	25408447	376636864.00
2014/06/11	7.14	7.29	7.03	7.07	23911028	357997184.00
2014/06/12	7.06	7.19	6.97	7.05	17618518	261210208.00
2014/06/13	7.03	7.17	6.90	7.13	23321850	345456800.00
2014/06/16	7.13	7.38	7.05	7.36	31596271	481650656.00
2014/06/17	7.45	7.48	7.26	7.32	24295490	375493472.00
2014/06/18	7.30	7.50	7.19	7.21	19977534	307254560.00
2014/06/19	7.25	7.27	6.76	6.88	26622079	390008832.00
2014/06/20	6.84	7.04	6.80	7.01	12727289	184893808.00
2014/06/23	7.01	7.23	6.99	7.15	16139008	241460816.00
2014/06/24	7.11	7.12	7.01	7.10	14550237	215519664.00
2014/06/25	7.10	7.10	6.95	7.01	10609249	156038304.00
2014/06/26	7.01	7.25	7.01	7.16	16441422	247000304.00
2014/06/27	7.16	7.37	7.09	7.33	20862921	317457888.00
2014/06/30	7.32	7.71	7.28	7.62	38283728	603781440.00
2014/07/01	7.69	7.75	7.53	7.63	24900964	398066112.00
2014/07/02	7.64	7.93	7.64	7.66	29086551	472140832.00
2014/07/03	7.65	7.81	7.59	7.68	20515434	330421024.00
2014/07/04	7.69	7.70	7.44	7.49	22693593	356774208.00
2014/07/07	7.53	7.75	7.51	7.70	22847409	365262112.00
2014/07/08	7.79	7.87	7.67	7.74	22068053	358007840.00
2014/07/09	7.74	8.09	7.65	7.74	46795544	772324224.00
2014/07/10	7.73	7.97	7.52	7.55	33468312	540953920.00
2014/07/11	7.45	7.61	7.39	7.60	30902966	483337952.00
2014/07/14	7.65	7.65	7.47	7.58	15601455	246820400.00
2014/07/15	7.58	7.67	7.42	7.50	19428325	306188224.00
2014/07/16	7.48	7.48	6.96	7.00	37183229	556924992.00
2014/07/17	6.99	7.03	6.83	6.90	15505643	225117040.00
2014/07/18	6.90	7.01	6.88	6.91	10814045	157762240.00
2014/07/21	6.90	6.98	6.69	6.97	13740426	197813248.00
2014/07/22	6.90	7.08	6.86	6.99	11583415	170344144.00
2014/07/23	7.00	7.21	7.00	7.07	17311781	258391712.00
2014/07/24	7.03	7.10	6.70	6.88	14206246	205157328.00
2014/07/25	6.93	6.97	6.79	6.94	10022985	144684192.00
2014/07/28	6.99	7.14	6.93	7.10	19049960	281112256.00
2014/07/29	7.13	7.28	7.10	7.21	20943598	316725664.00
2014/07/30	7.25	7.39	7.16	7.35	23033087	352356992.00
2014/07/31	7.33	7.40	7.27	7.36	12794853	196621344.00
2014/08/01	7.33	7.40	7.15	7.15	18102860	276222464.00
2014/08/04	7.15	7.33	7.10	7.33	13084015	199033872.00
2014/08/05	7.34	7.37	7.23	7.34	15114454	231399840.00
2014/08/06	7.34	7.50	7.25	7.44	18937323	293507584.00
2014/08/07	7.44	7.49	7.26	7.27	16136366	248743392.00
2014/08/08	7.30	7.36	7.27	7.30	9910189	151783424.00
2014/08/11	7.31	7.47	7.31	7.45	15124271	235454672.00
2014/08/12	7.47	7.52	7.39	7.43	12418313	193282928.00
2014/08/13	7.40	7.43	7.20	7.30	15448110	236153328.00
2014/08/14	7.30	7.33	7.22	7.24	12640949	192561248.00
2014/08/15	7.25	7.56	7.25	7.56	25599884	398099008.00
2014/08/18	7.65	7.73	7.53	7.62	25234276	401884416.00
2014/08/19	7.62	7.84	7.57	7.72	27284309	439538656.00
2014/08/20	7.72	7.72	7.50	7.56	21516703	342309856.00
2014/08/21	7.57	7.60	7.44	7.55	19690616	309983424.00
2014/08/22	7.56	7.71	7.52	7.66	19511199	311701152.00
2014/08/25	7.70	7.73	7.51	7.53	16330692	259217568.00
2014/08/26	7.56	7.59	7.32	7.37	15154334	235986640.00
2014/08/27	7.35	7.58	7.35	7.42	16543207	258937488.00
2014/08/28	7.40	7.43	7.28	7.30	12217688	187796048.00
2014/08/29	7.30	7.44	7.30	7.43	8276762	127893704.00
2014/09/01	7.55	7.72	7.53	7.61	21277579	339544416.00
2014/09/02	7.71	8.39	7.71	8.16	75760036	1267560960.00
2014/09/03	8.16	8.30	8.08	8.13	47825216	814921280.00
2014/09/04	8.13	8.49	8.06	8.25	49566469	856671168.00
2014/09/05	8.26	8.30	8.12	8.22	27306247	465817344.00
2014/09/09	8.24	8.37	8.10	8.25	29726268	511890464.00
2014/09/10	8.23	8.33	8.11	8.20	23376609	399415776.00
2014/09/11	8.26	8.53	8.19	8.38	42720398	744387264.00
2014/09/12	8.40	8.90	8.40	8.83	54692544	985769664.00
2014/09/15	8.85	8.88	8.68	8.79	33410248	611023872.00
2014/09/16	8.79	8.79	8.10	8.15	55809660	979282816.00
2014/09/17	8.13	8.24	7.90	8.07	31808311	533966656.00
2014/09/18	8.05	8.20	7.99	8.10	17627511	297400448.00
2014/09/19	8.10	8.28	8.06	8.24	19243736	328054240.00
2014/09/22	8.20	8.20	7.96	8.02	17052840	286891168.00
2014/09/23	8.01	8.28	7.99	8.20	22829802	388295968.00
2014/09/24	8.18	8.51	8.13	8.43	34268733	598321344.00
2014/09/25	8.43	8.78	8.35	8.57	41888051	747868288.00
2014/09/26	8.54	8.64	8.42	8.49	21847838	387119200.00
2014/09/29	8.50	8.64	8.44	8.54	22764449	404238912.00
2014/09/30	8.54	8.54	8.37	8.44	24184988	424740256.00
2014/10/08	8.49	8.73	8.43	8.70	34049518	611217856.00
2014/10/09	8.73	8.86	8.49	8.62	30103340	543523008.00
2014/10/10	8.55	8.76	8.46	8.64	29729417	531725632.00
2014/10/13	8.55	8.65	8.37	8.61	26227225	465105568.00
2014/10/14	8.56	8.77	8.46	8.49	34380092	618264256.00
2014/10/15	8.49	8.62	8.27	8.55	31184163	547094080.00
2014/10/16	8.41	8.54	8.18	8.23	25669169	448149504.00
2014/10/17	8.16	8.27	7.91	8.05	25490835	428251840.00
2014/10/20	8.06	8.19	8.01	8.10	17910591	302887264.00
2014/10/21	8.10	8.20	8.03	8.05	14963170	253543360.00
2014/10/22	8.07	8.20	7.96	8.02	15599407	263729984.00
2014/11/12	8.10	8.72	8.04	8.46	64292775	1135657984.00
2014/11/13	8.43	8.58	8.17	8.28	33154018	578232384.00
2014/11/14	8.33	8.63	8.33	8.48	26869179	475476480.00
2014/11/17	8.55	8.78	8.42	8.71	32180639	579609664.00
2014/11/18	8.73	8.88	8.58	8.60	22785993	411729760.00
2014/11/19	8.58	8.63	8.46	8.55	19672872	350006272.00
2014/11/20	8.49	8.71	8.46	8.65	18294824	328195680.00
2014/11/21	8.63	8.68	8.51	8.58	14938615	266712432.00
2014/11/24	8.68	8.72	8.51	8.62	25874859	463202080.00
2014/11/25	8.69	9.15	8.68	9.00	45087252	841071936.00
2014/11/26	9.01	9.12	8.89	9.00	30224056	563792384.00
2014/11/27	9.05	9.37	8.96	9.15	35504302	676502208.00
2014/11/28	9.20	9.23	8.96	9.05	27546355	517724288.00
2014/12/01	9.11	9.17	8.66	8.83	31344337	574579392.00
2014/12/02	8.80	8.98	8.73	8.86	24890741	458617472.00
2014/12/03	8.81	9.03	8.66	9.01	32071799	588277376.00
2014/12/04	9.01	9.24	8.98	9.10	33543626	635073472.00
2014/12/05	9.16	9.83	8.68	9.77	79792001	1561810048.00
2014/12/08	9.85	10.77	9.85	10.43	72614993	1560400384.00
2014/12/09	10.43	10.59	9.35	9.40	63215314	1313274752.00
2014/12/10	9.45	10.34	9.41	10.17	41119339	840667712.00
2014/12/11	9.73	10.55	9.73	10.38	44849450	954936128.00
2014/12/12	10.38	10.53	10.17	10.34	24561130	524475296.00
2014/12/15	10.16	11.01	10.07	10.77	33705668	747575872.00
2014/12/16	10.87	11.03	10.59	10.78	23992047	534016736.00
2014/12/17	10.70	11.02	10.41	10.88	37140623	823218048.00
2014/12/18	10.80	11.35	10.70	11.07	33653745	768051712.00
2014/12/19	11.06	11.06	10.48	10.70	26023740	576725056.00
2014/12/22	10.62	10.62	9.72	9.75	33099205	686106560.00
2014/12/23	9.70	10.04	9.41	9.47	20315068	407356416.00
2014/12/24	9.57	9.90	9.47	9.64	20405991	408478784.00
2014/12/25	9.65	9.89	9.63	9.71	17031590	343204512.00
2014/12/26	9.68	9.95	9.53	9.93	24036442	484993696.00
2014/12/29	10.09	10.17	9.59	9.68	22513337	457214880.00
2014/12/30	9.68	9.75	9.07	9.20	23186203	448809632.00
2014/12/31	9.28	9.41	9.15	9.31	18172439	349540032.00
2015/01/05	9.34	9.38	8.96	9.26	24103780	459060896.00
2015/01/06	9.18	9.77	9.11	9.69	27118350	536625728.00
2015/01/07	9.64	9.76	9.41	9.48	14885140	293849664.00
2015/01/08	9.45	9.62	9.43	9.54	15733589	311031264.00
2015/01/09	9.78	10.07	9.66	9.69	34585326	710784128.00
2015/01/12	9.65	9.99	9.59	9.90	19967249	407629120.00
2015/01/13	9.96	10.40	9.95	10.29	27334926	577469568.00
2015/01/14	10.35	10.41	10.04	10.13	18399331	387309696.00
2015/01/15	10.16	10.34	9.96	10.12	15465134	323291136.00
2015/01/16	10.09	10.26	10.05	10.17	17107095	359486656.00
2015/01/19	9.80	10.24	9.44	9.60	25193635	514820800.00
2015/01/20	9.66	9.98	9.65	9.95	21756559	442348352.00
2015/01/21	10.10	10.38	10.10	10.24	28296738	600221952.00
2015/01/22	10.23	10.97	10.14	10.80	41092947	900086336.00
2015/01/23	10.75	10.79	10.44	10.49	26668652	583164736.00
2015/02/09	10.00	10.48	9.74	9.96	22185356	465287296.00
2015/02/10	10.13	10.31	10.02	10.15	10564565	221879920.00
2015/02/11	10.20	10.73	10.15	10.58	17337584	377494944.00
2015/02/12	10.57	10.69	10.42	10.54	11631795	253007872.00
2015/02/13	10.73	10.96	10.65	10.73	19609903	436927232.00
2015/02/16	10.75	11.60	10.75	11.47	32814378	759821952.00
2015/02/17	11.55	11.59	11.21	11.29	15740720	367666496.00
2015/02/25	11.30	11.47	11.11	11.38	16521786	383870944.00
2015/02/26	11.35	11.35	10.93	11.15	23459576	536607968.00
2015/02/27	11.15	12.15	11.15	11.50	26740241	641496896.00
2015/03/02	11.64	11.64	11.36	11.52	20358242	481788032.00
2015/03/03	11.40	11.69	11.38	11.40	23610503	562101312.00
2015/03/04	11.60	11.74	11.42	11.61	20021441	477790880.00
2015/03/05	11.60	11.86	11.51	11.78	24591981	593053760.00
2015/03/06	11.79	12.14	11.58	11.60	26053890	637285632.00
2015/03/09	11.40	11.51	11.07	11.45	19974574	464851296.00
2015/03/10	11.40	11.68	11.36	11.47	15742798	372829280.00
2015/03/11	11.57	11.58	11.19	11.25	16802690	392509728.00
2015/03/12	11.35	11.35	10.92	11.01	19200184	439282016.00
2015/03/13	11.50	11.59	11.29	11.44	23110547	544256320.00
2015/03/16	11.56	12.10	11.56	12.03	34636433	851137152.00
2015/03/17	12.24	12.87	12.23	12.40	42245405	1086735104.00
2015/03/18	12.43	12.64	12.20	12.56	27291336	697645184.00
2015/03/19	12.49	12.81	12.31	12.74	27036359	703096192.00
2015/03/20	12.74	12.84	12.56	12.64	24325400	632727616.00
2015/03/23	12.67	13.07	12.60	12.83	31658434	831950080.00
2015/03/24	12.90	12.99	12.10	12.59	33702965	873968512.00
2015/03/25	12.48	12.75	12.41	12.68	30347533	788976832.00
2015/03/26	12.65	12.70	12.26	12.42	23774163	611146368.00
2015/03/27	12.56	13.55	12.56	13.11	43302710	1158628480.00
2015/03/30	13.33	13.89	13.29	13.82	45579415	1270800512.00
2015/03/31	14.35	14.40	13.55	13.66	43157903	1234164096.00
2015/04/01	13.93	14.04	13.70	13.93	28255682	805076544.00
2015/04/02	14.12	14.52	13.83	14.18	39017063	1133343488.00
2015/04/03	14.10	14.55	13.93	14.37	35984850	1050545792.00
2015/04/07	14.39	14.48	14.09	14.28	34048626	990458048.00
2015/04/08	14.30	14.31	13.57	13.71	42630578	1208277248.00
2015/04/09	13.73	13.78	12.65	13.32	42167098	1138028544.00
2015/04/10	13.19	13.70	13.03	13.69	29145024	809244160.00
2015/04/13	13.85	14.00	13.55	13.91	34274859	971270528.00
2015/04/14	13.92	13.96	13.55	13.66	24778023	696833728.00
2015/04/15	13.66	13.68	13.15	13.17	23961020	655868224.00
2015/04/16	12.94	13.49	12.82	13.46	22347665	609405888.00
2015/04/17	13.76	13.94	13.58	13.85	40010090	1133756800.00
2015/04/20	13.65	14.30	13.32	13.65	49632878	1418055936.00
2015/04/21	13.72	14.39	13.72	14.24	45911959	1330729344.00
2015/04/22	14.90	15.09	14.58	14.74	50784726	1535923584.00
2015/04/23	14.78	14.85	14.40	14.57	35989600	1072957952.00
2015/04/24	14.32	14.88	14.21	14.56	32154322	959033280.00
2015/04/27	14.85	15.40	14.85	14.89	46278205	1429871232.00
2015/04/28	14.83	14.86	13.98	14.19	41079353	1205327744.00
2015/04/29	14.15	14.76	13.95	14.63	34299629	1019188352.00
2015/04/30	14.90	15.33	14.65	14.65	43178152	1322415232.00
2015/05/04	14.66	15.12	14.17	15.10	42165470	1280026368.00
2015/05/05	15.14	15.52	14.60	14.78	40836722	1255385728.00
2015/05/06	14.90	15.32	14.60	14.74	37418097	1143497856.00
2015/05/07	14.74	14.74	14.09	14.31	26282693	776430080.00
2015/05/08	14.39	14.82	14.16	14.80	32336320	957683712.00
2015/05/11	15.14	15.55	14.78	15.55	49705245	1546343936.00
2015/05/12	15.75	17.13	15.61	17.13	68782866	2284190208.00
2015/05/13	17.55	18.59	16.95	17.03	82440540	2955571200.00
2015/05/14	17.04	17.45	16.63	16.75	43113908	1480869760.00
2015/05/15	16.56	17.45	16.25	17.04	49724329	1714474624.00
2015/05/18	17.08	18.18	17.08	17.80	48733397	1751249920.00
2015/05/19	17.81	18.23	17.28	17.89	36836779	1320889216.00
2015/05/20	18.00	19.58	17.99	18.67	43531101	1668545536.00
2015/05/21	18.71	19.86	18.71	19.63	36769829	1449704704.00
2015/05/22	19.76	19.99	18.80	19.35	39408771	1535646336.00
2015/05/25	19.05	20.65	18.76	20.32	36013929	1451603712.00
2015/05/26	21.04	22.28	20.84	22.23	43000428	1858396160.00
2015/05/27	22.25	23.24	21.62	21.95	47042256	2155301376.00
2015/05/28	21.93	22.70	19.73	19.73	51697911	2231252480.00
2015/05/29	19.73	21.19	18.60	20.50	45685504	1866932992.00
2015/06/01	20.75	22.13	20.64	21.75	30071233	1311492352.00
2015/06/02	21.85	23.95	21.85	23.95	38879891	1823707520.00
2015/06/03	24.08	25.25	22.75	24.22	40930259	1998719104.00
2015/06/04	24.26	24.35	21.77	23.36	38437211	1774118912.00
2015/06/05	23.75	24.00	22.26	22.89	36927700	1733665536.00
2015/06/08	22.73	22.74	21.07	21.57	38271903	1674910208.00
2015/06/09	21.40	22.25	21.00	21.58	28978372	1270024064.00
2015/06/10	21.75	22.25	21.26	21.92	29354732	1303108224.00
2015/06/11	22.11	22.20	21.76	21.83	25313705	1123154560.00
2015/06/12	21.83	22.84	21.83	22.32	31457286	1427608960.00
2015/06/15	22.98	23.23	22.23	22.25	41635768	1910094592.00
2015/06/16	22.01	22.01	20.00	20.33	38960403	1630579584.00
2015/06/17	20.09	20.97	18.76	20.67	35946378	1435945600.00
2015/06/18	20.15	20.63	19.22	19.28	24388466	987968128.00
2015/06/19	19.03	19.50	17.75	17.76	27575704	1038256192.00
2015/06/23	17.82	19.15	17.03	19.15	34450339	1268310656.00
2015/06/24	19.38	20.05	19.18	19.53	32387487	1286476672.00
2015/06/25	19.53	19.69	17.75	18.36	24734322	957037312.00
2015/06/26	17.95	18.02	16.50	16.50	28091334	974473408.00
2015/06/29	17.08	17.25	14.82	14.82	40292447	1272169856.00
2015/06/30	14.32	15.85	13.32	15.85	45452531	1343054720.00
2015/07/01	15.90	17.25	14.75	15.83	51372200	1731043712.00
2015/07/02	16.03	16.55	14.40	15.20	38326734	1233249024.00
2015/07/03	14.70	15.91	13.65	14.05	43390508	1283409408.00
2015/07/06	15.48	15.48	12.62	13.13	52062990	1468656256.00
2015/07/07	12.65	12.65	11.79	11.79	35283074	855661312.00
2015/07/17	13.00	13.00	13.00	13.00	6018188	159421808.00
2015/07/20	14.32	14.32	14.32	14.32	945987	27566062.00
2015/07/21	15.78	15.78	15.78	15.78	4433804	142103424.00
2015/07/22	16.75	17.38	16.20	17.38	97066688	3350811904.00
2015/07/23	17.60	18.35	16.99	17.99	76927269	2742603008.00
2015/07/24	17.75	19.81	17.61	19.19	84465167	3255958784.00
2015/07/27	18.75	20.72	17.69	18.22	88496190	3492552704.00
2015/07/28	17.20	19.47	16.75	18.53	76432621	2806335744.00
2015/07/29	19.11	20.25	17.25	19.99	71353323	2690106624.00
2015/07/30	19.64	21.25	19.04	19.40	79889826	3281962240.00
2015/07/31	18.86	19.24	17.45	17.91	51064871	1906572544.00
2015/08/03	17.25	17.46	16.09	16.09	48427893	1614827392.00
2015/08/04	16.43	17.73	16.43	17.73	43401780	1510731648.00
2015/08/05	17.86	18.36	17.15	17.42	47508351	1714247808.00
2015/08/06	16.75	17.50	16.50	16.74	25154709	865702208.00
2015/08/07	17.18	17.50	16.95	17.35	26365106	921314304.00
2015/08/10	17.55	19.00	17.55	18.75	40927890	1517471232.00
2015/08/11	18.79	19.24	18.20	18.46	42518313	1609111168.00
2015/08/12	18.60	18.88	18.15	18.23	32770849	1231351552.00
2015/08/13	18.22	18.53	17.90	18.52	29944700	1102536832.00
2015/08/14	18.65	18.75	18.05	18.19	24646529	921156608.00
2015/08/17	18.25	19.02	18.12	18.75	30991740	1174261888.00
2015/08/18	18.75	18.85	16.85	16.85	40241024	1440890368.00
2015/08/19	15.99	17.19	15.20	16.89	32028706	1062646144.00
2015/08/20	16.84	17.42	16.34	16.50	24053571	831918784.00
2015/08/21	16.25	16.87	15.09	15.17	27451321	885180800.00
2015/08/24	14.47	14.47	13.63	13.63	15094119	422162720.00
2015/08/25	12.24	12.24	12.24	12.24	8221100	205363072.00
2015/08/26	12.10	12.55	10.99	10.99	54679295	1278965248.00
2015/08/27	11.28	11.69	10.21	11.34	39798330	908109120.00
2015/08/28	11.75	12.50	11.48	12.50	41531929	1026643840.00
2015/08/31	12.80	13.65	12.39	13.65	51242607	1351479296.00
2015/09/01	13.05	13.09	12.26	12.40	42549037	1078127616.00
2015/09/02	11.28	12.74	11.28	12.15	34363314	841723008.00
2015/09/07	12.51	13.15	11.85	12.01	19134488	491263648.00
2015/09/08	12.00	12.56	11.25	12.44	16687927	407672128.00
2015/09/09	12.60	13.15	12.44	12.90	25319082	663502848.00
2015/09/10	12.64	13.44	12.50	12.95	22736864	607235840.00
2015/09/11	13.10	13.40	12.75	13.00	17716686	471484704.00
2015/09/14	13.10	13.31	11.68	11.68	20553178	522459488.00
2015/09/15	11.23	11.69	10.49	10.49	22153552	494108512.00
2015/09/16	10.51	11.56	10.09	11.46	26966655	595643776.00
2015/09/17	11.42	11.95	11.18	11.25	26365944	624535232.00
2015/09/18	11.58	11.74	11.23	11.49	18268985	429080992.00
2015/09/21	11.50	12.67	11.48	12.67	31741280	795689408.00
2015/09/22	13.03	13.40	12.76	13.17	35707472	953570240.00
2015/09/23	12.85	13.25	12.58	13.00	22627246	596540736.00
2015/09/24	13.24	13.49	12.75	13.04	21838178	586321984.00
2015/09/25	13.03	13.33	12.25	12.33	38431409	502322560.00
2015/09/28	12.32	12.83	11.93	12.72	23978000	305952800.00
2015/09/29	12.36	12.65	12.06	12.15	21774531	274501440.00
2015/09/30	12.43	12.84	12.15	12.52	26688274	341095712.00
2015/10/08	13.20	13.63	12.93	13.42	41882009	570392768.00
2015/10/09	13.40	14.28	13.25	13.92	49704168	706415680.00
2015/10/12	14.20	14.91	14.20	14.60	57995316	860596352.00
2015/10/13	14.65	15.23	14.43	14.95	42906273	650309504.00
2015/10/14	14.89	15.55	14.58	14.60	41117344	622269248.00
2015/10/15	14.45	15.22	14.40	15.13	50329847	757532800.00
2015/10/16	15.29	15.60	14.82	15.11	50091458	772014976.00
2015/10/19	15.10	15.20	14.56	14.76	44732075	675127232.00
2015/10/20	15.25	16.26	15.23	16.26	66183211	1067864832.00
2015/10/21	16.85	16.95	14.84	14.99	95221032	1552340608.00
2015/10/22	14.87	15.70	14.85	15.51	69388936	1084091776.00
2015/10/23	15.60	16.10	15.15	15.92	74439176	1177969152.00
2015/10/26	16.30	16.34	15.53	15.72	61936587	995671296.00
2015/10/27	15.55	16.73	15.23	16.64	77036641	1250529664.00
2015/10/28	16.65	16.88	15.75	15.88	70036572	1161985280.00
2015/10/29	16.05	16.43	15.76	16.07	49542254	810982976.00
2015/10/30	16.20	16.39	15.85	16.00	48660339	798194624.00
2015/11/02	15.75	15.99	14.75	15.29	41191355	652068544.00
2015/11/03	15.30	15.57	15.02	15.15	26242449	407103872.00
2015/11/04	15.38	16.10	15.30	16.10	50840346	816649792.00
2015/11/05	16.10	16.50	15.85	15.99	68883134	1130619008.00
2015/11/06	16.05	16.63	16.03	16.55	66027171	1098991616.00
2015/11/09	16.33	17.03	16.06	16.82	78994750	1328551040.00
2015/11/10	16.75	18.23	16.50	17.58	102222427	1800294784.00
2015/11/11	17.59	18.04	17.23	17.89	74246473	1326177664.00
2015/11/12	17.94	18.24	17.45	17.63	73463188	1329377280.00
2015/11/13	17.26	17.52	16.75	16.83	52814168	914632640.00
2015/11/16	16.55	17.25	16.35	17.17	41883666	722898112.00
2015/11/17	17.40	17.98	17.01	17.10	79408538	1406054272.00
2015/11/18	17.17	17.26	16.56	16.64	38701106	663838528.00
2015/11/19	17.05	17.59	16.85	17.51	65768261	1155522304.00
2015/11/20	18.24	18.24	17.35	17.53	87994372	1581399296.00
2015/11/23	17.65	17.70	17.01	17.13	49559266	870386176.00
2015/11/24	17.28	17.41	16.90	17.35	42546779	742353536.00
2015/11/25	17.65	17.75	17.33	17.65	63841490	1135951616.00
2015/11/26	17.66	17.72	17.14	17.38	62195757	1097741568.00
2015/11/27	18.31	18.90	17.35	17.52	161058615	2956004096.00
2015/11/30	17.53	17.74	15.85	17.16	91270614	1565812992.00
2015/12/01	17.05	17.35	16.62	16.90	50794180	872929792.00
2015/12/02	16.92	17.06	15.90	16.57	39447866	659581504.00
2015/12/03	16.63	16.93	16.47	16.90	36092049	612768384.00
2015/12/04	16.84	17.04	16.55	16.71	34530167	588723392.00
2015/12/07	16.74	16.90	16.49	16.68	27979048	474138304.00
2015/12/08	16.91	17.12	16.55	16.55	47318654	808792768.00
2015/12/09	16.27	16.37	15.95	16.06	43614509	713333248.00
2015/12/10	16.11	16.24	15.85	15.97	32756324	532416992.00
2015/12/11	16.00	16.31	15.85	16.15	33377125	547272832.00
2015/12/14	15.96	16.74	15.91	16.67	36146804	601529920.00
2015/12/15	16.67	17.40	16.59	17.16	48064419	834924736.00
2015/12/16	17.20	17.41	16.88	17.03	41747972	726496640.00
2015/12/17	17.10	17.37	17.05	17.27	48246525	842411904.00
2015/12/18	17.31	17.38	16.75	16.85	43998525	758774848.00
2015/12/21	16.95	17.11	16.84	16.96	29336416	504701536.00
2015/12/22	16.99	17.21	16.91	17.13	32195374	557059072.00
2015/12/23	17.14	17.23	16.83	16.86	33063464	569277056.00
2015/12/24	16.83	16.88	16.28	16.61	27969882	468952864.00
2015/12/25	16.68	16.70	16.50	16.63	20317993	342320608.00
2015/12/28	16.65	17.05	16.40	16.41	31393150	533763136.00
2015/12/29	16.45	16.53	16.15	16.44	23704596	392679200.00
2016/02/04	14.77	14.77	14.77	14.77	34526900	518594048.00
2016/02/05	13.37	14.63	13.37	13.93	76549143	1090509568.00
2016/02/15	13.25	13.73	12.95	13.55	41000096	561132736.00
2016/02/16	13.64	14.13	13.63	14.00	40001950	568568000.00
2016/02/17	14.01	14.56	13.97	14.28	47747509	691974272.00
2016/02/18	14.38	14.47	14.03	14.11	36985004	534501888.00
2016/02/19	14.05	14.31	14.04	14.27	31512839	455144192.00
2016/02/22	14.51	14.56	14.28	14.50	37879542	555580160.00
2016/02/23	14.47	14.88	14.38	14.61	41143022	612420800.00
2016/02/24	14.61	14.84	14.05	14.31	39678455	580453376.00
2016/02/25	14.31	14.35	12.85	12.85	47983533	655312704.00
2016/02/26	12.86	13.10	11.95	12.03	50851326	640701952.00
2016/02/29	12.09	12.15	10.85	10.95	45485136	522365408.00
2016/03/01	11.01	11.30	10.54	11.15	41200553	464779904.00
2016/03/02	11.16	11.84	11.11	11.82	40426976	473635648.00
2016/03/03	11.95	12.14	11.78	11.80	39551825	483599104.00
2016/03/04	11.72	12.11	11.25	11.33	43087483	512447488.00
2016/03/07	11.52	11.74	11.35	11.51	26347648	310955776.00
2016/03/08	11.52	11.71	10.88	11.68	33600696	390508736.00
2016/03/09	11.35	11.92	11.25	11.49	31627641	376116928.00
2016/03/10	11.51	11.68	11.13	11.15	25085964	290682688.00
2016/03/11	11.00	11.18	10.91	11.07	19795885	223513312.00
2016/03/14	11.25	11.69	11.17	11.55	34901347	409558336.00
2016/03/15	11.55	11.64	11.34	11.39	22212834	260663072.00
2016/03/16	11.49	11.57	11.17	11.18	21909597	253572080.00
2016/03/17	11.29	11.70	11.23	11.57	37846992	444581856.00
2016/03/18	11.71	12.53	11.59	12.27	61510856	761426880.00
2016/03/21	12.53	12.81	12.45	12.70	51319914	660424448.00
2016/03/22	12.70	13.20	12.45	12.87	54855797	719564288.00
2016/03/23	12.88	13.04	12.56	12.79	39269149	510772544.00
2016/03/24	12.67	13.03	12.53	12.57	39624830	516321792.00
2016/03/25	12.50	12.89	12.48	12.63	31821883	410209536.00
2016/03/28	12.95	13.13	12.63	12.68	44415984	585685888.00
2016/03/29	12.57	12.78	12.25	12.29	27668580	351607552.00
2016/03/30	12.45	12.78	12.45	12.75	27836622	357983936.00
2016/03/31	12.91	12.94	12.65	12.68	31283630	406582400.00
2016/04/01	12.60	12.72	12.29	12.52	22664220	288253696.00
2016/04/05	12.54	12.86	12.48	12.85	32856973	426819840.00
2016/04/06	12.85	12.97	12.71	12.92	41003192	536946560.00
2016/04/07	12.95	13.02	12.51	12.56	37810485	490501056.00
2016/04/08	12.46	12.53	12.15	12.34	28369537	357520640.00
2016/04/11	12.45	12.69	12.45	12.56	23475544	301422400.00
2016/04/12	12.62	12.62	12.18	12.40	23205041	292591552.00
2016/04/13	12.55	12.80	12.47	12.63	39693048	512941184.00
2016/04/14	12.71	12.92	12.64	12.84	35131862	458573376.00
2016/04/15	12.88	12.89	12.66	12.75	24053309	313450496.00
2016/04/18	12.74	12.74	12.45	12.52	17987881	229885936.00
2016/04/19	12.60	12.68	12.35	12.47	20658348	262566048.00
2016/04/20	12.53	12.74	11.62	11.82	43525357	540297856.00
2016/04/21	11.82	11.91	11.55	11.56	25472875	305198048.00
2016/04/22	11.56	11.80	11.51	11.74	15796462	188435856.00
2016/04/25	11.75	11.83	11.55	11.71	15087544	180348416.00
2016/04/26	11.67	12.06	11.67	12.01	20660085	250524032.00
2016/04/27	12.02	12.02	11.76	11.76	16593919	201251840.00
2016/04/28	11.80	11.84	11.37	11.58	18940591	223673520.00
2016/04/29	11.50	11.66	11.46	11.51	13366069	157927472.00
2016/05/03	11.55	11.98	11.51	11.97	23839513	287374720.00
2016/05/04	11.95	12.16	11.86	12.08	26935207	331300608.00
2016/05/05	12.07	12.10	11.94	12.03	14791078	181283104.00
2016/05/06	12.03	12.08	11.48	11.54	24114836	289633024.00
2016/05/09	11.50	11.52	10.89	11.07	23509301	269921984.00
2016/05/10	11.04	11.19	11.01	11.04	12629392	143213280.00
2016/05/11	11.13	11.20	10.91	10.96	11732548	132522528.00
2016/05/12	10.77	11.05	10.76	10.98	12611794	140666320.00
2016/05/13	11.07	11.21	10.94	11.05	11531691	130592680.00
2016/05/16	11.04	11.15	10.91	11.12	11454619	129476824.00
2016/05/17	11.15	11.26	10.98	11.10	16459543	186966368.00
2016/05/18	11.12	11.23	10.83	10.86	20653684	232894208.00
2016/05/19	10.85	11.23	10.83	11.21	19152461	216849968.00
2016/05/20	10.99	11.28	10.90	11.21	20362955	231502672.00
2016/05/23	11.25	11.35	11.19	11.29	20019343	230936816.00
2016/05/24	11.26	11.27	11.06	11.08	13192527	150325520.00
2016/05/25	11.17	11.22	11.05	11.07	9325438	106038072.00
2016/05/26	11.03	11.09	10.78	11.04	14776179	164877392.00
2016/05/27	10.98	11.21	10.98	11.13	14628950	166116720.00
2016/05/30	11.16	11.20	11.01	11.05	9651833	108176672.00
2016/05/31	11.08	11.56	11.08	11.55	29102877	333889184.00
2016/06/01	11.51	11.80	11.47	11.60	27362446	321356544.00
2016/06/02	11.62	11.79	11.58	11.74	21223882	250510912.00
2016/06/03	11.74	11.76	11.57	11.65	20747901	243860384.00
2016/06/06	11.70	11.77	11.63	11.69	16477858	194218240.00
2016/06/07	11.70	11.96	11.70	11.81	23194745	276919456.00
2016/06/08	11.83	12.53	11.78	12.34	55947997	689251648.00
2016/10/12	13.58	13.58	12.90	13.05	101578865	1350101632.00
2016/10/13	13.05	13.20	12.96	13.09	48597036	641117952.00
2016/10/14	12.98	13.00	12.67	12.90	34504450	445098752.00
2016/10/17	12.90	12.93	12.55	12.57	24477300	314564096.00
2016/10/18	12.56	12.74	12.56	12.70	17741563	226441296.00
2016/10/19	12.71	12.81	12.63	12.66	18204226	233410576.00
2016/10/20	12.76	13.14	12.74	13.03	44749697	586881920.00
2016/10/21	13.00	13.07	12.78	12.93	23131592	300443040.00
2016/10/24	12.96	13.06	12.84	12.88	23665469	308590048.00
2016/10/25	12.91	13.18	12.88	13.10	26987060	354564160.00
2016/10/26	12.93	13.03	12.64	12.78	24215125	312307008.00
2016/10/27	12.73	12.82	12.66	12.68	12868686	165194096.00
2016/10/28	12.69	12.77	12.51	12.53	14088000	179249920.00
2016/10/31	12.53	12.66	12.43	12.45	12987958	163812096.00
2016/11/01	12.50	12.55	12.32	12.50	17873505	224028448.00
2016/11/02	12.49	12.49	12.30	12.38	15495279	193211744.00
2016/11/03	12.30	12.58	12.26	12.44	18394060	230935136.00
2016/11/04	12.46	12.49	12.34	12.37	10705597	133884528.00
2016/11/07	12.40	12.41	12.20	12.22	13925971	172347200.00
2016/11/08	12.30	12.45	12.27	12.34	11891729	148256368.00
2016/11/09	12.40	12.65	12.10	12.48	24148420	301651360.00
2016/11/10	12.53	12.60	12.50	12.55	13070155	165215152.00
2016/11/11	12.50	12.57	12.44	12.56	13664563	172212992.00
2016/11/14	12.56	12.64	12.46	12.59	15521650	196441152.00
2016/11/15	12.59	12.59	12.44	12.49	11078015	139364480.00
2016/11/16	12.51	12.56	12.43	12.43	11274838	141684496.00
2016/11/17	12.47	12.47	12.23	12.27	15458918	191547456.00
2016/11/18	12.30	12.63	12.27	12.46	23918847	301431488.00
2016/11/21	12.40	12.40	12.26	12.29	16812463	208685312.00
2016/11/22	12.30	12.35	12.14	12.33	25242551	311417472.00
2016/11/23	12.32	12.33	12.05	12.15	27314916	336359456.00
2016/11/24	12.14	12.14	11.70	11.89	39150107	469028608.00
2016/11/25	11.81	11.87	11.63	11.86	14849786	175952512.00
2016/11/28	11.91	12.15	11.83	12.11	19430207	234918448.00
2016/11/29	12.08	12.25	11.95	11.95	20268920	247377904.00
2016/11/30	11.90	12.01	11.79	11.95	17162107	205729456.00
2016/12/01	11.90	12.01	11.83	11.96	8667856	104433320.00
2016/12/02	12.02	12.02	11.73	11.78	11245551	134121920.00
2016/12/05	11.69	11.88	11.64	11.76	11591965	137976880.00
2016/12/06	11.83	11.83	11.56	11.61	15118559	177727024.00
2016/12/07	11.61	11.63	11.40	11.54	21165611	244720784.00
2016/12/08	11.54	11.55	11.35	11.41	21710425	250216176.00
2016/12/09	11.38	11.64	11.35	11.55	22894077	265593904.00
2016/12/12	11.54	11.69	11.04	11.34	35154811	400574112.00
2016/12/13	11.21	11.34	11.05	11.34	25463061	287220096.00
2016/12/14	11.28	11.58	11.12	11.44	18597873	213622672.00
2016/12/15	11.33	11.65	11.27	11.47	19909914	230948928.00
2016/12/16	11.46	11.55	11.32	11.36	12168289	140012448.00
2016/12/19	11.50	11.61	11.41	11.51	16208148	188061760.00
2016/12/20	11.54	11.57	11.40	11.53	12954083	149947984.00
2016/12/21	11.55	11.64	11.47	11.56	11983428	139435168.00
2016/12/22	11.61	11.62	11.48	11.50	11177586	130015904.00
2016/12/23	11.53	11.66	11.48	11.51	15527139	181037856.00
2016/12/26	11.40	11.68	11.16	11.65	21076319	243742912.00
2016/12/27	11.66	11.74	11.57	11.70	15940214	187261152.00
2016/12/28	11.62	11.70	11.47	11.50	13856677	161615312.00
2016/12/29	11.42	11.47	11.25	11.46	13644851	156526752.00
2016/12/30	11.44	11.57	11.32	11.55	11854792	137040048.00
2017/01/03	11.63	11.92	11.62	11.83	26355675	313702688.00
2017/01/04	11.84	11.95	11.77	11.87	14240749	170276624.00
2017/01/05	11.87	12.07	11.80	11.98	23078404	279026976.00
2017/01/06	11.98	12.08	11.85	12.03	22660618	273761216.00
2017/01/09	12.04	12.62	11.96	12.48	46838811	583693760.00
2017/01/10	12.40	12.48	12.20	12.24	22778020	282881312.00
2017/01/11	12.28	12.48	12.25	12.26	20896878	260108608.00
2017/01/12	12.23	12.44	12.05	12.13	16266537	200315024.00
2017/01/13	12.11	12.22	11.82	11.86	20974978	253794672.00
2017/01/16	11.86	11.87	10.87	11.28	26046257	300555072.00
2017/01/17	11.28	11.35	11.00	11.32	21098730	238469904.00
2017/01/18	11.22	11.33	11.21	11.22	10166600	115585160.00
2017/01/19	11.20	11.29	11.12	11.19	7800962	88165704.00
2017/01/20	11.19	11.54	11.18	11.43	12091301	139137840.00
2017/01/23	11.59	11.82	11.55	11.62	14891421	175625344.00
2017/01/24	11.63	11.70	11.51	11.53	9401329	109903976.00
2017/01/25	11.50	11.61	11.45	11.58	5784845	67491752.00
2017/01/26	11.58	11.65	11.53	11.61	6519742	76403176.00
2017/02/03	11.61	11.73	11.51	11.64	6417563	75317120.00
2017/02/06	11.64	11.77	11.59	11.77	9190225	108364944.00
2017/02/07	11.72	11.77	11.59	11.63	9264488	108890128.00
2017/02/08	11.63	11.73	11.52	11.73	10837942	127284696.00
2017/02/09	11.71	11.78	11.68	11.77	11688937	138318304.00
2017/02/10	11.80	11.96	11.79	11.91	16188415	193905776.00
2017/02/13	11.91	11.99	11.82	11.92	12492444	149896512.00
2017/02/14	11.95	12.08	11.88	11.88	15805764	190422688.00
2017/02/15	11.81	11.90	11.69	11.71	18124526	215286048.00
2017/02/16	11.80	11.80	11.64	11.69	12500208	147701632.00
2017/02/17	11.68	11.70	11.52	11.61	13356230	156289440.00
2017/02/20	11.63	11.72	11.58	11.70	12582114	147833600.00
2017/02/21	11.74	11.78	11.65	11.78	15061429	177801440.00
2017/02/22	11.85	11.99	11.81	11.85	22346408	267683344.00
2017/03/03	12.32	12.70	12.06	12.09	85696621	1059360192.00
2017/03/06	12.12	12.51	11.99	12.42	63565316	790290432.00
2017/03/07	12.33	12.48	12.20	12.39	39631365	492456736.00
2017/03/08	12.35	12.44	12.11	12.14	31593401	390485536.00
2017/03/09	12.11	12.12	11.82	11.89	27310619	328358752.00
2017/03/10	11.86	11.97	11.80	11.87	13559952	162196112.00
2017/03/13	11.95	11.97	11.81	11.90	16513105	198092448.00
2017/03/14	11.93	11.96	11.82	11.91	17121224	205504800.00
2017/03/15	11.92	11.93	11.76	11.76	13452822	160138736.00
2017/03/16	11.79	11.88	11.74	11.83	19348763	230212880.00
2017/03/17	11.83	11.91	11.75	11.77	19058307	227406256.00
2017/03/20	11.80	11.91	11.75	11.84	15248213	181808992.00
2017/03/21	11.84	11.84	11.63	11.66	20416775	241157376.00
2017/03/22	11.61	11.62	11.41	11.49	17900268	207691232.00
2017/03/23	11.50	11.63	11.41	11.58	13654498	158890224.00
2017/03/24	11.56	11.59	11.45	11.55	10405470	120803760.00
2017/03/27	11.55	11.68	11.51	11.63	13289860	155568048.00
2017/03/28	11.59	11.72	11.57	11.64	11605083	136502592.00
2017/03/29	11.60	11.67	11.51	11.55	10295208	120329184.00
2017/03/30	11.53	11.54	11.18	11.21	18349377	210025920.00
2017/03/31	11.22	11.83	11.22	11.64	33456557	391533152.00
2017/04/05	11.63	11.97	11.63	11.85	24223772	288713856.00
2017/04/06	11.85	12.04	11.79	11.90	24240902	291028864.00
2017/04/07	11.88	12.05	11.82	11.86	21565730	259421216.00
2017/04/10	11.83	11.93	11.79	11.86	18040698	215643856.00
2017/04/11	11.84	12.33	11.75	12.20	52983354	645404352.00
2017/04/12	12.23	12.36	12.03	12.04	30547174	375339616.00
2017/04/13	12.06	12.08	11.88	11.88	18485208	222708048.00
2017/04/14	11.90	12.01	11.70	11.76	18760331	224359056.00
2017/04/17	11.75	12.12	11.67	11.79	23766026	285093472.00
2017/04/18	11.81	11.85	11.50	11.59	18751700	220502576.00
2017/04/19	11.52	11.62	11.28	11.41	16414816	189018880.00
2017/04/20	11.40	11.49	11.29	11.43	10838806	124552352.00
2017/04/21	11.44	11.49	11.28	11.39	11110479	127515224.00
2017/04/24	11.37	11.37	10.96	11.05	12515820	140374608.00
2017/04/25	11.14	11.15	11.02	11.08	8448368	94460320.00
2017/04/26	11.09	11.15	11.02	11.11	8567855	95826320.00
2017/04/27	11.10	11.30	10.69	11.18	20430625	226119680.00
2017/04/28	11.09	11.09	10.88	11.05	19948890	220359440.00
2017/05/02	11.07	11.07	10.87	10.92	10541856	116276976.00
2017/05/03	10.93	10.98	10.85	10.96	8872787	97691928.00
2017/05/04	10.94	10.95	10.77	10.91	10259100	112269856.00
2017/05/05	10.90	10.90	10.74	10.86	12575520	137104656.00
2017/05/08	10.79	10.89	10.66	10.88	13259949	144425392.00
2017/05/09	10.80	10.92	10.77	10.89	7661673	83854056.00
2017/05/10	10.89	10.95	10.48	10.70	11958190	129389736.00
2017/05/11	10.66	10.66	10.26	10.58	13863273	146663776.00
2017/05/12	10.58	10.58	10.19	10.52	19551585	204498736.00
2017/05/15	10.50	10.61	10.46	10.55	11495010	122125488.00
2017/05/16	10.54	10.68	10.35	10.64	12549577	133554208.00
2017/05/17	10.64	10.76	10.61	10.74	12375166	133959280.00
2017/05/18	10.67	10.84	10.63	10.74	9262120	100355248.00
2017/05/19	10.83	10.83	10.60	10.66	5329965	57440096.00
2017/05/22	10.56	10.63	10.46	10.60	10525800	112231664.00
2017/05/23	10.55	10.71	10.51	10.64	14305329	153565824.00
2017/05/24	10.65	10.66	10.47	10.63	11212153	120093912.00
2017/05/25	10.69	10.69	10.60	10.63	14489921	154130912.00
2017/05/26	10.63	10.67	10.45	10.58	10013471	105677480.00
2017/05/31	10.67	10.75	10.60	10.74	12350993	131849872.00
2017/06/01	10.70	10.70	10.45	10.60	9368700	98967544.00
2017/06/02	10.57	10.60	10.44	10.58	6153400	64727164.00
2017/06/05	10.58	10.66	10.55	10.57	6230800	66063684.00
2017/06/06	10.57	10.64	10.52	10.61	6477900	68631336.00
2017/06/07	10.64	10.89	10.60	10.83	18001000	194426000.00
2017/06/08	10.87	11.00	10.69	10.78	18005000	194529712.00
2017/06/09	10.79	10.81	10.65	10.73	10271500	110125488.00
2017/06/12	10.70	10.87	10.58	10.73	15403516	165630208.00
2017/06/13	10.69	10.90	10.69	10.80	8034080	86748328.00
2017/06/14	10.82	10.85	10.76	10.76	7328770	79230456.00
2017/06/15	10.75	10.86	10.75	10.84	9193981	99585248.00
2017/06/16	10.83	10.87	10.78	10.81	7336977	79373216.00
2017/06/19	10.84	11.06	10.80	11.05	15726600	172283232.00
2017/06/20	11.00	11.05	10.92	10.98	14585192	160257440.00
2017/06/21	11.07	11.07	10.90	10.97	10391700	114006432.00
2017/06/22	10.96	10.97	10.80	10.80	13789300	149737312.00
2017/06/23	10.76	10.87	10.60	10.80	11515200	123517752.00
2017/06/26	10.77	10.85	10.76	10.80	10112200	109358016.00
2017/06/27	10.82	10.87	10.67	10.74	14799500	159142256.00
2017/06/28	10.77	10.78	10.63	10.70	8873085	94735752.00
2017/06/29	10.70	10.76	10.66	10.71	7559500	80974608.00
2017/06/30	10.70	10.76	10.68	10.74	7352100	78849840.00
2017/07/03	10.76	10.78	10.70	10.76	7268700	78106384.00
2017/07/04	10.75	10.87	10.69	10.83	13769700	148583776.00
2017/07/05	11.08	11.27	11.00	11.18	45122100	502858976.00
2017/07/06	11.14	11.32	11.10	11.30	31089900	348819104.00
2017/07/07	11.30	11.56	11.21	11.51	33381600	383414560.00
2017/07/10	11.51	11.74	11.40	11.52	20580300	236802560.00
2017/07/11	11.55	11.56	11.24	11.25	16178200	184093520.00
2017/07/12	11.20	11.40	11.12	11.26	13636600	152729328.00
2017/07/13	11.30	11.33	11.20	11.27	8708700	97974080.00
2017/07/14	11.25	11.30	11.15	11.26	6854800	76947344.00
2017/07/17	11.26	11.26	10.75	10.97	16995700	186160512.00
2017/07/18	10.94	10.98	10.77	10.97	9471500	102912768.00
2017/07/19	10.95	11.15	10.88	11.13	10812600	119432272.00
2017/07/20	11.18	11.20	11.07	11.14	11282000	125538560.00
2017/07/21	11.12	11.20	11.11	11.14	11905545	132874688.00
2017/07/24	11.10	11.40	11.07	11.35	21164200	238421424.00
2017/07/25	11.39	11.43	11.18	11.19	10618600	119574296.00
2017/07/26	11.20	11.30	11.17	11.25	9499900	106579104.00
2017/07/27	11.26	11.57	11.26	11.45	38981300	445308384.00
2017/07/28	11.40	11.66	11.40	11.48	24575800	283456320.00
2017/07/31	11.51	11.61	11.37	11.47	21210800	243482464.00
2017/08/01	11.41	11.50	11.33	11.37	15492100	176626448.00
2017/08/02	11.37	11.44	11.16	11.17	18008300	203146016.00
2017/08/03	11.01	11.25	11.01	11.18	12035000	134368080.00
2017/08/04	11.18	11.61	11.16	11.38	33608100	383957248.00
2017/08/07	11.40	11.45	11.28	11.33	13104400	148527824.00
2017/08/08	11.33	11.52	11.30	11.48	17697400	202425488.00
2017/08/09	11.41	11.54	11.40	11.45	12208400	140160880.00
2017/08/10	11.48	11.54	11.26	11.30	13420200	152722240.00
2017/08/11	11.26	11.47	11.16	11.30	13947300	157684288.00
2017/08/14	11.23	11.46	11.23	11.40	16366800	186117536.00
2017/08/15	11.36	11.54	11.35	11.42	12657800	144701120.00
2017/08/16	11.43	11.60	11.37	11.55	21813700	251215408.00
2017/08/17	11.54	11.82	11.49	11.65	40416700	474329248.00
2017/08/18	11.60	11.75	11.56	11.66	17091300	199315472.00
2017/08/21	11.76	11.81	11.62	11.71	17168100	200832640.00
2017/08/22	11.69	11.69	11.44	11.48	17243900	198987856.00
2017/08/23	11.50	11.50	11.39	11.44	8542400	97740800.00
2017/08/24	11.43	11.49	11.28	11.44	10570300	120429760.00
2017/08/25	11.43	11.52	11.37	11.44	15416800	176576080.00
2017/08/28	11.41	11.43	11.24	11.31	28868300	327453440.00
2017/08/29	11.28	11.29	11.12	11.24	25503500	286200896.00
2017/08/30	11.20	11.31	11.19	11.26	11713200	131718896.00
2017/08/31	11.24	11.39	11.24	11.28	9023800	101760936.00
2017/09/01	11.29	11.34	11.24	11.30	10273900	115862528.00
2017/09/04	11.26	11.38	11.26	11.38	14705600	166878224.00
2017/09/05	11.39	11.41	11.16	11.29	18448800	207518672.00
2017/09/06	11.24	11.24	11.04	11.10	20577810	228639008.00
2017/09/07	11.12	11.20	11.06	11.07	15468461	172220528.00
2017/09/08	11.09	11.14	11.06	11.10	9075806	100755440.00
2017/09/11	11.11	11.19	11.07	11.16	11050464	123082216.00
2017/09/12	11.13	11.19	11.12	11.12	13416231	149661376.00
2017/09/13	11.13	11.22	11.13	11.21	10561147	118100216.00
2017/09/14	11.22	11.22	11.16	11.20	9579350	107191944.00
2017/09/15	11.21	11.22	11.17	11.18	9971190	111596800.00
2017/09/18	11.28	11.43	11.27	11.32	15464100	175317248.00
2017/09/19	11.36	11.39	11.25	11.27	11090500	125438800.00
2017/09/20	11.27	11.38	11.24	11.38	14986800	169859680.00
2017/09/21	11.41	11.46	11.28	11.29	10525800	119431480.00
数据来源:通达信
