002594 比亚迪 日线 前复权
      日期	    开盘	    最高	    最低	    收盘	    成交量	    成交额
2011/06/30	21.41	25.60	21.41	24.86	56292534	1349342208.00
2011/07/01	25.18	27.41	24.41	27.41	33561279	898679168.00
2011/07/04	28.29	30.21	27.99	30.21	21964591	653517888.00
2011/07/05	32.19	33.29	31.30	32.46	38108083	1257045632.00
2011/07/06	32.21	34.96	31.52	32.81	31296719	1056613888.00
2011/07/07	32.51	33.38	31.99	33.00	22645017	753817728.00
2011/07/08	32.81	33.07	31.27	32.48	17506435	571756736.00
2011/07/11	32.21	33.03	31.92	32.24	13096733	431480992.00
2011/07/12	31.89	32.04	30.61	30.92	18060353	573997312.00
2011/07/13	30.23	30.71	29.93	30.60	16781524	519016768.00
2011/07/14	30.60	30.98	28.74	29.41	19380477	588273984.00
2011/07/15	29.21	29.59	28.54	29.22	13946810	413502304.00
2011/07/18	29.20	32.01	29.12	31.45	31365928	976900480.00
2011/07/19	30.51	30.85	29.31	29.46	16085710	488925120.00
2011/07/20	29.91	30.66	29.50	29.81	11017285	338149344.00
2011/07/21	29.46	29.51	28.42	28.57	10073127	295566880.00
2011/07/22	28.61	29.01	28.22	28.81	6143671	180016384.00
2011/07/25	28.42	28.56	26.91	27.07	8572878	242368976.00
2011/07/26	27.09	27.71	26.73	27.43	5468334	152789200.00
2011/07/27	27.31	28.72	26.81	28.61	9917567	284095008.00
2011/07/28	28.01	28.11	27.32	27.81	5765946	163589280.00
2011/07/29	27.82	28.61	27.42	27.58	5122494	146357840.00
2011/08/01	27.47	28.99	27.41	28.52	8312528	241332080.00
2011/08/02	28.07	31.37	27.62	30.05	17374921	524957824.00
2011/08/03	29.61	31.41	29.44	29.98	13281982	411353376.00
2011/08/04	29.71	30.29	29.06	29.34	8657615	259924064.00
2011/08/05	27.94	28.77	27.41	28.04	7309318	209889856.00
2011/08/08	27.41	27.41	25.21	25.65	9057060	243182928.00
2011/08/09	24.44	26.11	23.48	25.86	8998269	230757584.00
2011/08/10	26.40	26.83	25.83	25.86	7356631	197888416.00
2011/08/11	24.46	25.96	24.46	25.90	5225961	136539952.00
2011/08/12	26.16	27.30	26.07	26.29	6832513	186010048.00
2011/08/15	26.41	28.56	26.41	27.86	11674421	330605632.00
2011/08/16	27.71	27.71	26.91	27.02	6699903	186667616.00
2011/08/17	26.91	27.58	26.82	27.20	3789707	105697704.00
2011/08/18	27.23	27.40	26.12	26.21	4699424	127311200.00
2011/08/19	25.41	25.78	25.09	25.52	3850210	100115456.00
2011/08/22	25.52	26.03	25.31	25.72	3451566	90872024.00
2011/08/23	25.76	26.18	25.06	26.04	5665202	148580320.00
2011/08/24	26.01	26.04	25.05	25.15	7905716	205672336.00
2011/08/25	24.96	25.53	24.47	25.37	6024780	154614128.00
2011/08/26	25.22	25.87	25.09	25.49	5323654	139008112.00
2011/08/29	25.43	25.46	25.01	25.01	3479470	89636480.00
2011/08/30	25.16	25.91	25.02	25.13	5454064	142259344.00
2011/08/31	25.09	25.09	23.74	24.19	5448295	135470416.00
2011/09/01	24.19	24.49	23.41	23.51	4716819	114918400.00
2011/09/02	23.41	23.67	23.03	23.48	3115825	74780192.00
2011/09/05	23.54	23.54	22.07	22.21	3903166	90812424.00
2011/09/06	22.07	22.51	21.77	22.22	3010989	68575712.00
2011/09/07	22.33	23.27	22.33	22.88	4515008	105666088.00
2011/09/08	22.90	22.91	21.91	21.95	3788917	87172280.00
2011/09/13	20.52	20.88	19.91	20.54	4321614	90861032.00
2011/09/14	20.41	20.79	20.03	20.77	3372105	71230768.00
2011/09/15	20.41	21.06	20.41	20.45	3666890	78076320.00
2011/09/16	20.65	20.75	20.18	20.20	3006554	62949124.00
2011/09/19	20.11	20.11	19.01	19.06	3987500	79635512.00
2011/09/20	18.63	19.79	18.61	19.49	3946642	78759992.00
2011/09/21	19.31	20.22	19.29	20.05	4063619	82979392.00
2011/09/22	19.88	19.89	19.29	19.32	3351536	67388144.00
2011/09/23	18.73	19.08	18.57	18.73	2527543	48782244.00
2011/09/26	18.64	19.09	18.47	18.61	2420928	46876228.00
2011/09/27	18.67	20.51	18.61	20.36	9901857	201724688.00
2011/09/28	20.36	20.73	19.61	19.76	7868788	162621760.00
2011/09/29	19.41	19.99	18.91	19.12	4153298	82909264.00
2011/09/30	18.61	18.96	18.42	18.71	5402700	104445048.00
2011/10/10	18.71	18.91	17.39	17.50	7739420	141509104.00
2011/10/11	18.00	18.36	17.18	17.44	5520295	101359592.00
2011/10/12	17.40	18.13	16.81	18.01	5769019	105478568.00
2011/10/13	17.91	19.68	17.66	19.26	10417550	202740320.00
2011/10/14	18.91	19.07	18.62	19.01	6300404	122617016.00
2011/10/17	19.01	19.20	18.71	19.06	3925001	76818560.00
2011/10/18	18.91	18.91	18.01	18.01	5084510	95909680.00
2011/10/19	17.98	19.51	17.86	18.82	6446122	124724512.00
2011/10/20	18.51	18.79	17.72	18.36	3320899	62801072.00
2011/10/21	18.42	19.38	18.41	18.82	6108542	119554776.00
2011/10/24	18.84	20.55	18.84	20.20	11464120	234132976.00
2011/10/25	20.14	21.06	19.53	20.61	10721771	223752480.00
2011/10/26	20.14	20.71	19.96	20.19	8478788	176998272.00
2011/10/27	20.40	21.79	20.23	21.06	12101313	261296624.00
2011/10/28	21.41	21.45	20.72	21.15	7981033	172896224.00
2011/10/31	21.32	22.61	21.32	22.26	11940245	272001152.00
2011/11/01	22.00	24.55	21.81	24.55	19198220	468118080.00
2011/11/02	24.47	25.56	24.26	25.23	18102016	461834624.00
2011/11/03	24.81	25.00	24.35	24.75	12686898	320353120.00
2011/11/04	24.75	24.91	24.26	24.45	7711010	193524048.00
2011/11/07	24.21	24.21	23.32	23.77	7411579	180182960.00
2011/11/08	23.61	24.39	23.51	23.77	7074395	174134784.00
2011/11/09	23.76	24.06	22.81	23.83	6889457	165665088.00
2011/11/10	23.23	23.46	22.95	23.21	7151003	169817536.00
2011/11/11	23.11	23.39	22.66	22.71	4954263	116849288.00
2011/11/14	23.91	25.04	23.74	25.04	10650651	268667936.00
2011/11/15	26.91	27.56	25.91	26.91	24077253	658952704.00
2011/11/16	26.56	26.57	25.61	25.84	12047849	322319328.00
2011/11/17	25.76	26.56	25.74	25.95	8136999	217634496.00
2011/11/18	25.41	25.41	24.36	24.53	8704311	220947520.00
2011/11/21	24.59	25.66	24.48	24.86	7377908	189062400.00
2011/11/22	24.21	24.84	23.74	24.81	6090855	152078592.00
2011/11/23	24.80	24.98	24.41	24.42	4745507	120153984.00
2011/11/24	24.11	25.26	23.51	24.71	8208105	205791024.00
2011/11/25	24.41	24.63	23.77	23.91	4761248	117985424.00
2011/11/28	23.93	24.46	23.79	24.02	3104667	76715696.00
2011/11/29	24.44	24.55	24.11	24.40	3795975	94596184.00
2011/11/30	24.39	24.40	22.57	22.76	5596357	134547568.00
2011/12/01	23.71	24.26	23.14	23.31	4973650	120475608.00
2011/12/02	23.21	23.50	22.47	22.71	3272265	76633888.00
2011/12/05	22.62	22.64	21.41	21.44	2854921	63877560.00
2011/12/06	21.40	21.96	21.40	21.69	2264286	50403460.00
2011/12/07	21.69	22.00	21.41	21.94	2135284	47817080.00
2011/12/08	22.02	22.66	20.89	22.32	4762344	106940040.00
2011/12/09	21.96	22.20	21.67	22.01	2734219	61648748.00
2011/12/12	22.41	23.81	22.41	22.45	5710872	134749616.00
2011/12/13	22.11	22.17	20.91	21.46	3369093	74647984.00
2011/12/14	21.41	21.90	21.01	21.07	3025392	66729056.00
2011/12/15	20.91	20.91	19.41	19.96	3117144	64718436.00
2011/12/16	19.91	20.91	19.61	20.86	3049395	63612936.00
2011/12/19	20.79	22.57	20.30	22.27	8068171	181381184.00
2011/12/20	21.91	22.60	21.82	22.00	4362203	99402720.00
2011/12/21	22.23	22.39	20.59	20.62	3545434	78590712.00
2011/12/22	20.41	21.60	19.61	21.36	4618219	97561232.00
2011/12/23	21.01	22.01	20.96	21.35	3716263	82163176.00
2011/12/26	21.41	22.29	21.25	21.56	4186053	93804456.00
2011/12/27	21.41	21.47	20.64	21.13	3119754	67408200.00
2011/12/28	20.43	21.34	20.32	21.25	3013429	64545884.00
2011/12/29	21.11	21.89	20.92	21.66	3840805	85151960.00
2011/12/30	21.80	22.21	21.66	22.21	3989684	90019664.00
2012/01/04	22.81	22.83	21.68	21.84	4099659	94161296.00
2012/01/05	21.43	21.94	20.90	20.94	2905916	63797564.00
2012/01/06	20.71	21.31	20.43	21.29	2251370	48216940.00
2012/01/09	21.16	22.31	19.81	22.22	4787523	104956816.00
2012/01/10	21.81	23.61	21.67	23.16	6368847	149230096.00
2012/01/11	22.92	25.31	22.86	23.76	7604238	186988096.00
2012/01/12	23.39	24.57	23.27	23.81	5818429	143948384.00
2012/01/13	23.81	24.20	22.91	23.28	4498785	108629768.00
2012/01/16	23.13	24.16	22.96	22.96	4984132	120408936.00
2012/01/17	23.10	24.86	23.09	24.71	5738473	141487120.00
2012/01/18	24.70	25.19	23.72	24.08	4510507	112990104.00
2012/01/19	23.97	24.34	23.28	23.63	3310003	80692160.00
2012/01/20	23.71	24.10	23.61	23.73	2215021	54114392.00
2012/01/30	23.91	24.16	23.52	23.66	2074673	50702772.00
2012/01/31	23.74	23.84	22.71	23.16	3048647	72071840.00
2012/02/01	23.21	23.40	22.81	22.89	1732586	41103840.00
2012/02/02	22.61	23.50	22.61	23.50	2772228	65966200.00
2012/02/03	23.50	23.87	23.30	23.71	3082223	74590176.00
2012/02/06	23.70	23.93	23.14	23.44	2564449	61517772.00
2012/02/07	23.35	24.96	23.01	24.22	7168412	177178720.00
2012/02/08	24.23	26.09	24.04	25.99	11655869	301837536.00
2012/02/09	25.71	26.21	25.29	25.63	7485118	196563136.00
2012/02/10	25.42	25.63	25.22	25.37	4072458	105740240.00
2012/02/13	25.21	25.91	24.91	25.41	4227317	109958232.00
2012/02/14	25.23	25.79	24.97	25.47	3901099	101528896.00
2012/02/15	25.46	25.82	25.25	25.70	4486658	117460672.00
2012/02/16	25.51	25.93	25.22	25.38	4439236	116198864.00
2012/02/17	25.51	26.55	25.42	25.50	5011202	132648024.00
2012/02/20	25.91	25.91	24.99	25.01	4122407	107147840.00
2012/02/21	24.73	25.27	24.71	25.18	2699585	69059160.00
2012/02/22	25.09	26.51	25.09	26.15	8035899	214277552.00
2012/02/23	26.01	26.59	25.62	25.93	4427647	117920672.00
2012/02/24	26.02	26.10	25.41	25.93	4698344	123487424.00
2012/02/27	27.16	27.81	25.93	25.98	8443842	231570720.00
2012/02/28	25.70	26.39	25.41	25.79	4335643	114483216.00
2012/02/29	25.58	25.99	25.42	25.55	2995069	78530112.00
2012/03/01	25.52	25.66	25.03	25.15	3415167	88369088.00
2012/03/02	25.16	25.57	25.16	25.57	3229261	83958760.00
2012/03/05	25.70	25.91	25.46	25.81	3659408	96046728.00
2012/03/06	25.90	26.79	25.90	26.06	7299094	195776800.00
2012/03/07	25.46	26.71	25.16	26.70	8143026	216707824.00
2012/03/08	26.96	27.61	26.41	26.54	10493578	289337824.00
2012/03/09	26.41	27.06	26.11	26.80	5100273	138429280.00
2012/03/12	26.79	26.80	26.31	26.53	3452383	93546712.00
2012/03/13	26.53	26.56	26.17	26.54	2949561	79474880.00
2012/03/14	26.58	26.68	24.36	24.76	6283474	165400160.00
2012/03/15	24.74	25.11	23.66	24.02	5074650	125686096.00
2012/03/16	24.00	24.85	23.95	24.76	3623460	90642144.00
2012/03/19	24.79	25.82	24.41	25.78	5758902	149222480.00
2012/03/20	25.94	26.20	25.25	25.38	4394017	115424680.00
2012/03/21	25.43	25.85	25.01	25.74	3424709	89134584.00
2012/03/22	25.74	26.56	25.52	26.38	6865815	183897264.00
2012/03/23	26.16	26.58	25.06	25.41	3717461	98109880.00
2012/03/26	24.66	25.89	24.41	25.88	5192528	133654520.00
2012/03/27	25.87	26.49	25.67	26.33	6703194	179847328.00
2012/03/28	26.41	26.51	25.46	25.66	6415648	171008032.00
2012/03/29	25.41	26.76	24.71	26.61	8082741	215625312.00
2012/03/30	26.63	27.71	26.26	27.71	10245919	283343136.00
2012/04/05	27.61	28.51	27.04	28.34	8670498	245273008.00
2012/04/06	28.21	28.63	27.61	27.78	6711401	193116336.00
2012/04/09	27.45	28.01	27.01	27.80	4290278	120218312.00
2012/04/10	27.61	28.24	26.90	28.15	4221222	118870352.00
2012/04/11	27.69	30.52	27.50	30.01	9895903	299891008.00
2012/04/12	29.43	31.31	29.39	30.81	7420490	230078576.00
2012/04/13	30.71	31.01	30.12	30.26	4332775	134673040.00
2012/04/16	30.10	30.66	29.47	30.07	4314766	132559816.00
2012/04/17	30.35	30.87	29.49	30.07	4571290	140436176.00
2012/04/18	29.91	31.06	29.71	30.76	7239816	225640944.00
2012/04/19	31.23	32.11	27.91	28.20	19824616	595122816.00
2012/04/20	27.61	27.71	26.91	27.20	10617839	294956704.00
2012/04/23	27.20	27.29	26.41	26.51	5662414	155304928.00
2012/04/24	26.24	27.60	26.11	27.36	8278934	228743904.00
2012/04/25	27.20	27.20	26.51	26.81	4510254	123398872.00
2012/04/26	26.43	26.79	25.77	25.80	5903028	157527952.00
2012/04/27	25.61	25.77	24.98	25.17	4955135	128070224.00
2012/05/02	25.18	26.05	25.17	25.70	4674095	123018472.00
2012/05/03	25.70	25.84	25.39	25.74	2671101	69911792.00
2012/05/04	25.81	26.14	25.78	26.02	2879145	76562568.00
2012/05/07	25.96	26.96	25.73	26.19	6259507	169367216.00
2012/05/08	26.30	26.30	25.73	26.08	4247149	112768728.00
2012/05/09	25.99	25.99	25.19	25.24	3932146	102409032.00
2012/05/10	25.23	25.50	24.69	25.00	4366592	111693184.00
2012/05/11	24.79	25.20	24.59	24.76	2328092	59315492.00
2012/05/14	24.81	25.15	24.25	24.28	3906855	98166520.00
2012/05/15	23.97	23.99	23.11	23.61	5141007	123442456.00
2012/05/16	23.62	23.78	23.35	23.56	2698947	65121132.00
2012/05/17	23.65	24.75	23.65	24.53	6548464	164091696.00
2012/05/18	24.31	24.51	23.58	23.61	3753917	92469632.00
2012/05/21	23.61	24.22	23.42	23.99	2995104	73216640.00
2012/05/22	24.00	24.28	24.00	24.28	2699968	66868852.00
2012/05/23	24.18	24.50	23.93	24.20	3263260	80804120.00
2012/05/24	24.20	24.41	23.48	23.56	3363244	82738896.00
2012/05/25	23.67	24.05	23.47	23.79	2054508	49904448.00
2012/05/28	22.92	23.36	21.35	23.16	6282323	144503744.00
2012/05/29	23.14	24.11	22.21	23.71	8598110	204299600.00
2012/05/30	23.71	24.15	23.71	23.87	5593863	137188640.00
2012/05/31	24.20	24.20	23.84	24.01	4782266	117811384.00
2012/06/01	24.05	24.07	23.41	23.69	3167787	76729312.00
2012/06/04	23.19	23.72	22.91	23.06	3269424	77772600.00
2012/06/05	23.21	23.31	22.42	22.61	2419099	56368164.00
2012/06/06	22.67	23.06	22.42	22.58	1714348	39938208.00
2012/06/07	22.82	22.91	22.16	22.22	1746744	40352544.00
2012/06/11	22.26	22.57	21.71	22.35	2491482	56583692.00
2012/06/12	22.26	22.26	21.76	21.77	2028839	45609620.00
2012/06/13	21.76	22.08	21.61	21.98	1942696	43627620.00
2012/06/14	21.99	23.58	21.99	22.75	5291206	124794592.00
2012/06/15	22.44	22.84	22.22	22.54	2429730	56223236.00
2012/06/18	22.74	23.59	22.71	22.98	3662540	87152160.00
2012/06/19	22.89	23.10	22.61	22.62	2073095	48380364.00
2012/06/20	22.62	22.94	22.44	22.58	1639276	38035604.00
2012/06/21	22.58	22.61	21.98	22.13	1889003	42904824.00
2012/06/25	22.05	22.05	21.21	21.21	1964795	43431620.00
2012/06/26	20.91	21.20	20.55	21.01	1795751	38505720.00
2012/06/27	20.64	21.19	20.64	20.84	1321974	28514754.00
2012/06/28	20.84	21.09	19.72	19.81	2992535	62411820.00
2012/06/29	19.77	19.77	18.06	19.27	3447807	67254312.00
2012/07/02	19.10	19.79	18.54	19.68	4487290	88292272.00
2012/07/03	19.21	19.31	18.87	19.23	6213109	122203000.00
2012/07/04	18.81	18.96	18.47	18.49	5876957	113202568.00
2012/07/05	18.11	18.76	17.96	18.53	3214084	61046772.00
2012/07/06	18.71	19.10	18.32	19.05	3702779	71610144.00
2012/07/09	18.73	19.07	18.36	18.45	4778069	91371352.00
2012/07/10	18.51	18.76	18.37	18.48	3381702	64719308.00
2012/07/11	18.50	18.95	17.98	18.42	4040452	77261808.00
2012/07/12	18.47	19.26	18.46	19.06	4747112	91955840.00
2012/07/13	18.86	18.86	18.21	18.46	9791356	186213952.00
2012/07/16	17.86	17.86	16.56	16.56	9744871	170302960.00
2012/07/17	16.01	16.56	15.92	16.37	3574486	60308256.00
2012/07/18	16.37	16.66	16.17	16.59	3358446	57447616.00
2012/07/19	16.59	16.92	16.52	16.80	3247967	56457416.00
2012/07/20	16.41	16.58	15.99	16.13	5534076	93388464.00
2012/07/23	16.06	16.39	15.37	16.06	2987165	49593252.00
2012/07/24	16.04	16.40	15.91	16.27	2682207	45168300.00
2012/07/25	16.28	16.32	15.62	15.71	4579186	75476968.00
2012/07/26	15.31	15.36	14.61	14.71	10994836	171077008.00
2012/07/27	14.77	14.88	14.16	14.54	8236170	123945296.00
2012/07/30	14.41	14.41	13.33	13.61	13221165	190590096.00
2012/07/31	13.61	13.66	12.99	13.61	5547797	77928816.00
2012/08/01	13.39	13.91	13.32	13.68	5214923	74648664.00
2012/08/02	13.61	13.98	13.53	13.71	5466233	78435104.00
2012/08/03	13.77	13.88	13.32	13.82	6619794	94384920.00
2012/08/06	14.07	15.01	14.06	14.86	18292611	277858240.00
2012/08/07	14.91	14.93	14.61	14.78	9762006	149919328.00
2012/08/08	14.80	14.81	14.38	14.44	7048075	106520768.00
2012/08/09	14.36	15.06	14.11	14.81	12021229	184361376.00
2012/08/10	14.83	15.02	14.66	14.84	7774606	119840280.00
2012/08/13	14.83	14.83	14.09	14.14	6528109	97784944.00
2012/08/14	13.99	14.27	13.65	14.13	5328758	77684208.00
2012/08/15	14.11	14.11	13.83	13.84	3167335	45996856.00
2012/08/16	13.81	13.92	13.61	13.67	2915337	41951568.00
2012/08/17	13.67	14.06	13.64	13.95	4530584	65722772.00
2012/08/20	13.95	14.29	13.74	14.22	5709189	83525064.00
2012/08/21	14.27	14.84	14.14	14.61	10441875	158036032.00
2012/08/22	14.61	14.68	14.16	14.25	6149976	92214928.00
2012/08/23	14.36	14.65	14.31	14.54	6043420	91057720.00
2012/08/24	14.51	14.62	14.22	14.32	5514294	82510952.00
2012/08/27	14.19	14.86	13.71	14.49	9650155	143985792.00
2012/08/28	14.11	14.80	13.91	14.54	8493753	128090040.00
2012/08/29	14.31	15.11	14.24	15.10	15439237	238633664.00
2012/08/30	14.97	15.19	14.54	14.96	10978417	170219264.00
2012/08/31	14.92	15.15	14.84	15.06	8290885	129438240.00
2012/09/03	15.06	15.39	14.96	15.04	11584665	182750944.00
2012/09/04	15.00	15.05	14.71	15.00	8943178	138351536.00
2012/09/05	14.91	15.20	14.73	14.89	6608417	102732176.00
2012/09/06	14.83	15.27	14.76	15.18	7696888	120622416.00
2012/09/07	15.27	15.94	15.16	15.75	14183747	230452304.00
2012/09/10	15.96	16.76	15.96	16.08	13159410	221199824.00
2012/09/11	15.98	16.41	15.66	16.21	8669870	145167088.00
2012/09/12	16.27	16.57	15.92	16.19	7346161	123516552.00
2012/09/13	16.19	16.36	15.74	15.74	6231948	104041400.00
2012/09/14	15.89	16.18	15.62	16.08	6793544	112335584.00
2012/09/17	16.34	16.58	15.80	15.86	8844893	148793440.00
2012/09/18	15.81	15.81	15.13	15.21	5489816	87662432.00
2012/09/19	15.16	15.45	15.14	15.32	3004048	47747544.00
2012/09/20	15.24	15.27	14.77	15.00	6278248	97830432.00
2012/09/21	14.90	14.93	14.21	14.38	5741037	86785600.00
2012/09/24	14.28	14.36	13.85	14.25	3845473	56472492.00
2012/09/25	14.20	14.51	14.09	14.19	2843697	42344436.00
2012/09/26	14.15	14.28	13.31	13.40	6493159	92126752.00
2012/09/27	13.66	13.73	12.92	13.54	6891112	96101736.00
2012/09/28	13.34	13.76	13.26	13.73	5111299	72530120.00
2012/10/08	13.70	13.90	13.63	13.71	3004153	43076768.00
2012/10/09	13.72	14.38	13.72	14.25	4548544	66935624.00
2012/10/10	14.31	14.99	14.31	14.98	8723663	134115560.00
2012/10/11	14.99	15.06	14.41	14.48	4270359	65205188.00
2012/10/12	14.43	14.79	14.16	14.54	3565620	53825296.00
2012/10/15	14.53	14.70	14.38	14.59	3033555	45978496.00
2012/10/16	14.59	14.65	14.35	14.41	2430525	36674952.00
2012/10/17	14.41	14.54	14.28	14.44	1726157	25893768.00
2012/10/18	14.43	14.81	14.43	14.72	3712041	56752016.00
2012/10/19	14.76	15.18	14.68	14.91	5398751	83945080.00
2012/10/22	14.84	14.84	14.66	14.78	2337588	35862456.00
2012/10/23	14.79	14.90	14.49	14.59	3620861	55244788.00
2012/10/24	14.53	14.58	14.32	14.38	3025503	45501160.00
2012/10/25	14.34	14.79	14.32	14.41	3174418	48008524.00
2012/10/26	14.41	14.56	13.83	13.86	3948584	57644772.00
2012/10/29	13.86	14.22	13.69	13.76	2081223	30123074.00
2012/10/30	13.52	13.76	13.51	13.59	3496631	49611436.00
2012/10/31	13.55	13.91	13.42	13.82	2015911	28746924.00
2012/11/01	13.91	14.32	13.83	14.18	2530371	37284808.00
2012/11/02	14.23	14.28	13.98	14.13	2394962	35157036.00
2012/11/05	14.15	14.69	14.12	14.61	5207432	78714880.00
2012/11/06	14.49	15.10	14.41	14.98	7576309	117413032.00
2012/11/07	14.98	15.89	14.78	15.71	11128641	178165456.00
2012/11/08	15.51	15.59	14.90	14.90	7413933	117354840.00
2012/11/09	14.75	15.86	14.71	15.65	8342634	133199480.00
2012/11/12	15.77	16.91	15.77	16.46	16819965	286375520.00
2012/11/13	16.31	16.50	15.79	15.80	8353913	138873632.00
2012/11/14	15.79	16.36	15.51	15.66	7068024	116664920.00
2012/11/15	15.66	15.69	15.21	15.41	4883947	78081528.00
2012/11/16	15.38	15.69	15.21	15.64	3952773	63364396.00
2012/11/19	15.16	15.45	14.87	15.32	5332190	83921632.00
2012/11/20	15.33	15.46	15.06	15.15	3789554	59931304.00
2012/11/21	15.11	15.64	15.11	15.64	4385615	70438680.00
2012/11/22	15.63	15.68	15.31	15.68	2997229	48183932.00
2012/11/23	15.70	16.11	15.64	15.89	5971728	98639640.00
2012/11/26	15.88	15.89	15.27	15.27	2566073	41531752.00
2012/11/27	15.28	15.36	14.92	14.93	2957920	46255280.00
2012/11/28	14.85	14.85	14.13	14.45	3876838	57991496.00
2012/11/29	14.46	14.75	14.21	14.28	1849590	27891410.00
2012/11/30	14.38	14.88	14.38	14.84	2488105	38011480.00
2012/12/03	14.78	15.08	14.53	14.87	3497775	53883048.00
2012/12/04	14.88	14.95	14.39	14.82	2609403	39928292.00
2012/12/05	14.76	15.94	14.71	15.74	7055879	113243232.00
2012/12/06	15.74	15.85	15.42	15.43	3179209	51449256.00
2012/12/07	15.43	15.93	15.41	15.85	5660822	92605320.00
2012/12/10	15.91	16.37	15.85	16.16	6616476	110915544.00
2012/12/11	16.30	16.30	15.90	15.94	3578270	59475956.00
2012/12/12	15.89	16.01	15.46	15.67	2978465	48437080.00
2012/12/13	15.61	16.37	15.51	15.87	5026157	83635560.00
2012/12/14	15.81	16.55	15.81	16.40	8037479	135627424.00
2012/12/17	16.41	16.76	16.21	16.33	6404168	109260160.00
2012/12/18	16.29	17.09	16.09	16.98	10459070	180866240.00
2012/12/19	16.95	18.49	16.69	18.10	10969985	200553760.00
2012/12/20	17.81	18.19	17.62	17.97	5841715	107741792.00
2012/12/21	17.97	18.51	17.71	18.03	6613119	123927720.00
2012/12/24	17.92	18.82	17.81	18.76	8307493	158463728.00
2012/12/25	18.78	19.15	18.43	18.84	7541072	145878896.00
2012/12/26	18.82	18.82	18.21	18.36	6877338	131028032.00
2012/12/27	18.30	18.81	18.09	18.37	6103133	116781512.00
2012/12/28	18.37	18.99	18.26	18.73	6320657	122304384.00
2012/12/31	18.89	19.89	18.89	19.76	9150069	183544144.00
2013/01/04	19.76	20.01	19.01	19.42	7721327	154636016.00
2013/01/07	19.40	19.92	19.30	19.51	5292805	107077584.00
2013/01/08	19.79	20.31	19.49	19.61	5096367	103785560.00
2013/01/09	19.66	21.11	19.63	20.67	9212403	193045808.00
2013/01/10	20.67	21.97	20.65	21.24	10749746	236547024.00
2013/01/11	21.26	21.61	20.79	20.98	6776716	146938256.00
2013/01/14	20.83	21.91	20.82	21.90	5468236	121378736.00
2013/01/15	21.91	24.07	21.90	23.26	7738479	182723744.00
2013/01/16	23.21	24.26	22.01	23.01	9937072	236254816.00
2013/01/17	22.80	22.89	21.63	21.70	7552230	171869840.00
2013/01/18	21.70	23.67	21.70	23.37	9799289	227492320.00
2013/01/21	23.55	23.96	23.03	23.38	6231366	149974752.00
2013/01/22	23.36	23.36	22.37	22.61	5527287	129069384.00
2013/01/23	22.61	22.88	22.09	22.55	4220512	96938008.00
2013/01/24	22.41	23.39	21.53	21.85	7524566	174423936.00
2013/01/25	21.93	22.41	21.82	21.87	3894904	88147864.00
2013/01/28	22.01	22.56	21.89	22.45	5281270	120629416.00
2013/01/29	22.42	22.44	21.62	21.92	7154104	160952016.00
2013/01/30	21.92	22.31	21.72	22.20	5226051	118490376.00
2013/01/31	22.21	22.88	21.84	22.88	5682925	130500736.00
2013/02/01	22.93	23.58	22.64	23.01	5553307	131748704.00
2013/02/04	23.51	24.01	22.81	22.95	6041058	144970608.00
2013/02/05	22.77	23.26	22.39	22.87	3987435	93119160.00
2013/02/06	22.92	23.53	22.76	23.35	5869554	140119632.00
2013/02/07	23.41	23.87	23.33	23.87	5285432	127902840.00
2013/02/08	24.02	25.01	24.02	24.84	7096605	178704480.00
2013/02/18	26.41	27.38	25.99	26.58	11000823	300089952.00
2013/02/19	26.41	26.61	25.34	25.56	6706150	176302096.00
2013/02/20	25.41	26.41	25.21	25.91	4957368	131217192.00
2013/02/21	25.51	25.80	24.51	24.74	6281396	161137056.00
2013/02/22	24.57	25.29	24.32	24.56	4778057	120897592.00
2013/02/25	24.66	25.06	23.99	24.61	4273072	107210016.00
2013/02/26	24.41	25.10	24.21	24.22	4363930	109981280.00
2013/02/27	24.41	24.90	24.25	24.31	3633154	91004432.00
2013/02/28	24.07	24.89	24.07	24.63	5237115	131770808.00
2013/03/01	24.43	24.97	24.01	24.96	6911830	174209888.00
2013/03/04	24.91	25.41	24.20	24.44	5967552	151656352.00
2013/03/05	24.43	25.01	24.22	25.01	4679067	118145616.00
2013/03/06	25.00	25.19	24.50	24.82	5597057	142180800.00
2013/03/07	24.68	24.71	22.68	23.20	10514611	253934544.00
2013/03/08	23.45	23.76	22.79	22.99	4779438	114672912.00
2013/03/11	22.99	23.86	22.84	23.27	3591323	86345672.00
2013/03/12	23.38	23.60	22.23	22.62	4639978	108519544.00
2013/03/13	22.66	23.01	22.15	22.45	2977116	68843896.00
2013/03/14	22.60	22.78	22.26	22.69	3882733	89720592.00
2013/03/15	22.67	23.44	22.26	22.78	4601075	108430216.00
2013/03/18	22.18	22.55	21.56	21.59	5097207	114741256.00
2013/03/19	21.65	21.89	21.31	21.77	3300045	73195336.00
2013/03/20	21.86	23.31	21.86	23.16	7441810	174292112.00
2013/03/21	23.36	23.40	22.51	22.91	7204881	169520608.00
2013/03/22	22.81	22.98	22.55	22.81	3095527	72317960.00
2013/03/25	23.42	23.56	22.78	22.92	3844632	90952192.00
2013/03/26	22.81	22.81	22.32	22.54	3023198	69854520.00
2013/03/27	22.54	23.06	22.51	22.74	2733959	63971268.00
2013/03/28	22.60	22.60	21.42	22.11	3451881	78140320.00
2013/03/29	22.30	22.42	21.40	21.48	3341342	74933464.00
2013/04/01	21.37	21.42	20.84	21.01	3460953	74969528.00
2013/04/02	21.26	21.77	21.01	21.11	3520758	77364272.00
2013/04/03	21.20	21.52	20.89	21.14	2024918	44039284.00
2013/04/08	20.29	20.81	19.95	20.78	5956922	124842600.00
2013/04/09	20.78	21.26	20.76	20.85	2853045	61438028.00
2013/04/10	20.82	21.19	20.44	20.53	3178659	67948720.00
2013/04/11	20.76	21.15	20.73	20.84	3268588	70483536.00
2013/04/12	20.62	20.90	20.52	20.71	1568970	33393972.00
2013/04/15	20.81	20.91	19.72	19.94	3365415	69633312.00
2013/04/16	19.63	20.56	19.37	20.43	2823805	57905068.00
2013/04/17	20.43	20.66	20.27	20.64	2185724	46081496.00
2013/04/18	20.46	21.40	20.41	21.31	3811783	82138160.00
2013/04/19	21.39	22.49	21.39	22.06	6980072	157526800.00
2013/04/22	21.91	23.35	21.86	23.32	8223219	191601408.00
2013/04/23	23.32	23.40	22.55	22.67	6359579	149046096.00
2013/04/24	22.63	23.93	22.51	23.79	6940412	167096656.00
2013/04/25	23.76	24.57	22.91	23.23	8854062	216733072.00
2013/04/26	24.19	24.51	23.77	23.96	7882916	194928304.00
2013/05/02	23.79	24.46	23.21	24.01	6337717	155481264.00
2013/05/03	24.36	26.41	24.31	25.61	14526546	380915040.00
2013/05/06	25.89	28.23	25.66	28.23	25601655	720511872.00
2013/05/07	28.61	29.76	28.14	28.87	25911262	764331584.00
2013/05/08	28.41	29.54	28.13	29.08	15353513	451462752.00
2013/05/09	29.08	32.05	29.08	32.05	33571166	1068622464.00
2013/05/10	32.21	33.51	31.46	33.39	32883024	1094651136.00
2013/05/13	32.41	34.99	31.51	32.61	23641663	801947456.00
2013/05/14	33.32	35.93	31.71	35.93	29680369	1026137728.00
2013/05/15	34.81	37.37	33.91	36.11	28683919	1044143488.00
2013/05/16	36.09	36.93	35.37	36.64	19731332	726134656.00
2013/05/17	36.54	37.21	35.51	35.81	21041819	778123968.00
2013/05/20	35.17	36.28	34.71	35.55	19293140	694139712.00
2013/05/21	35.56	36.90	34.91	35.26	17812537	650549312.00
2013/05/22	35.40	36.79	35.19	36.66	22187064	812052480.00
2013/05/23	36.09	36.11	33.91	34.23	22641903	800830592.00
2013/05/24	34.33	34.74	33.71	34.41	10738998	375091520.00
2013/05/27	34.81	35.28	34.28	34.74	12583189	445116672.00
2013/05/28	34.31	34.70	33.01	34.06	13751553	475029280.00
2013/05/29	34.96	37.53	34.31	37.14	32907589	1212347648.00
2013/05/30	35.91	36.46	35.41	36.16	18110603	660654976.00
2013/05/31	36.03	36.31	34.66	34.70	10442135	374403424.00
2013/06/03	34.61	35.36	33.81	34.53	6867295	242004304.00
2013/06/04	34.41	35.17	32.56	33.42	10499824	361814336.00
2013/06/05	33.37	33.61	32.19	32.64	10061191	336162688.00
2013/06/06	32.84	33.21	32.06	32.81	10534985	351526528.00
2013/06/07	32.49	33.13	31.66	32.31	7791811	257875680.00
2013/06/13	31.71	31.73	29.44	30.81	9674515	302828736.00
2013/06/14	30.86	33.35	30.86	32.91	11621038	383127136.00
2013/06/17	32.90	34.41	32.41	33.23	11624616	396434560.00
2013/06/18	33.70	34.57	33.48	34.15	10000629	346929728.00
2013/06/19	34.10	34.75	33.81	34.10	9147209	318463072.00
2013/06/20	33.27	33.27	31.21	31.25	13613410	446084544.00
2013/06/21	30.01	32.29	28.96	32.01	12037513	374956256.00
2013/06/24	31.71	31.71	28.75	28.75	11566487	353537312.00
2013/06/25	27.76	29.68	25.96	29.37	14907461	432100992.00
2013/06/26	29.53	30.31	28.96	30.11	11649521	353382848.00
2013/06/27	30.32	30.62	28.43	28.98	10256919	310677920.00
2013/06/28	28.74	30.10	28.36	29.32	6876602	205043984.00
2013/07/01	29.71	32.31	29.41	32.31	14372054	454158784.00
2013/07/02	33.31	35.21	32.85	34.58	18746333	652008448.00
2013/07/03	34.51	35.81	33.66	35.37	19278584	685296832.00
2013/07/04	35.41	38.91	34.81	37.96	25970782	982744960.00
2013/07/05	38.41	38.41	36.11	36.50	18226712	688209664.00
2013/07/08	35.41	37.21	34.60	35.69	15152887	552160256.00
2013/07/09	35.39	35.81	33.65	34.34	17006978	597007104.00
2013/07/10	34.30	35.52	34.11	35.41	14554113	515553472.00
2013/07/11	35.11	36.16	34.75	35.09	15986970	575168512.00
2013/07/12	34.91	36.15	34.71	35.08	12669936	457512224.00
2013/07/15	36.96	37.91	36.17	36.33	18419706	692267008.00
2013/07/16	36.76	37.68	36.51	37.07	13061463	490726784.00
2013/07/17	35.83	35.86	34.29	34.43	20826749	742474944.00
2013/07/18	34.98	35.34	34.43	34.63	10570091	375651360.00
2013/07/19	34.59	35.20	33.46	34.72	12242303	426767168.00
2013/07/22	34.17	34.69	33.79	34.49	6941560	242097808.00
2013/07/23	34.92	35.61	34.77	35.32	10711513	384836224.00
2013/07/24	35.41	35.41	34.09	34.81	9054705	319635456.00
2013/07/25	34.78	36.00	34.62	34.81	11233916	403675872.00
2013/07/26	34.29	34.88	33.33	33.57	8792277	302190144.00
2013/07/29	33.70	34.30	33.21	33.48	5399687	185342736.00
2013/07/30	33.97	34.23	32.61	32.99	6436338	217796848.00
2013/07/31	32.99	33.49	32.41	32.51	5908257	197413344.00
2013/08/01	32.52	34.61	32.51	34.50	10580923	361872576.00
2013/08/02	34.67	34.85	33.82	33.94	6397082	223648768.00
2013/08/05	33.94	34.79	33.76	34.51	7268445	253598432.00
2013/08/06	34.59	36.86	34.59	36.20	17319449	630330496.00
2013/08/07	35.86	36.21	35.01	35.41	9867534	355418560.00
2013/08/08	35.77	36.36	35.41	35.70	9525374	347464960.00
2013/08/09	36.33	36.61	34.42	34.90	10289173	370041664.00
2013/08/12	35.20	35.49	34.51	35.17	8622642	305917440.00
2013/08/13	34.91	35.71	34.49	35.49	8836756	316751456.00
2013/08/14	35.43	36.09	34.91	35.10	7147310	257357456.00
2013/08/15	34.76	35.00	33.87	33.87	7886665	274932864.00
2013/08/16	33.70	34.41	32.73	32.88	6805082	232989104.00
2013/08/19	32.71	34.00	32.42	33.69	5152486	175472736.00
2013/08/20	33.52	33.90	32.91	33.16	5104018	173480416.00
2013/08/21	33.37	33.47	32.84	33.26	4163619	140188000.00
2013/08/22	33.27	34.85	33.07	34.67	8948744	308922880.00
2013/08/23	34.77	35.59	34.16	35.37	14293136	508302112.00
2013/08/26	35.21	35.21	34.01	34.51	17320695	606759680.00
2013/08/27	34.31	34.31	33.28	33.87	13200806	452197440.00
2013/08/28	33.53	33.56	32.62	32.66	13946742	467127584.00
2013/08/29	32.65	33.36	32.50	32.59	7567115	252822160.00
2013/08/30	32.80	32.91	30.39	31.18	14904542	476847232.00
2013/09/02	31.18	32.00	31.01	31.36	8970937	288262880.00
2013/09/03	31.65	32.87	31.48	32.65	10376519	341800000.00
2013/09/04	32.86	33.39	32.54	32.70	7655852	256478096.00
2013/09/05	32.52	32.86	32.08	32.61	7023731	232680256.00
2013/09/06	32.56	35.93	32.44	35.93	28845148	1023390208.00
2013/09/09	37.29	38.66	36.68	37.03	29299451	1114430080.00
2013/09/10	36.91	38.71	36.35	37.33	21561397	825355776.00
2013/09/11	38.81	41.12	37.35	41.12	35041002	1409805056.00
2013/09/12	40.91	42.37	39.71	39.92	26640355	1102287872.00
2013/09/13	40.05	40.67	39.21	39.93	16930827	685531136.00
2013/09/16	39.68	40.90	38.69	38.99	14554393	587800128.00
2013/09/17	39.39	39.91	37.91	38.41	12567389	492353440.00
2013/09/18	39.14	39.69	35.93	38.41	25632031	974382528.00
2013/09/23	38.41	41.74	37.96	40.96	24698617	1001651456.00
2013/09/24	40.41	41.89	40.17	40.33	16125967	671137088.00
2013/09/25	40.28	40.71	38.41	38.41	12111113	482518464.00
2013/09/26	37.96	39.28	37.51	38.54	10240108	400311904.00
2013/09/27	38.31	39.24	37.37	37.60	7920449	305907072.00
2013/09/30	37.42	39.19	37.41	38.77	7202541	282920320.00
2013/10/08	40.41	40.91	39.41	39.56	9792552	398088736.00
2013/10/09	39.21	40.62	38.91	40.21	8563552	348231584.00
2013/10/10	40.39	40.76	38.86	38.91	10103417	406376000.00
2013/10/11	39.13	39.51	38.31	39.31	8097285	320374624.00
2013/10/14	39.41	39.41	37.90	38.16	8447466	328610816.00
2013/10/15	38.05	39.02	38.05	38.49	6055714	236762256.00
2013/10/16	38.31	38.31	37.04	37.31	6801676	259031360.00
2013/10/17	37.56	38.12	37.20	37.26	4385490	167076880.00
2013/10/18	37.26	40.61	37.20	40.16	12451978	495888864.00
2013/10/21	39.77	42.01	39.51	41.30	13972938	578739520.00
2013/10/22	41.91	42.97	40.91	41.11	14048029	596941440.00
2013/10/23	41.10	43.07	40.11	40.92	13788159	585142400.00
2013/10/24	40.59	40.81	39.01	40.09	7827621	316801056.00
2013/10/25	40.39	41.56	39.25	40.36	8123211	333122272.00
2013/10/28	40.66	40.89	38.16	38.86	7058685	279315296.00
2013/10/29	38.88	39.30	36.69	37.49	8172733	312776608.00
2013/10/30	37.59	38.71	37.22	38.71	5954003	230479040.00
2013/10/31	38.61	38.61	37.11	37.39	4869153	186164416.00
2013/11/01	37.70	38.36	37.22	37.48	4666747	178686272.00
2013/11/04	37.31	38.01	36.41	37.93	5208739	197524592.00
2013/11/05	37.56	38.61	36.91	38.26	7049590	271130432.00
2013/11/06	38.32	38.62	37.21	37.26	4742790	183023856.00
2013/11/07	36.41	36.41	34.41	35.01	9230270	333913664.00
2013/11/08	34.56	34.99	33.94	34.50	4318863	151665504.00
2013/11/11	34.71	36.09	34.71	35.42	4286310	155050128.00
2013/11/12	35.61	36.05	35.11	35.49	2871885	103690360.00
2013/11/13	35.71	35.80	34.12	34.13	3861637	136701216.00
2013/11/14	34.36	34.81	34.11	34.45	4245281	148832240.00
2013/11/15	34.76	36.01	34.46	35.31	4961255	178491792.00
2013/11/18	35.51	35.99	35.20	35.89	5441784	197547440.00
2013/11/19	35.88	35.89	35.21	35.51	4406910	158977120.00
2013/11/20	35.77	35.98	35.31	35.77	3278720	118631840.00
2013/11/21	35.41	35.56	34.59	34.95	5439917	193318896.00
2013/11/22	34.88	37.33	34.72	36.41	9176306	339695488.00
2013/11/25	36.21	36.50	35.52	35.94	4224802	154953104.00
2013/11/26	35.94	36.91	35.66	36.41	5360436	197196064.00
2013/11/27	36.39	37.84	36.29	37.52	9014477	341146400.00
2013/11/28	37.52	38.01	37.23	37.51	4910479	186981104.00
2013/11/29	37.44	37.64	36.94	37.27	4462256	168819840.00
2013/12/02	36.21	36.75	34.59	34.81	7696533	278073984.00
2013/12/03	34.61	35.61	34.42	35.37	4923985	176377664.00
2013/12/04	35.54	36.19	35.19	35.44	6307180	228966976.00
2013/12/05	35.44	37.39	35.31	37.06	10264762	382382624.00
2013/12/06	37.07	38.21	36.91	37.43	8784887	335591520.00
2013/12/09	37.49	37.86	36.87	37.36	4997351	189190848.00
2013/12/10	37.59	38.15	37.14	37.41	4904740	187068480.00
2013/12/11	37.22	37.26	36.32	36.69	3793689	141839232.00
2013/12/12	36.54	38.36	36.42	37.75	6249715	238179904.00
2013/12/13	37.23	38.39	37.13	38.14	6216360	239904640.00
2013/12/16	38.20	38.87	37.61	38.59	7028005	273854240.00
2013/12/17	38.63	38.99	37.79	37.87	5564818	216900144.00
2013/12/18	37.87	38.31	36.71	36.71	5121209	194136000.00
2013/12/19	37.01	37.55	36.67	36.97	4825235	182118272.00
2013/12/20	37.01	37.26	35.71	35.96	4110384	151772224.00
2013/12/23	36.21	36.58	35.51	35.89	2954363	108208288.00
2013/12/24	35.81	36.61	35.81	36.41	3998519	147727712.00
2013/12/25	36.48	37.10	36.23	36.64	2584183	96198248.00
2013/12/26	36.64	36.86	35.41	35.51	3397634	124356880.00
2013/12/27	35.52	36.80	35.51	36.37	4283125	158532576.00
2013/12/30	36.50	37.10	36.39	36.91	4597853	172151040.00
2013/12/31	36.51	37.53	36.51	37.09	4671822	176795920.00
2014/01/02	37.09	37.46	36.61	37.38	5376373	203707632.00
2014/01/03	37.31	38.20	37.01	37.82	5234517	199728880.00
2014/01/06	37.76	38.61	37.01	37.41	5880937	226039520.00
2014/01/07	37.31	38.38	37.12	37.89	3996304	153426160.00
2014/01/08	37.91	38.97	37.90	38.95	6939918	271427936.00
2014/01/09	38.83	38.90	37.94	37.97	5381680	210489648.00
2014/01/10	38.11	38.22	36.42	36.42	5643153	213395664.00
2014/01/13	36.47	37.38	36.41	37.26	3276074	123123616.00
2014/01/14	37.40	37.91	37.02	37.59	2569642	98085040.00
2014/01/15	37.81	38.71	37.81	38.41	4281300	166542080.00
2014/01/16	38.58	38.58	37.40	37.41	4398679	169226032.00
2014/01/17	37.42	37.70	36.78	36.81	3242710	122435152.00
2014/01/20	36.85	37.39	36.11	36.42	3095805	115369984.00
2014/01/21	36.51	36.88	36.39	36.57	3096611	115113528.00
2014/01/22	36.86	37.51	36.48	37.45	3810145	143335168.00
2014/01/23	37.51	37.68	36.42	36.87	4143652	156108240.00
2014/01/24	36.86	38.21	36.81	38.01	6164890	236783424.00
2014/01/27	38.14	38.51	37.46	37.99	6388131	247015584.00
2014/01/28	39.11	40.09	38.53	39.61	13241201	529618912.00
2014/01/29	39.71	39.74	38.93	39.17	5574667	221854432.00
2014/01/30	39.33	39.86	37.92	38.06	4736481	187597856.00
2014/02/07	37.87	39.07	37.72	38.91	4815495	187686320.00
2014/02/10	39.71	42.86	39.71	42.86	11083742	475592832.00
2014/02/11	45.31	45.86	43.22	43.70	20075418	904745280.00
2014/02/12	43.61	45.64	42.91	44.67	13032723	586214656.00
2014/02/13	45.61	49.20	45.42	48.41	22521685	1092764544.00
2014/02/14	47.41	49.61	46.89	47.84	13265414	651997824.00
2014/02/17	48.55	49.89	47.41	49.56	13579717	668977280.00
2014/02/18	49.21	49.21	46.86	47.35	12319129	594298432.00
2014/02/19	49.08	49.40	46.17	47.47	11192678	538941312.00
2014/02/20	46.67	48.43	46.67	47.40	10472938	505710624.00
2014/02/21	47.42	47.89	45.73	46.11	7341011	346626912.00
2014/02/24	45.42	48.56	45.00	48.12	9569944	454881344.00
2014/02/25	48.10	49.86	47.21	47.97	12196632	600809792.00
2014/02/26	49.41	52.83	49.40	52.83	24991080	1320899456.00
2014/02/27	55.33	56.41	52.24	52.36	26173797	1443345920.00
2014/02/28	52.69	57.29	50.92	56.32	22179698	1239742976.00
2014/03/03	56.32	57.46	54.81	56.41	14736010	834030592.00
2014/03/04	55.26	56.40	54.71	55.89	8002056	449361600.00
2014/03/05	55.44	58.70	55.01	55.51	10594958	609022336.00
2014/03/06	54.42	55.19	52.91	54.51	8186782	446697664.00
2014/03/07	54.23	57.40	54.02	55.41	8238404	465786464.00
2014/03/10	54.41	57.00	53.41	54.16	8147423	454110720.00
2014/03/11	53.88	55.35	50.11	51.33	10835722	572298688.00
2014/03/12	50.91	52.09	48.71	50.04	9005498	457313728.00
2014/03/13	50.03	52.44	49.71	51.90	7394852	382312544.00
2014/03/14	51.41	51.46	49.25	49.64	7831526	398569632.00
2014/03/17	49.72	53.01	49.72	52.90	8967252	472444384.00
2014/03/18	52.86	54.33	52.39	52.56	6423730	346076480.00
2014/03/19	52.57	54.06	52.14	53.81	5144448	278336704.00
2014/03/20	51.80	52.41	49.39	49.83	11372957	587803200.00
2014/03/21	49.41	51.76	47.43	50.81	9109674	460050016.00
2014/03/24	51.40	51.40	49.11	49.36	5411434	271999488.00
2014/03/25	49.36	50.14	48.47	49.37	4380300	219322896.00
2014/03/26	49.91	51.33	49.37	50.61	5780820	296281408.00
2014/03/27	50.61	51.03	48.91	49.55	4733216	237768304.00
2014/03/28	49.41	49.72	48.30	48.51	3441648	170151120.00
2014/03/31	48.29	49.41	47.12	47.52	4318071	209355408.00
2014/04/01	47.51	48.51	47.49	47.91	2296672	111438144.00
2014/04/02	48.19	49.19	47.89	48.11	2299058	112801592.00
2014/04/03	48.66	49.26	48.19	48.36	2485348	122542608.00
2014/04/04	48.36	49.20	48.05	49.10	2107710	103833200.00
2014/04/08	48.44	49.25	47.91	49.10	3124814	153925040.00
2014/04/09	48.26	49.73	48.26	49.51	2533698	126411304.00
2014/04/10	49.53	51.04	48.81	50.41	5415725	274835616.00
2014/04/11	49.99	50.39	48.93	49.16	3243448	162123184.00
2014/04/14	49.21	50.17	49.06	49.48	2158057	108508712.00
2014/04/15	49.41	50.14	47.93	47.98	3856420	190314512.00
2014/04/16	47.91	48.51	47.75	48.19	2250557	109793352.00
2014/04/17	48.36	48.71	47.97	48.07	2069228	100996808.00
2014/04/18	47.92	48.81	47.60	48.69	2526709	123737320.00
2014/04/21	48.91	49.67	48.31	48.47	3150692	156325952.00
2014/04/22	48.51	48.99	46.41	47.40	4372784	209655632.00
2014/04/23	47.51	47.61	45.00	45.56	5638886	261200960.00
2014/04/24	45.25	45.74	44.41	44.67	3074151	140505984.00
2014/04/25	44.86	46.61	44.86	45.55	3886094	180877744.00
2014/04/28	45.59	46.40	44.91	45.66	2911363	134312272.00
2014/04/29	45.70	45.95	44.91	45.51	1916860	88162768.00
2014/04/30	45.81	46.11	45.52	45.63	1354384	62655412.00
2014/05/05	45.51	45.51	44.12	45.06	2764032	125476120.00
2014/05/06	45.06	45.84	45.06	45.31	2120669	97525008.00
2014/05/07	45.21	45.22	42.40	42.73	5585662	244919936.00
2014/05/08	42.41	43.06	40.56	41.48	6225113	264584416.00
2014/05/09	40.42	40.80	39.28	40.15	5292609	214866640.00
2014/05/12	40.23	41.61	40.21	41.24	3676696	152380688.00
2014/05/13	41.41	42.61	41.09	41.21	5310871	225639360.00
2014/05/14	41.23	41.81	40.93	41.42	1618103	68148888.00
2014/05/15	41.46	41.86	40.31	40.47	2041543	85160224.00
2014/05/16	40.21	40.94	40.21	40.38	1558660	64026200.00
2014/05/19	40.41	40.61	39.82	40.31	1322174	53905456.00
2014/05/20	40.51	41.05	39.92	40.10	1814717	74330848.00
2014/05/21	39.91	41.02	39.41	40.99	1836219	75337008.00
2014/05/22	41.01	42.63	41.00	41.57	3913417	166359968.00
2014/05/23	41.62	42.10	41.42	41.57	919731	38973148.00
2014/05/26	43.86	45.79	43.71	45.79	12211600	557563968.00
2014/05/27	45.59	46.06	44.66	46.06	6633026	304523008.00
2014/05/28	46.05	48.31	45.66	47.21	9700987	464148256.00
2014/05/29	47.24	47.40	45.61	45.70	4746446	223183312.00
2014/05/30	45.59	47.50	45.01	46.09	6101391	286252000.00
2014/06/03	46.09	46.34	45.06	45.32	3322672	153274624.00
2014/06/04	45.31	45.32	43.79	44.10	3468286	155793344.00
2014/06/05	43.75	44.76	43.53	44.76	2805275	126027776.00
2014/06/06	44.73	45.72	44.58	45.48	3921703	180205968.00
2014/06/09	45.51	45.77	44.91	45.11	1891740	86951720.00
2014/06/10	45.13	45.57	43.91	45.05	3750264	169362256.00
2014/06/11	44.72	44.96	44.32	44.71	1957640	88437288.00
2014/06/12	44.71	45.54	44.47	44.55	3345699	152811936.00
2014/06/13	45.11	47.41	44.57	47.21	10480645	493899712.00
2014/06/16	46.99	47.38	46.01	46.56	6049950	285677504.00
2014/06/17	46.31	47.10	46.00	46.08	4652470	219405680.00
2014/06/18	46.16	46.78	46.01	46.41	3670897	172522752.00
2014/06/19	46.41	46.78	44.61	45.21	2917385	135195904.00
2014/06/20	45.71	46.65	44.91	46.01	4545280	212481408.00
2014/06/23	46.41	46.77	45.91	46.21	2560361	120016816.00
2014/06/24	46.86	48.01	46.36	47.87	7987232	382208640.00
2014/06/25	47.93	48.49	47.51	48.26	6196785	301497120.00
2014/06/26	47.96	49.41	47.66	48.91	4900574	240679136.00
2014/06/27	49.40	50.49	47.92	48.32	9420195	472773568.00
2014/06/30	47.40	47.66	45.81	46.90	8616225	409053600.00
2014/07/01	46.91	47.83	46.42	47.11	6351375	304176032.00
2014/07/02	46.88	47.58	46.54	47.31	4109941	195965088.00
2014/07/03	47.36	48.90	46.91	48.26	8785740	427928032.00
2014/07/04	48.34	48.51	47.70	47.70	4995092	242779840.00
2014/07/07	47.80	48.21	47.01	47.16	4201252	201892480.00
2014/07/08	47.14	48.87	47.14	48.64	10329139	502775680.00
2014/07/09	48.63	48.66	47.00	47.37	7368969	356088096.00
2014/07/10	48.41	48.86	45.99	46.00	13717523	657638400.00
2014/07/11	45.30	46.41	43.91	46.32	8903576	408352224.00
2014/07/14	46.91	48.91	46.89	48.15	11563455	559960448.00
2014/07/15	48.10	48.10	46.74	47.12	6885858	328972928.00
2014/07/16	47.09	47.71	46.21	46.51	4042521	192249376.00
2014/07/17	47.01	47.05	45.71	45.90	3523687	164428656.00
2014/07/18	45.93	46.32	45.68	45.77	3066934	143083808.00
2014/07/21	45.77	45.91	45.32	45.44	3870151	178588768.00
2014/07/22	45.80	48.66	45.71	48.01	12471001	602510080.00
2014/07/23	47.61	47.90	46.61	47.11	5318670	254576000.00
2014/07/24	47.31	47.63	46.20	47.12	3967705	188541824.00
2014/07/25	47.21	47.99	47.21	47.84	4853161	234148864.00
2014/07/28	48.06	48.81	48.06	48.48	6901326	338823200.00
2014/07/29	48.51	52.11	47.96	50.82	12513846	638548224.00
2014/07/30	50.92	51.86	50.26	50.80	7271873	375434656.00
2014/07/31	50.86	51.27	49.91	50.12	5082513	259450464.00
2014/08/01	50.29	50.61	49.10	49.10	4999075	252787456.00
2014/08/04	49.40	50.90	49.21	50.88	5180492	264549984.00
2014/08/05	50.89	51.21	49.80	50.80	3529632	179941776.00
2014/08/06	50.21	51.91	50.01	51.91	7117226	370257696.00
2014/08/07	52.09	53.07	50.70	50.71	6228705	325731648.00
2014/08/08	50.91	51.69	50.63	50.86	3386874	175394768.00
2014/08/11	50.71	52.01	50.49	51.31	3447063	179231728.00
2014/08/12	51.26	51.60	50.68	51.00	3707496	191574736.00
2014/08/13	51.31	51.65	50.00	50.67	4077209	208812768.00
2014/08/14	50.36	51.36	50.11	51.01	3960521	203878944.00
2014/08/15	50.96	51.40	50.47	51.06	3247748	167076016.00
2014/08/18	51.08	51.71	50.77	50.96	3362001	174154976.00
2014/08/19	50.96	51.55	50.56	50.81	3645113	187895920.00
2014/08/20	50.64	50.64	49.70	50.06	3891018	197065408.00
2014/08/21	50.07	50.43	49.45	50.41	3379734	170149824.00
2014/08/22	50.36	50.36	49.29	49.44	4372960	218923568.00
2014/08/25	48.46	49.60	47.86	49.33	5806762	284571072.00
2014/08/26	49.18	49.40	48.40	48.81	2600390	128330744.00
2014/08/27	48.96	50.04	48.95	49.79	4365297	218520048.00
2014/08/28	49.78	49.79	48.55	48.70	2567252	127507912.00
2014/08/29	49.11	50.12	48.86	50.01	3693403	185304080.00
2014/09/01	50.46	51.01	50.02	50.55	4867929	248174976.00
2014/09/02	50.56	50.76	50.27	50.76	5191024	265306400.00
2014/09/03	50.96	51.34	50.94	51.22	5486001	283899808.00
2014/09/04	51.31	51.60	50.84	51.07	3405406	175865840.00
2014/09/05	51.21	51.40	50.65	51.21	3463816	178641472.00
2014/09/09	51.27	53.75	51.25	53.59	10548799	555227392.00
2014/09/10	52.84	53.44	52.52	53.12	6215650	333458976.00
2014/09/11	53.11	53.11	51.46	51.57	4756139	251256832.00
2014/09/12	52.01	52.10	50.92	51.36	3967774	205888832.00
2014/09/15	50.96	51.45	50.85	51.06	3079573	159116384.00
2014/09/16	50.94	50.95	49.41	49.44	5335099	269193984.00
2014/09/17	49.74	50.32	48.91	49.72	4195436	209811584.00
2014/09/18	49.33	49.86	49.07	49.37	2947667	147207824.00
2014/09/19	49.37	49.70	49.31	49.46	3053734	152801088.00
2014/09/22	49.42	49.48	47.56	47.91	3746736	183138832.00
2014/09/23	47.86	48.52	47.76	48.31	3030725	147469520.00
2014/09/24	48.44	49.16	47.98	49.00	5030495	246777248.00
2014/09/25	49.45	49.54	48.35	48.50	4677881	231682416.00
2014/09/26	48.51	48.79	48.14	48.34	2572969	125856360.00
2014/09/29	48.35	49.16	48.35	48.51	4378562	215882464.00
2014/09/30	48.61	48.85	48.16	48.29	3529231	172464688.00
2014/10/08	48.34	48.95	48.21	48.91	4532947	222534992.00
2014/10/09	49.01	50.32	48.99	49.78	7774714	390501216.00
2014/10/10	49.78	49.78	48.91	48.96	4790276	238248816.00
2014/10/13	48.96	48.97	47.80	48.54	4234407	206322864.00
2014/10/14	48.71	48.76	47.56	47.71	4980592	241958560.00
2014/10/15	47.72	47.93	47.04	47.81	4352055	208542592.00
2014/10/16	47.56	47.88	47.08	47.39	4232303	203049392.00
2014/10/17	47.46	47.86	46.86	47.33	4570145	218804576.00
2014/10/20	47.29	48.00	47.22	47.66	3659649	176673936.00
2014/10/21	47.67	47.89	46.76	46.77	3839376	183028256.00
2014/10/22	46.76	47.36	46.66	46.76	3337881	158488816.00
2014/10/23	46.76	47.24	46.56	46.76	2605822	123686392.00
2014/10/24	46.82	47.31	46.76	46.87	2424089	115191984.00
2014/10/27	46.85	47.14	45.66	46.22	3626326	169396512.00
2014/10/28	46.22	47.06	46.16	46.84	4226549	198888384.00
2014/10/29	46.89	47.69	46.88	47.56	5226858	250255840.00
2014/10/30	47.66	48.12	46.76	46.79	6911677	330607264.00
2014/10/31	46.63	46.64	45.80	46.43	5054421	235841920.00
2014/11/03	46.42	46.42	45.46	45.64	5916846	274244512.00
2014/11/04	45.66	46.02	45.63	45.80	2785700	129152136.00
2014/11/05	45.76	45.76	45.43	45.47	2587813	119361472.00
2014/11/06	45.38	45.75	45.31	45.61	2365871	108991128.00
2014/11/07	45.64	45.94	45.36	45.54	3317961	153640336.00
2014/11/10	45.56	46.01	45.42	46.00	4275566	198373120.00
2014/11/11	46.06	46.11	43.96	44.09	6077851	277231392.00
2014/11/12	43.96	44.32	42.45	43.36	5865414	257856000.00
2014/11/13	43.17	43.30	41.71	42.36	6781062	289922176.00
2014/11/14	42.36	44.41	41.84	43.65	6082076	266901120.00
2014/11/17	43.26	44.26	43.12	43.47	4358878	192953088.00
2014/11/18	43.46	43.46	42.06	42.29	4317093	185774592.00
2014/11/19	42.16	42.91	41.93	42.26	4314441	184994752.00
2014/11/20	42.18	42.66	41.82	42.06	3415077	146172208.00
2014/11/21	42.24	42.35	41.97	42.28	3339177	142550816.00
2014/11/24	42.80	43.43	42.37	43.31	6355631	276043040.00
2014/11/25	43.41	44.21	43.16	43.49	6400971	283077984.00
2014/11/26	43.71	44.56	43.71	43.97	6848753	306081856.00
2014/11/27	44.01	44.19	43.26	43.45	7429465	327465184.00
2014/11/28	43.16	43.18	42.34	42.76	6355359	274507072.00
2014/12/01	42.76	43.61	42.46	42.86	5234573	227036800.00
2014/12/02	42.86	43.29	42.58	42.98	6234539	271758144.00
2014/12/03	43.14	43.15	42.14	42.61	12452533	536217600.00
2014/12/04	42.65	44.31	42.65	44.04	17555164	774405696.00
2014/12/05	44.12	44.19	42.46	42.82	12893793	564595136.00
2014/12/08	42.46	42.64	41.16	41.42	16303431	688408128.00
2014/12/09	41.31	41.31	38.99	39.12	18316397	738368896.00
2014/12/10	39.34	39.86	38.94	39.71	15938681	637486592.00
2014/12/11	39.48	39.71	38.99	39.62	8129474	325000608.00
2014/12/12	39.60	42.46	39.36	41.74	18634736	777808896.00
2014/12/15	41.88	42.09	40.55	41.64	8517787	358141152.00
2014/12/16	41.58	41.65	40.85	41.18	10528003	438667552.00
2014/12/17	40.88	40.94	39.48	39.94	10507950	427093408.00
2014/12/18	40.17	40.94	35.89	35.89	34959621	1337368832.00
2014/12/19	36.16	38.46	36.16	36.93	28531253	1073647872.00
2014/12/22	36.66	36.67	33.26	34.27	16088542	562713856.00
2014/12/23	34.21	35.46	34.00	34.62	10643155	376762240.00
2014/12/24	34.82	36.40	34.31	36.14	13451809	485244064.00
2014/12/25	36.52	37.45	35.96	36.61	12062261	449960832.00
2014/12/26	36.60	36.60	35.68	36.22	9043572	331042720.00
2014/12/29	36.26	36.75	35.49	35.96	9118536	335076704.00
2014/12/30	37.45	38.69	36.91	37.52	16903728	647925632.00
2014/12/31	37.53	38.30	36.97	37.61	10696432	409463232.00
2015/01/05	37.76	40.56	37.21	39.72	19214892	749732288.00
2015/01/06	38.84	40.91	38.51	39.79	13889067	562214848.00
2015/01/07	39.71	39.71	38.36	38.40	11167398	438781184.00
2015/01/08	38.39	38.66	37.84	37.97	6891785	266454784.00
2015/01/09	38.00	38.96	37.81	37.90	8515094	331242752.00
2015/01/12	37.94	39.79	37.94	38.94	11348854	447585472.00
2015/01/13	39.46	40.35	38.96	39.78	13327085	539057984.00
2015/01/14	39.76	40.16	38.46	38.94	6989417	277811424.00
2015/01/15	39.06	39.34	38.04	38.54	5957550	232630832.00
2015/01/16	38.57	39.14	38.25	39.03	7273230	285132384.00
2015/01/19	38.88	39.89	37.25	37.77	10800447	421254528.00
2015/01/20	37.90	38.81	37.74	38.41	8750457	340120928.00
2015/01/21	38.55	39.24	38.41	38.94	9254367	364431904.00
2015/01/22	39.11	39.41	38.66	39.27	9529465	377569792.00
2015/01/23	39.41	40.42	39.34	39.57	14148146	571837120.00
2015/01/26	39.76	40.26	39.02	39.56	9529417	381414528.00
2015/01/27	39.56	39.86	39.06	39.46	10637339	426213920.00
2015/01/28	39.67	40.36	39.34	39.86	10893355	440078880.00
2015/01/29	40.00	40.05	38.88	39.22	9244837	368366464.00
2015/01/30	39.16	39.44	37.71	37.72	10189346	395335104.00
2015/02/02	37.46	38.37	36.96	37.93	5250615	201662544.00
2015/02/03	38.65	38.76	38.07	38.19	5874292	227921776.00
2015/02/04	38.81	38.81	37.46	37.73	9158483	354400000.00
2015/02/05	37.79	37.98	37.16	37.19	6962999	265432080.00
2015/02/06	37.45	37.58	35.37	35.69	10964533	401582880.00
2015/02/09	35.82	36.05	35.49	35.69	4800813	174416496.00
2015/02/10	35.95	36.78	35.57	36.60	5956994	218138688.00
2015/02/11	36.26	36.80	35.92	36.07	7137068	263054400.00
2015/02/12	36.11	37.43	35.91	37.34	10284868	382626240.00
2015/02/13	37.95	41.13	37.52	41.13	36938735	1494306048.00
2015/02/16	43.32	45.30	43.04	45.30	37752751	1698779264.00
2015/02/17	48.26	49.88	45.30	49.88	35038793	1740619776.00
2015/02/25	51.96	52.01	48.83	49.35	50831085	2570060800.00
2015/02/26	49.35	50.26	47.73	48.74	33074280	1637213824.00
2015/02/27	48.41	50.26	47.56	50.04	36840414	1824774400.00
2015/03/02	51.56	55.10	50.76	51.24	50259946	2681467648.00
2015/03/03	50.46	54.14	49.99	50.82	32862701	1711219840.00
2015/03/04	50.46	53.34	49.82	51.45	29897665	1568522496.00
2015/03/05	50.96	56.65	50.85	56.65	37251621	2028158464.00
2015/03/06	58.61	59.06	51.26	51.76	51454068	2803548160.00
2015/03/09	49.96	51.46	48.54	50.66	25923701	1312632064.00
2015/03/10	50.56	52.34	50.16	50.66	21563600	1121268480.00
2015/03/11	50.06	50.96	49.04	49.46	18830945	949154688.00
2015/03/12	50.04	50.04	47.76	48.58	19381482	951119680.00
2015/03/13	48.96	49.81	48.26	49.44	17509617	868710144.00
2015/03/16	50.00	50.95	49.47	50.60	20111494	1022957568.00
2015/03/17	50.76	52.12	49.94	50.96	22345450	1149694464.00
2015/03/18	50.96	53.45	50.47	52.81	26989559	1429298688.00
2015/03/19	52.81	55.25	52.56	53.34	26297276	1430433280.00
2015/03/20	52.46	53.08	51.46	52.26	21847551	1147790208.00
2015/03/23	52.25	52.79	51.94	52.57	19659897	1040592448.00
2015/03/24	52.61	54.34	51.37	52.86	27855115	1482318464.00
2015/03/25	52.66	53.14	51.41	51.65	21332517	1120596480.00
2015/03/26	51.84	54.46	51.47	53.68	29585813	1583253376.00
2015/03/27	53.94	53.94	51.36	52.31	19541604	1029417024.00
2015/03/30	52.51	53.06	51.76	52.17	18493963	975959936.00
2015/03/31	52.19	53.14	51.73	51.86	18740490	989549184.00
2015/04/01	53.46	57.10	53.46	57.10	33653026	1886140032.00
2015/04/02	59.46	61.90	57.01	59.30	46844934	2808275456.00
2015/04/03	58.52	61.21	57.49	60.81	30811412	1850824192.00
2015/04/07	60.82	61.04	59.16	59.85	19310894	1163222528.00
2015/04/08	59.83	60.34	56.31	57.34	22123344	1294200960.00
2015/04/09	57.16	57.16	52.82	55.46	22485984	1250441984.00
2015/04/10	56.14	57.41	56.04	56.36	15968479	911729536.00
2015/04/13	56.36	58.66	54.96	58.66	21565771	1228043264.00
2015/04/14	58.34	58.56	56.44	56.51	16044519	930473600.00
2015/04/15	55.51	56.43	54.91	55.46	12814342	719635008.00
2015/04/16	55.32	57.74	54.90	57.16	15081869	863928448.00
2015/04/17	58.08	58.45	56.46	56.61	16322590	946480320.00
2015/04/20	56.04	56.04	54.16	54.26	16906920	939476480.00
2015/04/21	54.27	55.95	54.27	55.57	12765327	713394176.00
2015/04/22	55.96	58.24	55.76	56.71	15582787	897460160.00
2015/04/23	57.46	62.44	57.46	62.44	44092611	2724936960.00
2015/04/28	63.46	65.96	58.35	58.97	38541899	2393255424.00
2015/04/29	58.98	63.46	56.96	60.65	22242887	1355397504.00
2015/04/30	61.66	62.02	59.34	59.46	16195042	994285696.00
2015/05/04	59.46	64.06	59.46	60.85	18616193	1159606400.00
2015/05/05	60.46	60.46	57.26	57.85	15861749	937090816.00
2015/05/06	58.96	60.06	57.16	57.61	13004855	771230976.00
2015/05/07	57.23	58.76	56.52	58.21	11216962	655754304.00
2015/05/08	58.67	59.31	57.44	58.96	13363321	787786240.00
2015/05/11	59.26	63.26	58.84	62.55	24883247	1545565440.00
2015/05/12	62.57	64.63	61.46	63.96	24122056	1538169216.00
2015/05/13	63.66	63.94	61.22	62.59	17684038	1116497792.00
2015/05/14	62.59	63.46	60.54	62.21	15377906	955488896.00
2015/05/15	62.06	62.66	59.84	60.28	14810972	910362944.00
2015/05/18	60.80	62.06	59.94	61.96	20802678	1284634240.00
2015/05/19	63.01	66.35	62.26	64.02	25295409	1640835328.00
2015/05/20	64.03	68.14	63.87	65.65	27573210	1839636736.00
2015/05/21	66.46	72.27	65.47	72.27	25884629	1847246080.00
2015/05/22	74.62	79.53	74.62	75.46	35226424	2729553152.00
2015/06/04	83.06	83.06	79.47	83.06	26618545	2220425728.00
2015/06/05	85.36	87.06	78.46	78.95	41700206	3413771008.00
2015/06/08	78.22	78.22	72.71	74.41	27889091	2105844352.00
2015/06/09	74.41	76.41	72.99	73.60	18440817	1383725056.00
2015/06/10	73.60	77.38	73.46	75.29	27089912	2059268480.00
2015/06/11	75.11	75.11	72.36	73.46	19465342	1437425024.00
2015/06/12	73.46	75.96	72.95	74.36	20611178	1547423872.00
2015/06/15	74.43	76.96	72.00	75.23	30313827	2263020800.00
2015/06/16	73.96	74.46	71.45	72.33	14302634	1048463872.00
2015/06/17	72.36	73.23	69.55	70.36	18420604	1316898176.00
2015/06/18	70.42	72.33	66.86	67.10	20124874	1408886016.00
2015/06/19	66.31	66.34	61.04	61.36	20494699	1307006592.00
2015/06/23	61.26	62.81	57.55	62.58	19698325	1204132992.00
2015/06/24	62.81	63.96	60.96	63.04	18303013	1157977856.00
2015/06/25	63.32	64.08	60.66	61.45	15842653	1001999168.00
2015/06/26	59.36	60.37	55.25	55.25	20233600	1169166464.00
2015/06/29	56.56	56.73	49.67	49.67	23964297	1255322112.00
2015/06/30	48.79	54.69	45.04	54.69	29600159	1491820800.00
2015/07/01	54.56	57.43	52.04	52.45	24569600	1368399104.00
2015/07/02	52.46	54.64	47.21	48.73	25548325	1317805184.00
2015/07/03	47.96	52.41	45.07	49.01	27533630	1349516672.00
2015/07/06	53.66	53.66	45.36	50.21	29927440	1517176704.00
2015/07/07	48.36	49.31	45.14	46.45	43615565	2037049472.00
2015/07/08	41.75	46.05	41.75	44.14	50934239	2236148992.00
2015/07/09	44.14	48.61	42.97	48.61	23035293	1090391552.00
2015/07/10	51.36	53.53	49.56	53.53	20639227	1104304640.00
2015/07/13	55.36	58.94	53.66	58.94	34798244	1991226240.00
2015/07/14	57.46	60.48	55.30	55.66	33044958	1931883648.00
2015/07/15	54.41	55.44	50.04	50.04	24041062	1266540928.00
2015/07/16	50.04	52.91	47.46	51.65	18401439	946006336.00
2015/07/17	52.26	55.96	51.81	55.01	18337870	996065472.00
2015/07/20	55.01	55.86	53.29	54.45	19199258	1056735808.00
2015/07/21	53.46	55.94	51.96	54.28	15405724	849697984.00
2015/07/22	54.78	56.26	54.36	55.02	15652722	874525504.00
2015/07/23	55.02	56.64	53.65	56.04	16703622	934727360.00
2015/07/24	56.16	57.51	54.95	55.05	18690972	1056947008.00
2015/07/27	53.44	54.95	49.49	49.49	18120818	954348288.00
2015/07/28	47.26	50.43	44.96	49.26	20432635	982651392.00
2015/07/29	50.14	54.24	48.56	54.24	19988239	1039550144.00
2015/07/30	53.48	55.24	50.64	51.26	16235133	878649024.00
2015/07/31	50.44	55.09	50.22	55.06	22472594	1218020224.00
2015/08/03	54.06	57.30	53.76	57.24	24998538	1412324736.00
2015/08/04	57.34	59.94	54.65	59.12	26199893	1528937728.00
2015/08/05	58.14	62.45	57.87	58.91	20054380	1220519296.00
2015/08/06	58.41	64.86	56.64	64.86	36039946	2319434752.00
2015/08/07	66.46	67.17	63.34	64.46	33839592	2222391552.00
2015/08/10	65.41	67.34	62.46	66.27	23223110	1523307136.00
2015/08/11	65.01	68.04	64.52	65.16	20455349	1357478528.00
2015/08/12	63.96	64.38	61.26	61.45	17419232	1102034560.00
2015/08/13	61.43	63.66	60.46	63.30	13159482	828197504.00
2015/08/14	63.06	65.81	63.06	63.21	13438002	872372480.00
2015/08/17	62.16	64.69	61.56	63.66	10952022	699740864.00
2015/08/18	63.64	63.64	57.24	57.24	17193762	1039710144.00
2015/08/19	55.46	59.06	51.66	57.94	16660495	926777152.00
2015/08/20	56.46	56.86	53.46	53.86	11173274	624928512.00
2015/08/21	52.46	53.50	49.02	49.26	16608306	852199744.00
2015/08/24	46.76	46.76	44.28	44.28	16116787	734111808.00
2015/08/25	40.26	45.45	39.80	39.80	20030502	840397056.00
2015/08/26	41.06	43.83	39.31	43.83	24752948	1059971200.00
2015/08/27	45.45	48.27	45.45	48.27	20984909	997453760.00
2015/08/28	49.96	51.71	47.30	50.47	23096969	1149489536.00
2015/08/31	50.33	52.24	48.46	49.31	17855032	906500032.00
2015/09/01	48.46	49.11	44.78	49.05	19669450	948461120.00
2015/09/02	46.66	50.96	45.22	45.26	13588024	657788992.00
2015/09/07	47.26	49.51	46.47	47.15	12883263	624449472.00
2015/09/08	47.86	51.42	46.72	51.26	14837895	739834432.00
2015/09/09	52.04	55.46	51.63	54.96	22124801	1208202752.00
2015/09/10	53.26	54.45	51.86	52.16	13476708	724323392.00
2015/09/11	51.99	53.45	51.14	52.31	9325096	492777440.00
2015/09/14	52.31	53.59	47.07	47.31	13342659	672308544.00
2015/09/15	46.16	48.86	45.70	46.61	9765580	465990912.00
2015/09/16	47.48	51.33	46.77	51.33	13523834	671951232.00
2015/09/17	52.46	55.67	52.07	52.31	24131443	1317726208.00
2015/09/18	53.46	56.26	52.93	54.64	18440910	1019277440.00
2015/09/21	53.96	56.21	52.69	55.53	15053106	831851584.00
2015/09/22	55.51	56.12	53.97	54.70	11133638	617916800.00
2015/09/23	54.06	60.22	53.66	58.47	23487283	1382839680.00
2015/09/24	58.96	59.21	56.34	57.26	16082967	933405312.00
2015/09/25	57.13	59.64	55.74	57.98	17607397	1034477568.00
2015/09/28	58.66	62.06	58.31	61.26	17536507	1067749824.00
2015/09/29	59.91	61.96	59.01	60.54	13059353	793899264.00
2015/09/30	62.51	63.46	58.96	59.47	15353378	948363072.00
2015/10/08	62.59	64.26	60.06	60.14	24578796	1535450752.00
2015/10/09	60.16	61.64	58.71	60.40	14960416	907526464.00
2015/10/12	60.56	63.45	57.96	58.92	43396493	2661699328.00
2015/10/13	58.45	59.96	57.62	59.92	19995456	1191401984.00
2015/10/14	59.91	59.92	57.81	58.11	17017891	1006418496.00
2015/10/15	57.76	60.10	57.66	59.81	17015165	1019440384.00
2015/10/16	60.36	61.97	59.27	60.06	20010847	1219171072.00
2015/10/19	60.96	66.12	60.83	66.12	32339846	2074792576.00
2015/10/20	68.34	68.43	63.97	65.68	32791304	2168912384.00
2015/10/21	64.97	65.41	59.06	59.21	33837939	2113130240.00
2015/10/22	59.25	61.77	57.15	60.90	30610723	1846113280.00
2015/10/23	62.47	64.12	61.16	62.15	30170312	1898851328.00
2015/10/26	63.46	68.42	62.21	68.42	63345853	4287444480.00
2015/10/27	67.66	68.65	64.46	67.81	29527522	2002712704.00
2015/10/28	67.73	71.16	66.79	68.27	30974625	2164859136.00
2015/10/29	68.96	69.31	65.84	68.35	18826372	1274021760.00
2015/10/30	67.61	69.22	65.26	66.56	18315035	1243187456.00
2015/11/02	65.46	66.34	62.46	63.12	21754084	1417507328.00
2015/11/03	63.27	65.64	61.86	64.95	20033247	1291132800.00
2015/11/04	64.86	69.69	64.48	69.36	30879734	2079295104.00
2015/11/05	68.46	68.96	66.66	66.76	26719180	1820855808.00
2015/11/06	66.26	68.26	66.06	67.21	25136158	1695306496.00
2015/11/09	66.61	72.51	66.16	71.06	35280368	2465833728.00
2015/11/10	70.46	70.71	68.34	69.26	26070073	1823695104.00
2015/11/11	69.46	70.48	66.86	68.26	26526981	1825453952.00
2015/11/12	68.41	70.74	67.46	70.06	32235557	2256188928.00
2015/11/13	69.46	74.29	67.64	70.16	40241195	2876014336.00
2015/11/16	67.96	69.26	67.65	68.95	19533044	1348563840.00
2015/11/17	69.76	70.06	66.16	67.34	30254836	2077666432.00
2015/11/18	67.41	68.26	65.13	65.64	18785914	1258937856.00
2015/11/19	65.96	68.13	64.96	67.86	17534925	1170532608.00
2015/11/20	67.58	67.66	65.73	66.06	16942548	1133723904.00
2015/11/23	65.46	66.45	64.16	64.36	17163187	1126657664.00
2015/11/24	64.45	64.45	62.32	63.97	18726228	1194439552.00
2015/11/25	63.66	65.15	63.28	64.58	15709262	1019115456.00
2015/11/26	64.96	65.16	63.14	63.19	15634791	1009955264.00
2015/11/27	62.51	63.89	59.46	59.76	20141180	1257538816.00
2015/11/30	60.26	62.29	57.74	62.14	20318411	1241626368.00
2015/12/01	62.11	62.13	60.81	61.41	9090449	562915264.00
2015/12/02	61.21	63.01	60.96	62.58	12069569	756385472.00
2015/12/03	62.57	63.35	62.07	62.75	11597573	732490176.00
2015/12/04	62.61	62.61	60.97	61.28	10907826	679399360.00
2015/12/07	61.30	62.46	60.66	61.52	9507812	590640192.00
2015/12/08	61.26	61.39	59.46	59.76	10437248	635856896.00
2015/12/09	59.33	62.95	59.04	62.34	21074640	1313684608.00
2015/12/10	62.96	63.44	61.67	61.88	13099349	825302144.00
2015/12/11	61.61	61.91	60.08	61.05	9986746	610441984.00
2015/12/14	60.26	61.46	59.97	61.46	8175542	501215136.00
2015/12/15	61.60	62.67	61.60	62.02	10244372	643587392.00
2015/12/16	62.06	62.46	61.49	62.36	7703928	482091168.00
2015/12/17	62.45	63.88	62.44	63.26	14678576	936837056.00
2015/12/18	63.16	63.35	61.97	63.25	13951304	882077824.00
2015/12/21	63.31	64.34	62.06	62.48	18473840	1181361920.00
2015/12/22	62.56	62.72	61.51	62.28	10419264	651366080.00
2015/12/23	62.46	62.56	61.46	61.49	9620318	600272256.00
2015/12/24	62.46	63.97	62.21	62.93	21158807	1353368448.00
2015/12/25	62.96	63.41	62.04	62.91	10088458	638018560.00
2015/12/28	62.91	63.63	61.51	61.60	12617917	797895744.00
2015/12/29	61.56	64.91	60.76	64.01	19498523	1241166336.00
2015/12/30	64.46	66.46	64.46	65.46	22365046	1478921088.00
2015/12/31	65.47	66.41	63.47	63.86	14374504	938969664.00
2016/01/04	63.86	63.86	57.86	58.22	11488014	709177600.00
2016/01/05	55.26	60.07	55.26	58.81	16670492	983037056.00
2016/01/06	58.96	60.24	58.83	59.88	9882486	594339840.00
2016/01/07	58.46	58.93	54.46	54.87	4129310	236717552.00
2016/01/08	57.46	60.14	56.16	58.89	20356718	1201830656.00
2016/01/11	57.45	60.45	56.66	57.34	20049350	1184370816.00
2016/01/12	58.21	59.64	57.41	59.28	15317436	909233344.00
2016/01/13	59.94	60.76	56.82	56.82	14898871	881214016.00
2016/01/14	55.96	59.44	55.76	59.36	14623855	853221312.00
2016/01/15	58.47	59.26	56.48	57.51	10958400	639074944.00
2016/01/18	56.47	58.06	55.98	57.14	10570497	607753600.00
2016/01/19	56.96	58.56	56.44	58.33	13739999	798925312.00
2016/01/20	58.46	59.16	56.56	57.20	11369267	663507648.00
2016/01/21	56.56	57.76	55.46	55.48	11532917	660993152.00
2016/01/22	55.66	56.31	52.86	54.62	12301758	677639104.00
2016/01/25	55.16	55.46	53.71	54.46	8977712	494629280.00
2016/01/26	53.63	54.35	48.96	49.43	15161615	787099072.00
2016/01/27	49.94	50.14	44.47	47.64	13286038	632329664.00
2016/01/28	46.46	47.66	44.53	44.76	9402202	439850368.00
2016/01/29	44.66	47.86	44.66	47.05	10575349	494660864.00
2016/02/01	47.31	49.04	46.76	48.06	11649275	567275392.00
2016/02/02	48.07	50.25	48.06	49.92	10517334	528591552.00
2016/02/03	49.85	50.14	49.19	49.87	6677999	334550944.00
2016/02/04	50.46	51.76	50.17	50.67	7164066	369396704.00
2016/02/05	50.96	51.36	49.47	49.53	6589092	333300448.00
2016/02/15	47.65	49.93	47.36	49.46	5205495	256365504.00
2016/02/16	49.71	52.09	49.71	51.54	8002115	415262240.00
2016/02/17	51.66	54.44	51.66	53.27	12998686	700028096.00
2016/02/18	54.07	54.22	52.56	52.71	6740950	361546240.00
2016/02/19	53.36	54.71	52.96	53.75	9327495	506556704.00
2016/02/22	54.66	54.96	53.47	53.97	10922075	597064448.00
2016/02/23	54.22	55.17	53.51	54.16	9920218	543904064.00
2016/02/24	53.69	54.71	52.48	54.48	9975760	541977664.00
2016/02/25	55.49	56.11	50.61	51.26	21372012	1169319552.00
2016/02/26	52.27	52.55	50.68	51.81	8841262	462164384.00
2016/02/29	52.56	52.76	48.46	49.97	12417734	630542592.00
2016/03/01	50.00	51.34	49.54	51.00	8022988	409803584.00
2016/03/02	50.55	53.67	50.55	53.36	11828817	623608128.00
2016/03/03	53.46	54.38	53.01	53.04	9776604	529712896.00
2016/03/04	52.87	54.46	52.21	53.16	11579003	625504320.00
2016/03/07	53.99	54.45	53.08	53.41	6869520	371520512.00
2016/03/08	53.46	53.46	51.01	52.57	7784680	408570944.00
2016/03/09	51.58	52.16	51.26	51.46	5679426	296179744.00
2016/03/10	51.46	51.91	50.71	50.96	5208423	268636288.00
2016/03/11	50.86	51.56	50.08	50.72	4014769	205633472.00
2016/03/14	51.56	53.46	51.08	52.79	9779923	519334816.00
2016/03/15	52.66	54.95	52.66	53.90	16142419	880730752.00
2016/03/16	54.08	54.21	52.36	52.46	8634195	462486016.00
2016/03/17	53.14	54.76	52.74	54.52	14335013	783634304.00
2016/03/18	54.52	56.85	54.52	56.41	15085403	855458112.00
2016/03/21	57.12	57.32	55.48	56.49	14248192	810929536.00
2016/03/22	56.36	57.66	55.56	57.17	13202336	758552832.00
2016/03/23	56.66	57.44	56.14	56.76	8249342	472493440.00
2016/03/24	56.36	57.85	55.56	55.94	9100798	518424896.00
2016/03/25	55.94	57.07	55.56	56.42	8135057	462177824.00
2016/03/28	57.03	59.32	56.66	57.51	14056920	824880256.00
2016/03/29	57.76	58.84	56.32	56.33	14590200	844984512.00
2016/03/30	56.61	58.38	56.61	58.26	10424155	605828160.00
2016/03/31	58.29	59.23	57.84	58.27	10193415	601474624.00
2016/04/01	58.25	58.26	56.72	57.76	5837644	338765984.00
2016/04/05	58.64	59.69	57.99	58.43	14329541	853440960.00
2016/04/06	58.00	58.41	57.36	57.81	9669631	563382656.00
2016/04/07	57.94	58.12	56.15	56.51	8880572	510245312.00
2016/04/08	56.06	57.41	56.03	57.16	7166621	410464832.00
2016/04/11	57.16	58.29	56.87	57.29	8467590	491337536.00
2016/04/12	57.21	57.86	56.26	57.36	8976873	516656736.00
2016/04/13	58.06	58.79	57.89	58.05	11929095	702845504.00
2016/04/14	58.26	58.54	57.79	58.21	6573534	385405536.00
2016/04/15	58.05	58.35	57.06	57.70	6515869	379621984.00
2016/04/18	57.73	59.64	57.12	59.48	12588102	743192192.00
2016/04/19	59.22	64.96	59.12	61.90	22864152	1433670528.00
2016/04/20	61.46	61.77	57.51	59.67	17149732	1039526656.00
2016/04/21	59.47	63.26	59.23	61.59	15411780	961752320.00
2016/04/22	60.73	62.45	60.13	61.36	8898960	551830720.00
2016/04/25	61.37	61.46	59.46	60.21	8819960	535873824.00
2016/04/26	59.96	62.42	59.96	61.49	7285094	452928640.00
2016/04/27	61.96	62.75	61.49	61.79	9147518	573415744.00
2016/04/28	62.03	62.25	59.97	61.35	7602505	467163488.00
2016/04/29	61.66	64.07	61.66	63.17	16138331	1029449920.00
2016/05/03	63.26	63.78	62.23	63.76	13567026	864598720.00
2016/05/04	63.39	64.15	62.83	63.01	9659307	617598464.00
2016/05/05	62.97	63.01	62.06	62.93	7138630	449741440.00
2016/05/06	62.47	62.93	60.46	60.66	10281204	638044864.00
2016/05/09	59.57	60.26	57.71	58.46	10120399	603200512.00
2016/05/10	58.46	58.95	57.89	58.16	5662332	333635968.00
2016/05/11	58.46	58.84	57.28	57.77	6945119	407011328.00
2016/05/12	57.49	59.43	56.87	58.97	8247441	487780128.00
2016/05/13	58.92	59.84	58.31	58.63	5816009	346461696.00
2016/05/16	58.79	60.04	58.49	60.02	6588742	395406400.00
2016/05/17	60.02	60.46	59.12	59.80	5432643	327224256.00
2016/05/18	59.25	59.25	57.57	58.02	5872586	346260448.00
2016/05/19	58.38	58.94	57.90	58.03	3754217	221050176.00
2016/05/20	57.76	58.63	57.45	58.56	3658736	215447584.00
2016/05/23	58.66	59.67	58.66	58.89	5161859	307939040.00
2016/05/24	59.01	59.62	58.49	58.69	6220634	370386528.00
2016/05/25	59.22	59.46	58.47	58.58	4204015	250309424.00
2016/05/26	58.85	59.18	57.06	58.23	5742266	334900608.00
2016/05/27	58.06	58.15	57.06	57.25	5901042	342420480.00
2016/05/30	57.27	57.82	56.84	57.38	4273473	248092656.00
2016/05/31	57.41	59.41	57.41	59.26	8739302	517580096.00
2016/06/01	59.35	59.66	59.02	59.20	6949904	416050016.00
2016/06/02	59.30	59.59	58.46	59.38	4921505	293575296.00
2016/06/03	59.44	59.90	59.40	59.46	6274484	377694624.00
2016/06/06	59.91	60.38	59.24	59.61	5872478	354139264.00
2016/06/07	59.72	61.44	59.47	60.72	8995053	549160768.00
2016/06/08	60.73	60.84	59.46	59.81	6688407	404215072.00
2016/06/13	58.99	59.46	56.89	56.90	10682807	625226944.00
2016/06/14	56.52	57.32	56.28	56.52	5665108	324573792.00
2016/06/15	55.98	59.35	55.98	58.60	11273076	662195136.00
2016/06/16	58.19	60.44	57.53	58.88	10258329	609670080.00
2016/06/17	58.94	59.80	58.31	58.67	6717240	400331840.00
2016/06/20	58.97	59.62	58.74	59.06	4449736	265601792.00
2016/06/21	59.41	60.06	58.67	58.85	9804729	589060160.00
2016/06/22	59.88	61.26	59.61	60.38	13320845	813809728.00
2016/06/23	59.82	60.45	59.23	59.49	6565658	395510304.00
2016/06/24	59.45	59.95	56.76	58.57	8235735	487675520.00
2016/06/27	58.46	59.40	58.32	59.13	4769061	283438848.00
2016/06/28	58.76	59.86	58.33	59.76	7013072	417605440.00
2016/06/29	59.50	59.96	59.22	59.86	6758838	406484512.00
2016/06/30	59.91	60.94	59.49	60.47	8785976	533814944.00
2016/07/01	60.44	61.51	59.92	60.85	9111774	558680320.00
2016/07/04	60.71	61.39	60.08	60.91	8244265	505874240.00
2016/07/05	60.86	61.02	59.67	60.26	9186683	557273856.00
2016/07/06	60.23	60.66	59.84	60.28	4959488	301374688.00
2016/07/07	60.26	61.99	60.06	61.39	12333795	763077248.00
2016/07/08	61.63	62.55	61.29	61.65	9119991	568456832.00
2016/07/11	62.05	62.37	60.61	60.69	6891037	428221760.00
2016/07/12	60.44	60.93	59.64	60.53	8876836	539495232.00
2016/07/13	60.46	60.58	59.91	60.39	8992294	546125760.00
2016/07/14	60.19	60.82	59.93	60.66	7083608	431523264.00
2016/07/15	61.15	63.64	60.92	62.45	19115516	1201518336.00
2016/07/18	62.81	63.34	61.92	62.11	9843198	620707264.00
2016/07/19	62.22	62.42	61.64	62.26	5160945	322840672.00
2016/07/20	62.27	62.76	61.96	61.96	5459347	343176640.00
2016/07/21	62.11	62.31	61.27	61.40	6611199	410895584.00
2016/07/22	62.11	62.26	60.46	60.96	7655026	472178976.00
2016/07/25	60.96	61.44	59.77	59.98	7670406	469124896.00
2016/07/26	60.36	60.81	60.05	60.63	5364739	327261248.00
2016/07/27	60.60	60.60	57.99	58.84	10083412	603839104.00
2016/07/28	58.96	59.78	58.47	59.21	5208363	310691712.00
2016/07/29	59.21	59.71	58.65	58.81	3738250	222997056.00
2016/08/01	58.82	59.23	58.16	58.36	3477049	205289024.00
2016/08/02	58.06	58.55	58.01	58.42	3806989	223826944.00
2016/08/03	58.42	58.54	58.10	58.30	2651790	155989728.00
2016/08/04	58.33	58.63	58.16	58.54	3154162	185958656.00
2016/08/05	58.55	58.96	58.18	58.23	4290714	253389440.00
2016/08/08	58.29	58.44	57.53	58.37	3819299	223518512.00
2016/08/09	58.41	58.65	58.01	58.61	4719154	277422400.00
2016/08/10	58.62	58.93	58.22	58.35	3380222	199634784.00
2016/08/11	58.34	58.85	58.05	58.06	4813453	284372928.00
2016/08/12	58.46	59.21	58.16	58.73	5271847	312370944.00
2016/08/15	58.95	60.06	58.46	59.53	9641772	577711488.00
2016/08/16	59.66	59.81	59.26	59.38	7810269	468587328.00
2016/08/17	59.46	60.66	59.46	60.18	8713795	529854432.00
2016/08/18	60.16	60.16	59.40	59.52	5942044	358107552.00
2016/08/19	59.46	59.64	59.11	59.32	3776939	225968688.00
2016/08/22	59.35	59.56	58.09	58.14	6305316	373599840.00
2016/08/23	58.42	58.52	58.02	58.37	3430108	201622144.00
2016/08/24	58.46	58.63	58.24	58.54	3090119	182378752.00
2016/08/25	58.42	58.42	57.09	57.66	6534826	380306848.00
2016/08/26	57.96	57.96	57.46	57.81	4416357	257151344.00
2016/08/29	58.31	58.59	57.61	57.75	6737327	393912000.00
2016/08/30	57.86	58.00	57.61	57.93	3955193	230860848.00
2016/08/31	58.09	58.10	57.66	58.01	2802645	163867984.00
2016/09/01	58.11	58.18	57.91	57.92	3102506	181784400.00
2016/09/02	57.91	57.91	57.26	57.32	4415633	256123328.00
2016/09/05	57.46	57.72	57.06	57.38	2671251	154861344.00
2016/09/06	57.58	58.98	57.24	58.97	8473265	500155296.00
2016/09/07	58.96	59.06	58.36	58.43	5128728	303663840.00
2016/09/08	58.44	58.71	58.21	58.36	3272436	192775712.00
2016/09/09	58.49	59.74	58.45	58.47	6766429	403114816.00
2016/09/12	57.46	57.93	57.07	57.13	5735314	332129600.00
2016/09/13	57.46	57.56	56.26	56.48	6738130	385278784.00
2016/09/14	56.46	56.46	55.46	55.47	6151539	346762080.00
2016/09/19	55.55	56.38	55.55	56.14	4114424	233140448.00
2016/09/20	56.31	56.51	55.58	55.77	3093148	174746976.00
2016/09/21	55.98	56.39	55.63	56.21	3194648	180758688.00
2016/09/22	56.36	56.64	56.27	56.56	4655786	265300784.00
2016/09/23	56.61	56.66	56.28	56.44	2723045	155163744.00
2016/09/26	56.44	56.47	54.62	54.86	5053971	283005024.00
2016/09/27	54.79	55.19	54.54	54.90	3153943	174990752.00
2016/09/28	55.17	55.17	54.76	54.79	2168978	120304808.00
2016/09/29	54.95	55.21	54.45	54.67	3681361	204100752.00
2016/09/30	54.61	55.22	54.47	55.05	3034671	168334944.00
2016/10/10	55.37	56.33	55.37	56.26	4404787	248043568.00
2016/10/11	56.34	57.81	56.06	57.35	9088748	524781056.00
2016/10/12	57.31	57.41	56.64	57.00	4828624	277516416.00
2016/10/13	57.06	57.68	56.62	56.77	4459553	256548464.00
2016/10/14	56.92	57.21	56.11	56.73	3670602	209800416.00
2016/10/17	56.81	57.11	56.09	56.24	4479583	256419568.00
2016/10/18	56.25	56.94	56.06	56.81	4836359	276291392.00
2016/10/19	56.84	57.11	56.36	56.50	3821311	218619648.00
2016/10/20	56.52	56.69	56.16	56.29	3627699	206278672.00
2016/10/21	56.28	56.43	55.62	55.97	3239174	183130720.00
2016/10/24	56.35	56.95	55.96	56.42	5483039	312442688.00
2016/10/25	56.34	56.68	56.16	56.35	3437916	195725168.00
2016/10/26	56.35	56.56	55.92	55.99	2926151	165646080.00
2016/10/27	56.04	56.39	55.89	56.06	2643082	149611376.00
2016/10/28	56.09	56.25	55.66	55.72	3020306	170258224.00
2016/10/31	55.85	56.04	55.34	55.62	3251187	182471968.00
2016/11/01	55.63	55.96	55.41	55.84	2695977	151548240.00
2016/11/02	56.06	56.11	55.70	55.92	3249322	183466560.00
2016/11/03	55.92	55.99	54.88	55.46	5517045	308743296.00
2016/11/04	55.41	55.41	54.73	54.81	4857485	270061984.00
2016/11/07	54.85	55.40	54.82	54.97	3876428	215738160.00
2016/11/08	55.11	55.45	54.99	55.11	3322831	185245344.00
2016/11/09	55.14	55.26	53.96	54.55	6700794	369081088.00
2016/11/10	54.95	55.09	54.66	54.80	3519244	194849856.00
2016/11/11	54.46	54.82	54.21	54.61	5440472	298972064.00
2016/11/14	54.66	55.31	54.64	54.95	5094177	283003008.00
2016/11/15	54.86	55.23	54.77	55.06	3052970	169396816.00
2016/11/16	55.25	55.34	55.09	55.19	4184309	233316160.00
2016/11/17	55.16	55.24	54.81	55.21	2924689	162483984.00
2016/11/18	55.24	55.44	54.67	54.74	3041727	168976976.00
2016/11/21	54.75	55.06	54.46	54.61	3700837	204459872.00
2016/11/22	54.57	54.77	54.45	54.70	3300478	181922928.00
2016/11/23	54.86	56.45	54.86	55.98	12312795	695633536.00
2016/11/24	55.76	55.85	54.96	55.15	6568533	367478016.00
2016/11/25	55.21	55.36	54.33	54.85	4538835	250854960.00
2016/11/28	55.05	55.39	54.66	55.09	6467911	359195200.00
2016/11/29	55.09	55.78	54.67	55.04	5920792	329736288.00
2016/11/30	54.76	55.26	54.66	54.79	3667817	203073936.00
2016/12/01	54.78	55.19	54.59	54.76	4191287	232043872.00
2016/12/02	54.66	54.91	53.97	54.21	5167838	283610528.00
2016/12/05	54.09	54.34	53.03	53.13	7236161	391940768.00
2016/12/06	53.25	53.46	52.46	52.58	6761313	359844480.00
2016/12/07	52.62	52.79	51.71	52.45	7252221	381985056.00
2016/12/08	52.45	52.95	52.26	52.49	3949626	209985568.00
2016/12/09	52.50	52.55	51.97	52.21	3808904	200980208.00
2016/12/12	52.19	52.53	49.00	49.28	9040589	464114048.00
2016/12/13	49.42	50.51	49.33	50.13	5444762	273464832.00
2016/12/14	50.31	50.41	48.82	48.92	5546229	275447360.00
2016/12/15	48.82	49.60	48.73	49.30	3934658	194498144.00
2016/12/16	49.57	50.92	49.57	50.92	6173628	311817056.00
2016/12/19	51.12	51.30	50.10	50.22	3689605	186863664.00
2016/12/20	50.23	50.63	49.97	50.22	2847538	143523904.00
2016/12/21	50.61	51.02	50.34	50.57	2733925	138989744.00
2016/12/22	50.67	51.42	50.13	51.20	4678825	238670704.00
2016/12/23	51.26	51.27	49.93	50.00	4122800	208839152.00
2016/12/26	49.82	50.05	49.03	49.97	3824056	189851072.00
2016/12/27	49.97	49.99	49.27	49.27	4194551	209496704.00
2016/12/28	49.33	49.76	49.01	49.12	2718067	134413296.00
2016/12/29	49.15	49.66	48.85	49.17	3210706	158780352.00
2016/12/30	49.37	49.61	49.22	49.50	2088673	103682416.00
2017/01/03	49.42	50.02	49.40	49.65	3800491	189836304.00
2017/01/04	49.72	50.80	49.53	50.62	7620168	384790048.00
2017/01/05	50.63	50.67	50.20	50.25	3991726	201824016.00
2017/01/06	50.26	50.42	49.62	49.62	4215360	211167712.00
2017/01/09	49.67	49.94	49.53	49.73	3220473	160778320.00
2017/01/10	49.79	49.87	49.22	49.47	2961142	147345872.00
2017/01/11	49.47	49.63	49.18	49.25	2397851	118771248.00
2017/01/12	49.27	49.57	48.75	48.78	3549823	174899616.00
2017/01/13	48.77	49.17	48.62	48.73	3204975	157329024.00
2017/01/16	48.73	48.97	46.32	47.58	4475374	215981344.00
2017/01/17	47.80	48.26	47.42	48.02	2779417	133517240.00
2017/01/18	48.28	48.28	47.84	47.93	2220189	107149056.00
2017/01/19	47.98	48.12	47.82	47.92	1747768	84220144.00
2017/01/20	47.87	48.52	47.87	48.40	2479638	120324608.00
2017/01/23	48.59	49.06	48.59	48.68	2373310	116240576.00
2017/01/24	48.96	48.96	48.31	48.47	2562814	124811912.00
2017/01/25	48.48	48.99	48.27	48.72	3000354	146682672.00
2017/01/26	49.09	49.09	48.38	48.50	3862650	188188768.00
2017/02/03	48.52	48.60	48.13	48.17	2921651	141629648.00
2017/02/06	48.22	48.66	48.22	48.49	3554990	172961696.00
2017/02/07	48.63	49.70	48.62	49.16	8157307	402822688.00
2017/02/08	49.16	50.62	48.48	50.32	7452234	368336384.00
2017/02/09	50.27	50.28	49.71	49.80	7126896	357318496.00
2017/02/10	49.94	50.02	49.33	49.45	4833899	240664688.00
2017/02/13	49.45	50.00	49.14	49.55	5019077	250044336.00
2017/02/14	49.62	49.80	49.22	49.36	4246166	210712336.00
2017/02/15	49.42	49.71	48.38	48.57	7410868	364115488.00
2017/02/16	48.78	49.18	48.47	48.72	3692881	180934592.00
2017/02/17	48.73	49.02	48.30	48.38	3807838	185633824.00
2017/02/20	48.40	49.10	48.40	48.98	3663334	179319040.00
2017/02/21	49.15	50.08	49.14	49.86	10734419	536939648.00
2017/02/22	50.01	50.04	49.58	49.79	4857959	242490256.00
2017/02/23	49.92	50.22	49.59	50.13	5800003	290350848.00
2017/02/24	50.05	50.12	49.72	50.04	3480250	174310512.00
2017/02/27	50.34	51.34	50.01	50.09	10158985	517619648.00
2017/02/28	50.09	50.65	49.68	49.93	4920312	247467408.00
2017/03/01	49.91	50.31	49.73	50.01	5005268	251094400.00
2017/03/02	50.17	50.32	49.56	49.57	4659815	232762848.00
2017/03/03	49.57	50.91	49.50	50.83	11537540	583642752.00
2017/03/06	51.41	51.41	50.40	50.72	7569796	385768320.00
2017/03/07	50.71	51.10	50.50	50.82	4900475	249591936.00
2017/03/08	50.87	51.18	50.62	50.66	5202405	265455136.00
2017/03/09	50.62	50.65	49.92	49.99	4718861	237145104.00
2017/03/10	49.94	50.40	49.73	50.01	5198385	260642992.00
2017/03/13	49.80	49.80	48.89	49.66	6498439	323000224.00
2017/03/14	49.70	50.03	49.43	49.58	4228993	210950304.00
2017/03/15	49.72	49.72	48.82	49.29	3781902	187281184.00
2017/03/16	49.57	49.98	49.51	49.84	4932768	246285776.00
2017/03/17	49.97	50.10	49.30	49.31	5773730	288105664.00
2017/03/20	49.27	49.27	48.80	49.01	5283684	259912160.00
2017/03/21	49.02	49.21	48.88	49.12	3881954	191104224.00
2017/03/22	49.02	49.05	48.62	48.72	3904507	191186272.00
2017/03/23	48.75	49.59	48.75	49.27	5582110	275918240.00
2017/03/24	49.64	49.66	49.20	49.47	4143071	205578832.00
2017/03/27	49.62	50.07	49.34	49.42	3670993	182935040.00
2017/03/28	49.55	49.81	49.44	49.72	3911810	194960720.00
2017/03/29	48.83	49.12	48.32	48.62	8581436	419686976.00
2017/03/30	48.59	48.60	47.50	47.64	6779789	325765504.00
2017/03/31	47.64	48.11	47.62	47.84	4598439	221134032.00
2017/04/05	48.45	49.49	48.45	49.22	7600065	374764320.00
2017/04/06	49.27	49.79	48.83	49.30	5130552	254071600.00
2017/04/07	49.32	49.63	49.22	49.42	4352397	216135568.00
2017/04/10	49.44	49.94	49.11	49.47	4336603	215230592.00
2017/04/11	49.67	54.25	49.62	52.83	26227160	1385995648.00
2017/04/12	52.61	53.30	51.85	52.80	11541461	609650816.00
2017/04/13	52.32	52.80	51.80	52.27	5910278	309646880.00
2017/04/14	52.26	52.30	51.12	51.17	6870991	355954016.00
2017/04/17	50.85	51.52	50.54	51.20	4622074	236677856.00
2017/04/18	51.81	52.27	51.34	51.42	6751743	351262624.00
2017/04/19	51.40	51.90	50.17	51.08	6848841	350341664.00
2017/04/20	51.12	51.77	50.22	51.77	5860807	299802624.00
2017/04/21	51.78	52.54	51.57	51.79	6668547	348116544.00
2017/04/24	51.78	52.31	50.57	50.66	5873825	302580832.00
2017/04/25	50.82	51.28	50.48	51.00	4336928	221889088.00
2017/04/26	51.18	52.79	51.00	52.34	9052542	473902080.00
2017/04/27	52.29	52.29	51.33	51.91	5948951	308908032.00
2017/04/28	51.81	52.42	50.82	51.70	6198855	320502400.00
2017/05/02	50.97	51.17	49.36	49.52	10929311	548737536.00
2017/05/03	49.32	49.42	48.35	48.62	6919861	338392896.00
2017/05/04	48.64	49.09	48.40	48.53	3807765	186105344.00
2017/05/05	48.52	48.77	48.12	48.16	3230050	156745232.00
2017/05/08	48.16	49.02	48.16	48.61	3491415	170485600.00
2017/05/09	48.61	48.97	48.23	48.82	2482661	121222120.00
2017/05/10	48.91	49.01	47.82	47.82	3910330	190542976.00
2017/05/11	47.82	47.92	46.39	47.65	6212130	294299904.00
2017/05/12	47.66	47.93	47.32	47.85	2996146	143557520.00
2017/05/15	48.06	48.30	47.73	47.75	1902181	91739728.00
2017/05/16	47.74	48.67	47.31	48.47	3110667	149412640.00
2017/05/17	48.47	49.37	48.39	48.68	4244165	208618080.00
2017/05/18	48.32	48.95	48.15	48.19	2072572	100790584.00
2017/05/19	48.27	48.56	48.02	48.37	2336325	113239152.00
2017/05/22	48.37	48.68	47.75	48.21	2470500	119675392.00
2017/05/23	48.21	48.73	47.27	48.61	4547300	219324656.00
2017/05/24	48.42	48.77	47.82	48.62	3291126	160081856.00
2017/05/25	48.62	48.70	48.02	48.57	3379034	163972128.00
2017/05/26	48.67	49.08	48.58	48.93	4069914	199387280.00
2017/05/31	49.20	49.82	49.12	49.67	5575294	276534560.00
2017/06/01	49.67	49.89	48.83	49.15	3864000	191414288.00
2017/06/02	49.21	49.52	48.62	49.26	2527500	124282024.00
2017/06/05	49.33	50.02	49.33	50.02	5089400	254333824.00
2017/06/06	50.02	50.12	49.52	49.82	2695700	134786208.00
2017/06/07	49.88	50.39	49.72	50.32	4636000	233517872.00
2017/06/08	50.34	50.43	49.94	50.32	2747300	138447552.00
2017/06/09	50.42	50.60	49.78	50.06	3868200	194073376.00
2017/06/12	49.82	50.70	49.53	50.32	5522211	277483392.00
2017/06/13	50.23	52.31	50.20	51.64	8447017	436146400.00
2017/06/14	51.64	52.65	51.40	51.42	9106995	476553920.00
2017/06/15	51.52	51.78	51.17	51.52	3949580	203844288.00
2017/06/16	51.67	51.92	50.82	50.87	5115930	263461008.00
2017/06/19	50.82	51.44	50.69	51.05	3631800	186094832.00
2017/06/20	51.22	51.63	50.37	50.40	4997227	255456816.00
2017/06/21	50.58	51.09	50.34	50.77	5380800	273301440.00
2017/06/22	50.75	51.07	50.58	50.59	5526900	281679520.00
2017/06/23	50.52	50.70	49.97	50.42	4596200	231809264.00
2017/06/26	50.36	51.58	50.36	51.34	6756700	346654528.00
2017/06/27	51.42	51.80	51.00	51.29	4628200	238798256.00
2017/06/28	50.94	50.99	50.28	50.38	4705524	238564224.00
2017/06/29	50.47	50.62	50.06	50.13	4120100	207772928.00
2017/06/30	50.03	50.09	49.31	49.77	5651600	281261792.00
2017/07/03	49.57	50.10	49.56	49.85	2561500	128078312.00
2017/07/04	49.91	50.90	49.90	50.32	4946900	250786944.00
2017/07/05	50.33	51.28	50.33	51.00	5198100	265549232.00
2017/07/06	50.81	51.35	50.34	50.67	5756000	293959680.00
2017/07/07	50.60	50.72	50.16	50.49	3292400	166618448.00
2017/07/10	50.48	50.48	49.83	49.87	3805700	191155904.00
2017/07/11	49.84	50.32	49.82	49.91	2651200	133130712.00
2017/07/12	50.21	50.22	49.23	49.66	4433900	220597888.00
2017/07/13	49.62	49.92	49.48	49.68	2488700	124118184.00
2017/07/14	49.97	50.74	49.70	50.39	4687800	236872544.00
2017/07/17	50.39	50.46	48.73	48.82	6143300	304009408.00
2017/07/18	49.01	49.37	48.50	48.79	2743000	134468592.00
2017/07/19	48.91	49.51	48.80	49.41	3270800	161628352.00
2017/07/20	49.43	50.11	49.39	49.90	3591800	179475936.00
2017/07/21	49.93	50.75	49.54	50.31	5730382	290041312.00
2017/07/24	50.33	50.62	49.15	49.71	5691900	283645728.00
2017/07/25	49.83	49.87	49.12	49.21	3848200	190503728.00
2017/07/26	49.59	49.59	48.44	48.72	5207900	255136768.00
2017/07/27	48.82	49.12	48.70	48.92	3792400	186246192.00
2017/07/28	48.92	49.36	48.91	49.29	2996900	147881664.00
2017/07/31	49.43	49.49	48.67	48.82	5189200	254905216.00
2017/08/01	48.82	49.12	48.74	48.88	4498500	220751520.00
2017/08/02	48.93	49.00	48.27	48.32	5243500	255442368.00
2017/08/03	48.36	48.66	48.23	48.49	5098500	247641072.00
2017/08/04	48.69	48.78	48.40	48.51	2673000	129821464.00
2017/08/07	48.56	49.05	48.56	48.91	3046400	148872112.00
2017/08/08	48.91	49.45	48.67	49.21	4011800	196964976.00
2017/08/09	49.15	49.39	48.90	49.13	2989200	146744560.00
2017/08/10	49.14	49.25	48.50	48.73	2896600	141549376.00
2017/08/11	48.59	48.59	47.67	47.85	5925700	284783552.00
2017/08/14	48.00	48.29	47.89	48.20	2735300	131646280.00
数据来源:通达信
