002619 艾格拉斯 日线 前复权
      日期	    开盘	    最高	    最低	    收盘	    成交量	    成交额
2011/09/29	2.46	2.99	2.46	2.74	14327633	247737744.00
2011/09/30	2.63	2.78	2.51	2.53	7670223	126761144.00
2011/10/10	2.57	2.80	2.53	2.80	6706902	113599480.00
2011/10/11	2.96	2.99	2.83	2.92	10581841	192533856.00
2011/10/12	2.87	3.05	2.80	3.02	8457830	154914960.00
2011/10/13	2.97	3.17	2.95	2.99	8733630	165595152.00
2011/10/14	2.98	3.15	2.98	3.12	7404175	141027168.00
2011/10/17	3.08	3.38	3.04	3.20	8610706	171181168.00
2011/10/18	3.11	3.16	2.90	2.94	6493626	122753432.00
2011/10/19	2.94	3.01	2.87	2.95	4932598	90712416.00
2011/10/20	2.93	2.93	2.71	2.75	4113970	71991536.00
2011/10/21	2.74	2.81	2.66	2.66	2828864	48105516.00
2011/10/24	2.63	2.81	2.54	2.79	4619127	77881176.00
2011/10/25	2.75	3.00	2.73	2.89	6129190	109489416.00
2011/10/26	2.87	3.01	2.82	2.91	6032547	109763928.00
2011/10/27	2.90	3.14	2.86	3.06	7757543	145423408.00
2011/10/28	3.04	3.12	2.99	3.10	5892881	111893264.00
2011/10/31	3.07	3.09	2.97	3.04	4452839	83988088.00
2011/11/01	2.99	3.16	2.95	3.15	6414940	121852504.00
2011/11/02	3.07	3.27	3.04	3.21	6246235	122070288.00
2011/11/03	3.32	3.37	3.07	3.07	7781038	155706960.00
2011/11/04	3.05	3.14	3.02	3.07	4317957	82399888.00
2011/11/07	3.03	3.05	2.95	2.99	3052193	56840172.00
2011/11/08	2.99	3.01	2.88	2.91	2659815	48944128.00
2011/11/09	2.93	2.98	2.86	2.98	2544154	46487548.00
2011/11/10	2.95	3.00	2.91	2.95	2636556	48509556.00
2011/11/11	2.95	3.01	2.92	2.95	2347959	43433244.00
2011/11/14	2.97	3.09	2.97	3.09	3608241	68370088.00
2011/11/15	3.09	3.10	3.03	3.05	2750468	52418164.00
2011/11/16	3.05	3.06	2.85	2.87	3097749	56760320.00
2011/11/17	2.86	2.93	2.82	2.86	1964365	35265796.00
2011/11/18	2.83	2.88	2.78	2.82	1603445	28296624.00
2011/11/21	2.82	2.90	2.78	2.89	1717015	30499300.00
2011/11/22	2.85	2.90	2.82	2.89	1449840	25960212.00
2011/11/23	2.88	2.92	2.83	2.84	1196801	21492748.00
2011/11/24	2.80	2.80	2.70	2.77	1759432	30273936.00
2011/11/25	2.77	2.77	2.70	2.71	1320751	22577062.00
2011/11/28	2.74	2.79	2.72	2.76	1829520	31703832.00
2011/11/29	2.79	2.80	2.72	2.79	1533646	26534902.00
2011/11/30	2.77	2.80	2.57	2.60	1902337	31992482.00
2011/12/01	2.69	2.72	2.62	2.63	1664213	27935476.00
2011/12/02	2.62	2.63	2.55	2.58	990583	16077093.00
2011/12/05	2.55	2.58	2.48	2.54	1109775	17687166.00
2011/12/06	2.49	2.60	2.49	2.58	1269845	20433146.00
2011/12/07	2.58	2.59	2.52	2.57	971595	15668063.00
2011/12/08	2.58	2.65	2.49	2.59	1932982	31434944.00
2011/12/09	2.55	2.58	2.53	2.55	837946	13460648.00
2011/12/12	2.54	2.58	2.54	2.54	773213	12445331.00
2011/12/13	2.55	2.77	2.54	2.71	5358760	89596144.00
2011/12/14	2.68	2.79	2.64	2.75	4894850	83601560.00
2011/12/15	2.74	2.75	2.65	2.67	3591949	60788216.00
2011/12/16	2.67	2.76	2.53	2.76	4123355	68372448.00
2011/12/19	2.70	2.76	2.65	2.74	3061028	51963004.00
2011/12/20	2.73	2.81	2.69	2.73	3714705	64209112.00
2011/12/21	2.75	2.76	2.51	2.52	3310940	54848440.00
2011/12/22	2.44	2.45	2.28	2.35	2440921	36451680.00
2011/12/23	2.35	2.45	2.31	2.40	2049753	31115076.00
2011/12/26	2.37	2.40	2.28	2.35	1180680	17707556.00
2011/12/27	2.32	2.34	2.09	2.13	2104980	29401340.00
2011/12/28	2.08	2.11	1.99	2.05	1508526	19671886.00
2011/12/29	2.05	2.09	2.00	2.06	946397	12481904.00
2011/12/30	2.06	2.11	2.06	2.10	969417	12971832.00
2012/01/04	2.12	2.15	2.00	2.00	838647	11132384.00
2012/01/05	1.96	1.99	1.81	1.81	1193483	14444995.00
2012/01/06	1.84	1.84	1.72	1.82	1187016	13664373.00
2012/01/09	1.81	1.93	1.77	1.93	1789909	21642528.00
2012/01/10	1.93	2.02	1.91	2.00	2058102	26106444.00
2012/01/11	1.99	2.07	1.99	2.03	2095589	27285474.00
2012/01/12	2.02	2.09	2.00	2.04	1720952	22583032.00
2012/01/13	2.04	2.04	1.87	1.89	1666945	20813686.00
2012/01/16	1.85	1.86	1.78	1.79	873210	10294540.00
2012/01/17	1.81	1.93	1.78	1.92	1382140	16608789.00
2012/01/18	1.92	2.00	1.86	1.88	1729448	21588652.00
2012/01/19	1.88	1.92	1.83	1.90	1661965	20191398.00
2012/01/20	1.91	2.01	1.90	1.99	3103865	39302180.00
2012/01/30	2.00	2.11	1.97	2.06	3497977	45794216.00
2012/01/31	2.05	2.05	1.98	2.02	2264335	29194208.00
2012/02/01	2.02	2.11	1.99	2.07	3020232	39735404.00
2012/02/02	2.07	2.08	1.99	2.05	2481321	32346424.00
2012/02/03	2.06	2.08	2.00	2.06	3192583	41760556.00
2012/02/06	2.05	2.09	2.03	2.07	2830705	37356732.00
2012/02/07	2.04	2.05	1.96	1.97	2138810	27367200.00
2012/02/08	1.97	2.04	1.96	2.03	1847064	23748040.00
2012/02/09	2.03	2.10	2.02	2.08	3330807	44165276.00
2012/02/10	2.07	2.14	2.07	2.09	3212614	43125472.00
2012/02/13	2.06	2.18	2.05	2.15	3390650	46257488.00
2012/02/14	2.14	2.19	2.10	2.15	2699191	36900320.00
2012/02/15	2.13	2.21	2.12	2.19	2855811	39419444.00
2012/02/16	2.18	2.20	2.13	2.16	2842356	39309336.00
2012/02/17	2.17	2.20	2.13	2.19	2419357	33524230.00
2012/02/20	2.23	2.23	2.16	2.16	2042672	28470718.00
2012/02/21	2.16	2.18	2.10	2.17	1950863	26710192.00
2012/02/22	2.18	2.24	2.16	2.23	2873858	40325324.00
2012/02/23	2.22	2.28	2.21	2.25	2607508	37178800.00
2012/02/24	2.25	2.33	2.24	2.31	3375700	49089004.00
2012/02/27	2.31	2.34	2.27	2.27	3405249	49674016.00
2012/02/28	2.25	2.40	2.22	2.34	5118057	75088304.00
2012/02/29	2.32	2.45	2.32	2.37	5621843	84813224.00
2012/03/01	2.36	2.38	2.33	2.36	2623817	39086428.00
2012/03/02	2.39	2.42	2.36	2.40	3383054	51103024.00
2012/03/05	2.40	2.43	2.38	2.40	2475235	37604756.00
2012/03/06	2.40	2.40	2.31	2.31	2124415	31467538.00
2012/03/07	2.29	2.34	2.27	2.29	1374321	20092892.00
2012/03/08	2.29	2.34	2.28	2.31	1435717	21062204.00
2012/03/09	2.31	2.55	2.31	2.55	6960160	108222416.00
2012/03/12	2.57	2.60	2.53	2.60	6501828	104813960.00
2012/03/13	2.60	2.73	2.59	2.67	5633604	94393976.00
2012/03/14	2.66	2.80	2.57	2.63	6186727	104462992.00
2012/03/15	2.63	2.80	2.63	2.73	4343176	74164984.00
2012/03/16	2.72	2.83	2.70	2.83	3523942	61263672.00
2012/03/19	2.83	3.04	2.80	2.96	3412606	62338724.00
2012/03/20	2.94	3.00	2.85	2.91	2551583	46253744.00
2012/03/21	2.90	2.95	2.76	2.91	2824248	50287960.00
2012/03/22	2.85	2.92	2.80	2.81	1983573	35455516.00
2012/03/23	2.78	3.11	2.68	3.11	4175840	74220624.00
2012/03/26	2.90	2.95	2.78	2.78	4250768	75629072.00
2012/03/27	2.71	2.81	2.64	2.74	2394184	40792288.00
2012/03/28	2.66	2.71	2.45	2.45	2801094	44697300.00
2012/03/29	2.34	2.40	2.27	2.35	3579846	52985336.00
2012/03/30	2.35	2.37	2.16	2.21	3270305	46902312.00
2012/04/05	2.22	2.39	2.21	2.38	2662343	39084276.00
2012/04/06	2.38	2.51	2.35	2.42	3221347	49695588.00
2012/04/09	2.42	2.50	2.35	2.43	1588612	24490564.00
2012/04/10	2.38	2.47	2.17	2.42	3160089	46332452.00
2012/04/11	2.34	2.42	2.31	2.40	1898715	28559512.00
2012/04/12	2.41	2.51	2.39	2.48	2423957	37609992.00
2012/04/13	2.48	2.50	2.44	2.45	1939374	30138322.00
2012/04/16	2.45	2.57	2.45	2.51	2901816	45967148.00
2012/04/17	2.49	2.53	2.40	2.40	1717297	26579736.00
2012/04/18	2.41	2.51	2.41	2.50	1490100	23259082.00
2012/04/19	2.50	2.64	2.48	2.59	2389990	38776012.00
2012/04/20	2.56	2.71	2.55	2.71	2448988	40737744.00
2012/04/23	2.68	2.78	2.61	2.69	3274423	55339424.00
2012/04/24	2.63	2.71	2.53	2.60	2526224	41287180.00
2012/04/25	2.57	2.67	2.53	2.65	2263529	37034188.00
2012/04/26	2.63	2.66	2.57	2.57	1581219	25772222.00
2012/04/27	2.58	2.58	2.49	2.49	1299689	20611086.00
2012/05/02	2.54	2.56	2.49	2.51	1476058	23399036.00
2012/05/03	2.51	2.55	2.46	2.55	1330009	21100986.00
2012/05/04	2.55	2.58	2.53	2.57	1215359	19622634.00
2012/05/07	2.58	2.68	2.57	2.67	2212659	36656608.00
2012/05/08	2.66	2.70	2.61	2.64	2170525	36231392.00
2012/05/09	2.64	2.64	2.58	2.60	1155240	18917896.00
2012/05/10	2.60	2.67	2.60	2.66	1256274	20834740.00
2012/05/11	2.66	2.70	2.63	2.65	1095634	18313038.00
2012/05/14	2.68	2.70	2.62	2.62	988748	16476182.00
2012/05/15	2.61	2.61	2.49	2.51	1034765	16427287.00
2012/05/17	2.45	2.53	2.45	2.51	664727	10419864.00
2012/05/18	2.49	2.49	2.35	2.37	1065843	16286582.00
2012/05/21	2.35	2.42	2.30	2.36	614257	9177384.00
2012/05/22	2.39	2.44	2.39	2.42	488913	7469833.50
2012/05/23	2.42	2.47	2.40	2.46	742459	11431614.00
2012/05/24	2.45	2.49	2.42	2.44	697202	10844080.00
2012/05/25	2.37	2.44	2.34	2.38	659970	9947580.00
2012/05/28	2.35	2.50	2.32	2.49	1021826	15787900.00
2012/05/29	2.50	2.70	2.49	2.60	2412762	39142228.00
2012/05/30	2.60	2.67	2.55	2.59	1604851	26371154.00
2012/05/31	2.56	2.64	2.56	2.59	1329933	21789328.00
2012/06/01	2.59	2.62	2.54	2.59	1249427	20305906.00
2012/06/04	2.54	2.54	2.43	2.44	1124460	17657842.00
2012/06/05	2.41	2.48	2.41	2.46	665696	10315233.00
2012/06/06	2.47	2.49	2.43	2.46	596831	9253548.00
2012/06/07	2.46	2.50	2.41	2.42	586640	6884624.50
2012/06/08	2.47	2.49	2.43	2.44	721924	8480654.00
2012/06/11	2.44	2.51	2.43	2.49	476478	5641507.50
2012/06/12	2.49	2.50	2.43	2.44	523458	6180989.50
2012/06/13	2.44	2.48	2.42	2.48	1174571	13772573.00
2012/06/14	2.48	2.49	2.44	2.44	768352	9028486.00
2012/06/15	2.46	2.47	2.41	2.47	872729	10212901.00
2012/06/18	2.49	2.73	2.48	2.66	4190250	52925136.00
2012/06/19	2.59	2.64	2.59	2.63	2432406	30205006.00
2012/06/20	2.63	2.64	2.58	2.61	1527948	18972622.00
2012/06/21	2.60	2.62	2.56	2.57	1115748	13748823.00
2012/06/25	2.61	2.79	2.61	2.67	4108734	52777372.00
2012/06/26	2.58	2.78	2.42	2.71	3297897	41370344.00
2012/06/27	2.70	2.74	2.59	2.62	2017097	25654426.00
2012/06/28	2.62	2.67	2.54	2.55	1375275	17007906.00
2012/06/29	2.49	2.56	2.45	2.55	1239562	14827100.00
2012/07/02	2.58	2.60	2.54	2.56	949471	11660199.00
2012/07/03	2.56	2.66	2.50	2.61	1750520	21669494.00
2012/07/04	2.63	2.72	2.61	2.69	2147729	27340098.00
2012/07/05	2.70	2.70	2.54	2.56	1321656	16373384.00
2012/07/06	2.58	2.83	2.58	2.83	5424135	70795272.00
2012/07/09	2.80	2.82	2.73	2.77	4526174	59448108.00
2012/07/10	2.71	2.81	2.69	2.80	3949087	51813296.00
2012/07/11	2.84	2.88	2.76	2.84	5139318	68948776.00
2012/07/12	2.54	2.72	2.54	2.60	5730057	70904496.00
2012/07/13	2.58	2.58	2.47	2.49	2992013	35837124.00
2012/07/16	2.46	2.49	2.25	2.25	2159785	24392340.00
2012/07/17	2.29	2.29	2.22	2.27	866188	9384321.00
2012/07/18	2.29	2.29	2.10	2.20	2126516	22215434.00
2012/07/19	2.16	2.28	2.16	2.24	1588606	17093426.00
2012/07/20	2.24	2.27	2.18	2.19	1018717	10856239.00
2012/07/23	2.29	2.42	2.28	2.42	4599617	51753164.00
2012/07/24	2.40	2.68	2.36	2.68	6052023	74444032.00
2012/07/25	2.79	2.96	2.76	2.96	16912006	234986976.00
2012/07/26	2.91	2.98	2.81	2.96	11489302	158203184.00
2012/07/27	2.88	2.91	2.68	2.72	8638484	113768416.00
2012/07/30	2.74	2.78	2.62	2.68	6273276	80328128.00
2012/07/31	2.67	2.90	2.60	2.80	10032665	131856224.00
2012/08/01	2.79	2.88	2.69	2.87	9615842	127445840.00
2012/08/02	2.80	2.89	2.72	2.84	7667373	102194352.00
2012/08/03	2.80	3.02	2.80	2.88	9489897	130459368.00
2012/08/06	2.90	3.09	2.81	3.00	10870094	151048112.00
2012/08/07	2.96	3.13	2.86	3.04	10467964	147958112.00
2012/08/08	2.97	3.07	2.90	2.98	8012495	112681488.00
2012/08/09	2.98	2.98	2.87	2.89	7323519	100975120.00
2012/08/10	2.88	2.94	2.78	2.88	7292138	99137256.00
2012/08/13	2.82	2.87	2.72	2.74	3690244	48978276.00
2012/08/14	2.72	2.72	2.63	2.71	3765475	47942968.00
2012/08/15	2.72	2.82	2.66	2.82	5020310	65657156.00
2012/08/16	2.80	2.96	2.77	2.86	7067829	96935040.00
2012/08/17	2.81	2.82	2.56	2.57	6555544	82998896.00
2012/08/20	2.54	2.56	2.36	2.46	3510560	40961692.00
2012/08/21	2.46	2.54	2.43	2.52	3174513	37862356.00
2012/08/22	2.50	2.57	2.50	2.51	2461398	29697412.00
2012/08/23	2.51	2.56	2.45	2.55	2116380	25266124.00
2012/08/24	2.55	2.58	2.47	2.48	2313787	27998512.00
2012/08/27	2.42	2.43	2.23	2.28	2581593	28462686.00
2012/08/28	2.24	2.34	2.24	2.33	1678212	18461746.00
2012/08/29	2.32	2.47	2.28	2.47	3235725	36982848.00
2012/08/30	2.44	2.47	2.28	2.36	2931852	33379898.00
2012/08/31	2.30	2.40	2.29	2.31	1614274	18102374.00
2012/09/03	2.34	2.41	2.34	2.38	2024415	23051164.00
2012/09/04	2.36	2.40	2.30	2.32	2408933	27024362.00
2012/09/05	2.30	2.34	2.28	2.32	1553203	17187576.00
2012/09/06	2.32	2.39	2.32	2.38	2099514	23798522.00
2012/09/07	2.43	2.58	2.40	2.56	5829116	70253496.00
2012/09/10	2.56	2.71	2.56	2.70	6866451	87121680.00
2012/09/11	2.65	2.65	2.54	2.59	3659717	45127428.00
2012/09/12	2.60	2.78	2.60	2.68	4745159	60593676.00
2012/09/13	2.68	2.68	2.55	2.55	2581645	32146902.00
2012/09/14	2.55	2.60	2.50	2.57	3029126	36998760.00
2012/09/17	2.54	2.59	2.41	2.41	2190288	26179226.00
2012/09/18	2.40	2.45	2.36	2.43	1264344	14608769.00
2012/09/19	2.46	2.47	2.38	2.45	1098009	12745348.00
2012/09/20	2.44	2.45	2.30	2.32	1523724	17206294.00
2012/09/21	2.32	2.36	2.29	2.31	1043791	11643305.00
2012/09/24	2.31	2.55	2.24	2.47	3742629	43472992.00
2012/09/25	2.45	2.52	2.42	2.44	3224118	37936096.00
2012/09/26	2.40	2.49	2.38	2.40	2108491	24676644.00
2012/09/27	2.38	2.49	2.38	2.47	2428200	28411108.00
2012/09/28	2.47	2.51	2.44	2.46	3081953	36370904.00
2012/10/08	2.43	2.52	2.33	2.46	3650876	42448800.00
2012/10/09	2.43	2.58	2.39	2.54	6614945	78680504.00
2012/10/10	2.50	2.55	2.48	2.54	3761730	45150160.00
2012/10/11	2.54	2.57	2.40	2.40	4702010	55926228.00
2012/10/12	2.34	2.42	2.29	2.40	9220204	103597008.00
2012/10/15	2.49	2.50	2.34	2.37	4541152	52245036.00
2012/10/16	2.30	2.40	2.30	2.33	2942539	32973754.00
2012/10/17	2.33	2.35	2.30	2.34	1771014	19725614.00
2012/10/18	2.34	2.39	2.31	2.37	3081499	34882828.00
2012/10/19	2.36	2.46	2.35	2.46	5532938	63505884.00
2012/10/22	2.39	2.47	2.38	2.42	5022010	58165888.00
2012/10/23	2.40	2.40	2.33	2.34	2903253	32894122.00
2012/10/24	2.32	2.37	2.31	2.34	1867154	20953524.00
2012/10/25	2.34	2.46	2.31	2.39	4483864	51163400.00
2012/10/26	2.36	2.36	2.30	2.31	2417996	26902726.00
2012/10/29	2.30	2.31	2.24	2.30	1912270	20771612.00
2012/10/30	2.30	2.33	2.24	2.24	2009631	22061252.00
2012/10/31	2.26	2.29	2.22	2.27	1973974	21391896.00
2012/11/01	2.28	2.34	2.28	2.32	2981522	33165182.00
2012/11/02	2.31	2.36	2.31	2.33	2303027	25730416.00
2012/11/05	2.32	2.34	2.30	2.32	1788937	19866160.00
2012/11/06	2.35	2.35	2.27	2.30	1754370	19405260.00
2012/11/07	2.30	2.30	2.23	2.26	1700089	18445880.00
2012/11/08	2.23	2.25	2.14	2.14	1890856	20003048.00
2012/11/09	2.10	2.17	2.10	2.14	1527253	15688579.00
2012/11/12	2.12	2.20	2.12	2.17	1574139	16449185.00
2012/11/13	2.16	2.18	2.08	2.09	1904079	19399480.00
2012/11/14	2.10	2.10	1.96	2.01	2214589	21663346.00
2012/11/15	2.00	2.02	1.93	1.94	1961632	18752006.00
2012/11/16	1.96	2.00	1.94	1.96	1736650	16546709.00
2012/11/19	1.96	2.06	1.94	2.06	3323227	32209828.00
2012/11/20	2.11	2.13	2.06	2.06	3951395	39916460.00
2012/11/21	2.00	2.08	2.00	2.08	2238449	22033950.00
2012/11/22	2.05	2.13	2.04	2.09	2618093	26359572.00
2012/11/23	2.09	2.14	2.05	2.09	2477280	25044106.00
2012/11/26	2.09	2.19	2.08	2.11	3615965	37148560.00
2012/11/27	2.09	2.09	1.93	1.93	3066751	29562908.00
2012/11/28	1.96	1.96	1.88	1.88	1515109	14090069.00
2012/11/29	1.92	1.92	1.83	1.85	1159029	10546880.00
2012/11/30	1.82	1.93	1.82	1.92	2293952	21183870.00
2012/12/03	1.92	1.92	1.85	1.86	1720119	15790879.00
2012/12/04	1.87	1.87	1.72	1.84	2096196	18297858.00
2012/12/05	1.85	2.04	1.82	1.96	4061215	38281628.00
2012/12/06	1.94	1.98	1.93	1.96	2442298	23229288.00
2012/12/07	1.96	2.03	1.94	2.02	4508531	43797492.00
2012/12/10	2.02	2.07	1.98	2.05	3379884	33229926.00
2012/12/11	2.03	2.04	1.99	2.00	2365025	23022630.00
2012/12/12	2.00	2.04	1.98	2.02	2138450	20829166.00
2012/12/13	2.02	2.02	1.94	1.94	2063603	19783124.00
2012/12/14	1.91	2.15	1.91	2.07	5934960	58801660.00
2012/12/17	2.06	2.13	2.05	2.08	4563030	45935464.00
2012/12/18	2.06	2.12	2.06	2.12	4319149	43679312.00
2012/12/19	2.16	2.26	2.13	2.13	7656977	80474912.00
2012/12/20	2.11	2.19	2.07	2.15	5544014	57021800.00
2012/12/21	2.12	2.16	2.10	2.11	3635739	37248164.00
2012/12/24	2.10	2.18	2.10	2.16	3738054	38721304.00
2012/12/25	2.15	2.35	2.13	2.29	8833109	94565960.00
2012/12/26	2.29	2.34	2.23	2.31	7807078	85198848.00
2012/12/27	2.31	2.32	2.24	2.24	4592646	50017528.00
2012/12/28	2.24	2.29	2.23	2.26	3298742	35744864.00
2012/12/31	2.24	2.28	2.24	2.26	2585052	28044148.00
2013/01/04	2.28	2.30	2.24	2.26	3486684	37975140.00
2013/01/07	2.25	2.29	2.23	2.29	2821009	30733778.00
2013/01/08	2.29	2.36	2.28	2.30	4921913	54753172.00
2013/01/09	2.29	2.32	2.26	2.28	2678248	29391090.00
2013/01/10	2.28	2.29	2.23	2.26	2520294	27431156.00
2013/01/11	2.27	2.29	2.16	2.17	2954632	31532568.00
2013/01/14	2.16	2.25	2.14	2.23	2872937	30590136.00
2013/01/15	2.23	2.36	2.23	2.31	6688317	74147328.00
2013/01/16	2.30	2.40	2.28	2.38	8256251	92773960.00
2013/01/17	2.34	2.36	2.28	2.29	3438501	38152972.00
2013/01/18	2.29	2.37	2.29	2.34	3616944	40369408.00
2013/01/21	2.34	2.40	2.32	2.39	4503817	51163700.00
2013/01/22	2.39	2.49	2.38	2.43	8198281	95601248.00
2013/01/23	2.39	2.40	2.31	2.35	4023402	45127236.00
2013/01/24	2.43	2.45	2.24	2.27	4082657	45701588.00
2013/01/25	2.25	2.30	2.21	2.23	1719253	18645284.00
2013/01/28	2.20	2.30	2.20	2.29	2132835	23234214.00
2013/01/29	2.33	2.35	2.29	2.32	3163376	35189804.00
2013/01/30	2.32	2.33	2.26	2.28	2406782	26359480.00
2013/01/31	2.24	2.29	2.23	2.28	1605612	17426044.00
2013/02/01	2.28	2.31	2.25	2.30	2046532	22497806.00
2013/02/04	2.30	2.32	2.25	2.25	2425291	26567376.00
2013/02/05	2.25	2.27	2.21	2.26	1499641	16107766.00
2013/02/06	2.26	2.29	2.25	2.26	1046106	11405272.00
2013/02/07	2.26	2.34	2.25	2.31	2275797	25125148.00
2013/02/08	2.33	2.45	2.32	2.36	4378763	49591696.00
2013/02/18	2.37	2.44	2.34	2.41	4271726	48910408.00
2013/02/19	2.41	2.47	2.34	2.46	6654696	76780832.00
2013/02/20	2.43	2.50	2.42	2.49	5457258	64306188.00
2013/02/21	2.47	2.47	2.34	2.37	3766992	43480560.00
2013/02/22	2.39	2.60	2.37	2.52	8927274	107348656.00
2013/02/25	2.52	2.57	2.49	2.55	4217900	51075936.00
2013/02/26	2.55	2.55	2.45	2.46	4260539	50687328.00
2013/02/27	2.45	2.49	2.38	2.41	2664067	30912056.00
2013/02/28	2.43	2.51	2.40	2.50	2682843	31486734.00
2013/03/01	2.49	2.51	2.45	2.50	2735908	32474738.00
2013/03/04	2.50	2.56	2.41	2.45	4252034	50839368.00
2013/03/05	2.44	2.54	2.44	2.53	2877377	34366040.00
2013/03/06	2.57	2.62	2.54	2.56	4393265	53777428.00
2013/03/07	2.53	2.59	2.49	2.53	2988704	36316976.00
2013/03/08	2.52	2.57	2.48	2.48	1639829	19652678.00
2013/03/11	2.49	2.49	2.41	2.44	2667303	31142016.00
2013/03/12	2.45	2.48	2.31	2.36	2447350	27847218.00
2013/03/13	2.36	2.38	2.32	2.35	1149173	12933340.00
2013/03/14	2.36	2.38	2.33	2.37	1366315	15428427.00
2013/03/15	2.34	2.42	2.32	2.36	1918528	21789834.00
2013/03/18	2.34	2.36	2.27	2.32	2064947	22758690.00
2013/03/19	2.32	2.41	2.31	2.40	3084129	34846840.00
2013/03/20	2.40	2.46	2.37	2.45	3240042	37469232.00
2013/03/21	2.47	2.50	2.44	2.46	3741911	43991628.00
2013/03/22	2.44	2.47	2.42	2.45	2031069	23770606.00
2013/03/25	2.45	2.46	2.43	2.44	1315392	15379115.00
2013/03/26	2.45	2.46	2.36	2.38	1905687	21779946.00
2013/03/27	2.39	2.41	2.34	2.36	1812961	20574772.00
2013/03/28	2.32	2.34	2.25	2.28	1943286	21274064.00
2013/03/29	2.28	2.29	2.26	2.27	1159504	12674230.00
2013/04/01	2.26	2.36	2.23	2.33	2115298	23539742.00
2013/04/02	2.38	2.39	2.28	2.29	2823832	31599166.00
2013/04/03	2.21	2.26	2.14	2.19	1646532	17311584.00
2013/04/08	2.16	2.19	2.11	2.19	970423	10071905.00
2013/04/09	2.20	2.25	2.19	2.21	784177	8351161.50
2013/04/10	2.22	2.22	2.14	2.16	782871	8191066.00
2013/04/11	2.18	2.19	2.15	2.17	980591	10234418.00
2013/04/12	2.17	2.17	2.10	2.11	1002848	10291256.00
2013/04/15	2.09	2.11	2.05	2.05	734732	7319403.50
2013/04/16	2.04	2.10	2.00	2.09	713778	7077750.50
2013/04/17	2.10	2.12	2.08	2.11	733226	7423162.50
2013/04/18	2.09	2.12	2.07	2.10	726182	7368328.00
2013/04/19	2.11	2.16	2.10	2.16	1164684	12028106.00
2013/04/22	2.15	2.18	2.12	2.16	1150827	11908154.00
2013/04/23	2.17	2.18	2.06	2.07	1120436	11400797.00
2013/04/24	2.08	2.12	2.08	2.12	847546	8583149.00
2013/04/25	2.13	2.13	2.07	2.07	972375	9868122.00
2013/04/26	2.07	2.10	2.01	2.01	866469	8531019.00
2013/05/02	1.94	1.99	1.89	1.92	1690316	15861867.00
2013/05/03	1.93	2.06	1.93	2.03	1791626	17426298.00
2013/05/06	2.06	2.08	2.04	2.07	1161311	11545157.00
2013/05/07	2.08	2.08	2.04	2.06	627518	6239362.50
2013/05/08	2.07	2.13	2.07	2.13	1486418	15076013.00
2013/05/09	2.13	2.15	2.08	2.12	1266721	12870828.00
2013/05/10	2.12	2.15	2.11	2.13	1265267	12971814.00
2013/05/13	2.11	2.15	2.09	2.14	1317068	13499675.00
2013/05/14	2.14	2.14	2.08	2.09	816062	8275483.00
2013/05/15	2.10	2.16	2.10	2.16	1326832	13653195.00
2013/05/16	2.16	2.18	2.14	2.18	1651734	17237082.00
2013/05/17	2.20	2.24	2.18	2.23	2226617	23720500.00
2013/05/20	2.24	2.25	2.21	2.23	2111109	22596104.00
2013/05/21	2.23	2.24	2.19	2.23	1943384	20723496.00
2013/05/22	2.23	2.27	2.20	2.24	2419334	26037084.00
2013/05/23	2.23	2.23	2.17	2.17	1665818	17623566.00
2013/05/24	2.19	2.22	2.16	2.21	1439867	15171940.00
2013/05/27	2.22	2.27	2.22	2.24	1808310	19506674.00
2013/05/28	2.24	2.27	2.19	2.27	1720133	18531708.00
2013/05/29	2.28	2.28	2.25	2.27	1371646	14901522.00
2013/05/30	2.26	2.27	2.23	2.27	1333332	14411098.00
2013/05/31	2.27	2.31	2.24	2.25	2055916	22515408.00
2013/06/03	2.24	2.26	2.21	2.22	1076333	11541705.00
2013/06/04	2.20	2.22	2.14	2.15	1276529	13349907.00
2013/06/05	2.16	2.18	2.13	2.16	619845	6420871.00
2013/06/06	2.15	2.17	2.11	2.12	689752	7101500.00
2013/06/07	2.10	2.19	2.10	2.17	1498917	15540060.00
2013/06/13	2.12	2.12	2.00	2.04	1366551	13470787.00
2013/06/14	2.06	2.07	2.02	2.06	879030	8702875.00
2013/06/17	2.05	2.07	2.03	2.05	691993	6837109.00
2013/06/18	2.06	2.07	2.03	2.06	678898	6736729.50
2013/06/19	2.07	2.07	2.02	2.05	606266	5958188.50
2013/06/20	2.06	2.06	1.95	1.96	1001201	9645660.00
2013/06/21	1.93	1.99	1.89	1.97	763509	7121115.50
2013/06/24	1.99	2.17	1.94	2.10	3993436	39447172.00
2013/06/25	2.06	2.09	1.88	2.02	2794977	26822842.00
2013/06/26	2.00	2.08	1.96	2.08	1854308	18041898.00
2013/06/27	2.08	2.14	2.00	2.02	2163866	21621612.00
2013/06/28	2.01	2.06	1.93	1.99	1127964	10825703.00
2013/07/01	2.02	2.03	1.96	2.02	889771	8539964.00
2013/07/02	2.03	2.06	2.00	2.06	1305399	12739010.00
2013/07/03	2.07	2.07	1.99	2.04	1004874	9737785.00
2013/07/04	2.08	2.15	2.07	2.07	2688793	27100528.00
2013/07/05	2.07	2.10	2.04	2.04	1301631	12885409.00
2013/07/08	1.98	1.99	1.88	1.90	1372525	12791739.00
2013/07/09	1.92	1.96	1.90	1.94	839717	7803248.00
2013/07/10	1.96	2.08	1.96	2.08	2508702	24572208.00
2013/07/11	2.07	2.14	2.04	2.10	2981597	29842390.00
2013/07/12	2.10	2.14	2.07	2.08	1875226	18865542.00
2013/07/15	2.09	2.17	2.07	2.16	2582383	26332050.00
2013/07/16	2.14	2.16	2.11	2.14	1713533	17428396.00
2013/07/17	2.13	2.14	2.07	2.07	1677928	16879242.00
2013/07/18	2.06	2.10	2.06	2.07	861159	8550744.00
2013/07/19	2.05	2.26	2.05	2.08	2501387	25551116.00
2013/07/22	2.06	2.18	2.05	2.18	2650867	27239706.00
2013/07/23	2.18	2.24	2.14	2.19	2599095	27153538.00
2013/07/24	2.19	2.26	2.16	2.23	2813016	29867020.00
2013/07/25	2.23	2.35	2.20	2.30	4477807	48483324.00
2013/07/26	2.31	2.38	2.29	2.38	5480314	61174092.00
2013/07/29	2.36	2.42	2.29	2.31	3519560	39100260.00
2013/07/30	2.26	2.55	2.26	2.47	8025727	92840640.00
2013/07/31	2.43	2.51	2.40	2.48	4729985	55138744.00
2013/08/01	2.62	2.62	2.47	2.48	9490437	113563760.00
2013/08/02	2.49	2.74	2.48	2.57	8936390	110324200.00
2013/08/05	2.52	2.56	2.47	2.56	4338580	51525448.00
2013/08/06	2.53	2.62	2.49	2.58	4717009	57294428.00
2013/08/07	2.56	2.64	2.50	2.54	4234143	51430984.00
2013/08/08	2.52	2.57	2.49	2.50	2562727	30703484.00
2013/08/09	2.50	2.54	2.37	2.46	2694484	31618958.00
2013/08/12	2.49	2.51	2.46	2.50	2094069	24634404.00
2013/08/13	2.49	2.55	2.47	2.48	2325307	27637998.00
2013/08/14	2.49	2.51	2.43	2.46	1995766	23295980.00
2013/08/15	2.46	2.57	2.43	2.57	4553165	54288884.00
2013/08/16	2.53	2.66	2.53	2.54	4592180	56218412.00
2013/08/19	2.53	2.57	2.47	2.54	2938036	34954740.00
2013/08/20	2.56	2.66	2.52	2.64	4390059	53806800.00
2013/08/21	2.62	2.68	2.60	2.65	2940262	36575000.00
2013/08/22	2.64	2.64	2.57	2.57	2687045	33019158.00
2013/08/23	2.59	2.61	2.45	2.50	2295925	27542996.00
2013/08/26	2.52	2.58	2.49	2.56	1887038	22730936.00
2013/08/27	2.58	2.62	2.56	2.62	1864528	22943176.00
2013/08/28	2.58	2.66	2.56	2.62	3805562	47093584.00
2013/08/29	2.64	2.89	2.61	2.83	6485147	84352264.00
2013/08/30	2.83	3.09	2.83	2.94	9919683	138740912.00
2013/09/02	2.96	2.96	2.79	2.84	4364522	58286960.00
2013/09/03	2.76	2.84	2.74	2.81	3633329	47583688.00
2013/09/04	2.81	3.00	2.72	2.99	5255492	70814904.00
2013/09/05	2.99	3.03	2.91	2.92	2941887	40969556.00
2013/09/06	2.86	3.03	2.83	2.98	3141553	43486140.00
2013/09/09	2.97	3.01	2.88	2.92	2015770	27975794.00
2013/09/10	2.92	3.10	2.89	3.01	2796125	39643400.00
2013/09/11	2.98	3.00	2.84	2.94	2574798	35299520.00
2013/09/12	2.93	2.95	2.82	2.88	1922467	26144174.00
2013/09/13	2.88	2.98	2.85	2.91	1926870	26320564.00
2013/09/16	2.91	3.11	2.89	3.07	5068807	72606272.00
2013/09/17	3.07	3.17	2.99	3.00	4775714	69123896.00
2013/09/18	2.99	3.04	2.89	3.02	2527528	35201304.00
2013/09/23	3.02	3.08	2.99	3.08	3331319	47595852.00
2013/09/24	3.10	3.10	3.00	3.07	1652351	23668204.00
2013/09/25	3.07	3.07	2.93	2.94	1997276	28083890.00
2013/09/26	2.93	2.94	2.67	2.71	3879507	51107028.00
2013/09/27	2.71	2.79	2.67	2.77	1646355	21266924.00
2013/09/30	2.77	2.85	2.75	2.84	2070419	27447768.00
2013/10/08	2.85	2.89	2.79	2.82	1671002	22241008.00
2013/10/09	2.84	2.90	2.82	2.89	2024300	27428980.00
2013/10/10	2.89	2.92	2.82	2.83	2320259	31320454.00
2013/10/11	2.84	2.88	2.82	2.86	1372037	18417250.00
2013/10/14	2.84	2.85	2.78	2.80	2336829	31040930.00
2013/10/15	2.79	2.86	2.79	2.82	2043826	27129436.00
2013/10/16	2.81	2.84	2.74	2.83	2311130	30359630.00
2013/10/17	3.02	3.13	2.94	2.97	7407212	104951136.00
2013/10/18	2.93	2.93	2.72	2.82	3466130	46158784.00
2013/10/21	2.81	2.89	2.78	2.86	2138490	28652892.00
2013/10/22	2.88	3.02	2.83	3.02	4194137	57860472.00
2013/10/23	2.97	3.00	2.89	2.93	2737078	37979108.00
2013/10/24	2.89	2.92	2.83	2.85	1157448	15651603.00
2013/10/25	2.86	2.87	2.77	2.83	1115084	14842223.00
2013/10/28	2.83	2.84	2.78	2.82	612771	8119368.50
2013/10/29	2.84	2.84	2.56	2.67	1771006	22308094.00
2013/10/30	2.67	2.67	2.59	2.66	763265	9509245.00
2013/10/31	2.66	2.71	2.62	2.63	977825	12316630.00
2013/11/01	2.62	2.66	2.60	2.65	551327	6858799.00
2013/11/04	2.62	2.71	2.62	2.67	417835	5285819.00
2013/11/05	2.67	2.73	2.65	2.72	779146	9959388.00
2013/11/06	2.70	2.81	2.70	2.72	816923	10599331.00
2013/11/07	2.70	2.71	2.59	2.61	655558	8178565.00
2013/11/08	2.59	2.64	2.57	2.61	335322	4131817.50
2013/11/11	2.61	2.69	2.61	2.68	429676	5394711.50
2013/11/12	2.65	2.69	2.65	2.68	546013	6901971.00
2013/11/13	2.67	2.68	2.63	2.63	389665	4875312.00
2013/11/14	2.61	2.69	2.59	2.67	657879	8251611.50
2013/11/15	2.68	2.74	2.67	2.73	815804	10464758.00
2013/11/18	2.75	2.82	2.73	2.78	1039206	13596663.00
2013/11/19	2.80	2.90	2.80	2.82	1312084	17646364.00
2013/11/20	2.81	2.88	2.79	2.85	801774	10715223.00
2013/11/21	2.82	2.85	2.78	2.81	739620	9806393.00
2013/11/22	2.77	2.84	2.77	2.82	412127	5460729.00
2013/11/25	2.82	2.89	2.76	2.78	828901	11077558.00
2013/11/26	2.78	2.81	2.76	2.77	667549	8745513.00
2013/11/27	2.76	2.82	2.76	2.80	1216585	16041215.00
2013/11/28	2.80	2.88	2.79	2.86	1629266	21694728.00
2013/11/29	2.88	2.88	2.82	2.83	1948955	26059114.00
2013/12/02	2.73	2.75	2.53	2.56	2215971	27639958.00
2013/12/03	2.57	2.60	2.54	2.60	741912	9050506.00
2013/12/04	2.62	2.73	2.61	2.69	2055951	26062780.00
2013/12/05	2.66	2.68	2.64	2.64	926947	11639488.00
2013/12/06	2.67	2.67	2.59	2.61	899298	11127368.00
2013/12/09	2.61	2.68	2.61	2.65	790920	9878843.00
2013/12/10	2.72	2.75	2.69	2.72	1564717	20076462.00
2013/12/11	2.71	2.71	2.64	2.65	728724	9155486.00
2013/12/12	2.65	2.68	2.62	2.66	492908	6210986.00
2013/12/13	2.66	2.73	2.65	2.70	888916	11324277.00
2013/12/16	2.74	2.74	2.64	2.65	764876	9679185.00
2013/12/17	2.65	2.68	2.58	2.58	861579	10590827.00
2013/12/18	2.60	2.63	2.58	2.60	576974	7086583.00
2013/12/19	2.62	2.64	2.53	2.54	863735	10552265.00
2013/12/20	2.58	2.58	2.47	2.51	682807	8113654.00
2013/12/23	2.53	2.53	2.47	2.50	333220	3945766.00
2013/12/24	2.54	2.58	2.50	2.56	444485	5365623.50
2013/12/25	2.58	2.58	2.54	2.58	618327	7499562.50
2013/12/26	2.58	2.58	2.51	2.52	480601	5786631.00
2013/12/27	2.52	2.59	2.52	2.58	614589	7452606.00
2013/12/30	2.59	2.64	2.59	2.64	863029	10696340.00
2013/12/31	2.62	2.65	2.61	2.62	684157	8501776.00
2014/01/02	2.61	2.66	2.61	2.65	524847	6530109.00
2014/01/03	2.63	2.65	2.60	2.63	561893	6960241.50
2014/01/06	2.63	2.64	2.52	2.52	598796	7318600.50
2014/01/07	2.52	2.58	2.52	2.57	412241	4974453.00
2014/01/08	2.58	2.62	2.52	2.60	729677	8939539.00
2014/01/09	2.60	2.63	2.53	2.54	584032	7175701.50
2014/01/10	2.54	2.57	2.50	2.52	327646	3927719.50
2014/01/13	2.52	2.58	2.51	2.56	468206	5669643.00
2014/01/14	2.56	2.60	2.55	2.59	483074	5872461.50
2014/01/15	2.61	2.61	2.57	2.59	399935	4896827.00
2014/01/16	2.58	2.61	2.58	2.61	1361254	16706520.00
2014/01/17	2.61	2.63	2.57	2.60	844830	10385073.00
2014/01/20	2.58	2.64	2.58	2.61	981757	12057377.00
2014/01/21	2.61	2.66	2.61	2.63	2116895	26439614.00
2014/01/22	2.64	2.68	2.62	2.67	1835382	23016790.00
2014/01/23	2.66	2.68	2.65	2.66	1281787	16135078.00
2014/01/24	2.66	2.70	2.65	2.68	1221988	15452923.00
2014/01/27	2.67	2.67	2.61	2.64	941591	11749383.00
2014/01/28	2.62	2.66	2.61	2.65	1125821	13986418.00
2014/01/29	2.65	2.74	2.65	2.73	2083953	26574910.00
2014/01/30	2.71	2.75	2.70	2.71	1063369	13635410.00
2014/02/07	2.69	2.81	2.69	2.79	1659213	21657728.00
2014/02/10	2.79	2.87	2.76	2.84	2051774	27252994.00
2014/02/11	2.84	2.86	2.81	2.84	1346951	17982852.00
2014/02/12	2.85	2.91	2.83	2.90	1668521	22577932.00
2014/02/13	2.90	2.94	2.87	2.88	1738730	23711728.00
2014/02/14	2.89	2.99	2.85	2.96	2244172	31127162.00
2014/02/17	2.95	3.03	2.93	3.00	1932764	27248380.00
2014/02/18	2.98	3.11	2.98	3.07	2080570	29792992.00
2014/02/19	3.09	3.09	3.00	3.06	2367633	33782476.00
2014/02/20	3.03	3.06	2.95	2.95	2644823	37142828.00
2014/02/21	2.96	3.02	2.93	2.99	1435221	20078644.00
2014/05/23	3.31	3.31	3.31	3.31	212567	3290537.25
2014/05/26	3.65	3.65	3.65	3.65	134993	2298930.75
2014/05/27	4.03	4.03	4.03	4.03	172995	3240196.25
2014/05/28	4.44	4.44	4.44	4.44	234143	4823346.00
2014/05/29	4.90	4.90	4.90	4.90	3999730	90633880.00
2014/05/30	5.24	5.41	5.24	5.41	24448844	604310080.00
2014/06/03	5.56	5.60	5.29	5.44	18684115	469071360.00
2014/06/04	5.43	5.53	5.30	5.41	10257311	257017248.00
2014/06/05	5.32	5.40	5.08	5.17	14343502	343058304.00
2014/06/06	5.14	5.24	4.95	5.01	12593902	297196704.00
2014/06/09	4.99	5.15	4.94	5.05	9543886	222688064.00
2014/06/10	5.06	5.56	5.06	5.37	20347822	501464544.00
2014/06/11	5.33	5.53	5.30	5.44	12894931	321450720.00
2014/06/12	5.51	5.95	5.48	5.71	15629406	412176288.00
2014/06/13	5.62	5.82	5.57	5.68	11330862	296258080.00
2014/06/16	5.69	5.97	5.49	5.59	13593193	357624832.00
2014/06/17	5.51	5.83	5.50	5.82	11102650	291456864.00
2014/06/18	5.81	5.93	5.42	5.42	9460727	246775712.00
2014/06/19	5.28	5.47	5.01	5.08	7701969	185907776.00
2014/06/20	5.12	5.17	4.98	5.13	4538582	106645680.00
2014/06/23	5.15	5.38	5.13	5.29	5822561	141464960.00
2014/06/24	5.20	5.36	5.07	5.36	7646644	183085536.00
2014/06/25	5.29	5.33	5.17	5.20	4906976	118230952.00
2014/06/26	5.24	5.50	5.22	5.35	6923231	171824704.00
2014/06/27	5.31	5.71	5.26	5.65	9039231	230629968.00
2014/06/30	5.60	5.86	5.52	5.82	7826476	206013168.00
2014/07/01	5.86	5.86	5.67	5.75	4977825	131691064.00
2014/07/02	5.65	5.78	5.47	5.65	5224432	134649488.00
2014/07/03	5.64	5.76	5.58	5.62	3014771	78335936.00
2014/07/04	5.62	6.17	5.56	6.03	9789982	267777792.00
2014/07/07	5.98	6.09	5.83	6.00	5396056	147546256.00
2014/07/08	5.98	6.33	5.87	6.26	6746416	189787792.00
2014/07/09	6.21	6.60	6.10	6.24	7641055	223197920.00
2014/07/10	6.25	6.33	6.00	6.03	5058741	141405536.00
2014/07/11	6.07	6.07	5.75	5.79	4533359	119922672.00
2014/07/14	5.82	5.90	5.74	5.77	3593778	93776160.00
2014/07/15	5.80	5.87	5.66	5.82	3211433	83210320.00
2014/07/16	5.82	5.83	5.24	5.24	9001490	218004160.00
2014/07/17	5.14	5.18	5.03	5.15	2959436	68161792.00
2014/07/18	5.11	5.22	5.11	5.12	2102415	48869252.00
2014/07/21	5.16	5.20	4.98	5.18	2115057	48479304.00
2014/07/22	5.17	5.24	5.13	5.18	2218664	51918028.00
2014/07/23	5.20	5.26	5.05	5.06	2223715	51392456.00
2014/07/24	5.06	5.17	5.03	5.05	1521368	34797356.00
2014/07/25	5.04	5.14	5.02	5.13	1212881	27806028.00
2014/07/28	5.17	5.32	5.12	5.29	2319037	54687104.00
2014/07/29	5.27	5.38	5.26	5.32	1997281	47702640.00
2014/07/30	5.29	5.47	5.26	5.42	2495130	60230600.00
2014/07/31	5.40	5.55	5.38	5.49	2510008	61962296.00
2014/08/01	5.42	5.54	5.34	5.37	2668457	65434212.00
2014/08/04	5.40	5.51	5.35	5.39	1327862	32357064.00
2014/08/05	5.40	5.40	5.11	5.23	2684558	63276100.00
2014/08/06	5.22	5.25	5.10	5.23	2064888	48060212.00
2014/08/07	5.23	5.26	5.04	5.08	3352657	77540168.00
2014/08/08	5.08	5.20	5.03	5.15	2224953	51126164.00
2014/08/11	5.15	5.20	5.09	5.15	2597133	59987828.00
2014/08/12	5.15	5.40	5.12	5.39	4627092	110112288.00
2014/08/13	5.33	5.42	5.24	5.31	2840079	67739696.00
2014/08/14	5.30	5.44	5.28	5.38	3355227	81516336.00
2014/08/15	5.39	5.42	5.29	5.36	2211679	53117552.00
2014/08/18	5.37	5.66	5.31	5.58	4557009	112567592.00
2014/08/19	5.56	5.62	5.47	5.54	3595143	89530632.00
2014/08/20	5.52	5.58	5.50	5.51	1918988	47820212.00
2014/08/21	5.53	5.60	5.43	5.53	2828183	70461504.00
2014/08/22	5.54	5.59	5.48	5.54	2081413	51848288.00
2014/08/25	5.54	5.59	5.48	5.53	2412222	60217644.00
2014/08/26	5.53	5.56	5.12	5.16	2931411	69817528.00
2014/08/27	5.11	5.17	5.07	5.08	1781231	41050556.00
2014/08/28	5.11	5.12	4.73	4.76	3401036	74535680.00
2014/08/29	4.72	4.82	4.71	4.82	1719633	37073044.00
2014/09/01	4.84	5.06	4.82	5.02	2060615	45924376.00
2014/09/02	5.06	5.13	5.00	5.08	1659278	37824624.00
2014/09/03	5.08	5.26	5.03	5.25	2212978	51416212.00
2014/09/04	5.22	5.31	5.16	5.27	2019380	47448196.00
2014/09/05	5.24	5.33	5.19	5.27	1913091	45145912.00
2014/09/09	5.24	5.27	5.13	5.24	1790999	41801076.00
2014/09/10	5.24	5.24	5.07	5.20	2567134	59447164.00
2014/09/11	5.18	5.41	5.14	5.32	4537340	108354496.00
2014/09/12	5.32	5.32	5.21	5.32	2116030	50219776.00
2014/09/15	5.34	5.38	5.23	5.32	2294124	54684708.00
2014/09/16	5.30	5.41	5.11	5.14	3043118	72526792.00
2014/09/17	5.11	5.18	4.96	5.14	1887073	43216656.00
2014/09/18	5.13	5.15	5.07	5.14	1028870	23675304.00
2014/09/19	5.13	5.18	5.09	5.13	1064273	24583502.00
2014/09/22	5.14	5.32	5.14	5.20	1915485	44989412.00
2014/09/23	5.15	5.29	5.15	5.29	2462896	57955716.00
2014/09/24	5.26	5.39	5.24	5.33	2563734	61381620.00
2014/09/25	5.31	5.32	5.14	5.15	2680841	63313080.00
2014/09/26	5.13	5.18	5.04	5.18	1880248	43213572.00
2014/09/29	5.14	5.28	5.14	5.24	1545555	36417204.00
2014/09/30	5.31	5.38	5.23	5.36	2682455	64423016.00
2014/10/08	5.38	5.40	5.29	5.37	1755261	42229544.00
2014/10/09	5.40	5.41	5.24	5.34	1770342	42449340.00
2014/10/10	5.30	5.33	5.22	5.24	1521797	36092772.00
2014/10/13	5.24	5.24	5.08	5.17	1716123	39699952.00
2014/10/14	5.17	5.34	5.12	5.34	1568263	36862380.00
2014/10/15	5.36	5.67	5.36	5.65	6943994	174135264.00
2014/10/16	5.59	5.60	5.42	5.43	3664771	90884656.00
2014/10/17	5.42	5.42	5.11	5.19	2884572	67690384.00
2014/10/20	5.18	5.24	5.07	5.22	1228427	28544858.00
2014/10/21	5.19	5.24	5.13	5.16	1064319	24733196.00
2014/10/22	5.16	5.23	5.10	5.14	1210818	28260626.00
2014/10/23	5.16	5.22	5.12	5.18	1019115	23696402.00
2014/10/24	5.17	5.32	5.16	5.28	1263954	29917890.00
2014/10/27	5.28	5.28	5.11	5.18	986251	23093226.00
2014/10/28	5.21	5.37	5.17	5.36	1648125	39364628.00
2014/10/29	5.44	5.60	5.38	5.52	3732582	92982944.00
2014/10/30	5.53	5.60	5.45	5.49	2538361	63061524.00
2014/10/31	5.48	5.53	5.42	5.46	1338834	32888414.00
2014/11/03	5.50	5.51	5.43	5.48	1648656	40669712.00
2014/11/04	5.33	5.33	5.09	5.30	5295683	123874888.00
2014/11/05	5.19	5.27	5.12	5.21	1158993	27026796.00
2014/11/06	5.21	5.22	5.13	5.17	1233584	28739810.00
2014/11/07	5.17	5.18	5.09	5.10	1879282	43334476.00
2014/11/10	5.08	5.16	5.08	5.14	975358	22509188.00
2014/11/11	5.14	5.17	4.89	5.01	1563983	35345552.00
2014/11/12	4.91	5.04	4.91	5.01	914895	20531050.00
2014/11/13	5.01	5.01	4.67	5.00	5991940	130869072.00
2014/11/14	4.89	4.98	4.56	4.90	5649680	121415664.00
2014/11/17	4.79	4.88	4.75	4.79	2540690	54605208.00
2014/11/18	4.78	4.80	4.73	4.75	1125182	24083002.00
2014/11/19	4.78	5.04	4.73	4.99	3029916	67254464.00
2014/11/20	4.96	5.04	4.91	4.98	1280407	28708684.00
2014/11/21	4.98	5.00	4.93	4.95	1107933	24775734.00
2014/11/24	4.98	4.98	4.82	4.90	1810409	39781372.00
2014/11/25	4.90	4.90	4.80	4.85	1778031	38667252.00
2014/11/26	4.87	5.06	4.87	4.96	2667806	59843652.00
2014/11/27	4.97	5.00	4.89	4.92	1669353	36928600.00
2014/11/28	4.92	5.04	4.80	4.96	2749323	60581268.00
2014/12/01	4.94	5.00	4.81	4.95	3053486	66818464.00
2014/12/02	4.96	5.19	4.94	5.14	6472203	147217312.00
2014/12/03	5.11	5.11	4.96	4.98	3521950	79127616.00
2014/12/18	5.07	5.07	4.48	4.58	6513503	137250288.00
2014/12/19	4.51	4.51	4.23	4.36	5107422	99771600.00
2014/12/22	4.32	4.33	4.12	4.16	3114106	58785312.00
2014/12/23	4.16	4.27	4.13	4.15	1475965	27972958.00
2014/12/24	4.16	4.34	4.16	4.34	2283460	43904540.00
2014/12/25	4.34	4.49	4.33	4.39	1575636	31291426.00
2014/12/26	4.38	4.42	4.28	4.30	1210864	23512394.00
2014/12/29	4.30	4.49	4.23	4.34	2107722	41167232.00
2014/12/30	4.38	4.41	4.25	4.28	1582748	30929156.00
2014/12/31	4.29	4.29	4.17	4.22	1276417	24151408.00
2015/01/05	4.33	4.33	4.15	4.17	1879728	35587308.00
2015/01/06	4.18	4.28	4.04	4.27	2001339	37456416.00
2015/01/07	4.26	4.40	4.23	4.35	1765853	34418888.00
2015/01/15	4.67	4.78	4.56	4.78	1810065	38278356.00
2015/01/16	4.89	4.99	4.71	4.79	5495043	119641400.00
2015/01/19	4.58	4.75	4.44	4.54	2187047	45424956.00
2015/01/20	4.58	4.79	4.53	4.73	2199381	46495888.00
2015/01/21	4.80	4.83	4.69	4.74	1995903	42529892.00
2015/01/22	4.74	4.79	4.64	4.79	1994908	42331744.00
2015/01/23	4.82	5.07	4.80	4.89	4790429	106518296.00
2015/01/26	4.86	5.02	4.80	4.96	2119384	47209328.00
2015/01/27	4.98	5.00	4.87	4.97	2091498	46307320.00
2015/01/28	4.92	4.96	4.89	4.92	1380497	30557992.00
2015/01/29	4.92	4.92	4.78	4.80	1179486	25722606.00
2015/01/30	4.78	5.01	4.78	4.99	3063385	68077584.00
2015/02/02	4.96	5.17	4.92	5.14	2890592	66297672.00
2015/02/03	5.17	5.34	5.07	5.21	4275525	100325296.00
2015/02/04	5.16	5.26	5.07	5.22	2030708	46951604.00
2015/02/05	5.21	5.28	5.11	5.12	1277982	29841902.00
2015/02/06	5.15	5.16	4.89	4.93	1484261	33179336.00
2015/02/09	4.89	4.97	4.80	4.80	857283	18860108.00
2015/02/10	4.76	4.82	4.72	4.80	866567	18636510.00
2015/02/11	4.80	4.93	4.80	4.86	638855	13944442.00
2015/02/12	4.89	4.94	4.79	4.90	1263267	27689314.00
2015/02/13	4.91	4.98	4.89	4.97	1246511	27707064.00
2015/02/16	5.00	5.04	4.94	5.00	1821299	40881720.00
2015/02/17	5.01	5.14	4.96	5.07	1582980	36018880.00
2015/02/25	5.11	5.11	4.94	4.99	1485048	33551444.00
2015/02/26	5.04	5.16	4.97	5.15	2227853	50716000.00
2015/02/27	5.12	5.27	5.08	5.18	2379277	55814764.00
2015/03/02	5.24	5.57	5.14	5.53	5092949	123751608.00
2015/03/03	5.49	5.66	5.42	5.58	3714175	93220872.00
2015/03/04	5.69	6.14	5.60	6.14	4736859	128587752.00
2015/03/05	6.22	6.53	6.14	6.21	4521088	127663432.00
2015/03/06	6.13	6.21	5.92	6.04	3019443	81778840.00
2015/03/09	6.07	6.25	6.00	6.21	2605540	72085616.00
2015/03/10	6.21	6.32	6.15	6.21	1942591	54400696.00
2015/03/11	6.19	6.44	6.07	6.27	3078108	86547104.00
2015/03/12	6.20	6.37	6.15	6.29	2639475	74233696.00
2015/03/13	6.29	6.66	6.29	6.52	3422563	99690440.00
2015/03/16	6.65	6.66	6.41	6.56	2959302	86876080.00
2015/03/17	6.56	6.56	6.42	6.47	2715343	78951064.00
2015/03/18	6.51	6.89	6.51	6.76	2854803	86818984.00
2015/03/19	7.09	7.43	6.83	7.43	5544111	180839664.00
2015/03/20	7.36	7.49	7.17	7.44	3452248	114223920.00
2015/03/23	7.51	8.00	7.44	7.70	3096313	108479824.00
2015/03/24	7.74	7.74	7.27	7.52	3536340	118875648.00
2015/03/25	7.53	7.55	7.30	7.38	2648324	88025192.00
2015/03/26	7.38	7.52	7.02	7.22	2233881	73347280.00
2015/03/27	7.22	7.82	7.18	7.77	2817450	95945704.00
2015/03/30	7.77	7.92	7.56	7.72	2521339	87969936.00
2015/03/31	7.75	7.80	7.47	7.57	2005825	68276072.00
2015/04/01	7.53	7.94	7.50	7.66	2584608	90168032.00
2015/04/02	7.60	7.91	7.60	7.91	2322411	81049416.00
2015/04/03	7.82	7.90	7.71	7.77	1356940	47572276.00
2015/04/07	7.77	7.90	7.66	7.76	2047117	71187216.00
2015/04/08	7.76	7.86	7.49	7.56	2258588	78022232.00
2015/04/09	7.56	7.62	6.89	7.22	2657188	86461248.00
2015/04/10	7.24	7.57	7.12	7.52	2330620	77402536.00
2015/04/13	7.58	7.97	7.46	7.89	3482324	121517328.00
2015/04/14	7.97	7.98	7.51	7.56	3099726	106867864.00
2015/04/15	7.53	7.85	7.41	7.68	3774662	130176792.00
2015/04/16	7.62	7.67	7.11	7.48	1803910	60379632.00
2015/04/17	7.41	7.58	7.24	7.27	2427647	79928624.00
2015/04/20	7.31	7.40	7.12	7.23	2293764	74729184.00
2015/04/21	7.23	7.51	7.19	7.51	1789806	59373344.00
2015/04/22	7.51	7.66	7.42	7.56	1645660	55932352.00
2015/04/23	7.57	7.65	7.42	7.61	1814786	61604684.00
2015/04/24	7.98	7.98	7.43	7.58	3070257	106376176.00
2015/04/27	7.71	7.93	7.60	7.78	3035844	106540976.00
2015/04/28	7.80	7.84	7.33	7.42	2079834	70795688.00
2015/04/29	7.34	7.70	7.19	7.70	2423408	81878736.00
2015/04/30	7.70	8.47	7.69	8.24	5093625	188758448.00
2015/05/04	8.24	8.88	8.00	8.55	4409511	170365984.00
2015/05/05	8.64	8.67	7.78	8.05	3406935	125918504.00
2015/05/06	8.07	8.23	7.46	7.59	2965263	105771736.00
2015/05/07	7.54	7.92	7.46	7.77	2833936	97640984.00
2015/05/08	7.86	8.08	7.78	7.98	2501790	89283360.00
2015/05/11	8.00	8.51	7.90	8.39	3848410	141236480.00
2015/05/12	8.40	8.73	8.17	8.64	4649010	176435888.00
2015/05/13	8.62	8.99	8.22	8.97	5774547	229448800.00
2015/05/14	8.93	9.86	8.84	9.86	4393756	189817104.00
2015/05/15	10.07	10.07	9.51	9.71	2683035	117674992.00
2015/05/18	9.71	9.89	9.50	9.59	1819150	79274504.00
2015/05/19	9.59	10.00	9.55	9.99	3047755	133310744.00
2015/05/20	9.97	10.62	9.93	10.16	3272507	150954176.00
2015/05/21	10.24	10.32	9.96	10.06	2500795	113571664.00
2015/05/22	10.22	10.22	9.64	9.78	3177170	140920576.00
2015/05/25	9.76	9.78	9.33	9.75	3879957	166435216.00
2015/05/26	9.75	10.18	9.74	10.00	3372123	151915280.00
2015/05/27	10.06	11.00	9.60	10.58	4560116	210194576.00
2015/05/28	10.57	11.07	9.53	9.53	5535518	255273968.00
2015/05/29	9.51	9.77	8.67	9.56	4612480	195541360.00
2015/06/01	9.53	10.02	9.53	9.99	3360914	148220272.00
2015/06/02	9.99	10.68	9.99	10.62	4831307	227080224.00
2015/06/03	10.64	11.24	10.51	10.79	4892214	238980688.00
2015/06/04	10.66	11.40	10.00	10.65	3086605	145080848.00
2015/06/05	10.71	11.08	10.23	10.59	3325163	160002928.00
2015/06/08	10.64	10.64	10.25	10.34	3912301	182253952.00
2015/06/09	10.34	10.40	9.71	9.88	3429302	154673968.00
2015/06/10	9.88	10.28	9.62	10.18	2799381	126966936.00
2015/06/11	10.09	10.27	9.90	10.13	1804776	81749840.00
2015/06/12	10.13	10.86	10.13	10.64	4074221	194633008.00
2015/06/15	10.80	11.11	10.56	10.68	3926618	190334432.00
2015/06/16	10.67	10.67	10.07	10.26	2797053	130895000.00
2015/06/17	10.38	10.66	9.76	10.58	2633973	121157160.00
2015/06/18	10.58	11.05	10.37	10.44	3226093	155839712.00
2015/06/19	10.00	10.00	9.39	9.39	4116499	178921712.00
2015/06/23	9.16	9.49	8.45	8.96	3155635	125647064.00
2015/06/24	9.07	9.29	8.78	9.02	2187844	89253360.00
2015/06/25	9.05	9.19	8.22	8.50	2231607	88465464.00
2015/06/26	8.33	8.33	7.65	7.65	2375723	83646128.00
2015/06/29	7.89	7.89	6.89	6.89	4838675	155475824.00
2015/06/30	6.67	7.11	6.20	7.02	6365386	188922992.00
2015/07/01	6.89	7.19	6.42	6.42	5666900	176150496.00
2015/07/02	6.27	6.40	5.78	5.78	5030852	135770912.00
2015/07/03	5.22	5.67	5.20	5.20	4603733	109880312.00
2015/07/06	5.72	5.72	4.68	4.72	8281886	185755920.00
2015/07/07	4.36	5.11	4.25	5.09	8746261	178257744.00
2015/07/15	5.60	5.60	5.60	5.60	187729	4728893.50
2015/07/16	5.46	6.16	5.04	6.04	8196449	208863200.00
2015/07/17	6.00	6.53	5.91	6.30	5824979	165290976.00
2015/07/20	6.28	6.93	6.14	6.93	6868628	202338464.00
2015/07/21	6.74	7.44	6.67	7.10	6344265	204065888.00
2015/07/22	6.96	7.14	6.64	6.92	4651185	144498112.00
2015/07/23	6.89	7.54	6.71	7.26	3547811	112985904.00
2015/07/24	7.37	7.37	6.96	7.00	3409165	110498952.00
2015/07/27	6.71	7.30	6.30	6.30	5302704	163430096.00
2015/07/28	5.75	6.40	5.67	5.87	4343889	116508576.00
2015/07/29	5.91	6.45	5.56	6.45	4279885	116838288.00
2015/07/30	6.67	7.10	6.67	7.00	10135267	319183904.00
2015/07/31	6.68	6.93	6.32	6.47	5826364	175888000.00
2015/08/03	6.24	6.96	6.22	6.66	6125051	184095728.00
2015/08/04	6.83	7.16	6.72	7.15	5504934	170982512.00
2015/08/05	6.89	7.47	6.89	7.21	6388556	208543008.00
2015/08/06	7.11	7.46	7.11	7.22	4165256	136650464.00
2015/08/07	7.35	7.44	7.11	7.38	3917787	128586832.00
2015/08/10	7.38	7.91	7.27	7.79	5551720	191437584.00
2015/08/11	7.93	8.22	7.78	7.89	6120100	219780368.00
2015/08/12	7.70	7.87	7.62	7.87	3628070	126499208.00
2015/08/13	7.84	7.98	7.72	7.94	3129836	111113784.00
2015/08/14	7.98	8.10	7.87	7.90	2879561	103392280.00
2015/08/17	7.86	7.86	7.60	7.78	2635518	91233896.00
2015/08/18	7.69	7.78	7.00	7.00	4189958	138036096.00
2015/08/19	6.87	7.55	6.51	7.38	3979660	124353880.00
2015/08/20	7.33	7.44	7.18	7.18	2265462	74333928.00
2015/08/21	7.02	7.13	6.48	6.51	1991202	60800004.00
2015/08/24	6.01	6.22	5.86	5.86	2176700	57502276.00
2015/08/25	5.27	5.41	5.27	5.27	1560217	37104692.00
2015/09/02	4.74	5.44	4.74	4.74	4949555	107580600.00
2015/09/07	4.80	4.96	4.40	4.51	4467162	96155376.00
2015/09/08	4.51	4.96	4.12	4.67	4803277	95798648.00
2015/09/09	4.70	4.96	4.66	4.90	5253987	114126216.00
2015/09/10	4.89	5.16	4.76	4.96	5292703	119718312.00
2015/09/11	4.90	5.07	4.84	4.95	2978937	66301624.00
2015/09/14	5.00	5.04	4.45	4.45	4281711	90120784.00
2015/09/15	4.24	4.45	4.02	4.03	2928465	55512964.00
2015/09/16	4.11	4.43	4.03	4.42	3641702	69362576.00
2015/09/17	4.38	4.57	4.29	4.34	4056353	81488184.00
2015/09/18	4.38	4.51	4.31	4.43	2385816	47168628.00
2015/09/21	4.39	4.72	4.38	4.69	3953102	81584912.00
2015/09/22	4.73	4.88	4.58	4.82	6404788	135500416.00
2015/09/23	4.70	4.81	4.67	4.74	3858539	82152552.00
2015/09/24	4.82	5.21	4.68	5.21	5716938	127092728.00
2015/09/25	5.20	5.63	5.11	5.38	6900846	167375440.00
2015/09/28	5.53	5.87	5.33	5.77	5240262	132435184.00
2015/09/29	5.53	5.64	5.33	5.38	4767998	117370104.00
2015/09/30	5.47	5.47	5.06	5.19	4556950	106575408.00
2015/10/08	5.38	5.69	5.29	5.58	5207811	128304776.00
2015/10/09	5.58	6.11	5.51	6.04	5715034	149123696.00
2015/10/12	6.03	6.56	5.91	6.18	6348963	176330384.00
2015/10/13	6.05	6.26	6.00	6.16	4327277	119540024.00
2015/10/14	6.06	6.73	6.06	6.51	7480294	218168416.00
2015/10/15	6.49	7.10	6.38	7.09	5515619	165947776.00
2015/10/16	7.16	7.38	6.94	7.06	6269406	202802832.00
2016/04/19	7.77	7.77	7.53	7.77	5548946	193433600.00
2016/04/20	8.00	8.40	7.59	7.75	13639697	488520704.00
2016/04/21	7.52	7.65	7.01	7.02	6936351	227516224.00
2016/04/22	6.88	7.24	6.58	6.95	4433970	137901344.00
2016/04/25	7.11	7.65	7.08	7.65	6401973	212821184.00
2016/04/26	7.57	8.41	7.56	8.37	9109729	336123104.00
2016/04/27	8.20	9.20	7.97	9.20	13916913	536177952.00
2016/05/30	9.20	9.22	8.28	9.22	9114600	360958784.00
2016/05/31	8.89	9.15	8.71	9.01	9351628	375390752.00
2016/06/01	8.84	9.82	8.80	9.74	9846434	412741920.00
2016/06/02	9.67	9.89	9.39	9.57	26475702	458820640.00
2016/06/03	8.73	9.32	8.61	8.70	61972486	978005440.00
2016/06/06	8.54	9.28	8.43	9.02	51336454	828712000.00
2016/06/07	8.89	8.98	8.67	8.73	23160557	366606688.00
2016/06/08	8.72	8.89	8.24	8.43	23048714	353372224.00
2016/06/13	8.28	8.28	7.59	7.59	18045318	257187024.00
2016/06/14	7.40	7.61	7.39	7.44	10006181	134359584.00
2016/06/15	7.38	7.94	7.28	7.82	14106720	196296096.00
2016/06/16	7.83	8.00	7.78	7.83	10201531	144693552.00
2016/06/17	7.86	7.99	7.61	7.78	8969561	125945936.00
2016/06/20	8.06	8.22	8.00	8.09	14256825	207756256.00
2016/06/21	8.00	8.06	7.78	7.81	10191914	145179008.00
2016/06/22	7.66	7.88	7.66	7.84	5949675	83666720.00
2016/06/23	7.78	7.83	7.53	7.56	12337996	169797360.00
2016/06/24	7.61	7.67	7.30	7.47	10049252	136165248.00
2016/06/27	7.47	7.83	7.38	7.79	10915807	151281648.00
2016/06/28	7.74	7.78	7.64	7.76	7494159	104098184.00
2016/06/29	7.78	8.06	7.68	7.94	11389035	160737040.00
2016/06/30	7.95	7.97	7.81	7.85	7023085	99464352.00
2016/07/01	7.86	8.12	7.82	7.97	10808510	155702544.00
2016/07/04	8.08	8.61	8.08	8.58	20737526	316548896.00
2016/07/05	8.64	9.28	8.40	9.16	24752775	392076096.00
2016/07/06	9.13	9.61	8.75	9.39	27151499	454938976.00
2016/07/07	9.39	9.59	9.11	9.24	19669322	329795072.00
2016/07/08	9.17	9.24	8.91	9.11	14932929	243437696.00
2016/07/11	9.11	9.53	9.02	9.10	15173658	253515200.00
2016/07/12	9.10	9.26	8.97	9.19	11907863	196118064.00
2016/07/13	9.27	9.81	9.25	9.51	22923932	393145344.00
2016/07/14	9.58	9.78	9.38	9.78	14039579	241202640.00
2016/07/15	10.00	10.17	9.39	9.59	19360102	336960064.00
2016/07/18	9.76	9.77	8.64	8.78	25219595	410119776.00
2016/07/19	8.75	8.81	8.39	8.81	14389764	221823296.00
2016/07/20	8.81	9.00	8.63	8.96	15068728	239880992.00
2016/07/21	8.91	9.16	8.81	8.89	18197342	295174912.00
2016/07/22	8.97	8.97	8.67	8.71	9767331	153862672.00
2016/07/25	8.71	8.86	8.56	8.86	8173622	127848320.00
2016/07/26	8.94	8.99	8.72	8.88	10045285	160916048.00
2016/07/27	8.84	9.02	8.06	8.54	14112062	218477744.00
2016/07/28	8.09	8.63	8.09	8.56	7415987	113305904.00
2016/07/29	8.54	8.78	8.46	8.74	10864972	168521152.00
2016/08/01	8.68	8.86	8.61	8.76	10250883	160902992.00
2016/08/02	8.77	8.87	8.61	8.66	7114614	112049896.00
2016/08/03	8.64	9.00	8.51	8.99	12032004	189647184.00
2016/08/04	9.39	9.39	8.97	9.04	16633915	272741056.00
2016/08/05	9.03	9.28	8.94	9.14	12339979	203170608.00
2016/08/08	9.06	9.39	8.94	9.30	12555701	208798544.00
2016/08/09	9.39	9.44	9.15	9.22	11504111	191848784.00
2016/08/10	9.15	9.43	8.83	8.89	14802541	242717600.00
2016/08/11	8.87	8.88	8.56	8.61	11329512	177508352.00
2016/08/12	8.61	8.97	8.33	8.94	17429479	273648000.00
2016/08/15	8.89	9.13	8.78	8.96	14097346	228145984.00
2016/08/16	8.96	9.09	8.82	8.97	9796283	157173792.00
2016/08/17	8.90	9.04	8.86	8.97	6559966	105582256.00
2016/08/18	9.01	9.87	8.97	9.87	41020890	699359680.00
2016/08/19	9.81	10.83	9.72	10.34	47661230	869073728.00
2016/08/22	10.33	10.66	10.01	10.42	33272890	622701568.00
2016/08/23	10.56	10.67	10.01	10.31	21472742	403288192.00
2016/08/24	10.22	10.60	9.90	10.42	22428004	412178656.00
2016/08/25	10.49	10.64	10.18	10.47	23371552	440706464.00
2016/08/26	10.33	11.27	10.31	11.12	34506857	674067840.00
2016/08/29	11.08	11.35	10.88	11.11	24112463	481812096.00
2016/08/30	11.21	12.21	11.01	11.93	29995073	630347648.00
2016/08/31	11.81	12.20	11.56	11.79	23805273	509316064.00
2016/09/01	12.10	12.54	11.73	12.29	25406757	554475904.00
2016/09/02	12.43	13.50	12.10	13.25	35461933	821515968.00
2016/09/05	13.27	14.36	13.25	14.09	35819672	897230208.00
2016/09/06	14.07	14.63	13.61	14.06	36919185	940131712.00
2016/09/07	14.17	14.22	13.48	13.61	28871956	717935040.00
2016/09/08	13.83	14.94	13.58	14.94	35524775	904785856.00
2016/09/09	14.89	15.06	14.40	14.61	30247821	800194240.00
2016/09/12	13.89	14.97	13.51	13.68	20246477	514280032.00
2016/09/13	13.88	13.95	12.34	13.13	32387720	761261312.00
2016/09/14	13.03	13.73	12.83	13.34	25277556	606857216.00
2016/09/19	13.64	14.42	13.43	14.30	21648587	546464640.00
2016/09/20	14.16	14.44	13.78	14.08	15783942	400651360.00
2016/09/21	14.11	14.61	13.96	14.16	14959141	384695552.00
2016/09/22	14.32	14.50	13.94	13.96	13464552	343136256.00
2016/09/23	14.19	14.19	12.57	12.57	36987150	854132672.00
2016/09/26	12.00	12.99	12.00	12.61	28127829	631385984.00
2016/09/27	12.45	12.94	12.35	12.66	12386412	283702432.00
2016/09/28	12.63	12.76	12.17	12.26	10969883	243828656.00
2016/09/29	12.29	12.39	11.51	11.78	14071276	302525920.00
2016/09/30	11.78	12.25	11.67	11.83	9903800	213220256.00
2016/10/10	12.11	12.77	12.03	12.68	15716243	353491488.00
2016/10/11	12.82	13.93	12.66	13.72	22985539	553979200.00
2016/10/12	13.67	14.01	13.40	13.73	16171474	399554144.00
2016/10/13	13.89	14.12	13.51	14.00	16337626	408852064.00
2016/10/14	13.92	14.32	13.79	14.06	18217369	461942112.00
2016/10/17	13.89	14.55	13.84	14.31	22287218	571262336.00
2016/10/18	14.19	14.39	13.31	13.79	22646565	563103488.00
2016/10/19	13.83	13.83	13.11	13.50	21591893	522341696.00
2016/10/20	13.47	13.72	13.34	13.61	14203484	346532000.00
2016/10/21	13.47	13.81	13.19	13.42	12358808	299013696.00
2016/10/24	13.46	13.76	13.11	13.47	13629397	330602976.00
2016/10/25	13.60	14.32	13.35	14.06	28553913	709989568.00
2016/10/26	14.21	14.99	13.94	14.35	39711075	1032120640.00
2016/11/03	12.92	13.63	12.92	13.08	46891636	1108136704.00
2016/11/04	12.71	12.91	12.06	12.09	32059023	720239744.00
2016/11/07	12.06	12.53	12.00	12.31	16999665	377949792.00
2016/11/08	12.32	12.42	12.06	12.15	10999418	241257968.00
2016/11/09	12.15	12.21	11.56	11.74	18172403	385080128.00
2016/11/10	11.83	11.89	11.67	11.75	12750415	269640000.00
2016/11/11	11.72	11.82	11.50	11.64	13759244	287315360.00
2016/11/14	11.56	12.44	11.56	12.39	27320478	598778560.00
2016/11/15	12.39	12.48	12.06	12.36	13180856	291261632.00
2016/11/16	12.33	12.47	12.09	12.15	12014175	264264896.00
2016/11/17	12.14	12.14	11.72	11.76	14825480	315847456.00
2016/11/18	11.76	11.98	11.73	11.78	8948266	190745056.00
2016/11/21	11.80	11.95	11.67	11.87	8237510	175247136.00
2016/11/22	11.88	12.83	11.88	12.64	28969230	651981056.00
2016/11/23	12.66	12.91	12.36	12.77	21872359	497861760.00
2016/11/24	12.77	13.22	12.61	12.69	17884520	418407904.00
2016/11/25	12.72	13.14	12.24	13.08	20859035	480186624.00
2016/11/28	12.99	13.44	12.92	13.42	16518621	392429920.00
2016/11/29	13.30	13.64	13.02	13.09	13356160	321117152.00
2016/11/30	13.06	13.25	12.75	13.11	10449509	244129584.00
2016/12/01	13.11	13.67	13.10	13.54	16897226	411000288.00
2016/12/02	13.61	13.86	13.36	13.53	11023222	269607488.00
2016/12/05	13.67	13.69	13.07	13.18	10310904	249109392.00
2016/12/06	14.28	14.31	13.29	13.41	42933861	1067610240.00
2016/12/07	12.83	13.32	12.44	13.06	26544925	613833216.00
2016/12/08	12.83	12.98	12.51	12.57	18752405	429207744.00
2016/12/09	12.50	12.52	11.84	11.99	19262998	419095040.00
2016/12/12	12.06	12.27	11.42	11.50	14270158	305085888.00
2016/12/13	11.44	11.93	11.34	11.81	10269385	216065344.00
2016/12/14	11.67	11.92	11.51	11.62	8465575	178130448.00
2016/12/15	11.56	11.89	11.51	11.74	6700225	141667472.00
2016/12/16	11.79	11.88	11.67	11.85	7450724	158414448.00
2016/12/19	11.83	12.14	11.76	11.91	8414104	181405808.00
2016/12/23	11.94	12.39	11.92	12.01	9594102	209023280.00
2016/12/26	11.67	11.78	10.81	10.98	20529541	404460096.00
2016/12/27	10.58	10.89	10.19	10.64	23514108	443169600.00
2016/12/28	10.43	10.46	10.06	10.08	21218010	391669440.00
2016/12/29	9.83	9.83	9.45	9.61	24325439	422227168.00
2016/12/30	9.52	9.69	9.47	9.64	11909447	205987824.00
2017/01/03	9.69	9.71	9.56	9.65	9542759	165654608.00
2017/01/04	9.67	10.09	9.62	10.08	18004250	320953280.00
2017/01/05	10.04	10.18	9.94	9.95	10726410	194016288.00
2017/01/06	9.93	10.53	9.93	10.25	17924696	330687776.00
2017/01/09	10.18	10.42	10.12	10.22	8372031	154036944.00
2017/01/10	10.22	10.27	9.95	10.01	7713094	139965600.00
2017/01/11	9.98	9.98	9.75	9.82	6921571	122679904.00
2017/01/12	9.86	10.07	9.82	9.88	5178215	92615928.00
2017/01/13	9.91	9.99	9.57	9.66	4869017	85095320.00
2017/01/16	9.66	9.74	8.69	8.88	8541249	139881952.00
2017/01/17	8.88	9.15	8.74	9.09	6155012	99005256.00
2017/01/18	9.03	9.11	8.90	8.98	3705789	59879232.00
2017/01/19	9.01	9.05	8.77	8.78	3883985	62191908.00
2017/01/20	8.70	9.02	8.69	8.94	4014064	64594948.00
2017/01/23	8.97	9.43	8.97	9.30	6891410	115034832.00
2017/01/24	9.28	9.38	9.11	9.11	4548149	75344536.00
2017/01/25	9.15	9.36	9.15	9.33	4988069	83529736.00
2017/01/26	9.38	9.41	9.22	9.33	3565269	59792304.00
2017/02/03	9.36	9.41	9.29	9.32	2974956	50072700.00
2017/02/06	9.35	9.94	9.35	9.68	6994714	122200200.00
2017/02/07	9.61	9.79	9.56	9.60	4549993	78773840.00
2017/02/08	9.60	9.72	9.58	9.67	3880520	67400808.00
2017/02/09	9.71	9.82	9.61	9.78	5006480	87705880.00
2017/02/10	9.76	10.11	9.76	9.99	9589977	171544256.00
2017/02/13	9.89	9.96	9.75	9.85	6704859	118760552.00
2017/02/14	9.85	9.93	9.70	9.74	4991351	87801728.00
2017/02/15	9.74	9.77	9.45	9.46	5870781	101283872.00
2017/02/16	9.38	9.69	9.38	9.58	4595499	79278464.00
2017/02/17	9.58	9.58	9.33	9.34	5587024	94699800.00
2017/02/20	9.38	9.38	9.22	9.30	4820466	80493256.00
2017/02/21	9.29	9.43	9.28	9.41	5675202	95735464.00
2017/02/22	9.42	9.65	9.35	9.65	7835334	133771240.00
2017/02/23	9.61	9.61	9.34	9.46	9100022	154552288.00
2017/02/24	9.36	9.53	9.36	9.47	5496201	93483848.00
2017/02/27	9.47	9.47	9.26	9.28	5670524	95508968.00
2017/02/28	9.28	9.46	9.28	9.34	4878409	82299040.00
2017/03/01	9.33	9.38	9.26	9.28	5742344	96091248.00
2017/03/02	9.25	9.30	9.12	9.13	5719721	94734120.00
2017/03/03	9.18	9.33	9.02	9.32	7523003	124140320.00
2017/03/06	9.26	9.43	9.26	9.37	6919160	116556680.00
2017/03/07	9.36	9.43	9.24	9.34	5509453	92325464.00
2017/03/08	9.31	9.32	9.17	9.21	5376556	89338576.00
2017/03/09	9.17	9.22	9.04	9.06	5786265	94766552.00
2017/03/10	9.02	9.25	9.01	9.14	6377904	105039048.00
2017/03/13	9.14	9.17	9.01	9.07	6235288	101520928.00
2017/03/14	9.06	9.11	8.89	8.91	7972636	128990176.00
2017/03/15	8.89	8.89	8.80	8.88	7892921	125475136.00
2017/03/16	8.89	9.04	8.89	8.96	6594313	106320304.00
2017/03/17	8.98	9.19	8.94	9.04	10875618	177509152.00
2017/03/20	9.01	9.11	8.95	9.04	6483986	105398128.00
2017/03/21	9.07	9.07	8.83	8.94	6269942	101231712.00
2017/03/22	8.83	8.93	8.78	8.78	7014990	111417440.00
2017/03/23	8.79	8.92	8.74	8.85	5305615	84382080.00
2017/03/24	8.87	9.07	8.83	9.03	8606238	138563568.00
2017/03/27	9.03	9.08	8.94	8.95	6793944	110017248.00
2017/03/28	8.92	8.99	8.83	8.87	4627622	74000864.00
2017/03/29	8.88	8.93	8.78	8.84	3785704	60308980.00
2017/03/30	8.81	8.84	8.33	8.43	8078998	124476856.00
2017/03/31	8.44	8.71	8.44	8.57	4626725	71303768.00
2017/04/05	8.79	8.93	8.78	8.91	8565905	136699344.00
2017/04/06	8.85	9.21	8.81	9.19	16763686	273995040.00
2017/04/07	9.23	9.23	8.96	9.03	10703110	174878496.00
2017/04/10	8.99	9.89	8.79	9.53	24052610	406238112.00
2017/04/11	9.40	9.71	9.36	9.66	20440453	351422624.00
2017/04/12	9.50	9.66	9.39	9.52	13218184	225597168.00
2017/04/21	9.47	9.47	8.57	8.83	14920300	243658864.00
2017/04/24	8.67	8.83	7.94	7.94	12198538	179654000.00
2017/04/25	7.93	8.49	7.93	8.06	7885130	116138616.00
2017/04/26	7.99	8.40	7.93	8.29	9490407	139055488.00
2017/04/27	8.14	8.17	7.89	8.08	8056513	116694168.00
2017/04/28	8.11	8.12	7.96	8.01	5004146	72207544.00
2017/05/02	7.99	8.14	7.97	8.04	4814526	69776168.00
2017/05/03	8.08	8.09	7.91	7.98	4888848	70215864.00
2017/05/04	7.89	8.76	7.84	8.38	14618824	220271504.00
2017/05/05	8.23	8.39	8.11	8.16	8116273	120123544.00
2017/05/08	8.14	8.14	7.85	7.86	5093478	73161504.00
2017/05/09	7.82	7.99	7.82	7.95	3357753	47765500.00
2017/05/10	8.06	8.54	7.96	8.07	9727751	144436560.00
2017/05/11	7.83	8.02	7.58	7.90	8517096	119947024.00
2017/05/12	7.87	7.93	7.79	7.90	4463356	63162424.00
2017/05/15	7.87	7.93	7.73	7.77	3602138	50779916.00
2017/05/16	7.07	7.51	7.07	7.44	12068401	158333056.00
2017/05/17	7.33	7.70	7.24	7.53	8447384	114339208.00
2017/05/18	7.42	7.51	7.32	7.33	5451969	72560952.00
2017/05/19	7.44	7.44	7.23	7.26	5936101	78105152.00
2017/05/22	7.22	7.22	6.57	6.59	14090700	173767536.00
2017/05/23	6.59	6.77	6.34	6.37	6165680	72737904.00
2017/09/21	6.37	6.37	6.37	6.37	0	0.00
数据来源:通达信
