002354 天神娱乐 日线 前复权
      日期	    开盘	    最高	    最低	    收盘	    成交量	    成交额
2010/02/09	5.94	6.21	5.65	6.09	15527054	270204800.00
2010/02/10	5.68	5.84	5.51	5.65	8639947	145100048.00
2010/02/11	5.53	5.68	5.43	5.54	4471252	73344592.00
2010/02/12	5.60	5.73	5.52	5.67	4437664	73731664.00
2010/02/22	5.67	5.86	5.61	5.69	4206198	71477992.00
2010/02/23	5.64	5.67	5.51	5.66	2776892	45920048.00
2010/02/24	5.61	5.91	5.60	5.83	5202491	89158112.00
2010/02/25	5.84	6.21	5.79	6.21	6940741	122778472.00
2010/02/26	6.17	6.25	5.98	6.03	6423230	115738416.00
2010/03/01	6.04	6.24	6.02	6.17	3853386	69603648.00
2010/03/02	6.28	6.28	6.03	6.08	3112117	56249668.00
2010/03/03	6.03	6.14	5.99	6.11	1890089	33865884.00
2010/03/04	6.10	6.17	5.81	5.81	2620388	46138896.00
2010/03/05	5.82	5.96	5.78	5.94	2368296	40999908.00
2010/03/08	5.93	5.99	5.89	5.96	1303782	22876420.00
2010/03/09	5.93	5.94	5.83	5.92	1379509	23982494.00
2010/03/10	5.94	5.95	5.84	5.89	1200116	20854174.00
2010/03/11	5.86	5.94	5.75	5.91	1540553	26666084.00
2010/03/12	5.87	6.03	5.87	5.90	2503898	44031208.00
2010/03/15	5.87	5.89	5.75	5.84	1255751	21551544.00
2010/03/16	5.82	5.86	5.77	5.85	952435	16393549.00
2010/03/17	5.84	5.98	5.83	5.97	1739740	30514276.00
2010/03/18	5.98	6.17	5.92	6.13	4514431	80885496.00
2010/03/19	6.09	6.17	6.04	6.11	2877377	51782564.00
2010/03/22	6.08	6.24	6.01	6.07	1819716	32704654.00
2010/03/23	6.12	6.27	6.10	6.24	4140799	75492648.00
2010/03/24	6.33	6.90	6.33	6.90	8799079	173338992.00
2010/03/25	7.25	7.62	7.25	7.62	7697862	169033056.00
2010/03/26	7.63	7.89	7.36	7.79	6622015	147971840.00
2010/03/29	8.03	8.61	7.86	8.61	7349442	175758240.00
2010/03/30	8.63	9.50	8.53	9.32	8041099	210961344.00
2010/03/31	9.34	9.68	9.15	9.46	6580127	178797936.00
2010/04/01	9.46	10.18	9.26	10.15	6757931	188060544.00
2010/04/02	10.11	10.75	9.87	10.57	7572247	226191040.00
2010/04/06	10.39	10.39	9.48	9.78	7414336	211816144.00
2010/04/07	9.53	9.89	9.47	9.71	7211780	201740336.00
2010/04/08	9.48	9.66	9.34	9.62	6385258	175614048.00
2010/04/09	9.48	9.57	9.39	9.46	3900356	107024760.00
2010/04/12	9.50	9.71	9.21	9.29	5352765	146429888.00
2010/04/13	9.21	9.39	8.69	9.03	5155577	134897120.00
2010/04/14	8.95	9.21	8.89	9.08	2036716	53595404.00
2010/04/15	9.03	9.14	8.71	8.88	2458632	63485412.00
2010/04/16	8.81	9.11	8.78	9.03	2459798	64150348.00
2010/04/19	8.89	9.17	8.38	8.41	2635009	67559328.00
2010/04/20	8.31	8.48	8.18	8.43	2079521	50493404.00
2010/04/21	8.48	8.82	8.45	8.75	2891985	72674240.00
2010/04/22	8.67	8.95	8.50	8.67	2659897	67809984.00
2010/04/23	8.61	8.69	8.20	8.33	2351878	57576460.00
2010/04/26	8.36	8.66	8.31	8.43	1598502	39451348.00
2010/04/27	8.37	8.50	7.63	7.85	2632298	60810320.00
2010/04/28	7.75	7.89	7.54	7.76	1794569	40295764.00
2010/04/29	7.78	7.88	7.48	7.52	1738480	39294512.00
2010/04/30	7.50	7.82	7.36	7.70	2227926	49886424.00
2010/05/04	7.61	7.89	7.51	7.69	1397311	31348190.00
2010/05/05	7.61	8.09	7.50	7.97	2573505	59086148.00
2010/05/06	7.93	7.95	7.25	7.25	2381233	53433836.00
2010/05/07	7.00	7.30	6.94	7.20	2122015	44134912.00
2010/05/10	7.17	7.17	6.65	6.86	4879952	98298032.00
2010/05/11	6.95	7.04	6.64	6.78	2598517	52276656.00
2010/05/12	6.78	7.00	6.70	6.89	2888501	58255904.00
2010/05/13	6.92	7.10	6.52	7.09	3920958	77672136.00
2010/05/14	6.97	7.16	6.82	7.00	3521356	72009760.00
2010/05/17	6.87	7.34	6.71	6.80	5145085	106469464.00
2010/05/18	6.78	7.06	6.43	7.00	3783289	74697200.00
2010/05/19	6.91	7.30	6.68	7.21	5750760	118095576.00
2010/05/20	7.07	7.23	6.46	6.46	5179170	104163864.00
2010/05/21	6.11	6.43	5.94	6.36	4916053	89375288.00
2010/05/24	6.28	6.82	6.27	6.74	5301432	103144320.00
2010/05/25	6.61	6.69	6.44	6.48	3547140	68245120.00
2010/05/26	6.50	6.71	6.50	6.56	2497982	48409396.00
2010/05/27	6.51	6.88	6.33	6.85	4216129	82229672.00
2010/05/28	6.91	7.14	6.84	6.98	5351038	109569424.00
2010/05/31	6.91	7.71	6.75	7.38	7976658	169495952.00
2010/06/01	7.20	7.42	6.85	7.07	4701308	98244480.00
2010/06/02	7.00	7.29	6.85	7.25	3214699	66970488.00
2010/06/03	7.25	7.30	6.91	6.93	3543208	73743448.00
2010/06/04	6.87	6.88	6.59	6.68	2470024	48612556.00
2010/06/07	6.57	6.86	6.48	6.80	2408346	47444868.00
2010/06/08	6.81	6.99	6.71	6.87	2373237	47803108.00
2010/06/09	6.96	7.16	6.89	7.12	3077010	63564552.00
2010/06/10	7.17	7.41	7.12	7.14	3309628	70266808.00
2010/06/11	7.13	7.68	7.04	7.45	5578472	119667016.00
2010/06/17	7.45	7.60	7.11	7.11	3668823	79109616.00
2010/06/18	7.02	7.06	6.38	6.50	3165221	62622364.00
2010/06/21	6.46	6.71	6.31	6.71	1875535	36323388.00
2010/06/22	6.66	6.81	6.66	6.71	1624959	32133388.00
2010/06/23	6.71	7.03	6.61	7.03	2681048	53833308.00
2010/06/24	7.03	7.10	6.89	6.96	1935289	39679656.00
2010/06/25	6.92	6.92	6.62	6.65	1621395	31992822.00
2010/06/28	6.71	6.71	6.48	6.57	1130087	21888118.00
2010/06/29	6.64	6.81	6.10	6.18	2206814	42197908.00
2010/07/01	5.96	6.43	5.80	6.21	2543880	45252492.00
2010/07/02	6.07	6.19	5.84	6.09	1588315	28374922.00
2010/07/05	5.93	6.18	5.86	6.08	1065497	19007818.00
2010/07/06	6.03	6.32	6.03	6.29	1674098	30752560.00
2010/07/07	6.33	6.37	6.13	6.31	1512292	27918416.00
2010/07/08	6.30	6.39	6.14	6.33	1755895	32475860.00
2010/07/09	6.34	6.54	6.33	6.49	2272686	43164064.00
2010/07/12	6.57	6.91	6.56	6.60	3228764	63698844.00
2010/07/13	6.46	6.46	6.18	6.40	1888383	35350344.00
2010/07/14	6.38	6.52	6.31	6.44	1420098	26933248.00
2010/07/15	6.42	6.49	6.15	6.16	1344822	25069492.00
2010/07/16	6.11	6.15	5.93	6.07	1264481	22477180.00
2010/07/19	6.04	6.32	5.94	6.28	1178104	21462068.00
2010/07/20	6.28	6.55	6.23	6.55	1899960	35901620.00
2010/07/21	6.56	6.83	6.46	6.66	3306966	64792440.00
2010/07/22	6.54	6.82	6.46	6.76	3010748	58812492.00
2010/07/23	6.78	7.06	6.64	6.92	4134217	83279840.00
2010/07/26	6.83	6.89	6.71	6.80	2456662	49000224.00
2010/07/27	6.79	6.94	6.72	6.75	2120535	42429468.00
2010/07/28	6.75	6.95	6.68	6.91	2804552	56365296.00
2010/07/29	6.89	7.45	6.83	7.17	4240924	87891112.00
2010/07/30	7.07	7.13	6.93	6.99	2514098	51625848.00
2010/08/02	6.91	7.17	6.91	7.13	2328156	48250084.00
2010/08/03	7.11	7.16	6.85	6.85	2599952	53352596.00
2010/08/04	6.81	7.03	6.80	7.00	1743086	35302340.00
2010/08/05	7.01	7.12	6.89	6.97	1889065	38715972.00
2010/08/06	7.00	7.33	6.97	7.32	4607322	97165664.00
2010/08/09	7.37	8.08	7.37	8.08	6197787	142182272.00
2010/08/10	8.28	8.81	8.28	8.30	9877306	242466848.00
2010/08/11	8.11	8.32	7.91	8.20	4579199	108269624.00
2010/08/12	8.06	8.12	7.75	7.78	4072023	93952544.00
2010/08/13	7.76	7.87	7.54	7.82	3280495	74105352.00
2010/08/16	7.78	8.16	7.73	8.09	3652007	84681024.00
2010/08/17	8.18	8.20	7.92	8.00	2527698	58846820.00
2010/08/18	7.99	8.17	7.84	8.05	2659492	62043168.00
2010/08/19	8.06	8.06	7.75	7.82	2396262	55102800.00
2010/08/20	7.85	8.21	7.75	7.88	3841409	89690608.00
2010/08/23	7.88	7.99	7.63	7.68	2196414	49395304.00
2010/08/24	7.62	7.83	7.57	7.74	1759127	39520344.00
2010/08/25	7.74	7.75	7.35	7.36	1749626	38588276.00
2010/08/26	7.34	7.51	7.32	7.41	1239359	26841558.00
2010/08/27	7.36	7.69	7.36	7.68	1526310	33656736.00
2010/08/30	7.77	7.82	7.68	7.80	1814725	41086616.00
2010/08/31	7.75	7.80	7.59	7.76	1934252	43441556.00
2010/09/01	7.77	8.09	7.66	7.84	3435821	79338792.00
2010/09/02	7.89	8.07	7.69	8.01	2661224	61371084.00
2010/09/03	8.01	8.03	7.78	7.86	2127576	48869148.00
2010/09/06	7.89	7.96	7.54	7.59	1736054	38909896.00
2010/09/07	7.57	7.71	7.53	7.71	980016	21802640.00
2010/09/08	7.67	7.73	7.54	7.63	1379175	30607750.00
2010/09/09	7.65	7.66	7.36	7.40	1756112	38481572.00
2010/09/10	7.41	7.62	7.36	7.62	1376517	30118776.00
2010/09/13	7.66	7.81	7.57	7.76	1829705	41050592.00
2010/09/14	7.75	7.81	7.66	7.73	1644686	37105684.00
2010/09/15	7.73	7.78	7.43	7.50	1350992	29901156.00
2010/09/16	7.46	7.54	7.06	7.14	1266768	26856964.00
2010/09/17	7.11	7.21	6.99	7.04	577148	11997328.00
2010/09/20	7.04	7.21	6.89	6.92	774033	16043591.00
2010/09/21	6.93	7.00	6.57	6.58	1419063	27944576.00
2010/09/27	6.64	6.80	6.53	6.79	905952	17765724.00
2010/09/28	6.78	6.88	6.68	6.71	738842	14654319.00
2010/09/29	6.65	6.85	6.65	6.70	655384	12993323.00
2010/09/30	6.70	6.84	6.70	6.83	568346	11324026.00
2010/10/08	6.89	7.06	6.86	6.97	993803	20249434.00
2010/10/11	6.93	7.09	6.91	7.01	1187136	24364574.00
2010/10/12	7.01	7.07	6.93	6.96	1129708	23118044.00
2010/10/13	6.98	7.07	6.91	7.03	997667	20429374.00
2010/10/14	7.03	7.07	6.62	6.62	1586663	31843718.00
2010/10/15	6.64	6.71	6.41	6.46	1476835	28305626.00
2010/10/18	6.47	6.50	6.18	6.36	1052253	19483254.00
2010/10/19	6.36	6.66	6.35	6.64	1044059	20174526.00
2010/10/20	6.57	6.88	6.47	6.87	1472720	28994952.00
2010/10/21	6.84	6.85	6.68	6.81	882825	17503634.00
2010/10/22	6.78	6.93	6.75	6.92	1132643	22836558.00
2010/10/25	6.93	7.07	6.82	7.05	1368488	28084666.00
2010/10/26	7.06	7.10	6.85	6.94	1238848	25107208.00
2010/10/27	6.94	7.34	6.86	7.29	2982982	62346936.00
2010/10/28	7.19	7.21	7.05	7.14	1371486	28601308.00
2010/10/29	7.08	7.14	7.02	7.09	1097943	22791526.00
2010/11/01	7.13	7.71	7.08	7.71	4880127	106577952.00
2010/11/02	7.67	7.71	7.47	7.51	4125569	91369400.00
2010/11/03	7.46	7.46	7.06	7.07	2056408	43385144.00
2010/11/04	7.07	7.21	7.02	7.19	1003459	20987854.00
2010/11/05	7.28	7.28	7.11	7.17	1239210	25988504.00
2010/11/08	7.16	7.61	7.16	7.50	2200588	47610596.00
2010/11/09	7.51	7.52	7.31	7.38	1746826	37817544.00
2010/11/10	7.34	7.61	7.34	7.61	2576614	56617712.00
2010/11/11	7.62	7.81	7.42	7.42	3425013	76415168.00
2010/11/12	7.41	7.50	6.64	6.66	2975423	60880552.00
2010/11/15	6.66	6.81	6.51	6.78	1202261	23635596.00
2010/11/16	6.78	7.38	6.61	7.35	3141395	63999272.00
2010/11/17	7.11	8.00	7.01	7.53	6978587	154651008.00
2010/11/18	7.54	7.57	7.22	7.39	2622468	56474572.00
2010/11/19	7.40	7.64	7.18	7.55	3086756	67262088.00
2010/11/22	7.57	7.74	7.46	7.59	3201690	71018256.00
2010/11/23	7.53	7.53	7.13	7.35	1919484	40882508.00
2010/11/24	7.28	7.46	7.28	7.43	1589966	34324044.00
2010/11/26	7.46	7.46	7.13	7.19	1471160	31255944.00
2010/11/29	7.21	7.25	6.93	7.16	1225238	25453298.00
2010/11/30	7.15	7.15	6.68	6.81	1760145	35397784.00
2010/12/01	6.75	6.96	6.75	6.91	766166	15471858.00
2010/12/02	6.96	7.48	6.96	7.46	2830805	59784292.00
2010/12/03	7.36	7.63	7.25	7.46	4753943	104445672.00
2010/12/06	7.42	7.42	6.99	7.00	2081467	43459024.00
2010/12/07	6.94	7.12	6.83	7.08	916539	18707218.00
2010/12/08	7.06	7.06	6.85	6.87	1372695	27890302.00
2010/12/09	6.82	6.83	6.71	6.71	1002811	19886178.00
2010/12/10	6.68	6.81	6.57	6.79	628146	12395443.00
2010/12/13	6.79	7.41	6.79	7.40	2398585	49980116.00
2010/12/14	7.32	7.56	7.22	7.35	4321419	93572832.00
2010/12/15	7.32	7.32	7.07	7.14	2174147	45589444.00
2010/12/16	7.11	7.28	7.07	7.12	1259008	26456460.00
2010/12/17	7.12	7.24	7.07	7.23	860988	18098204.00
2010/12/20	7.28	7.34	6.88	7.00	1264208	26299402.00
2010/12/21	7.04	7.53	6.99	7.39	2759143	59019140.00
2010/12/22	7.36	7.39	7.23	7.30	1452213	30937982.00
2010/12/23	7.31	7.58	7.26	7.36	3168556	68900448.00
2010/12/24	7.25	7.31	6.94	7.05	1688332	35205500.00
2010/12/27	7.07	7.18	6.75	6.76	1252403	25460556.00
2010/12/28	6.76	7.21	6.67	7.11	2102598	43029168.00
2010/12/29	7.11	7.21	6.93	7.11	1640735	34088464.00
2010/12/30	7.11	7.14	6.83	6.94	1083690	22098704.00
2010/12/31	6.89	7.17	6.89	7.10	1042593	21558986.00
2011/01/04	7.12	7.46	7.04	7.41	2670992	56916468.00
2011/01/05	7.28	7.48	7.28	7.41	2379779	51190880.00
2011/01/06	7.44	7.71	7.18	7.64	4275173	93818800.00
2011/01/07	7.54	7.71	7.43	7.52	3029116	67036232.00
2011/01/10	7.53	7.71	7.36	7.40	2600139	57471204.00
2011/01/11	7.36	7.41	7.18	7.37	1493646	31835502.00
2011/01/12	7.32	7.46	7.09	7.14	1895442	40211388.00
2011/01/13	7.12	7.23	7.00	7.06	1230338	25503834.00
2011/01/14	7.00	7.21	6.89	7.18	1572340	32654814.00
2011/01/17	7.11	7.17	6.75	6.91	1353942	27456180.00
2011/01/18	6.86	7.09	6.84	7.09	933509	19112430.00
2011/01/19	7.08	7.21	6.93	7.16	1391440	28904918.00
2011/01/20	7.04	7.16	6.82	6.82	1226603	24951746.00
2011/01/21	6.75	6.97	6.74	6.92	808308	16301155.00
2011/01/24	6.92	6.95	6.39	6.39	1682363	32671952.00
2011/01/26	6.23	6.44	6.23	6.41	771397	14402875.00
2011/01/27	6.41	6.51	6.30	6.48	714754	13489671.00
2011/01/28	6.50	6.50	6.36	6.43	638129	12054110.00
2011/01/31	6.41	6.52	6.34	6.47	845645	15982331.00
2011/02/01	6.46	6.48	6.37	6.39	770721	14559371.00
2011/02/09	6.35	6.45	6.25	6.32	819909	15395050.00
2011/02/10	6.32	6.49	6.29	6.49	1372563	25905060.00
2011/02/11	6.50	6.64	6.49	6.61	1463065	28218494.00
2011/02/14	6.61	6.72	6.59	6.69	1473426	28775838.00
2011/02/15	6.69	6.71	6.61	6.61	1759397	34301136.00
2011/02/16	6.64	6.75	6.61	6.72	1563484	30699080.00
2011/02/17	6.73	6.92	6.61	6.81	1937659	38347924.00
2011/02/21	6.59	6.79	6.58	6.78	1301145	25567944.00
2011/02/22	6.77	6.77	6.53	6.55	1449713	28222800.00
2011/02/23	6.51	6.58	6.47	6.54	837526	16041891.00
2011/02/24	6.54	6.69	6.49	6.62	835969	16233773.00
2011/02/25	6.58	6.69	6.52	6.63	1019384	19842766.00
2011/02/28	6.57	6.66	6.52	6.66	1246413	24129654.00
2011/03/01	6.66	6.71	6.61	6.69	1474365	28899492.00
2011/03/02	6.64	6.64	6.51	6.64	1081416	20946464.00
2011/03/03	6.63	6.75	6.62	6.66	1605901	31560588.00
2011/03/04	6.66	6.74	6.61	6.74	1229391	24191908.00
2011/03/07	6.76	6.82	6.71	6.78	1683905	33413512.00
2011/03/08	6.79	6.79	6.71	6.78	1132738	22394864.00
2011/03/09	6.78	6.78	6.68	6.71	903141	17804670.00
2011/03/10	6.71	6.86	6.70	6.71	2128927	42263456.00
2011/03/11	6.75	6.89	6.71	6.77	2621546	52288196.00
2011/03/14	6.78	6.84	6.68	6.82	1746849	34601696.00
2011/03/15	6.78	6.78	6.46	6.53	1858071	35830732.00
2011/03/16	6.53	6.58	6.48	6.57	1461088	27994264.00
2011/03/17	6.48	6.65	6.47	6.65	1575769	30467198.00
2011/03/18	6.62	6.79	6.62	6.76	2121723	41943948.00
2011/03/21	6.73	6.80	6.71	6.77	1530714	30338354.00
2011/03/22	6.77	6.82	6.60	6.79	1337151	26451948.00
2011/03/23	6.78	6.91	6.78	6.84	2076857	41803328.00
2011/03/24	6.82	7.03	6.78	6.89	2160111	43753948.00
2011/03/25	6.86	7.01	6.78	6.89	2138708	43182772.00
2011/03/28	6.91	6.92	6.81	6.92	1668669	33543510.00
2011/03/29	6.94	7.13	6.91	6.98	5121538	105352120.00
2011/03/30	6.96	7.05	6.77	6.81	1895032	38086592.00
2011/03/31	6.81	6.85	6.49	6.53	1828647	35587568.00
2011/04/01	6.53	6.64	6.43	6.63	1052187	20207650.00
2011/04/06	6.62	6.62	6.48	6.59	856558	16466859.00
2011/04/07	6.57	6.58	6.49	6.57	816242	15673410.00
2011/04/08	6.53	6.60	6.53	6.58	723800	13967723.00
2011/04/11	6.57	6.57	6.47	6.48	894900	17158058.00
2011/04/12	6.48	6.52	6.45	6.49	652542	12428488.00
2011/04/13	6.47	6.56	6.47	6.54	623299	11965314.00
2011/04/14	6.56	6.60	6.54	6.58	777300	15006190.00
2011/04/15	6.58	6.59	6.47	6.50	732505	14042088.00
2011/04/18	6.44	6.44	6.16	6.21	2042753	37424040.00
2011/04/19	6.21	6.21	6.03	6.05	1454077	26112946.00
2011/04/20	6.05	6.15	6.05	6.14	611887	11013301.00
2011/04/21	6.14	6.17	6.07	6.12	608841	10973866.00
2011/04/22	6.11	6.18	6.06	6.15	1090124	19717038.00
2011/04/25	6.16	6.16	5.81	5.86	923759	16268696.00
2011/04/26	5.85	5.91	5.81	5.87	377519	6543440.00
2011/04/27	5.87	5.91	5.57	5.64	784994	13228338.00
2011/04/28	5.63	5.67	5.39	5.40	799129	13009218.00
2011/04/29	5.41	5.55	5.41	5.50	480061	7778730.00
2011/05/03	5.50	5.56	5.43	5.52	380704	6206776.00
2011/05/04	5.50	5.52	5.36	5.36	506709	8147777.00
2011/05/05	5.32	5.37	5.19	5.34	771700	12120644.00
2011/05/06	5.28	5.38	5.25	5.36	493476	7812942.00
2011/05/09	5.36	5.45	5.35	5.42	465226	7471670.00
2011/05/10	5.42	5.50	5.42	5.48	352130	5697305.50
2011/05/11	5.49	5.51	5.43	5.49	300125	4868174.50
2011/05/12	5.48	5.70	5.43	5.54	1035398	17128324.00
2011/05/13	5.56	5.63	5.50	5.53	449121	7382944.50
2011/05/16	5.59	5.59	5.42	5.48	316859	5148994.50
2011/05/17	5.44	5.67	5.44	5.52	814952	13409042.00
2011/05/18	5.52	5.54	5.38	5.54	1230300	19871870.00
2011/05/19	5.53	5.96	5.53	5.92	2656502	45151764.00
2011/05/20	5.89	5.94	5.71	5.86	2657199	45810744.00
2011/05/23	5.78	5.97	5.62	5.94	3652013	63371980.00
2011/05/24	5.87	5.87	5.58	5.71	1131617	19079838.00
2011/05/25	5.64	5.74	5.31	5.31	1173068	19112616.00
2011/05/26	5.31	5.50	5.31	5.49	1291483	20821200.00
2011/05/27	5.42	5.50	5.32	5.46	696518	11204395.00
2011/05/30	4.93	5.57	4.92	5.55	1275058	20861490.00
2011/05/31	5.46	5.66	5.39	5.60	1382508	22876820.00
2011/06/01	5.56	5.66	5.56	5.66	914595	15165076.00
2011/06/02	5.62	5.62	5.35	5.42	653320	10570110.00
2011/06/03	5.43	5.50	5.36	5.45	355668	5736348.50
2011/06/07	5.42	5.46	5.36	5.38	478445	7668590.50
2011/06/08	5.38	5.39	5.18	5.32	984024	15341426.00
2011/06/09	5.34	5.34	5.11	5.13	504740	7814146.50
2011/06/10	5.11	5.14	4.94	5.03	479420	7167881.00
2011/06/13	5.01	5.01	4.92	4.97	438116	6472307.50
2011/06/14	4.96	5.06	4.96	5.04	347166	5204079.00
2011/06/15	5.04	5.07	4.99	4.99	392248	5863034.00
2011/06/16	4.99	4.99	4.68	4.73	601867	8636092.00
2011/06/17	4.68	4.75	4.57	4.58	434183	6076502.00
2011/06/20	4.53	4.57	4.34	4.38	489261	6507456.00
2011/06/21	4.37	4.45	4.37	4.44	329111	4363748.00
2011/06/22	4.44	4.49	4.39	4.49	384760	5149970.50
2011/06/23	4.49	4.63	4.43	4.61	750075	10253505.00
2011/06/24	4.58	4.74	4.56	4.68	694528	9683932.00
2011/06/27	4.73	4.79	4.68	4.74	522832	7421379.50
2011/06/28	4.81	4.87	4.68	4.75	800100	11457048.00
2011/06/30	4.68	4.76	4.64	4.70	474525	6678733.50
2011/07/01	4.72	4.80	4.72	4.75	452785	6448444.50
2011/07/04	4.76	4.98	4.76	4.92	1077586	15697075.00
2011/07/05	4.88	4.97	4.88	4.94	1139181	16750861.00
2011/07/06	4.94	4.97	4.85	4.91	595089	8706235.00
2011/07/07	4.86	4.93	4.84	4.87	1132876	16517678.00
2011/07/08	4.86	4.91	4.78	4.84	426590	6173446.00
2011/07/11	4.85	4.86	4.74	4.84	582981	8365412.00
2011/07/12	4.77	4.81	4.69	4.69	602551	8533202.00
2011/07/13	4.67	4.84	4.67	4.83	724269	10351484.00
2011/07/14	4.84	5.34	4.84	5.00	2655289	40126860.00
2011/07/15	4.94	5.09	4.93	5.04	1641105	24565396.00
2011/07/18	5.31	5.58	5.24	5.46	4672164	74922448.00
2011/07/19	5.32	5.39	5.22	5.26	1928194	30334340.00
2011/07/20	5.28	5.30	5.10	5.19	1552439	23917006.00
2011/07/21	5.15	5.18	5.09	5.12	819414	12497910.00
2011/07/22	5.13	5.17	5.09	5.11	644423	9826029.00
2011/07/25	5.11	5.36	4.94	5.00	1785579	27249958.00
2011/07/26	4.97	5.07	4.78	5.06	1107901	16298479.00
2011/07/27	5.01	5.23	4.98	5.15	1276057	19432424.00
2011/07/28	5.08	5.12	5.03	5.08	749226	11314652.00
2011/07/29	5.14	5.15	4.92	4.93	606931	9081481.00
2011/08/01	4.91	5.00	4.86	4.89	494200	7249330.50
2011/08/02	4.89	4.89	4.77	4.84	540093	7746199.50
2011/08/03	4.77	4.97	4.72	4.92	644853	9417082.00
2011/08/04	4.93	5.02	4.91	4.93	479901	7095304.00
2011/08/05	4.80	4.84	4.72	4.78	601815	8607087.00
2011/08/08	4.98	5.21	4.81	4.97	3767861	56602644.00
2011/08/09	4.45	4.77	4.44	4.62	2278112	31122110.00
2011/08/10	4.67	4.77	4.56	4.69	1587065	22218530.00
2011/08/11	4.57	4.83	4.49	4.82	1478717	20950308.00
2011/08/12	4.87	4.98	4.81	4.88	1213337	17638766.00
2011/08/15	4.88	4.91	4.81	4.91	1021086	14822005.00
2011/08/16	4.91	4.98	4.86	4.90	962161	14127722.00
2011/08/17	4.94	4.98	4.86	4.86	814188	11919537.00
2011/08/18	4.86	4.87	4.65	4.65	862202	12209022.00
2011/08/19	4.56	4.72	4.51	4.69	784255	10938461.00
2011/08/23	4.68	4.80	4.67	4.80	639000	9073801.00
2011/08/24	4.87	4.92	4.80	4.81	868022	12570245.00
2011/08/25	4.82	4.93	4.78	4.91	1009009	14666419.00
2011/08/26	4.88	5.03	4.87	4.97	1499436	22184544.00
2011/08/29	4.96	4.97	4.82	4.89	746086	10917778.00
2011/08/30	4.91	4.96	4.78	4.78	864497	12621363.00
2011/08/31	4.73	4.82	4.69	4.74	534660	7560132.50
2011/09/01	4.74	4.81	4.69	4.72	552531	7829824.00
2011/09/02	4.68	5.02	4.65	4.99	1896201	27438426.00
2011/09/05	4.93	5.18	4.83	5.09	4619303	69561040.00
2011/09/06	5.00	5.03	4.89	4.93	1744997	25725298.00
2011/09/07	4.94	5.39	4.94	5.36	4322561	66969516.00
2011/09/08	5.30	5.36	5.21	5.22	3078958	48207820.00
2011/09/09	5.17	5.35	5.12	5.25	1773231	27526506.00
2011/09/13	5.14	5.21	5.04	5.13	1338309	20378454.00
2011/09/14	5.16	5.36	5.11	5.36	2421107	37818516.00
2011/09/15	5.28	5.36	5.24	5.27	1692673	26588926.00
2011/09/16	5.22	5.31	5.09	5.09	1647247	25440848.00
2011/09/19	5.04	5.20	5.01	5.11	1158209	17646574.00
2011/09/20	5.11	5.36	5.04	5.28	2115152	33009946.00
2011/09/21	5.27	5.42	5.21	5.39	2581180	40847560.00
2011/09/22	5.32	5.38	5.09	5.11	1712412	26722678.00
2011/09/23	4.99	5.07	4.75	4.82	1763273	25807564.00
2011/09/26	4.82	4.87	4.68	4.73	723369	10330935.00
2011/09/27	4.79	4.82	4.72	4.80	630892	8985047.00
2011/09/28	4.82	4.84	4.57	4.59	832893	11729045.00
2011/09/29	4.59	4.59	4.15	4.28	872750	11504302.00
2011/09/30	4.25	4.35	4.18	4.32	432000	5557067.00
2011/10/10	4.30	4.37	4.25	4.28	272400	3536422.50
2011/10/11	4.39	4.46	4.18	4.24	397597	5163414.00
2011/10/12	4.24	4.41	4.21	4.40	691652	9069800.00
2011/10/13	4.41	4.63	4.39	4.55	986374	13424925.00
2011/10/14	4.53	4.57	4.44	4.50	496772	6683623.00
2011/10/17	4.51	4.59	4.45	4.53	801123	10863770.00
2011/10/18	4.47	4.53	4.32	4.34	506677	6710641.50
2011/10/19	4.38	4.51	4.34	4.41	563363	7486372.50
2011/10/20	4.38	4.42	4.14	4.17	660582	8513405.00
2011/10/21	4.18	4.23	4.01	4.02	423184	5219299.00
2011/10/24	4.04	4.11	3.92	4.10	419597	5104713.50
2011/10/25	4.11	4.23	4.03	4.21	699390	8742943.00
2011/10/26	4.16	4.27	4.12	4.19	639009	8104191.50
2011/10/27	4.23	4.29	4.18	4.21	483886	6176457.50
2011/10/28	4.25	4.38	4.25	4.34	761824	9873430.00
2011/10/31	4.32	4.41	4.28	4.35	584708	7645463.50
2011/11/01	4.32	4.39	4.28	4.37	554903	7248373.00
2011/11/02	4.27	4.50	4.26	4.49	872792	11512914.00
2011/11/03	4.49	4.96	4.48	4.96	3833180	54081572.00
2011/11/04	4.87	4.94	4.74	4.76	4058251	58717240.00
2011/11/07	4.68	4.71	4.57	4.64	1358850	18856948.00
2011/11/08	4.62	4.71	4.53	4.56	993359	13719877.00
2011/11/09	4.56	4.67	4.56	4.67	754908	10457183.00
2011/11/10	4.61	4.66	4.53	4.56	840873	11573691.00
2011/11/11	4.55	4.62	4.53	4.56	604265	8287343.00
2011/11/14	4.62	4.71	4.59	4.69	805355	11245764.00
2011/11/15	4.75	4.88	4.69	4.73	1021491	14597770.00
2011/11/16	4.71	4.71	4.50	4.53	1020441	14056574.00
2011/11/17	4.47	4.57	4.47	4.52	509238	6904360.50
2011/11/18	4.50	4.56	4.37	4.39	431266	5777939.50
2011/11/21	4.44	4.44	4.32	4.37	375313	4934546.50
2011/11/22	4.30	4.43	4.30	4.42	386410	5082993.50
2011/11/23	4.48	4.50	4.37	4.38	264183	3497289.25
2011/11/24	4.30	4.53	4.25	4.52	651342	8660925.00
2011/11/25	4.49	4.80	4.45	4.78	3569017	50104712.00
2011/11/28	4.73	4.87	4.55	4.61	2667927	37435580.00
2011/11/29	4.61	4.74	4.46	4.50	2737627	37289096.00
2011/11/30	4.44	4.44	4.03	4.09	2589975	33150212.00
2011/12/01	4.18	4.24	4.11	4.11	1493052	18811666.00
2011/12/02	4.07	4.10	3.95	4.00	756370	9182656.00
2011/12/05	4.01	4.06	3.95	3.99	475515	5755847.50
2011/12/06	3.99	4.00	3.91	3.98	500664	6005328.00
2011/12/07	3.98	4.03	3.93	4.02	345003	4175919.75
2011/12/08	3.98	4.06	3.92	4.02	488179	5909169.00
2011/12/09	4.00	4.02	3.94	3.94	333781	4003015.00
2011/12/12	3.96	3.99	3.93	3.95	356066	4263849.50
2011/12/13	3.94	3.94	3.68	3.68	643164	7345613.00
2011/12/14	3.68	3.71	3.58	3.59	300019	3338203.00
2011/12/15	3.57	3.57	3.41	3.42	629208	6684247.50
2011/12/16	3.43	3.52	3.40	3.52	374630	3966055.50
2011/12/19	3.49	3.49	3.36	3.48	600466	6318092.50
2011/12/20	3.46	3.64	3.44	3.50	676072	7327778.50
2011/12/21	3.54	3.58	3.41	3.41	506404	5433926.00
2011/12/22	3.29	3.37	3.07	3.23	655619	6503261.00
2011/12/26	3.25	3.31	3.21	3.23	342805	3428126.75
2011/12/27	3.22	3.23	3.09	3.10	269614	2626857.25
2011/12/28	3.06	3.08	2.98	3.04	327653	3068388.75
2011/12/29	2.98	3.12	2.98	3.05	248644	2354807.75
2011/12/30	3.10	3.13	3.06	3.11	232036	2231166.75
2012/01/04	3.36	3.46	3.25	3.46	1834520	19333580.00
2012/01/05	3.36	3.45	3.27	3.44	2892162	29826804.00
2012/01/06	3.35	3.52	3.29	3.47	1974061	20623112.00
2012/01/09	3.46	3.64	3.39	3.62	2251132	24343038.00
2012/01/10	3.57	3.74	3.52	3.69	2332794	25789872.00
2012/01/11	3.69	3.69	3.57	3.64	1641257	18105222.00
2012/01/12	3.57	3.72	3.57	3.58	1247039	13817363.00
2012/01/13	3.53	3.62	3.41	3.43	1283019	13687255.00
2012/01/16	3.43	3.50	3.28	3.28	698346	7296079.50
2012/01/17	3.29	3.56	3.26	3.53	1293298	13520510.00
2012/01/18	3.50	3.60	3.42	3.42	1356262	14543109.00
2012/01/19	3.40	3.53	3.36	3.43	864791	9156349.00
2012/01/20	3.45	3.50	3.45	3.46	439280	4675368.00
2012/01/30	3.49	3.52	3.41	3.45	362277	3842993.25
2012/01/31	3.46	3.59	3.39	3.58	937879	10070274.00
2012/02/01	3.57	3.59	3.47	3.49	658790	7114612.00
2012/02/02	3.50	3.61	3.47	3.61	1175195	12755562.00
2012/02/03	3.57	3.68	3.56	3.64	1206269	13331081.00
2012/02/06	3.68	3.78	3.60	3.66	1556730	17439892.00
2012/02/07	3.54	3.64	3.46	3.48	992318	10687715.00
2012/02/08	3.45	3.60	3.44	3.59	921781	9971126.00
2012/02/09	3.55	3.81	3.55	3.69	2211082	24973478.00
2012/02/10	3.66	3.73	3.56	3.71	1065172	11925260.00
2012/02/13	3.65	3.76	3.63	3.73	914895	10344876.00
2012/02/14	3.75	3.75	3.68	3.71	530555	5990716.50
2012/02/15	3.71	3.88	3.69	3.84	1252288	14452969.00
2012/02/16	3.81	4.03	3.80	3.91	2232539	26648110.00
2012/02/17	3.90	3.93	3.76	3.82	1308050	15136453.00
2012/02/20	3.86	3.88	3.78	3.78	1164742	13511564.00
2012/02/21	3.78	3.82	3.71	3.82	776475	8899031.00
2012/02/22	3.81	3.90	3.79	3.90	1386302	16246828.00
2012/02/23	3.89	3.92	3.83	3.90	1172256	13833563.00
2012/02/24	3.92	3.96	3.87	3.95	1280745	15210285.00
2012/02/27	3.96	4.03	3.92	3.92	1649727	19771382.00
2012/02/28	3.87	3.91	3.79	3.85	1008806	11771809.00
2012/02/29	3.86	3.96	3.79	3.90	1642263	19465852.00
2012/03/01	3.86	4.13	3.86	4.10	3523837	42911832.00
2012/03/02	4.29	4.29	4.00	4.07	2623591	32333510.00
2012/03/05	4.04	4.09	4.01	4.02	1250182	15244160.00
2012/03/06	4.03	4.04	3.93	3.96	866363	10407388.00
2012/03/07	3.93	4.06	3.89	3.95	1275481	15423568.00
2012/03/08	3.94	4.05	3.94	4.00	955772	11517459.00
2012/03/09	3.94	4.05	3.94	4.05	1226416	14856066.00
2012/03/12	4.05	4.09	4.01	4.08	983115	12029415.00
2012/03/13	4.07	4.12	4.05	4.10	1004916	12394191.00
2012/03/14	4.10	4.20	3.68	3.80	1790311	21741424.00
2012/03/15	3.79	3.84	3.64	3.68	864538	9758593.00
2012/03/16	3.76	4.08	3.75	4.08	2793886	34098900.00
2012/03/19	4.21	4.32	4.14	4.27	5625271	71739736.00
2012/03/20	4.21	4.21	4.05	4.08	2129723	26558014.00
2012/03/21	4.10	4.50	4.04	4.29	3497115	44741396.00
2012/03/22	4.25	4.28	4.12	4.17	1695346	21397658.00
2012/03/23	4.11	4.15	3.96	3.97	1188934	14505676.00
2012/03/26	4.00	4.01	3.77	3.86	1005189	11856751.00
2012/03/27	3.90	3.96	3.86	3.87	733304	8666736.00
2012/03/28	3.84	3.87	3.69	3.71	1003178	11459346.00
2012/03/29	3.71	3.83	3.64	3.71	773777	8719366.00
2012/03/30	3.71	3.77	3.67	3.70	732159	8296006.50
2012/04/05	3.69	3.85	3.61	3.84	772251	8857865.00
2012/04/06	3.80	3.93	3.79	3.87	777529	9126244.00
2012/04/09	3.86	3.92	3.83	3.83	686996	8067279.00
2012/04/10	3.65	3.74	3.53	3.71	1278407	14159911.00
2012/04/11	3.70	3.70	3.61	3.65	651462	7245320.50
2012/04/12	3.62	3.74	3.62	3.74	641493	7223084.50
2012/04/13	3.76	3.84	3.74	3.79	836456	9642879.00
2012/04/16	3.73	3.84	3.73	3.80	627761	7256478.50
2012/04/17	3.80	3.84	3.73	3.76	563212	6463522.50
2012/04/18	3.81	3.88	3.76	3.88	1062858	12363270.00
2012/04/19	3.87	3.92	3.84	3.88	937169	11048615.00
2012/04/20	3.88	3.95	3.88	3.94	802610	9520260.00
2012/04/23	3.94	3.94	3.68	3.72	1107061	12858881.00
2012/04/24	3.69	3.73	3.60	3.68	864931	9660300.00
2012/04/25	3.66	4.00	3.64	3.78	665729	7641987.50
2012/04/26	3.75	3.94	3.75	3.82	1063316	12379126.00
2012/04/27	3.75	3.82	3.73	3.76	496877	5686626.00
2012/05/02	3.77	3.83	3.74	3.80	758538	8707676.00
2012/05/03	3.78	3.86	3.75	3.85	605828	7034628.50
2012/05/04	3.85	3.90	3.83	3.89	865848	10183053.00
2012/05/07	3.85	3.88	3.80	3.87	541667	6308339.00
2012/05/08	3.84	3.91	3.81	3.88	697365	8173768.00
2012/05/09	3.84	3.89	3.75	3.75	611746	7065396.50
2012/05/10	3.78	3.82	3.73	3.79	363222	4173949.50
2012/05/11	3.83	3.83	3.76	3.76	385943	4449609.50
2012/05/14	3.79	3.81	3.74	3.74	523807	6010403.00
2012/05/15	3.73	4.03	3.73	3.98	3503140	41517620.00
2012/05/16	3.94	3.96	3.85	3.88	1953480	23159896.00
2012/05/17	3.88	4.10	3.86	4.03	2425051	29312252.00
2012/05/18	3.97	4.03	3.90	3.91	1672861	20117590.00
2012/05/21	3.81	4.10	3.62	3.95	2656711	31199514.00
2012/05/22	3.89	3.95	3.86	3.92	1023499	12147663.00
2012/05/23	3.93	3.95	3.83	3.88	747734	8844948.00
2012/05/24	3.85	3.87	3.72	3.73	928798	10688338.00
2012/05/25	3.73	3.80	3.67	3.68	596600	6764844.00
2012/05/28	3.68	3.71	3.57	3.70	683737	7589396.50
2012/05/29	3.68	3.77	3.65	3.75	814256	9243921.00
2012/05/30	3.75	3.82	3.73	3.79	701840	8068967.00
2012/05/31	3.74	3.79	3.68	3.77	586814	6684097.50
2012/06/01	3.77	3.83	3.73	3.78	519142	5979200.50
2012/06/04	3.71	4.02	3.68	3.87	2460191	29140936.00
2012/06/05	3.86	4.03	3.82	4.01	2992221	36031036.00
2012/06/06	3.99	4.03	3.91	3.99	1540631	18486878.00
2012/06/07	4.00	4.13	3.94	4.06	2675806	32795494.00
2012/06/08	4.10	4.13	3.91	3.91	1674017	20231128.00
2012/06/11	3.87	3.96	3.79	3.94	1615188	18973662.00
2012/06/12	3.94	3.94	3.86	3.88	964327	11391778.00
2012/06/13	3.87	3.95	3.79	3.95	1251033	14695080.00
2012/06/14	3.93	4.06	3.88	3.98	1529331	18450064.00
2012/06/15	4.00	4.03	3.91	3.99	1297671	15605026.00
2012/06/18	3.97	4.03	3.94	3.95	1095166	13221440.00
2012/06/19	3.97	3.97	3.87	3.88	639407	7578144.00
2012/06/20	3.90	3.91	3.82	3.84	857632	10050307.00
2012/06/21	3.82	3.91	3.75	3.78	757723	8783000.00
2012/06/26	3.71	3.71	3.62	3.68	678898	7583427.50
2012/06/27	3.69	3.72	3.65	3.66	358490	4024055.50
2012/06/28	3.65	3.70	3.63	3.63	400748	4477277.00
2012/06/29	3.62	3.70	3.61	3.68	361992	4026735.50
2012/07/02	3.82	3.96	3.76	3.80	1274577	14810347.00
2012/07/03	3.84	3.87	3.79	3.87	1088343	12677112.00
2012/07/04	3.87	3.87	3.75	3.75	788301	9132057.00
2012/07/05	3.72	3.77	3.63	3.65	637459	7140037.50
2012/07/06	3.68	3.69	3.46	3.62	850974	9273104.00
2012/07/09	3.60	3.69	3.43	3.46	586900	6333900.00
2012/07/10	3.41	3.47	3.34	3.35	440039	4594033.50
2012/07/11	3.30	3.39	3.30	3.38	321028	3304950.25
2012/07/12	3.38	3.46	3.32	3.43	334837	3494312.00
2012/07/13	3.39	3.48	3.39	3.41	317847	3340397.00
2012/07/16	3.41	3.41	3.07	3.10	621047	6182237.00
2012/07/17	3.10	3.16	3.04	3.14	394791	3796035.75
2012/07/18	3.14	3.17	3.06	3.16	373005	3598985.00
2012/07/19	3.16	3.36	3.12	3.26	602014	6013856.00
2012/07/20	3.21	3.25	3.20	3.22	301406	2990766.00
2012/07/23	3.18	3.23	3.15	3.19	256398	2523026.25
2012/07/24	3.17	3.25	3.17	3.23	337849	3353641.25
2012/07/25	3.23	3.27	3.21	3.24	369828	3701328.75
2012/07/26	3.29	3.29	3.17	3.18	458266	4536623.50
2012/07/27	3.21	3.24	3.09	3.14	368329	3574952.50
2012/07/30	3.11	3.17	3.03	3.03	262813	2510325.50
2012/07/31	3.04	3.04	2.94	2.96	323578	2994056.00
2012/08/01	2.95	3.03	2.95	3.01	202643	1885412.88
2012/08/02	2.97	3.04	2.95	2.99	184972	1714215.50
2012/08/03	2.99	3.07	2.99	3.06	214230	2019139.13
2012/08/06	3.03	3.16	3.03	3.14	322701	3099130.00
2012/08/07	3.14	3.23	3.12	3.18	553541	5426961.50
2012/08/08	3.15	3.20	3.13	3.16	414067	4031543.75
2012/08/09	3.16	3.37	3.12	3.29	1109798	11150777.00
2012/08/10	3.26	3.28	3.22	3.22	592821	5926773.00
2012/08/13	3.22	3.23	3.11	3.11	432900	4243394.50
2012/08/14	3.14	3.17	3.09	3.17	302732	2930272.25
2012/08/15	3.11	3.20	3.11	3.13	325672	3160310.75
2012/08/16	3.13	3.16	3.11	3.11	201958	1953252.88
2012/08/17	3.11	3.19	3.09	3.17	251437	2440886.00
2012/08/20	3.17	3.23	3.14	3.21	306231	2975642.75
2012/08/21	3.24	3.32	3.20	3.29	704377	6976002.50
2012/08/22	3.32	3.32	3.21	3.23	356807	3533268.75
2012/08/23	3.22	3.29	3.22	3.29	389182	3868942.25
2012/08/24	3.28	3.30	3.19	3.21	306218	3035978.75
2012/08/27	3.20	3.24	3.03	3.12	349663	3326058.75
2012/08/28	3.12	3.24	3.09	3.24	324725	3144505.25
2012/08/29	3.26	3.28	3.21	3.26	433401	4297354.50
2012/08/30	3.25	3.27	3.13	3.20	413630	4040409.00
2012/08/31	3.26	3.26	3.16	3.23	344657	3384037.25
2012/09/03	3.28	3.29	3.22	3.27	561925	5587962.00
2012/09/04	3.27	3.35	3.24	3.24	514384	5142760.00
2012/09/05	3.15	3.30	3.15	3.26	331911	3294435.50
2012/09/06	3.28	3.32	3.26	3.29	389914	3900458.00
2012/09/07	3.32	3.44	3.31	3.39	924060	9491989.00
2012/09/10	3.41	3.43	3.35	3.42	562760	5824633.00
2012/09/11	3.42	3.42	3.36	3.38	506682	5199219.50
2012/09/12	3.41	3.42	3.37	3.41	425583	4392668.00
2012/09/13	3.44	3.44	3.36	3.36	457470	4718941.50
2012/09/14	3.38	3.41	3.31	3.36	532493	5431898.00
2012/09/17	3.33	3.37	3.25	3.26	367111	3683559.50
2012/09/18	3.26	3.38	3.18	3.30	425546	4227949.50
2012/09/19	3.29	3.37	3.26	3.31	296800	2995329.00
2012/09/20	3.33	3.33	3.19	3.20	518244	5125077.00
2012/09/21	3.18	3.20	3.13	3.14	291569	2818400.00
2012/09/24	3.14	3.19	3.11	3.18	168808	1631049.00
2012/09/25	3.15	3.31	3.15	3.21	247317	2435314.25
2012/09/26	3.19	3.38	3.09	3.14	372105	3627834.25
2012/09/27	3.18	3.22	3.07	3.21	395155	3821394.25
2012/09/28	3.21	3.24	3.15	3.22	442428	4325082.50
2012/10/08	3.22	3.24	3.18	3.21	160618	1571227.88
2012/10/09	3.23	3.30	3.23	3.30	461232	4601534.50
2012/10/10	3.29	3.35	3.28	3.34	502423	5073335.00
2012/10/11	3.34	3.37	3.29	3.31	366986	3712087.50
2012/10/12	3.31	3.35	3.24	3.30	354739	3554873.50
2012/10/15	3.30	3.36	3.23	3.27	197191	1973429.38
2012/10/16	3.27	3.34	3.24	3.33	345510	3473520.50
2012/10/17	3.33	3.34	3.29	3.30	267504	2699264.25
2012/10/18	3.30	3.36	3.30	3.34	483178	4907281.50
2012/10/19	3.35	3.35	3.30	3.33	405120	4095408.75
2012/10/22	3.33	3.34	3.25	3.33	364094	3663688.00
2012/10/23	3.31	3.41	3.30	3.38	1004374	10212210.00
2012/10/24	3.36	3.38	3.32	3.37	406327	4146511.00
2012/10/25	3.34	3.40	3.29	3.34	647128	6593909.50
2012/10/26	3.32	3.32	3.18	3.21	363698	3593286.50
2012/10/29	3.19	3.24	3.18	3.18	197578	1928503.63
2012/10/30	3.18	3.23	3.18	3.18	155572	1518550.00
2012/10/31	3.19	3.20	3.14	3.19	205991	1994487.00
2012/11/01	3.18	3.26	3.18	3.24	178307	1758108.63
2012/11/02	3.26	3.38	3.26	3.32	555976	5622425.50
2012/11/05	3.29	3.32	3.25	3.28	265938	2660153.25
2012/11/06	3.26	3.27	3.19	3.24	259779	2559561.25
2012/11/07	3.21	3.29	3.21	3.28	315361	3130334.25
2012/11/08	3.23	3.27	3.19	3.23	292494	2887083.50
2012/11/09	3.18	3.31	3.18	3.27	258301	2565555.75
2012/11/12	3.27	3.62	3.27	3.50	2181991	22817686.00
2012/11/13	3.52	3.56	3.32	3.38	1337160	13965413.00
2012/11/14	3.36	3.42	3.20	3.30	1037161	10366925.00
2012/11/15	3.28	3.43	3.23	3.35	1033912	10533312.00
2012/11/16	3.35	3.36	3.19	3.24	634689	6254650.50
2012/11/19	3.18	3.33	3.18	3.30	606683	6053292.50
2012/11/20	3.29	3.46	3.28	3.36	1305714	13426499.00
2012/11/21	3.32	3.36	3.22	3.32	816996	8190603.00
2012/11/22	3.30	3.49	3.24	3.46	2140022	22090094.00
2012/11/23	3.42	3.46	3.37	3.44	1142405	11823993.00
2012/11/26	3.43	3.43	3.36	3.36	694083	7127544.50
2012/11/27	3.32	3.34	3.06	3.07	1253401	11996424.00
2012/11/28	3.05	3.05	2.88	2.88	612391	5500242.00
2012/11/29	2.92	2.96	2.79	2.79	581673	5152581.00
2012/11/30	2.79	2.85	2.75	2.83	335995	2917815.50
2012/12/03	2.79	2.87	2.71	2.72	379093	3300692.00
2012/12/04	2.72	2.81	2.69	2.79	402351	3414007.75
2012/12/05	2.78	2.94	2.76	2.91	603682	5369599.50
2012/12/06	2.88	2.95	2.87	2.88	304019	2716388.75
2012/12/07	2.88	3.12	2.86	3.03	1174017	10849000.00
2012/12/10	3.05	3.09	2.97	3.06	879032	8149623.50
2012/12/11	3.02	3.05	2.97	2.97	642968	5907302.00
2012/12/12	2.97	3.00	2.93	2.98	406254	3703755.50
2012/12/13	2.96	3.00	2.94	2.98	253756	2318555.25
2012/12/14	2.98	3.10	2.98	3.08	714200	6668061.00
2012/12/17	3.08	3.11	3.04	3.06	611899	5749592.00
2012/12/18	3.06	3.11	3.05	3.06	505566	4767054.50
2012/12/19	3.05	3.08	3.03	3.06	328937	3084581.75
2012/12/20	3.03	3.06	3.00	3.06	387440	3604041.50
2012/12/21	3.05	3.08	3.03	3.07	525328	4920079.50
2012/12/24	3.07	3.10	3.06	3.08	555550	5239354.50
2012/12/25	3.08	3.17	3.08	3.15	758890	7286744.00
2012/12/26	3.15	3.27	3.11	3.23	965940	9423137.00
2012/12/27	3.24	3.36	3.21	3.24	1992236	20000908.00
2012/12/28	3.27	3.27	3.18	3.25	930474	9163168.00
2012/12/31	3.26	3.42	3.23	3.34	1201354	12138233.00
2013/01/04	3.35	3.35	3.19	3.21	1923436	18998468.00
2013/01/07	3.21	3.29	3.20	3.27	863907	8544535.00
2013/01/08	3.27	3.32	3.23	3.30	862280	8635635.00
2013/01/09	3.28	3.33	3.27	3.32	1168402	11739247.00
2013/01/10	3.28	3.33	3.27	3.32	1020361	10245119.00
2013/01/11	3.32	3.33	3.21	3.23	1056831	10488273.00
2013/01/14	3.18	3.43	3.18	3.37	1708881	17345270.00
2013/01/15	3.43	3.66	3.37	3.58	4533883	48640748.00
2013/01/16	3.55	3.55	3.40	3.46	1982636	20881890.00
2013/01/17	3.46	3.51	3.41	3.42	950927	9952964.00
2013/01/18	3.41	3.51	3.41	3.49	790570	8311910.00
2013/01/21	3.49	3.51	3.44	3.50	743811	7849289.50
2013/01/22	3.51	3.51	3.42	3.44	788646	8292708.00
2013/01/23	3.41	3.56	3.39	3.51	810411	8509373.00
2013/01/24	3.50	3.52	3.37	3.38	843618	8851383.00
2013/01/25	3.39	3.43	3.37	3.39	364865	3755768.25
2013/01/28	3.39	3.49	3.39	3.48	525111	5514381.50
2013/01/29	3.47	3.55	3.44	3.54	1250202	13241623.00
2013/01/30	3.49	3.54	3.43	3.50	575760	6097401.50
2013/01/31	3.43	3.43	3.25	3.33	1783024	18070606.00
2013/02/01	3.29	3.37	3.27	3.35	627591	6370441.50
2013/02/04	3.38	3.51	3.35	3.50	1493731	15630356.00
2013/02/05	3.45	3.54	3.44	3.47	499959	5271558.50
2013/02/06	3.49	3.52	3.46	3.46	365385	3858366.00
2013/02/07	3.42	3.66	3.41	3.61	1269177	13701176.00
2013/02/08	3.59	3.64	3.55	3.58	1374652	14906838.00
2013/02/18	3.59	3.64	3.56	3.58	724630	7872392.50
2013/02/19	3.58	3.59	3.47	3.47	706191	7535168.50
2013/02/20	3.47	3.56	3.46	3.56	461429	4924414.00
2013/02/21	3.52	3.52	3.41	3.43	518885	5447176.50
2013/02/22	3.46	3.47	3.39	3.44	340356	3550154.00
2013/02/25	3.48	3.50	3.44	3.50	269190	2830990.00
2013/02/26	3.48	3.64	3.47	3.50	882964	9532145.00
2013/02/27	3.50	3.58	3.46	3.48	774058	8270009.00
2013/02/28	3.51	3.59	3.41	3.54	807371	8550008.00
2013/03/01	3.51	3.61	3.51	3.57	1094705	11788064.00
2013/03/04	3.55	3.82	3.52	3.63	2499423	27605714.00
2013/03/05	3.60	3.70	3.56	3.70	1235323	13597908.00
2013/03/06	3.78	3.78	3.65	3.68	1165523	13014771.00
2013/03/07	3.66	3.69	3.59	3.61	792740	8701594.00
2013/03/08	3.62	3.66	3.59	3.60	380868	4173424.25
2013/03/11	3.59	3.65	3.59	3.61	334665	3664813.25
2013/03/12	3.61	3.61	3.39	3.46	903780	9568602.00
2013/03/13	3.41	3.47	3.33	3.39	380471	3910856.50
2013/03/14	3.36	3.40	3.34	3.36	282573	2893813.50
2013/03/15	3.36	3.42	3.34	3.37	255550	2627941.75
2013/03/18	3.37	3.41	3.34	3.34	229850	2351757.50
2013/03/19	3.34	3.34	3.26	3.29	329151	3302755.75
2013/03/20	3.30	3.40	3.30	3.39	245711	2513292.25
2013/03/21	3.40	3.44	3.37	3.42	275262	2851383.50
2013/03/22	3.42	3.46	3.37	3.44	465549	4845749.00
2013/03/25	3.43	3.47	3.41	3.44	298405	3108063.00
2013/03/26	3.44	3.44	3.31	3.36	353558	3603335.00
2013/03/27	3.34	3.40	3.33	3.37	179831	1839769.75
2013/03/28	3.34	3.37	3.29	3.32	277049	2801351.75
2013/03/29	3.32	3.36	3.29	3.31	164899	1668500.88
2013/04/01	3.31	3.36	3.31	3.33	199700	2025309.00
2013/04/02	3.33	3.36	3.29	3.29	178361	1802949.13
2013/04/03	3.30	3.30	3.23	3.24	214393	2131327.75
2013/04/08	3.23	3.24	2.93	3.17	268101	2540191.00
2013/04/09	3.16	3.22	3.16	3.21	388639	3785890.25
2013/04/10	3.21	3.21	3.16	3.19	173174	1681368.25
2013/04/11	3.19	3.23	3.17	3.17	128343	1249429.88
2013/04/12	3.17	3.21	3.13	3.15	158718	1537023.13
2013/04/15	3.16	3.16	3.03	3.03	277060	2605054.75
2013/04/16	2.99	3.08	2.99	3.08	158619	1470109.38
2013/04/17	3.05	3.13	3.04	3.13	173353	1645546.63
2013/04/18	3.02	3.42	2.98	3.22	634935	6217740.00
2013/04/19	3.18	3.22	3.12	3.22	499255	4841626.50
2013/04/22	3.18	3.22	3.13	3.19	290941	2825696.50
2013/04/23	3.19	3.22	3.07	3.11	261050	2490497.50
2013/04/24	3.09	3.14	3.06	3.13	300132	2852511.00
2013/04/25	3.09	3.11	3.03	3.03	258849	2428814.25
2013/04/26	3.03	3.07	3.00	3.01	225016	2091728.00
2013/05/02	3.00	3.04	2.96	3.01	126882	1165706.63
2013/05/03	3.03	3.06	3.01	3.05	229659	2137247.75
2013/05/06	3.03	3.12	3.03	3.12	380319	3594028.00
2013/05/07	3.12	3.41	3.10	3.39	1627250	16071356.00
2013/05/08	3.33	3.60	3.28	3.53	4510868	47233628.00
2013/05/09	3.53	3.53	3.32	3.37	2067962	21258788.00
2013/05/10	3.36	3.36	3.27	3.32	1013587	10210054.00
2013/05/13	3.34	3.44	3.31	3.41	1069399	10980912.00
2013/05/14	3.39	3.39	3.30	3.38	520856	5300142.50
2013/05/15	3.36	3.41	3.36	3.38	605218	6229347.00
2013/05/16	3.36	3.41	3.36	3.40	489925	5051100.00
2013/05/17	3.37	3.49	3.37	3.44	683641	7153467.00
2013/05/20	3.44	3.57	3.38	3.53	1126099	11993262.00
2013/05/21	3.56	3.70	3.54	3.70	1891044	20816400.00
2013/05/22	3.71	3.78	3.61	3.62	3344285	37438664.00
2013/05/23	3.56	3.77	3.50	3.76	3502523	38845176.00
2013/05/24	3.67	3.76	3.65	3.67	1418709	15799935.00
2013/05/27	3.68	3.71	3.57	3.63	1042538	11430821.00
2013/05/28	3.62	3.68	3.58	3.60	813265	8841903.00
2013/05/29	3.62	3.66	3.59	3.63	656421	7178497.50
2013/05/30	3.60	3.66	3.59	3.59	629397	6872402.50
2013/05/31	3.61	3.65	3.58	3.59	587868	6430555.00
2013/06/03	3.59	3.59	3.51	3.52	710341	7611220.50
2013/06/04	3.49	3.53	3.43	3.43	389699	4107627.75
2013/06/05	3.41	3.49	3.41	3.49	361577	3806634.50
2013/06/06	3.49	3.49	3.42	3.42	312298	3273935.00
2013/06/07	3.42	3.44	3.35	3.36	573553	5893113.50
2013/06/13	3.36	3.36	3.23	3.25	361719	3594660.50
2013/06/14	3.30	3.30	3.25	3.28	365984	3656847.75
2013/06/17	3.28	3.36	3.27	3.36	329305	3332449.50
2013/06/18	3.38	3.68	3.38	3.64	1323953	14316644.00
2013/06/19	3.62	3.62	3.47	3.57	768421	8211070.50
2013/06/20	3.55	3.55	3.43	3.44	538817	5684083.00
2013/06/21	3.39	3.54	3.29	3.53	538400	5630347.00
2013/06/24	3.52	3.61	3.44	3.44	912111	9729905.00
2013/06/25	3.34	3.34	3.07	3.31	833578	8123150.50
2013/06/26	3.28	3.32	3.14	3.30	458146	4539767.50
2013/06/27	3.29	3.38	3.18	3.24	292000	2945504.25
2013/06/28	3.19	3.35	3.19	3.28	243119	2423515.50
2013/07/01	3.22	3.35	3.18	3.34	169815	1709657.50
2013/07/02	3.36	3.39	3.29	3.37	234400	2377452.75
2013/07/03	3.32	3.37	3.28	3.36	275622	2789849.00
2013/07/04	3.32	3.48	3.30	3.44	493432	5123096.50
2013/07/05	3.44	3.47	3.39	3.44	304950	3178934.00
2013/07/08	3.44	3.44	3.28	3.29	336240	3411863.00
2013/07/09	3.24	3.36	3.24	3.32	153122	1545543.13
2013/07/10	3.36	3.44	3.33	3.43	362015	3723660.50
2013/07/11	3.42	3.53	3.39	3.46	466312	4912315.50
2013/07/12	3.46	3.54	3.41	3.54	724618	7699750.50
2013/07/15	3.53	3.64	3.53	3.57	782685	8508625.00
2013/07/16	3.57	3.60	3.51	3.57	403149	4337204.50
2013/07/17	3.58	3.58	3.50	3.51	380910	4070648.25
2013/07/18	3.51	3.78	3.48	3.71	1932488	21612892.00
2013/07/19	3.71	3.78	3.63	3.63	987519	11037469.00
2013/07/22	3.66	3.78	3.61	3.78	1149652	12934351.00
2013/07/23	3.81	3.89	3.77	3.88	1403083	16209602.00
2013/07/24	3.92	3.92	3.77	3.82	1079609	12391762.00
2013/07/25	3.82	3.86	3.68	3.69	738994	8329523.50
2013/07/26	3.71	3.75	3.66	3.71	436801	4884749.50
2013/07/29	3.69	3.83	3.66	3.74	562332	6365992.50
2013/07/30	3.73	3.82	3.67	3.68	457530	5136379.00
2013/07/31	3.66	3.73	3.66	3.70	321627	3572015.75
2013/08/01	3.79	3.79	3.68	3.77	503832	5694310.50
2013/08/02	3.78	3.81	3.71	3.74	420625	4739685.00
2013/08/05	3.71	3.89	3.69	3.88	824313	9444836.00
2013/08/06	3.88	3.88	3.82	3.86	572430	6628350.00
2013/08/07	3.85	3.88	3.79	3.80	445311	5115606.00
2013/08/08	3.82	3.88	3.78	3.84	536301	6185497.00
2013/08/09	3.85	3.96	3.82	3.94	1055367	12373508.00
2013/08/12	3.94	4.36	3.94	4.36	1499285	19103402.00
2013/08/13	4.79	4.79	4.31	4.32	4046975	53992020.00
2013/08/14	4.22	4.78	4.22	4.54	4475213	60894988.00
2013/08/15	4.38	4.53	4.32	4.38	2365421	30826412.00
2013/08/16	4.32	4.50	4.30	4.37	1911110	25056084.00
2013/08/19	4.31	4.51	4.23	4.51	1297256	16846572.00
2013/08/20	4.54	4.56	4.46	4.49	1370413	18334090.00
2013/08/21	4.50	4.54	4.42	4.49	922198	12264482.00
2013/08/22	4.42	4.67	4.42	4.61	1659357	22565184.00
2013/08/23	4.60	4.64	4.46	4.54	1047597	14126734.00
2013/08/26	4.54	4.54	4.44	4.51	917748	12235838.00
2013/08/27	4.48	4.52	4.37	4.41	1001058	13142956.00
2013/08/28	4.37	4.58	4.37	4.58	1630777	21852718.00
2013/08/29	4.62	4.79	4.46	4.48	1704582	23355742.00
2013/08/30	4.48	4.50	4.33	4.41	872268	11476796.00
2013/09/02	4.41	4.54	4.33	4.52	711173	9443220.00
2013/09/03	4.53	4.71	4.53	4.63	1019624	14063708.00
2013/09/04	4.69	4.69	4.58	4.63	708985	9710903.00
2013/09/05	4.63	4.76	4.62	4.74	1470177	20434108.00
2013/09/06	4.76	5.22	4.74	5.14	2989797	44674724.00
2013/09/09	5.09	5.13	4.94	4.98	1327991	19659990.00
2013/09/10	4.98	5.13	4.88	5.04	1034232	15342414.00
2013/09/11	5.09	5.10	4.99	5.06	528772	7887608.00
2013/09/12	5.08	5.08	4.92	5.08	299454	4446833.50
2013/09/13	5.09	5.09	4.99	5.04	463729	6898009.50
2013/09/16	5.04	5.11	4.98	5.09	393597	5853820.00
2013/09/17	5.15	5.18	4.97	5.01	392769	5861834.50
2013/09/18	4.98	4.99	4.78	4.92	588375	8481049.00
2013/09/23	4.91	5.31	4.83	5.18	935785	14239795.00
2013/09/24	5.19	5.32	5.10	5.26	704659	10888106.00
2013/09/25	5.26	5.37	5.19	5.28	402269	6243758.00
2013/09/26	5.26	5.27	5.03	5.05	440637	6702339.00
2013/09/27	5.04	5.21	4.98	5.08	231540	3483097.50
2013/09/30	5.09	5.21	5.08	5.13	328433	4969721.50
2013/10/08	4.99	5.21	4.99	5.17	444884	6776825.00
2013/10/09	5.13	5.35	5.13	5.33	540541	8392748.00
2013/10/10	5.34	5.37	5.21	5.32	377271	5864733.00
2013/10/11	5.36	5.40	5.31	5.36	638059	10067591.00
2014/01/14	5.92	5.92	5.92	5.92	72257	1253659.00
2014/01/15	6.54	6.54	6.54	6.54	58950	1125355.50
2014/01/16	7.22	7.22	7.22	7.22	82305	1728405.00
2014/01/17	7.97	7.97	7.97	7.97	177945	4110529.50
2014/01/20	8.80	8.80	8.80	8.80	332509	8449054.00
2014/01/21	9.71	9.71	9.71	9.71	155000	4332250.00
2014/01/22	10.71	10.71	10.71	10.71	442131	13595528.00
2014/01/23	11.81	11.81	11.81	11.81	388823	13153882.00
2014/01/29	13.01	13.01	13.01	13.01	1293723	48139432.00
2014/01/30	14.34	14.34	14.34	14.34	938154	38398644.00
2014/02/07	15.80	15.80	15.80	15.80	3179346	143134160.00
2014/02/10	17.18	17.41	16.96	17.41	11367375	559968576.00
2014/02/11	18.61	19.18	18.29	19.18	12363657	666788416.00
2014/02/12	19.15	19.45	18.40	19.24	7091689	381216032.00
2014/02/13	19.01	19.19	17.29	17.56	9381404	484140544.00
2014/02/14	17.58	18.01	17.16	17.58	6274956	313723936.00
2014/02/17	17.47	18.65	17.40	18.53	6690720	342822144.00
2014/02/18	18.27	18.56	17.58	17.58	5991863	307394528.00
2014/02/19	17.24	18.32	17.16	18.01	4754030	241299952.00
2014/02/20	17.94	18.03	17.17	17.54	4545572	226680384.00
2014/02/21	17.44	19.19	17.44	18.12	6161269	322382880.00
2014/02/24	17.98	19.86	17.97	19.22	7635572	410734656.00
2014/02/25	19.04	19.64	17.61	17.84	8202751	434806912.00
2014/02/26	17.34	18.26	16.54	18.20	3711355	185705600.00
2014/02/27	18.69	19.00	17.70	18.29	4781627	249451760.00
2014/02/28	17.70	18.57	17.54	18.03	3400795	173891856.00
2014/03/03	17.96	18.75	17.62	18.69	3694289	191647856.00
2014/03/04	18.65	19.78	18.41	18.88	4609843	249895744.00
2014/03/05	18.73	18.95	16.97	17.28	7163360	359109728.00
2014/03/06	17.58	17.77	17.04	17.64	2505921	124968448.00
2014/03/07	17.41	18.08	17.13	17.62	2830972	141767344.00
2014/03/10	17.15	17.15	15.94	16.25	2787510	129991216.00
2014/03/11	16.08	16.08	14.97	15.76	2756547	122992136.00
2014/03/12	15.54	16.00	15.12	15.79	1503885	66938044.00
2014/03/13	15.72	16.07	15.27	15.97	1560898	70239168.00
2014/03/14	15.79	16.21	15.51	15.90	1356679	61717328.00
2014/03/17	15.78	16.75	15.69	16.52	1561993	73055040.00
2014/03/18	16.52	16.63	16.22	16.44	979545	45841604.00
2014/03/19	16.58	17.22	16.44	16.49	1576746	75211768.00
2014/03/20	16.44	16.58	14.82	15.03	2172679	96046640.00
2014/03/21	14.72	15.01	14.19	14.76	1512804	62886740.00
2014/03/24	14.68	14.68	13.87	14.01	1354050	54869172.00
2014/03/25	13.93	14.33	13.82	14.33	1260159	50447600.00
2014/03/26	14.29	14.65	14.19	14.37	996522	41077660.00
2014/03/27	14.37	14.46	13.12	13.22	1400104	54633768.00
2014/03/28	13.12	13.26	12.08	12.12	3197230	114455968.00
2014/03/31	12.05	12.40	11.63	12.13	2112183	72906048.00
2014/04/01	12.10	12.37	11.96	12.31	1240912	43453736.00
2014/04/02	12.33	12.69	12.22	12.44	1838163	65439624.00
2014/04/03	12.41	12.89	12.19	12.38	1596360	57540352.00
2014/04/04	12.57	12.69	12.24	12.50	1048216	37453728.00
2014/04/08	12.40	12.71	11.88	12.62	1111345	39242380.00
2014/04/09	12.55	13.16	12.55	13.02	1667185	61631132.00
2014/04/10	13.12	13.99	12.91	13.29	3037175	117382904.00
2014/04/11	12.92	13.02	12.53	12.76	2760604	100576848.00
2014/04/14	12.83	12.94	12.60	12.86	1074910	39300252.00
2014/04/15	12.76	13.22	12.69	13.01	1422685	52804856.00
2014/04/16	12.91	13.07	12.54	12.55	1382837	50216004.00
2014/04/17	12.61	12.94	12.56	12.71	1092365	39946504.00
2014/04/18	12.65	13.04	12.58	12.93	684621	25215094.00
2014/04/21	12.81	13.02	12.44	12.44	941108	34230256.00
2014/04/22	12.37	12.72	11.94	12.15	919539	32385590.00
2014/04/23	12.17	12.51	12.08	12.23	844802	29742598.00
2014/04/24	12.25	12.38	11.70	11.90	780837	26668630.00
2014/04/25	11.88	12.26	11.72	11.83	645517	22225866.00
2014/04/28	11.91	12.10	11.66	11.72	713929	24306028.00
2014/04/29	11.72	12.13	11.69	11.99	567456	19486736.00
2014/04/30	12.00	13.22	11.99	13.10	2695345	99354880.00
2014/05/05	13.14	13.58	12.94	13.48	2185135	83450680.00
2014/05/06	13.46	13.58	13.23	13.47	1133638	43401272.00
2014/05/07	13.33	14.13	13.33	13.62	1771699	70143136.00
2014/05/08	12.98	13.44	12.98	13.31	1544968	58802752.00
2014/05/09	13.26	13.41	12.32	12.49	1385422	50554940.00
2014/05/12	12.68	13.01	12.49	12.99	1072806	39092156.00
2014/05/13	13.05	14.32	12.92	14.00	1690505	65948724.00
2014/05/14	13.99	14.17	13.59	14.12	1238377	49225608.00
2014/05/15	14.02	14.08	13.32	13.38	1132460	44063304.00
2014/05/16	13.29	14.37	13.06	14.23	1156937	45140988.00
2014/05/19	14.14	14.54	13.95	14.37	1840570	75430464.00
2014/05/20	14.40	14.66	14.19	14.32	1217337	50085032.00
2014/05/21	14.19	14.66	13.89	14.62	1180321	48387552.00
2014/05/22	14.78	14.83	14.45	14.45	1177942	49121280.00
2014/05/23	14.30	14.55	14.12	14.50	945060	38667912.00
2014/05/26	14.58	14.88	14.30	14.63	1133278	47162660.00
2014/05/27	14.71	15.19	14.27	14.32	1857906	78225544.00
2014/05/28	14.19	14.60	13.97	14.58	1570878	64077452.00
2014/05/29	14.54	14.70	14.15	14.21	1033835	42528948.00
2014/05/30	14.06	14.30	13.94	14.23	628512	25340354.00
2014/06/03	14.23	14.33	14.05	14.08	568694	23063578.00
2014/06/04	13.85	13.98	13.46	13.61	1420929	55237328.00
2014/06/05	13.61	14.18	13.49	14.06	1154352	45451984.00
2014/06/06	14.01	14.21	13.44	13.83	950803	37571336.00
2014/06/09	13.69	13.97	13.56	13.71	547839	21537990.00
2014/06/10	13.70	14.05	13.49	14.03	709304	28017382.00
2014/06/18	14.98	15.27	14.41	14.55	4422060	186568400.00
2014/06/19	14.09	14.30	13.07	13.07	2556386	97276640.00
2014/06/20	12.76	12.93	12.51	12.82	1410871	51348664.00
2014/06/23	12.80	13.37	12.77	13.32	1446825	54226772.00
2014/06/24	13.30	13.80	13.12	13.69	974390	37399976.00
2014/06/25	13.69	14.11	13.34	13.99	1489199	58826876.00
2014/06/26	13.83	15.42	13.56	15.39	2864491	122471880.00
2014/06/27	15.42	15.44	14.86	15.12	1251341	54045132.00
2014/06/30	15.44	15.80	15.09	15.44	1563627	69246304.00
2014/07/01	15.48	15.87	15.09	15.66	1366340	60098188.00
2014/07/02	15.63	16.77	15.47	16.31	1606885	73837400.00
2014/07/03	16.52	17.58	16.19	17.41	2140804	102844288.00
2014/07/04	17.41	17.48	16.65	16.78	1558933	75000248.00
2014/07/07	16.73	17.51	16.58	16.86	845104	40883004.00
2014/07/08	16.83	16.83	15.67	15.81	2278031	104089528.00
2014/07/09	16.05	16.11	15.66	15.73	933895	42123800.00
2014/07/10	15.69	16.02	15.69	15.78	533880	24157678.00
2014/07/11	15.78	16.63	15.78	16.29	675975	31261266.00
2014/07/14	16.07	16.27	14.69	15.08	1977418	85683552.00
2014/07/15	14.89	15.24	14.73	15.16	782560	33611440.00
2014/07/16	15.12	15.26	14.10	14.36	1071854	44410340.00
2014/07/17	14.31	14.36	13.30	13.99	1049518	41602576.00
2014/07/18	13.86	13.94	13.36	13.46	849437	32975852.00
2014/07/21	13.42	14.07	13.36	13.98	668823	26261056.00
2014/07/22	13.99	14.26	13.86	13.89	421909	16863752.00
2014/07/23	13.90	14.00	13.17	13.22	738036	28421266.00
2014/07/24	13.14	13.79	13.14	13.47	735320	28027968.00
2014/07/25	13.47	14.08	13.33	13.91	822002	32458024.00
2014/07/28	13.99	15.02	13.99	14.94	1147338	48289124.00
2014/07/29	15.14	15.68	14.77	15.51	891386	39235704.00
2014/07/30	15.39	15.80	15.30	15.62	662920	29448928.00
2014/07/31	15.98	16.50	15.41	15.60	819276	37033804.00
2014/08/01	15.68	15.68	14.98	14.98	771500	33518454.00
2014/08/04	15.06	15.54	15.01	15.46	992723	43582696.00
2014/08/05	15.74	15.74	15.33	15.62	561338	24812376.00
2014/08/07	17.21	17.21	15.74	15.82	1923939	89920648.00
2014/08/08	15.94	16.04	15.09	15.87	1066368	47243052.00
2014/08/11	15.87	15.87	15.52	15.72	442642	19838382.00
2014/08/12	15.87	15.91	15.66	15.72	503050	22596458.00
2014/08/13	15.86	15.86	14.93	15.26	924386	40280868.00
2014/08/14	15.60	15.67	15.15	15.58	1054737	46322868.00
2014/08/15	15.53	15.86	15.37	15.69	470539	21051596.00
2014/08/18	15.68	16.02	15.68	15.96	769892	34843064.00
2014/08/19	15.90	16.14	15.66	15.80	741093	33578752.00
2014/08/20	15.78	16.01	15.42	15.64	589100	26480152.00
2014/08/21	15.64	16.01	15.49	15.97	623806	27950748.00
2014/08/22	16.01	16.25	15.76	15.94	561839	25630168.00
2014/08/25	15.91	16.01	15.55	15.98	558656	25297302.00
2014/08/26	15.97	16.04	15.68	15.80	786972	35666704.00
2014/08/27	15.78	15.78	15.24	15.44	606711	26727742.00
2014/08/28	15.43	15.48	15.26	15.38	313506	13723032.00
2014/08/29	15.19	15.62	15.19	15.51	201205	8856234.00
2014/09/01	15.66	15.98	15.41	15.94	614852	27452674.00
2014/09/02	15.89	16.14	15.89	16.11	649206	29709582.00
2014/09/03	16.15	16.19	16.04	16.15	464664	21336292.00
2014/09/04	16.14	16.36	16.14	16.30	431915	20036174.00
2014/09/05	16.19	16.69	16.00	16.69	984504	46124392.00
2014/09/09	16.73	17.54	16.73	17.44	1416398	69355856.00
2014/09/10	17.23	17.43	16.93	17.35	941373	45951488.00
2014/09/11	17.35	18.59	17.23	18.27	1513602	77540464.00
2014/09/12	18.33	18.58	18.23	18.37	937725	49126432.00
2014/09/15	18.37	20.16	18.37	19.97	1874634	103562312.00
2014/09/26	19.73	19.73	17.94	17.94	764300	39279388.00
2014/09/29	17.08	17.98	16.74	17.94	2377269	116715656.00
2014/09/30	17.73	18.04	17.58	17.99	945285	47890112.00
2014/10/08	18.08	18.08	17.25	17.48	1137443	56550712.00
2014/10/09	17.57	17.66	17.33	17.48	972607	48512180.00
2014/10/10	17.59	18.12	17.48	17.61	1111706	56076120.00
2014/10/13	17.41	18.12	17.34	17.94	1754122	88544576.00
2014/10/14	18.13	18.58	17.78	18.47	1458775	75840368.00
2014/10/15	18.83	19.41	18.38	19.01	1118616	60471324.00
2014/10/16	18.93	19.62	18.91	18.91	825499	45223408.00
2014/10/17	18.91	19.02	17.94	18.05	1172278	61140724.00
2014/10/20	17.95	19.72	17.88	19.32	1110034	59614620.00
2014/10/21	19.69	19.69	19.12	19.33	667048	36614956.00
2014/10/22	19.37	19.73	19.02	19.08	580865	31741128.00
2014/10/23	19.01	19.37	19.01	19.34	474524	25886168.00
2014/10/24	19.69	19.69	19.07	19.09	1021124	55735236.00
2014/10/27	18.94	19.01	17.96	18.83	969962	50868180.00
2014/10/28	18.67	19.37	18.67	18.80	1625200	88062864.00
2014/10/29	18.83	20.44	18.83	19.42	4301934	240310048.00
2014/10/30	19.44	20.38	19.44	20.26	2940968	166913856.00
2015/03/24	22.32	22.32	22.32	22.32	54117	3422900.25
2015/03/25	24.58	24.58	24.58	24.58	14330	997081.38
2015/03/26	27.06	27.06	27.06	27.06	76822	5879956.00
2015/03/27	29.79	29.79	29.79	29.79	286193	24094588.00
2015/03/30	32.80	32.80	32.80	32.80	2404997	222726768.00
2015/03/31	32.58	32.58	30.16	30.86	10253789	911160896.00
2015/04/01	30.94	32.58	30.94	31.73	4744985	426460896.00
2015/04/02	34.01	34.93	32.94	34.93	4088097	398643296.00
2015/04/03	38.45	38.45	35.84	36.84	9526542	1015065024.00
2015/04/07	34.37	36.81	34.37	35.41	4203456	422373600.00
2015/04/08	35.59	36.05	32.55	33.65	2824965	273269664.00
2015/04/09	33.31	34.66	32.28	34.15	2684255	255390944.00
2015/04/10	34.73	37.01	34.22	35.44	2901170	294262560.00
2015/04/13	35.98	36.69	33.31	33.87	2788416	267881456.00
2015/04/14	33.41	35.32	32.73	34.73	2661773	254229584.00
2015/04/15	34.02	34.68	32.43	33.58	1960093	185582480.00
2015/04/16	33.58	33.94	32.44	33.94	1703986	160753056.00
2015/04/17	33.87	34.55	32.98	33.65	1654901	156724224.00
2015/04/20	32.76	33.66	30.26	32.41	2419994	220279056.00
2015/04/21	32.58	34.03	31.88	33.12	1463657	136182112.00
2015/04/22	34.37	34.73	33.43	34.31	3110612	301599872.00
2015/04/23	34.80	35.44	34.01	34.73	3763280	369290016.00
2015/04/24	34.44	35.19	33.48	35.16	2765027	269195360.00
2015/04/27	35.40	36.11	34.09	35.08	1965012	192508864.00
2015/04/28	34.73	34.73	32.69	33.19	1726068	162453488.00
2015/04/29	33.16	33.89	31.97	32.98	1482608	138066256.00
2015/04/30	32.62	33.76	32.62	33.03	1074082	100542584.00
2015/05/04	32.48	33.01	31.51	32.98	2202967	198644784.00
2015/05/05	32.63	33.29	32.12	32.98	1818576	168410080.00
2015/05/06	33.07	34.01	32.00	32.30	942579	88653488.00
2015/05/07	32.26	32.62	30.84	31.75	1386508	124150400.00
2015/05/08	32.09	33.87	32.09	33.62	1783933	164719696.00
2015/05/11	33.78	35.48	33.34	35.34	2967904	291440608.00
2015/05/12	36.55	37.94	35.19	35.80	3936010	404719808.00
2015/05/13	34.59	36.26	34.05	35.86	2528303	251055408.00
2015/05/14	37.26	39.47	36.58	39.47	3950117	433041920.00
2015/05/15	39.76	40.19	37.26	38.16	3167460	340433568.00
2015/05/18	38.26	39.05	36.90	38.26	2427529	261063104.00
2015/05/19	38.23	38.69	35.92	37.66	4031835	420213536.00
2015/05/20	37.62	41.41	36.60	41.02	5023889	548525376.00
2015/05/21	40.48	41.89	39.01	40.30	3450887	392490496.00
2015/05/22	40.12	40.76	37.65	38.65	3352215	364224736.00
2015/05/25	34.76	37.41	34.76	36.85	5361349	545884352.00
2015/05/26	36.90	37.55	36.26	37.05	2986039	309565344.00
2015/05/27	36.90	36.90	34.01	34.40	4996077	493332672.00
2015/07/23	30.93	33.34	30.93	31.09	11169606	985467776.00
2015/07/24	30.96	34.22	30.79	34.22	11607979	1076819584.00
2015/07/27	35.04	36.00	30.77	30.83	6353497	613751168.00
2015/07/28	28.51	30.43	27.72	28.33	4190434	337882560.00
2015/07/29	28.46	29.55	26.91	29.44	2990974	240695552.00
2015/07/30	29.30	29.44	27.61	27.80	2168865	175921280.00
2015/07/31	27.48	27.48	25.29	25.51	3062253	226946432.00
2015/08/03	24.23	25.05	22.93	22.94	4556228	303055680.00
2015/08/04	23.34	25.25	22.99	25.25	2518363	173336112.00
2015/08/05	26.19	27.80	25.66	27.80	2086995	161815088.00
2015/08/13	30.61	30.61	29.41	30.60	5826050	499941760.00
2015/08/14	29.84	32.10	29.84	30.72	3330767	291966112.00
2015/08/17	30.12	30.66	27.71	29.87	3670868	299570816.00
2015/08/18	29.87	29.97	26.86	27.01	2694977	220484912.00
2015/08/19	26.19	28.98	25.84	28.60	3221981	249653264.00
2015/08/20	27.98	29.92	27.76	28.59	1639403	133575000.00
2015/08/21	27.98	27.98	25.91	26.03	1467975	111244840.00
2015/08/24	25.26	25.26	23.41	23.41	978007	65330176.00
2015/08/25	22.98	25.28	21.21	22.49	2821098	182710608.00
2015/08/26	22.87	24.76	22.16	23.21	1928033	127569224.00
2015/08/27	23.98	25.48	23.62	25.29	1261747	86794152.00
2015/08/28	25.30	27.35	24.76	27.26	2218054	165535568.00
2015/08/31	27.09	27.26	26.19	26.37	876044	65998812.00
2015/09/01	26.12	26.33	23.87	24.54	1109145	77595784.00
2015/09/02	23.62	25.40	22.31	23.12	1263352	83104024.00
2015/09/07	23.51	25.12	23.26	23.65	1093495	75286984.00
2015/09/08	23.26	24.94	22.91	24.94	981033	66767696.00
2015/09/09	25.05	26.47	24.76	26.10	2166139	156216896.00
2015/09/10	25.48	26.19	25.30	25.37	820880	59400520.00
2015/09/11	25.39	26.21	25.26	25.79	907429	66011420.00
2015/09/14	26.03	27.07	23.34	24.55	2294247	163884864.00
2015/09/15	23.81	25.97	23.26	24.09	1564626	109397976.00
2015/09/16	23.89	26.52	23.89	26.34	1502449	106879056.00
2015/09/17	26.19	27.82	25.76	26.55	2120224	162698384.00
2015/09/18	26.90	27.98	26.37	26.55	1344149	102095216.00
2015/09/21	26.34	29.17	25.87	28.69	2710474	213365104.00
2015/09/22	28.34	29.77	27.58	27.88	1589493	128995456.00
2015/09/23	27.81	28.81	27.26	28.60	909242	72142304.00
2015/09/24	28.35	28.87	27.98	28.38	581006	46774496.00
2015/09/25	28.41	28.70	26.73	27.03	870933	68418056.00
2015/09/28	27.20	28.34	26.19	27.70	1113485	84559392.00
2015/09/29	27.26	27.55	26.76	26.94	711281	54346716.00
2015/09/30	26.91	27.17	26.55	26.57	609458	46161808.00
2015/10/08	29.25	29.25	29.25	29.25	278201	22968274.00
2015/10/09	32.05	32.20	31.17	31.26	4418576	396887200.00
2015/10/12	31.91	33.73	31.16	31.55	3587417	328994464.00
2015/10/13	31.05	31.65	30.12	31.37	2167551	189294384.00
2015/10/14	31.55	31.55	30.12	30.37	3014578	260022880.00
2015/10/15	30.15	33.34	30.15	32.83	3486245	314149344.00
2015/10/16	33.17	33.67	31.69	32.69	2724691	250631216.00
2015/10/19	32.67	33.85	31.99	33.69	3541442	331886848.00
2015/10/20	34.01	35.94	34.01	34.32	2424232	238916992.00
2015/10/21	34.23	35.42	32.01	32.32	2924418	277850048.00
2015/10/22	32.37	35.10	32.37	34.73	2425268	232736816.00
2015/10/23	34.87	35.19	33.55	34.49	2441803	235695200.00
2015/10/26	34.23	34.41	32.96	33.84	1973815	188181664.00
2015/10/27	33.51	34.01	32.27	33.80	2627360	243782864.00
2015/10/28	33.80	34.09	32.27	32.27	1919980	180276000.00
2015/10/29	32.35	33.26	32.27	32.61	1332444	123174536.00
2015/10/30	32.59	35.37	31.55	34.51	3449615	327282208.00
2015/11/02	34.19	35.62	33.48	34.11	3224389	315770336.00
2015/11/03	33.99	34.36	32.34	32.73	1836820	170557200.00
2015/11/04	32.99	34.50	32.78	33.98	2817458	268804288.00
2015/11/05	33.70	34.47	32.55	32.98	1763293	166348432.00
2015/11/06	32.45	35.08	32.45	34.36	3304370	317076672.00
2015/11/09	34.01	37.82	34.00	37.82	5412858	551826304.00
2015/11/10	37.76	39.87	36.90	37.62	3656599	393515584.00
2015/11/11	37.98	39.03	37.05	38.34	3102220	331967040.00
2015/11/12	37.98	38.51	35.84	36.66	4382192	452912096.00
2015/11/13	35.95	36.67	33.69	33.69	3824543	373083328.00
2015/11/16	32.30	34.56	32.28	34.05	3387114	317333728.00
2015/11/17	34.48	34.69	33.49	33.62	2778354	266142528.00
2015/11/18	33.53	33.59	31.99	32.77	2305326	212789216.00
2015/11/19	32.58	33.69	32.47	33.69	2200678	204446096.00
2015/11/20	33.91	34.94	33.16	33.69	3421076	328512288.00
2015/11/23	35.48	36.83	34.08	34.43	4064766	404395072.00
2015/11/24	34.59	37.19	34.59	36.25	4275002	433391552.00
2015/11/25	35.85	39.90	35.52	39.90	5160674	565437952.00
2015/11/26	41.80	41.80	37.98	39.19	5220194	581812416.00
2015/11/27	38.80	40.12	36.42	37.69	2931487	315367616.00
2015/11/30	38.55	39.55	36.55	39.03	4512256	483200608.00
2015/12/01	39.41	42.96	39.03	41.11	7448464	877098112.00
2015/12/02	40.48	40.77	36.98	36.98	5773211	620239232.00
2015/12/03	36.91	38.32	36.01	38.19	4803831	501910208.00
2015/12/04	37.98	40.84	37.58	40.34	5435830	591129024.00
2015/12/07	40.94	44.39	40.16	43.26	7870965	939266304.00
2015/12/08	42.41	43.01	41.20	42.16	4756575	561105664.00
2015/12/09	41.76	44.48	41.41	43.35	4817070	582120384.00
2015/12/10	42.91	42.99	41.41	41.84	2936863	347858016.00
2015/12/11	41.94	42.26	41.09	41.41	2399755	281071968.00
2015/12/14	41.19	41.76	38.69	41.23	3564473	400566528.00
2015/12/15	41.19	41.19	39.41	40.23	3407556	384234112.00
2015/12/16	40.26	42.25	39.94	42.16	4136627	480834176.00
2015/12/17	41.91	42.44	41.01	41.73	5102393	596617984.00
2015/12/18	41.73	42.44	40.66	41.67	4257702	497582208.00
2015/12/21	41.50	41.76	39.72	40.12	3958638	449790528.00
2015/12/22	40.12	40.51	39.40	40.34	2679903	302042560.00
2015/12/23	40.12	40.41	36.30	36.47	5613888	606438144.00
2015/12/24	36.37	37.22	35.51	36.91	2753364	283335200.00
2015/12/25	37.05	37.60	36.27	36.55	2570134	266978640.00
2015/12/28	36.82	37.07	34.02	34.47	4612262	458678560.00
2015/12/29	34.23	35.34	34.19	34.94	2163486	212631168.00
2015/12/30	35.12	35.84	34.76	35.38	2161943	215656864.00
2015/12/31	35.51	35.87	33.91	34.04	2028018	197984304.00
2016/01/04	34.26	34.49	30.61	30.61	2408651	217622544.00
2016/01/05	28.45	31.48	28.34	29.97	3240020	273579776.00
2016/01/06	30.66	31.65	30.53	31.30	3409870	299054176.00
2016/01/07	30.48	30.48	28.15	28.17	704600	57614412.00
2016/01/08	29.13	29.93	26.92	29.39	2594256	213552096.00
2016/01/11	28.70	29.39	26.43	26.43	2738586	214964256.00
2016/01/12	26.44	28.62	26.26	27.62	3085104	239072800.00
2016/01/13	27.61	28.25	26.12	26.15	2045154	156658960.00
2016/01/14	24.76	28.52	24.36	27.96	4450416	334775424.00
2016/01/15	27.44	27.84	26.57	27.09	2269296	174786288.00
2016/01/18	26.37	28.27	26.23	27.94	1807846	141221216.00
2016/01/19	27.85	28.91	27.46	28.69	2163446	172961584.00
2016/01/20	28.69	29.62	28.24	29.28	2363653	193503648.00
2016/01/21	28.87	29.76	27.76	27.76	2169177	177201968.00
2016/01/22	28.33	28.64	27.27	28.55	1724601	136468064.00
2016/01/25	28.91	29.32	28.51	28.89	1615493	131968704.00
2016/01/26	28.59	28.92	25.98	25.98	2119187	162377424.00
2016/01/27	25.84	26.51	24.05	25.55	1876775	133692776.00
2016/01/28	25.12	26.54	25.12	25.37	2251765	165121552.00
2016/01/29	25.37	27.19	24.82	26.87	2211487	162293696.00
2016/02/01	26.55	27.26	26.20	27.00	1219595	92394120.00
2016/02/02	27.02	28.76	26.75	28.00	2101115	165432064.00
2016/06/21	30.82	30.82	28.74	29.13	13204089	1131377280.00
2016/06/22	28.74	28.74	26.82	27.78	6742126	526411200.00
2016/06/23	27.64	28.53	27.31	27.43	3258443	254915072.00
2016/06/24	27.31	28.08	26.64	27.70	2807892	218160256.00
2016/06/27	27.35	29.33	27.25	29.03	3893382	313869792.00
2016/06/28	28.78	30.45	28.66	30.25	5245724	437216800.00
2016/06/29	30.21	30.45	29.58	29.91	3949303	332536896.00
2016/06/30	30.02	31.38	30.02	31.02	5052737	435048352.00
2016/07/01	30.88	31.28	30.10	30.11	3644955	312895424.00
2016/07/04	29.87	30.08	29.42	29.85	3346148	280246144.00
2016/07/05	29.87	30.03	29.03	29.25	3807438	315283936.00
2016/07/06	29.07	29.99	29.07	29.62	2529439	210458096.00
2016/07/07	29.85	29.85	28.50	28.82	3387065	276565952.00
2016/07/08	28.81	29.27	28.44	28.98	2438513	198238576.00
2016/07/11	29.14	29.72	28.66	28.81	2756218	227329072.00
2016/07/12	28.96	28.99	27.61	28.54	3189623	253511984.00
2016/07/13	28.56	30.50	28.27	30.10	5814373	485385440.00
2016/07/14	29.89	30.45	29.63	29.94	3602056	304174016.00
2016/07/15	29.35	29.39	28.64	28.96	3916243	319489856.00
2016/07/18	28.76	29.03	28.25	28.53	2147925	173030784.00
2016/07/19	28.60	29.06	28.52	28.95	1834618	148815024.00
2016/07/20	29.25	30.74	29.25	30.15	6722901	572204480.00
2016/07/21	29.85	30.34	29.50	29.55	3814832	322075872.00
2016/07/22	28.78	28.89	27.63	27.98	6566405	521242464.00
2016/07/25	27.75	27.85	26.71	27.35	3363475	256092672.00
2016/07/26	27.18	28.02	27.14	27.93	1753069	136644992.00
2016/07/27	27.92	27.92	25.51	25.96	3375057	250941888.00
2016/07/28	25.96	26.54	25.57	25.85	1611958	118241368.00
2016/07/29	25.94	26.00	25.21	25.50	1692701	121574120.00
2016/08/01	25.38	25.38	23.81	24.91	1860754	128993672.00
2016/08/02	24.88	25.08	24.35	24.78	1974239	137106688.00
2016/08/03	24.70	24.98	24.57	24.89	1299345	90877592.00
2016/08/04	24.78	25.56	24.78	25.39	1692048	120301040.00
2016/08/05	25.42	25.78	24.91	24.91	1584332	112922712.00
2016/08/08	24.85	25.17	24.20	25.06	1115440	77603440.00
2016/08/09	25.06	25.71	24.96	25.65	1349151	96522544.00
2016/08/10	25.66	26.05	25.57	25.58	1706211	124041528.00
2016/08/11	25.67	25.89	25.30	25.50	1238814	89313152.00
2016/08/12	25.39	25.73	25.35	25.67	954573	68743840.00
2016/08/15	25.92	27.24	25.71	27.10	2905678	218159424.00
2016/08/16	27.00	27.27	26.69	26.80	1790757	135368720.00
2016/08/17	26.69	27.24	26.69	26.92	1489795	113316440.00
2016/08/18	26.95	27.14	26.28	26.70	1575010	118096776.00
2016/08/19	26.64	26.89	26.46	26.71	1116112	83980984.00
2016/08/22	26.71	27.71	26.60	26.90	2433946	186604320.00
2016/08/23	26.73	27.05	26.50	26.64	1306923	98335440.00
2016/08/24	26.57	27.85	26.57	27.71	3609891	280276960.00
2016/08/25	27.71	28.82	27.25	28.39	4211437	333879616.00
2016/08/26	28.25	28.96	27.71	27.91	2873428	227395168.00
2016/08/29	27.89	27.91	26.82	27.22	2391000	184077136.00
2016/08/30	27.07	27.71	26.87	27.37	2602620	199756960.00
2016/08/31	26.99	27.14	26.57	26.91	2355904	178036800.00
2016/09/01	26.69	27.47	26.69	26.87	2086617	159264432.00
2016/09/02	26.81	27.12	26.11	26.14	1777337	132303496.00
2016/09/05	26.26	26.39	25.95	26.16	1134985	83597688.00
2016/09/06	26.02	26.41	25.82	26.35	1568785	115396288.00
2016/09/07	26.34	26.45	26.07	26.07	1707435	126005616.00
2016/09/08	26.01	26.21	25.93	26.10	948699	69591360.00
2016/09/09	26.25	26.25	25.39	25.39	1880975	136572304.00
2016/09/12	25.02	25.27	24.69	24.95	2037002	143377152.00
2016/09/13	24.90	25.17	24.28	24.49	2436000	168609312.00
2016/09/14	24.31	25.00	24.14	24.55	1652331	114824560.00
2016/09/19	24.57	25.17	24.57	24.81	1067616	74708320.00
2016/09/20	24.85	24.85	24.50	24.76	917894	63772216.00
2016/09/21	24.68	24.88	24.67	24.76	761635	53177596.00
2016/09/22	24.85	25.03	24.50	24.78	925741	64781724.00
2016/09/23	24.96	25.38	24.83	25.01	1447482	102553616.00
2016/09/26	25.57	26.25	25.43	25.64	3522255	256591024.00
2016/09/27	25.39	25.84	25.16	25.53	1792587	128251088.00
2016/09/28	25.53	25.76	25.14	25.68	1329396	95198248.00
2016/09/29	25.72	26.45	25.71	26.18	2883527	212802464.00
2016/09/30	26.25	26.80	26.03	26.65	2006136	149469264.00
2016/10/10	27.22	28.00	27.17	27.83	3293272	256001872.00
2016/10/11	27.89	28.35	27.46	27.57	2507702	196244464.00
2016/10/12	27.52	27.87	27.35	27.51	1707481	132303656.00
2016/10/13	27.23	27.23	26.56	26.87	2782751	209728496.00
2016/10/14	26.87	27.16	26.75	26.96	1593336	120951144.00
2016/10/17	27.00	27.62	25.93	26.43	2140154	162254688.00
2016/10/18	26.64	27.95	26.28	27.32	2107722	161323568.00
2016/10/19	27.39	27.46	26.84	26.86	1501904	114739392.00
2016/10/20	26.89	27.53	26.71	27.27	2047006	156388048.00
2016/10/21	27.26	27.80	27.04	27.30	2068804	159694432.00
2016/10/24	27.53	27.69	27.29	27.42	1643235	127011000.00
2016/10/25	27.44	27.56	27.02	27.12	1698565	130079712.00
2016/10/26	27.14	27.19	26.46	26.67	1337534	100543416.00
2016/11/03	28.42	28.68	27.60	27.66	7130112	564594048.00
2016/11/04	27.63	28.71	27.62	28.06	4752477	378239136.00
2016/11/07	28.07	28.07	27.28	27.68	2974606	230746320.00
2016/11/08	27.78	27.92	27.49	27.59	1649685	128429176.00
2016/11/09	27.69	28.64	27.57	28.03	3841579	304796480.00
2016/11/10	28.05	29.64	28.05	29.14	5611848	459779584.00
2016/11/11	28.90	30.17	28.90	29.26	4478189	372377696.00
2016/11/14	29.24	29.47	28.96	29.18	2896419	237843680.00
2016/11/15	29.12	29.12	28.43	28.78	2851461	229878976.00
2016/11/16	28.85	29.89	28.85	29.21	3499185	290256192.00
2016/11/17	29.21	29.21	28.29	28.32	3082990	247467552.00
2016/11/18	28.39	28.95	28.25	28.69	4190524	337001440.00
2016/11/21	28.66	29.67	28.45	29.67	4308823	353636064.00
2016/11/22	29.78	30.81	29.68	30.56	7377207	628421312.00
2016/11/23	30.28	30.42	29.78	29.80	4205593	354835264.00
2016/11/24	29.68	30.39	29.25	29.57	3053248	256251504.00
2016/11/25	29.42	29.64	28.64	29.14	3111374	253790720.00
2016/11/28	29.31	29.45	29.00	29.02	2065949	169700592.00
2016/11/29	28.94	29.25	28.53	28.71	2236116	181834656.00
2016/11/30	28.67	28.96	28.35	28.48	2192722	176587120.00
2016/12/01	28.36	28.53	28.00	28.19	2365531	187905728.00
2016/12/02	28.17	28.32	27.55	27.60	2276027	178192784.00
2016/12/05	27.35	28.02	27.31	27.73	1431116	111822872.00
2016/12/06	27.73	28.21	27.61	27.62	1489368	116959328.00
2016/12/07	27.64	27.69	27.25	27.62	2632054	202901440.00
2016/12/08	27.60	28.96	27.56	28.06	5081277	404545696.00
2016/12/09	28.02	28.55	27.92	28.14	2216866	175989424.00
2016/12/12	28.07	28.07	26.49	26.50	3534307	270532576.00
2016/12/13	26.46	27.07	26.38	26.92	1807893	136376080.00
2016/12/14	26.85	27.40	26.67	27.02	2140640	162723584.00
2016/12/15	26.92	27.60	26.92	27.26	1929212	148367296.00
2016/12/16	27.87	28.02	27.50	27.63	2148301	167479536.00
2016/12/19	27.45	27.67	27.28	27.55	1159256	89488624.00
2016/12/20	27.55	27.68	26.70	26.92	1673894	127911504.00
2016/12/21	27.00	27.14	26.65	26.89	1607092	121363656.00
2016/12/22	26.75	26.94	26.39	26.61	1517957	113606816.00
2016/12/23	26.76	26.76	25.57	25.75	2155248	157952624.00
2016/12/26	25.50	25.53	24.71	25.53	2327519	164652160.00
2016/12/27	25.46	25.87	25.27	25.61	1247139	89837440.00
2016/12/28	25.89	25.89	24.85	25.06	2765407	196218624.00
2016/12/29	25.03	25.08	24.75	24.85	1784220	125170664.00
2016/12/30	24.96	24.96	24.35	24.55	1931298	133688608.00
2017/01/03	24.32	24.82	24.32	24.71	1618469	112420312.00
2017/01/04	24.69	25.39	24.60	25.37	2200083	155670608.00
2017/01/05	25.37	25.37	25.08	25.16	1657040	117541576.00
2017/01/06	25.27	25.49	24.76	24.95	1534146	107852296.00
2017/01/09	24.85	25.03	24.66	24.80	1206575	84252448.00
2017/01/10	24.74	25.44	24.68	25.14	1787886	126708952.00
2017/01/11	25.01	25.12	24.35	24.35	1852625	128962288.00
2017/01/12	24.45	24.64	24.10	24.15	1658593	113756120.00
2017/01/13	24.00	24.24	23.60	23.96	1807985	121901720.00
2017/01/16	23.25	23.70	21.55	22.10	4975000	316021664.00
2017/01/17	22.00	22.44	21.54	22.20	2894262	179280496.00
2017/01/18	21.99	22.11	21.52	21.60	2883075	176547600.00
2017/01/19	21.53	21.64	20.78	21.48	3623939	216286144.00
2017/01/20	21.28	22.24	21.17	21.98	2170157	133516376.00
2017/01/23	21.96	22.49	21.85	22.36	1804298	113440520.00
2017/01/24	22.28	22.28	21.50	21.82	1920173	118316952.00
2017/01/25	21.96	22.40	21.93	22.09	2008556	125580328.00
2017/01/26	22.08	22.80	22.03	22.71	1968941	124561000.00
2017/02/03	22.51	22.53	21.63	21.71	2964920	183869200.00
2017/02/06	21.72	22.41	21.71	22.37	2279632	142340320.00
2017/02/07	22.46	22.46	22.06	22.31	1200061	75255256.00
2017/02/08	22.32	22.46	21.77	22.35	1392723	86891992.00
2017/02/09	22.22	22.71	22.22	22.53	2022845	128454856.00
2017/02/10	22.63	22.75	22.25	22.42	1493826	94497864.00
2017/02/13	22.26	22.77	22.25	22.73	1872419	119402216.00
2017/02/14	22.64	22.99	22.57	22.91	1547868	99511096.00
2017/02/15	22.95	23.04	22.39	22.53	1847816	118315488.00
2017/02/16	22.55	22.70	22.31	22.58	1310765	83173088.00
2017/02/17	22.52	22.57	22.02	22.19	1340255	84200016.00
2017/02/20	22.17	22.50	22.05	22.47	1321079	83138568.00
2017/02/21	22.39	23.63	22.39	23.39	3733719	241777952.00
2017/02/22	23.17	23.32	22.89	23.19	2885983	187155648.00
2017/02/23	23.17	24.10	23.16	23.69	3206545	214390448.00
2017/02/24	23.56	25.00	23.56	24.37	6184917	427202624.00
2017/02/27	24.46	24.87	24.21	24.52	2789123	192540656.00
2017/02/28	24.46	24.79	24.14	24.73	2554738	176868480.00
2017/03/01	25.10	25.39	24.63	24.73	3072159	215862656.00
2017/03/02	24.64	24.70	24.29	24.38	2020369	138979824.00
2017/03/03	24.45	25.08	24.21	24.85	2413780	168263296.00
2017/03/06	24.85	25.24	24.67	24.98	2327379	163850144.00
2017/03/07	25.08	25.15	24.53	24.78	1550484	108067216.00
2017/03/08	24.77	25.08	24.56	24.74	1157689	80872536.00
2017/03/09	24.80	25.03	24.40	24.60	1560240	108341392.00
2017/03/10	24.57	25.23	24.50	24.98	2214889	155752224.00
2017/03/13	24.96	25.09	24.52	24.97	2695059	188218000.00
2017/03/14	25.03	25.75	24.95	25.41	4240143	304138880.00
2017/03/15	25.72	25.92	24.76	25.01	8401107	602368640.00
2017/03/16	24.85	25.35	24.85	25.08	4171080	294695616.00
2017/03/17	25.14	25.21	24.67	24.71	2899970	203313264.00
2017/03/20	24.71	24.81	24.30	24.72	2598578	179227792.00
2017/03/21	24.71	24.95	24.59	24.84	1866338	130467280.00
2017/03/22	24.74	24.96	24.38	24.78	2044332	142536960.00
2017/03/23	24.78	25.38	24.74	24.87	3019892	213078560.00
2017/03/24	25.05	25.06	24.57	24.72	1721365	120173200.00
2017/03/27	24.78	24.83	24.39	24.41	1412912	97720448.00
2017/03/28	24.50	24.60	24.06	24.12	1785003	122098088.00
2017/03/29	24.21	24.24	23.39	23.63	2731047	182469072.00
2017/03/30	23.49	23.58	22.53	22.82	2649906	171143392.00
2017/03/31	24.01	24.01	22.82	23.13	6110984	403157056.00
2017/04/05	23.48	23.84	23.14	23.72	3429684	227964176.00
2017/04/06	23.72	24.13	23.60	23.89	2567399	172603760.00
2017/04/07	23.83	24.84	23.83	24.46	4777959	329154880.00
2017/04/10	24.46	24.46	23.51	23.67	3440732	232305984.00
2017/04/11	23.78	24.21	23.60	24.14	2729484	183966992.00
2017/04/12	24.15	24.45	23.75	23.87	1872470	127438696.00
2017/04/13	23.78	24.34	23.74	24.03	1488960	101178512.00
2017/04/14	23.87	24.48	23.87	24.23	1942428	132467712.00
2017/04/17	23.96	24.14	23.16	23.32	2370756	157522672.00
2017/04/18	23.17	23.43	23.07	23.15	1595621	104777624.00
2017/04/19	23.00	23.16	22.39	23.10	2258389	144722432.00
2017/04/20	22.72	23.10	22.67	22.88	1863528	120003880.00
2017/04/21	23.07	23.86	23.07	23.63	2580916	171436288.00
2017/04/24	24.34	24.67	24.01	24.13	4410451	303142944.00
2017/04/25	24.20	24.71	24.20	24.46	3434502	236695600.00
2017/04/26	24.62	24.74	24.26	24.42	4071508	280844256.00
2017/04/27	24.45	24.96	24.10	24.81	5589345	386905600.00
2017/04/28	24.81	25.37	24.71	25.02	5812530	410937664.00
2017/05/02	24.74	25.18	24.55	25.02	3128946	219607648.00
2017/05/03	25.01	25.02	24.00	24.17	4379170	300773056.00
2017/05/04	24.21	24.37	23.95	24.02	2579586	175680448.00
2017/05/05	24.00	24.69	23.89	24.33	3580800	245724352.00
2017/05/08	24.35	25.10	24.03	24.04	4796934	331992736.00
2017/05/09	24.05	24.05	23.18	23.80	3827465	253877264.00
2017/05/10	23.84	24.36	23.42	23.53	3798782	256355856.00
2017/05/11	23.42	23.49	22.21	22.93	5169286	331309536.00
2017/05/12	22.80	23.27	21.51	21.80	14171071	314808992.00
2017/05/15	21.60	22.42	21.60	22.12	8550566	188452096.00
2017/05/16	22.00	22.98	21.68	22.83	9688476	216417376.00
2017/05/17	22.81	23.93	22.68	23.25	15364341	359746464.00
2017/05/18	23.00	23.58	22.89	22.97	8609724	200483648.00
2017/05/19	23.20	23.59	22.91	22.99	7332360	170221280.00
2017/05/22	22.86	23.24	22.05	22.09	8575200	192383136.00
2017/05/23	22.13	22.28	20.79	20.85	12169476	260874096.00
2017/05/24	20.73	21.30	20.55	21.22	6337001	133016000.00
2017/05/25	21.15	21.49	20.65	21.30	9107802	192184832.00
2017/05/26	21.04	21.32	20.89	20.90	7232718	152807584.00
2017/05/31	21.10	21.23	20.70	20.70	9947810	208871600.00
2017/06/01	20.40	20.40	18.63	18.63	18828200	364664704.00
2017/06/02	18.48	19.26	18.11	19.13	10880300	204415952.00
2017/06/05	19.17	19.49	19.00	19.32	7975500	154136528.00
2017/06/06	19.20	19.75	19.18	19.59	7324400	143321120.00
2017/06/07	19.60	21.25	19.52	21.00	15799100	325640160.00
2017/06/08	20.94	21.33	20.73	20.82	11269600	236229696.00
2017/06/09	20.82	21.39	20.75	21.18	10781600	227835392.00
2017/06/12	20.93	21.46	20.83	21.16	8508124	179741168.00
2017/06/13	20.93	21.14	20.33	20.99	12288644	255419776.00
2017/06/14	20.88	20.88	20.34	20.44	9875677	202814912.00
2017/06/15	20.36	21.79	20.33	21.40	15963190	338737248.00
2017/06/16	21.39	21.77	21.30	21.45	9778381	210212448.00
2017/06/19	21.35	21.92	21.20	21.69	11486200	247283088.00
2017/06/20	21.67	21.79	21.26	21.42	9456078	203409808.00
2017/06/21	21.52	21.58	21.12	21.27	6092400	129475624.00
2017/06/22	21.20	21.81	21.15	21.18	8926500	191752000.00
2017/06/23	21.01	21.38	20.70	21.05	7410100	155617088.00
2017/06/26	21.05	21.85	20.95	21.85	8672900	186665440.00
2017/06/27	21.85	22.38	21.78	21.95	9846000	217537760.00
2017/06/28	21.96	21.97	21.41	21.51	6921189	149401056.00
2017/06/29	21.55	21.85	21.52	21.65	4889100	106001224.00
2017/06/30	21.65	21.66	21.30	21.50	5018700	107856440.00
2017/07/03	21.52	21.96	21.40	21.94	6139500	133461856.00
2017/07/04	21.97	22.09	21.53	21.66	5562200	120927528.00
2017/07/05	21.52	21.63	21.15	21.60	8270000	176816976.00
2017/07/06	21.50	21.60	21.16	21.26	6252900	133487376.00
2017/07/07	21.26	21.69	21.26	21.47	5691800	122328560.00
2017/07/10	21.40	21.74	21.21	21.22	6403200	137097312.00
2017/07/11	21.16	21.35	20.42	20.49	7750300	162465776.00
2017/07/12	20.46	20.83	20.03	20.72	8546300	173849024.00
2017/07/13	20.50	20.53	20.01	20.20	6654100	135027072.00
2017/07/14	20.11	20.57	20.11	20.27	4791900	97538168.00
2017/07/17	20.19	20.19	18.51	19.02	10220300	198124736.00
2017/07/18	19.02	19.46	18.70	19.24	4779100	91579312.00
2017/07/19	19.31	19.56	19.08	19.49	4914900	95080888.00
2017/07/20	19.46	19.86	19.39	19.53	5037200	98968808.00
2017/07/21	19.42	19.84	19.41	19.49	4388006	86050640.00
2017/07/24	19.37	19.83	19.36	19.73	4967600	97620680.00
2017/07/25	19.73	20.45	19.65	20.33	8591900	173831520.00
2017/07/26	20.45	21.17	20.45	20.70	10519200	219719680.00
2017/07/27	20.70	21.73	20.31	21.40	16266900	344702144.00
2017/07/28	21.60	21.60	21.00	21.12	10666000	226410672.00
2017/07/31	21.10	21.69	21.01	21.64	10909400	233440368.00
2017/08/01	21.48	21.68	21.08	21.25	9052700	193272544.00
2017/08/02	21.25	21.69	21.20	21.33	10305300	221593536.00
2017/08/03	21.39	22.09	21.12	21.98	13505500	292659712.00
2017/08/04	21.90	22.09	21.03	21.08	14015900	301733120.00
2017/08/07	21.05	21.06	20.55	20.75	10416000	216215728.00
2017/08/08	20.77	21.07	20.50	21.01	7262700	151239744.00
2017/08/09	21.00	21.43	20.66	21.18	8316600	175780992.00
2017/08/10	21.09	21.36	20.61	20.66	7198400	150398704.00
2017/08/11	20.65	22.20	20.31	21.50	18894000	405550144.00
2017/08/14	21.62	22.35	21.50	22.03	15010200	330721344.00
2017/08/15	21.98	22.16	21.71	22.04	9009000	196855296.00
数据来源:通达信
