002415 海康威视 日线 前复权
      日期	    开盘	    最高	    最低	    收盘	    成交量	    成交额
2010/05/28	3.16	3.44	3.10	3.38	34098354	2723697152.00
2010/05/31	3.60	3.70	3.47	3.55	17227873	1471291648.00
2010/06/01	3.61	3.72	3.50	3.68	10994680	945440192.00
2010/06/02	3.52	3.63	3.40	3.61	9496264	800740032.00
2010/06/03	3.61	3.65	3.33	3.36	7560522	635491840.00
2010/06/04	3.28	3.43	3.27	3.33	5087772	412869120.00
2010/06/07	3.18	3.42	3.18	3.34	4676806	377475872.00
2010/06/08	3.31	3.41	3.13	3.23	5514313	437974176.00
2010/06/09	3.22	3.40	3.19	3.34	4495839	362423040.00
2010/06/10	3.30	3.51	3.29	3.47	3619226	299970080.00
2010/06/11	3.49	3.54	3.42	3.50	3785070	317148128.00
2010/06/17	3.51	3.53	3.23	3.27	3301453	269617216.00
2010/06/18	3.21	3.32	3.19	3.25	1923900	152940864.00
2010/06/21	3.22	3.24	2.94	3.22	2365497	182506384.00
2010/06/22	3.16	3.24	3.10	3.13	1190746	93032928.00
2010/06/23	3.08	3.19	3.05	3.17	1290247	100205368.00
2010/06/24	3.15	3.21	3.15	3.19	1178116	92352744.00
2010/06/28	3.19	3.19	2.98	2.99	2241503	170509632.00
2010/06/29	2.99	2.99	2.67	2.69	1927304	138013168.00
2010/06/30	2.65	2.74	2.49	2.68	1276316	86760720.00
2010/07/01	2.66	2.71	2.61	2.63	704792	48559084.00
2010/07/02	2.61	2.64	2.36	2.53	1759315	115177320.00
2010/07/05	2.44	2.60	2.39	2.60	1042355	69480920.00
2010/07/06	2.55	2.69	2.51	2.64	1010688	68965576.00
2010/07/07	2.67	2.69	2.56	2.69	862828	58507844.00
2010/07/08	2.72	2.74	2.63	2.70	938342	64832448.00
2010/07/09	2.70	2.85	2.66	2.80	882125	62462360.00
2010/07/12	2.82	2.82	2.72	2.78	1288006	90510936.00
2010/07/13	2.74	2.74	2.63	2.65	600891	41324836.00
2010/07/14	2.68	2.71	2.61	2.67	836079	57294780.00
2010/07/15	2.67	2.71	2.60	2.60	501714	34141488.00
2010/07/16	2.59	2.59	2.46	2.50	1196082	78296800.00
2010/07/19	2.47	2.55	2.45	2.54	742578	48763236.00
2010/07/20	2.52	2.71	2.52	2.70	1075182	73404688.00
2010/07/21	2.70	2.81	2.67	2.74	1300242	91299888.00
2010/07/22	2.71	2.76	2.68	2.76	623032	43477272.00
2010/07/23	2.78	2.83	2.71	2.73	856108	60157896.00
2010/07/26	2.75	2.79	2.72	2.79	1534983	107870600.00
2010/07/27	2.78	2.81	2.73	2.73	907482	63868020.00
2010/07/28	2.70	2.82	2.69	2.81	1348915	94893856.00
2010/07/29	2.82	2.90	2.82	2.86	1392480	100273536.00
2010/07/30	2.86	2.86	2.77	2.83	914186	65169612.00
2010/08/02	2.83	2.99	2.82	2.98	1515382	111261384.00
2010/08/03	2.98	3.09	2.95	3.04	1532926	115667544.00
2010/08/04	3.02	3.14	3.00	3.14	1232602	93296688.00
2010/08/05	3.14	3.18	3.09	3.12	812931	62380568.00
2010/08/06	3.10	3.31	3.09	3.27	1380084	108745424.00
2010/08/09	3.27	3.40	3.24	3.34	874314	70593488.00
2010/08/10	3.32	3.35	3.14	3.17	961560	75454400.00
2010/08/11	3.13	3.26	3.08	3.19	597507	46418604.00
2010/08/12	3.17	3.20	3.05	3.07	611378	46917756.00
2010/08/13	3.09	3.16	3.07	3.16	646039	49614632.00
2010/08/16	3.19	3.21	3.13	3.20	857393	66640872.00
2010/08/17	3.20	3.41	3.20	3.27	1107421	89068592.00
2010/08/18	3.27	3.29	3.15	3.15	914689	71483952.00
2010/08/19	3.13	3.22	3.13	3.15	640827	49742596.00
2010/08/20	3.13	3.18	3.06	3.08	720544	55012488.00
2010/08/23	3.08	3.11	2.97	3.05	1019768	76538032.00
2010/08/24	3.05	3.14	3.01	3.11	592660	45349564.00
2010/08/25	3.08	3.20	3.02	3.07	837734	64743244.00
2010/08/26	3.07	3.23	3.07	3.17	761753	59091564.00
2010/08/27	3.17	3.26	3.11	3.18	1077652	84221240.00
2010/08/30	3.18	3.34	3.13	3.31	3128246	246728176.00
2010/08/31	3.28	3.33	3.21	3.29	1623920	129319176.00
2010/09/01	3.29	3.32	2.85	2.86	4789660	356998752.00
2010/09/02	2.96	3.02	2.86	2.89	3705923	273093664.00
2010/09/03	2.89	3.02	2.89	2.96	1367292	101075392.00
2010/09/06	2.98	2.99	2.80	2.91	2346120	169572608.00
2010/09/07	2.89	2.91	2.83	2.88	1362726	98390448.00
2010/09/08	2.88	2.94	2.85	2.94	1332238	96854896.00
2010/09/09	2.93	2.95	2.82	2.84	1796631	129653480.00
2010/09/10	2.83	2.88	2.73	2.76	1598394	112849112.00
2010/09/13	2.78	2.92	2.76	2.91	2112398	152856400.00
2010/09/14	2.93	3.03	2.90	3.01	1710958	126869848.00
2010/09/15	3.02	3.03	2.80	2.81	1398147	101541848.00
2010/09/16	2.82	2.88	2.71	2.73	1702374	119822864.00
2010/09/17	2.75	2.80	2.66	2.73	1310381	91428016.00
2010/09/20	2.73	2.78	2.72	2.75	1239961	86880688.00
2010/09/21	2.76	2.79	2.69	2.77	829465	57750300.00
2010/09/27	2.79	2.89	2.77	2.85	900984	64607092.00
2010/09/28	2.84	2.91	2.79	2.88	1312239	94519072.00
2010/09/29	2.88	2.90	2.79	2.80	858430	61640056.00
2010/09/30	2.83	2.91	2.80	2.87	1086223	78226600.00
2010/10/08	2.91	2.95	2.86	2.94	1677721	122686320.00
2010/10/11	2.91	3.01	2.79	2.83	2322748	168350672.00
2010/10/12	2.83	2.87	2.78	2.86	1334494	95151720.00
2010/10/13	2.83	2.94	2.81	2.93	1169071	84515552.00
2010/10/14	2.92	2.93	2.74	2.74	1173492	83448976.00
2010/10/15	2.74	2.77	2.63	2.74	1853351	127742256.00
2010/10/18	2.73	2.74	2.53	2.63	1940724	129605888.00
2010/10/19	2.63	2.79	2.61	2.77	1532319	107140312.00
2010/10/20	2.69	2.84	2.69	2.77	1058350	75181208.00
2010/10/21	2.77	2.88	2.77	2.79	1819864	130549000.00
2010/10/22	2.81	2.86	2.76	2.79	1418239	101060488.00
2010/10/25	2.81	2.94	2.80	2.92	2672614	194008192.00
2010/10/26	2.91	2.99	2.88	2.97	1755599	129380768.00
2010/10/27	3.00	3.03	2.86	2.89	1456015	107363264.00
2010/10/28	2.88	3.30	2.88	3.30	4719102	371393280.00
2010/10/29	3.36	3.69	3.33	3.51	5041846	423549696.00
2010/11/01	3.49	3.64	3.47	3.59	2869810	243750912.00
2010/11/02	3.59	3.59	3.42	3.52	1710456	142695568.00
2010/11/03	3.48	3.64	3.36	3.61	2065345	174411072.00
2010/11/04	3.61	3.90	3.55	3.86	2789494	246779168.00
2010/11/05	3.80	3.90	3.72	3.81	2157845	192071152.00
2010/11/08	3.86	3.95	3.73	3.92	2205863	197837280.00
2010/11/09	3.86	3.99	3.83	3.88	1222765	110968712.00
2010/11/10	3.91	4.24	3.87	4.04	1319048	124403440.00
2010/11/11	4.01	4.46	3.94	4.29	1644040	160838832.00
2010/11/12	4.30	4.63	4.08	4.08	2373477	232877360.00
2010/11/15	4.19	4.39	4.09	4.36	1323581	128935328.00
2010/11/16	4.45	4.69	4.14	4.33	1557549	155641264.00
2010/11/17	4.26	4.44	3.97	3.99	1259610	120827016.00
2010/11/18	4.08	4.08	3.94	4.02	1052238	97753912.00
2010/11/19	4.13	4.44	4.04	4.42	1638332	158232144.00
2010/11/23	4.69	4.80	4.44	4.47	4571491	473755328.00
2010/11/24	4.36	4.50	4.28	4.43	2687673	268479616.00
2010/11/25	4.43	4.60	4.13	4.26	2388736	235993136.00
2010/11/26	4.16	4.27	4.14	4.22	962898	92660248.00
2010/11/29	4.19	4.27	4.11	4.22	1549733	148234208.00
2010/11/30	4.20	4.47	4.04	4.30	2218051	215713952.00
2010/12/01	4.39	4.39	4.14	4.24	1007776	97560000.00
2010/12/02	4.28	4.30	4.21	4.24	698102	67655776.00
2010/12/03	4.24	4.27	4.03	4.05	1244091	117541248.00
2010/12/06	4.08	4.10	3.73	3.86	1238365	111774544.00
2010/12/07	3.83	4.07	3.82	4.01	1379356	126351032.00
2010/12/08	4.04	4.11	3.99	4.00	858515	80087040.00
2010/12/09	4.01	4.02	3.83	3.84	683560	62246704.00
2010/12/10	3.86	3.96	3.81	3.93	1340824	121331976.00
2010/12/14	4.08	4.44	4.08	4.35	3477053	342619328.00
2010/12/15	4.30	4.44	4.30	4.34	1229442	121913928.00
2010/12/16	4.33	4.57	4.33	4.41	1007547	101177720.00
2010/12/17	4.36	4.52	4.33	4.39	589976	58849144.00
2010/12/20	4.37	4.52	4.19	4.33	1176066	116095800.00
2010/12/21	4.38	4.53	4.35	4.46	1163510	116874512.00
2010/12/22	4.44	4.49	4.24	4.34	740541	73034040.00
2010/12/23	4.26	4.33	4.21	4.21	630789	61164832.00
2010/12/24	4.19	4.19	3.96	4.01	736503	68799456.00
2010/12/27	4.01	4.19	3.76	3.86	1041805	95456728.00
2010/12/28	3.86	3.91	3.72	3.74	1066495	94788584.00
2010/12/29	3.80	3.93	3.75	3.90	1012942	91457376.00
2010/12/30	3.91	4.01	3.86	3.97	798087	72946704.00
2010/12/31	3.97	4.16	3.97	4.09	983963	93105296.00
2011/01/04	4.11	4.13	4.02	4.12	816015	76788688.00
2011/01/05	4.13	4.13	3.95	3.95	1088896	101043008.00
2011/01/06	3.95	4.03	3.88	3.90	789113	72139376.00
2011/01/07	3.86	3.96	3.86	3.90	536697	48714348.00
2011/01/10	3.90	3.94	3.74	3.76	516062	46081572.00
2011/01/11	3.74	3.86	3.72	3.79	398292	35201136.00
2011/01/12	3.79	3.87	3.75	3.80	317437	28363724.00
2011/01/13	3.86	3.99	3.82	3.91	617836	56161324.00
2011/01/14	3.91	3.94	3.80	3.81	318073	28591164.00
2011/01/17	3.80	3.88	3.53	3.57	631709	55022160.00
2011/01/18	3.57	3.64	3.30	3.43	948619	78538272.00
2011/01/19	3.41	3.60	3.36	3.58	697554	58065528.00
2011/01/20	3.58	3.63	3.42	3.51	557313	46862972.00
2011/01/21	3.47	3.54	3.44	3.51	912047	76423912.00
2011/01/24	3.37	3.50	3.30	3.30	390991	31564612.00
2011/01/25	3.24	3.30	3.20	3.24	468716	36936644.00
2011/01/26	3.18	3.32	3.18	3.30	349315	27888060.00
2011/01/27	3.27	3.38	3.25	3.34	332907	26745594.00
2011/01/28	3.36	3.40	3.24	3.33	292750	23396484.00
2011/01/31	3.35	3.39	3.29	3.36	195050	15808302.00
2011/02/01	3.38	3.40	3.29	3.30	378880	30375742.00
2011/02/09	3.30	3.32	3.26	3.29	199170	15908256.00
2011/02/10	3.26	3.45	3.26	3.44	500834	40425064.00
2011/02/11	3.44	3.48	3.39	3.44	625666	51481564.00
2011/02/14	3.44	3.61	3.42	3.58	725402	61342844.00
2011/02/15	3.62	3.62	3.51	3.52	723339	61089812.00
2011/02/16	3.51	3.54	3.41	3.51	919487	76206664.00
2011/02/17	3.52	3.54	3.46	3.49	810620	67728736.00
2011/02/18	3.49	3.49	3.36	3.38	788794	64797892.00
2011/02/21	3.46	3.68	3.45	3.68	1632310	138657120.00
2011/02/22	3.68	3.70	3.47	3.51	1433410	121667728.00
2011/02/23	3.51	3.55	3.46	3.48	957874	79823496.00
2011/02/24	3.48	3.67	3.48	3.65	2492149	213070336.00
2011/02/25	3.67	3.86	3.67	3.74	2779918	246632960.00
2011/02/28	3.75	3.81	3.62	3.65	1302615	112867688.00
2011/03/01	3.65	3.77	3.63	3.73	1050361	91783480.00
2011/03/02	3.69	3.72	3.60	3.66	592847	51074280.00
2011/03/03	3.64	3.69	3.52	3.59	1182018	100523536.00
2011/03/04	3.54	3.68	3.52	3.54	663049	56085232.00
2011/03/07	3.59	3.62	3.52	3.60	1080531	91585448.00
2011/03/08	3.60	3.74	3.52	3.74	1230689	106171232.00
2011/03/09	3.73	3.76	3.66	3.67	892483	77717616.00
2011/03/10	3.67	3.71	3.62	3.69	578226	50060368.00
2011/03/11	3.67	3.73	3.61	3.63	1081591	93811096.00
2011/03/14	3.61	3.73	3.61	3.71	1010864	87924592.00
2011/03/15	3.71	3.82	3.67	3.79	1609623	141306400.00
2011/03/16	3.82	4.02	3.77	3.95	1445604	131168760.00
2011/03/17	3.91	4.07	3.84	3.88	1781409	163992048.00
2011/03/18	3.88	3.95	3.77	3.80	936859	83530608.00
2011/03/21	3.78	3.88	3.77	3.77	746458	66570640.00
2011/03/22	3.78	3.80	3.66	3.67	1083011	94397528.00
2011/03/23	3.71	3.71	3.64	3.68	925450	80255416.00
2011/03/24	3.70	3.71	3.66	3.66	846278	73514344.00
2011/03/25	3.66	3.69	3.64	3.68	982615	85011480.00
2011/03/28	3.68	3.69	3.50	3.51	1704192	143946080.00
2011/03/29	3.52	3.52	3.40	3.42	945068	77800816.00
2011/03/30	3.44	3.52	3.40	3.46	415862	34452620.00
2011/03/31	3.47	3.51	3.42	3.43	243596	20178908.00
2011/04/01	3.43	3.47	3.29	3.36	866360	69960800.00
2011/04/06	3.35	3.36	3.19	3.21	1285952	100969048.00
2011/04/07	3.21	3.24	3.16	3.21	1093957	85576312.00
2011/04/08	3.21	3.30	3.19	3.26	1190762	94069560.00
2011/04/12	3.24	3.24	3.07	3.08	1939992	149707152.00
2011/04/13	3.12	3.30	3.08	3.22	1342742	105375368.00
2011/04/14	3.22	3.29	3.18	3.27	877881	68850024.00
2011/04/15	3.28	3.31	3.23	3.29	714640	56815168.00
2011/04/18	3.30	3.33	3.25	3.25	1064471	84796696.00
2011/04/19	3.23	3.35	3.13	3.34	1374876	108987024.00
2011/04/20	3.34	3.43	3.24	3.25	1500732	59733516.00
2011/04/21	3.23	3.29	3.16	3.16	1976261	76512056.00
2011/04/22	3.13	3.21	3.09	3.12	1715227	65568672.00
2011/04/25	3.10	3.15	3.00	3.10	2195012	82606608.00
2011/04/26	3.10	3.14	3.06	3.14	1359592	51670208.00
2011/04/27	3.18	3.18	3.02	3.05	888062	33503396.00
2011/04/28	3.01	3.08	2.64	2.77	3343910	117801736.00
2011/04/29	2.81	2.90	2.77	2.83	2453195	86626920.00
2011/05/03	2.83	2.96	2.77	2.96	1178249	42200728.00
2011/05/04	2.92	2.92	2.85	2.88	697702	25012184.00
2011/05/05	2.85	2.89	2.83	2.89	551291	19784052.00
2011/05/06	2.86	2.99	2.81	2.94	1035803	37752612.00
2011/05/09	2.94	3.12	2.91	3.11	1896015	71391240.00
2011/05/10	3.09	3.14	3.02	3.13	849732	32255958.00
2011/05/11	3.13	3.22	3.09	3.18	1178074	45397800.00
2011/05/12	3.14	3.17	3.07	3.11	1327923	50474080.00
2011/05/13	3.10	3.13	3.00	3.11	967459	36237516.00
2011/05/16	3.11	3.16	3.11	3.12	505588	19326040.00
2011/05/17	3.14	3.16	3.08	3.11	576436	21913678.00
2011/05/18	3.11	3.15	3.08	3.12	542230	20703482.00
2011/05/19	3.13	3.13	3.04	3.05	762679	28814236.00
2011/05/20	3.04	3.05	2.89	2.93	1769827	64399860.00
2011/05/23	2.92	2.98	2.86	2.86	867348	31409078.00
2011/05/24	2.86	2.92	2.78	2.86	916858	32787054.00
2011/05/25	2.86	2.92	2.79	2.87	755196	27107754.00
2011/05/26	2.87	2.88	2.73	2.74	1532553	53876364.00
2011/05/27	2.71	2.75	2.56	2.58	1174518	39523612.00
2011/05/30	2.58	2.76	2.53	2.67	1139357	39028332.00
2011/05/31	2.69	2.81	2.67	2.80	949234	33012374.00
2011/06/01	2.80	2.89	2.76	2.87	930746	33157102.00
2011/06/02	2.85	2.95	2.82	2.94	1126690	40612132.00
2011/06/03	2.89	3.02	2.89	3.01	935116	34401960.00
2011/06/07	3.03	3.06	2.89	2.93	1448125	53130272.00
2011/06/08	2.94	2.94	2.86	2.91	953256	34340616.00
2011/06/09	2.88	2.93	2.82	2.84	653818	23307362.00
2011/06/10	2.86	2.89	2.78	2.85	894409	31814886.00
2011/06/13	2.78	2.93	2.78	2.88	682205	24434226.00
2011/06/14	2.85	2.98	2.85	2.97	875874	31772376.00
2011/06/15	2.97	2.97	2.87	2.87	595521	21642704.00
2011/06/16	2.83	2.86	2.79	2.81	384464	13576707.00
2011/06/17	2.81	2.88	2.78	2.78	485849	17143602.00
2011/06/20	2.83	2.83	2.69	2.72	918314	31821710.00
2011/06/21	2.76	2.76	2.71	2.73	695114	24029750.00
2011/06/22	2.78	2.85	2.72	2.83	1198748	42199236.00
2011/06/23	2.83	2.96	2.80	2.95	883878	31971370.00
2011/06/24	2.95	3.10	2.91	3.07	1895550	70918608.00
2011/06/27	3.08	3.19	3.06	3.07	2161285	82599176.00
2011/06/28	3.09	3.13	3.05	3.13	1043366	39528520.00
2011/06/29	3.12	3.24	3.10	3.18	1155228	44716252.00
2011/06/30	3.17	3.29	3.17	3.25	1225488	48222892.00
2011/07/01	3.26	3.34	3.24	3.28	1722625	68744952.00
2011/07/04	3.32	3.37	3.24	3.34	1413330	56272992.00
2011/07/05	3.37	3.37	3.30	3.34	1055793	42175928.00
2011/07/06	3.32	3.36	3.27	3.35	1153284	45991284.00
2011/07/07	3.35	3.54	3.35	3.45	2122882	87148008.00
2011/07/08	3.45	3.46	3.33	3.46	1056258	42920256.00
2011/07/11	3.43	3.52	3.39	3.46	645211	26536058.00
2011/07/12	3.43	3.57	3.41	3.55	1748912	72811472.00
2011/07/13	3.54	3.65	3.47	3.48	3529118	148678064.00
2011/07/14	3.48	3.69	3.46	3.67	3714705	157802016.00
2011/07/15	3.66	3.87	3.63	3.87	3334114	147536944.00
2011/07/18	3.87	3.87	3.76	3.77	1960949	86608256.00
2011/07/19	3.75	3.86	3.63	3.83	2250478	98509680.00
2011/07/20	3.83	3.86	3.68	3.78	1758539	77030544.00
2011/07/21	3.78	3.79	3.71	3.72	915650	39932412.00
2011/07/22	3.68	3.78	3.64	3.66	1703341	74269760.00
2011/07/25	3.61	3.73	3.61	3.65	2148256	91955880.00
2011/07/26	3.65	3.84	3.64	3.82	1760950	76953224.00
2011/07/27	3.78	4.06	3.77	3.92	1833422	83590968.00
2011/07/28	3.89	4.14	3.89	4.12	3269270	152415392.00
2011/07/29	4.12	4.14	4.01	4.02	2464493	114510096.00
2011/08/01	3.94	4.06	3.67	3.80	3387085	148773760.00
2011/08/02	3.75	3.84	3.65	3.83	1426235	62282932.00
2011/08/03	3.77	4.04	3.73	4.03	2886094	132304560.00
2011/08/04	4.03	4.08	3.95	4.00	1116628	51624740.00
2011/08/05	3.80	4.23	3.78	4.11	3492539	163181520.00
2011/08/08	4.11	4.30	3.92	3.97	3343034	156955920.00
2011/08/09	3.84	3.97	3.59	3.91	1604936	71214104.00
2011/08/10	3.91	4.12	3.91	3.94	1805219	83347768.00
2011/08/11	3.87	4.13	3.86	4.11	2596603	120793608.00
2011/08/12	4.11	4.29	4.11	4.12	2236832	107432272.00
2011/08/15	4.12	4.24	4.09	4.22	1514355	72223320.00
2011/08/16	4.22	4.25	4.14	4.17	1382376	65869764.00
2011/08/17	4.17	4.21	4.03	4.05	3284776	153133248.00
2011/08/18	4.04	4.04	3.64	3.68	7745572	339968768.00
2011/08/19	3.61	3.76	3.58	3.70	4817560	207917824.00
2011/08/22	3.71	3.79	3.62	3.64	1790875	77603144.00
2011/08/23	3.69	3.84	3.62	3.81	2528241	109440656.00
2011/08/24	3.85	3.95	3.85	3.88	1663710	75003072.00
2011/08/25	3.89	3.91	3.78	3.88	1053391	47009856.00
2011/08/26	3.88	3.91	3.76	3.84	1587255	70305008.00
2011/08/29	3.84	3.86	3.76	3.78	914654	40303340.00
2011/08/30	3.82	3.86	3.67	3.67	1714446	75539544.00
2011/08/31	3.67	3.71	3.55	3.69	1578735	67106468.00
2011/09/01	3.70	3.77	3.65	3.67	1421502	61541360.00
2011/09/02	3.67	3.72	3.55	3.64	1196760	50747844.00
2011/09/05	3.59	3.62	3.53	3.56	1609309	67607080.00
2011/09/06	3.51	3.61	3.51	3.59	867635	36443716.00
2011/09/07	3.66	3.66	3.55	3.64	507860	21566416.00
2011/09/08	3.65	3.75	3.61	3.69	684945	29534830.00
2011/09/09	3.74	3.77	3.57	3.63	463757	19816222.00
2011/09/13	3.57	3.61	3.49	3.52	795313	33283860.00
2011/09/14	3.52	3.59	3.47	3.56	1147545	47929512.00
2011/09/15	3.60	3.64	3.53	3.61	681779	28800770.00
2011/09/16	3.64	3.64	3.55	3.62	673232	28454480.00
2011/09/19	3.58	3.61	3.55	3.60	756664	31937968.00
2011/09/20	3.57	3.60	3.53	3.60	447531	18830110.00
2011/09/21	3.60	3.73	3.56	3.69	820429	35191304.00
2011/09/22	3.68	3.73	3.61	3.66	1504405	64873980.00
2011/09/23	3.63	3.95	3.55	3.70	950345	40443144.00
2011/09/26	3.60	3.71	3.59	3.61	313387	13357289.00
2011/09/27	3.61	3.65	3.39	3.43	750399	31178216.00
2011/09/28	3.44	3.48	3.18	3.30	2745234	108987504.00
2011/09/29	3.28	3.38	3.22	3.30	843004	33274598.00
2011/09/30	3.30	3.36	3.28	3.30	175012	6987552.00
2011/10/10	3.33	3.39	3.32	3.38	541495	21770164.00
2011/10/11	3.61	3.66	3.41	3.44	1640281	67827568.00
2011/10/12	3.33	3.58	3.33	3.57	1600183	66479092.00
2011/10/13	3.60	3.80	3.54	3.72	2673147	115188656.00
2011/10/14	3.67	3.77	3.64	3.73	1268870	55249164.00
2011/10/17	3.73	3.79	3.69	3.73	1044815	45714376.00
2011/10/18	3.69	3.78	3.62	3.65	716752	31217662.00
2011/10/19	3.58	3.70	3.44	3.50	812538	34039324.00
2011/10/20	3.47	3.48	3.34	3.44	1147455	46753900.00
2011/10/21	3.50	3.50	3.29	3.29	778794	31491958.00
2011/10/24	3.34	3.42	3.20	3.38	1116268	44353016.00
2011/10/25	3.34	3.62	3.34	3.60	833405	34707520.00
2011/10/26	3.56	3.74	3.56	3.69	1594324	69021872.00
2011/10/27	3.70	3.74	3.62	3.65	617596	26508986.00
2011/10/28	3.70	3.73	3.63	3.72	877588	37886320.00
2011/10/31	3.68	3.83	3.65	3.79	1817568	79817352.00
2011/11/01	3.78	3.82	3.71	3.75	841814	36972240.00
2011/11/02	3.71	3.92	3.64	3.84	2573721	114144416.00
2011/11/03	3.87	3.98	3.83	3.87	2529761	114152800.00
2011/11/04	3.93	3.94	3.76	3.79	3541732	157097216.00
2011/11/07	3.77	3.79	3.63	3.68	1897445	82062320.00
2011/11/08	3.68	3.71	3.61	3.65	1098152	47175304.00
2011/11/09	3.65	3.77	3.65	3.76	1064042	46053124.00
2011/11/10	3.72	3.81	3.68	3.76	818094	35868256.00
2011/11/11	3.79	3.81	3.71	3.79	636255	27948028.00
2011/11/14	3.82	3.92	3.79	3.88	1915577	85451736.00
2011/11/15	3.86	3.90	3.80	3.88	1501350	67323248.00
2011/11/16	3.88	3.89	3.67	3.73	1551351	68013544.00
2011/11/17	3.72	3.80	3.68	3.72	483316	21061450.00
2011/11/18	3.70	3.74	3.47	3.53	2062603	86774448.00
2011/11/21	3.53	3.59	3.47	3.55	813460	34031908.00
2011/11/22	3.54	3.59	3.50	3.59	566544	23676128.00
2011/11/23	3.59	3.61	3.56	3.56	378545	15974811.00
2011/11/24	3.52	3.61	3.50	3.60	419021	17721892.00
2011/11/25	3.58	3.62	3.52	3.52	493173	20770806.00
2011/11/28	3.50	3.58	3.42	3.43	929670	38391040.00
2011/11/29	3.45	3.51	3.37	3.41	1237063	50384492.00
2011/11/30	3.42	3.51	3.39	3.42	1107084	45404956.00
2011/12/01	3.54	3.58	3.44	3.49	1047506	43676636.00
2011/12/02	3.49	3.49	3.32	3.37	1502223	60480420.00
2011/12/05	3.41	3.61	3.41	3.56	4252768	178348784.00
2011/12/06	3.51	3.68	3.50	3.67	2729383	117018656.00
2011/12/07	3.67	3.79	3.64	3.67	2401614	104522440.00
2011/12/08	3.72	3.79	3.61	3.78	4771372	208321856.00
2011/12/09	3.74	3.83	3.69	3.81	2276636	99986608.00
2011/12/12	3.81	3.85	3.70	3.77	1503935	65999032.00
2011/12/14	3.74	3.74	3.59	3.67	1580279	67614400.00
2011/12/15	3.64	3.67	3.59	3.62	1117105	47751400.00
2011/12/16	3.64	3.67	3.53	3.61	1297783	55056144.00
2011/12/19	3.56	3.68	3.56	3.67	1947779	83234048.00
2011/12/20	3.67	3.79	3.65	3.76	1555830	67916880.00
2011/12/21	3.77	3.85	3.59	3.59	1586312	69164808.00
2011/12/22	3.59	3.71	3.56	3.66	1866519	79846888.00
2011/12/23	3.61	3.79	3.57	3.69	1714105	74635184.00
2011/12/26	3.68	3.77	3.61	3.69	849020	36826028.00
2011/12/27	3.68	3.76	3.62	3.68	883735	38135772.00
2011/12/28	3.61	3.70	3.34	3.64	2096296	86137024.00
2011/12/29	3.62	3.64	3.50	3.60	556407	23606292.00
2011/12/30	3.61	3.67	3.56	3.67	1635471	69816136.00
2012/01/04	3.67	3.78	3.57	3.57	887922	38283388.00
2012/01/05	3.57	3.57	3.31	3.33	2267119	92106272.00
2012/01/06	3.34	3.42	3.26	3.42	1097804	43831032.00
2012/01/09	3.43	3.53	3.34	3.49	1198742	49250244.00
2012/01/10	3.51	3.65	3.49	3.62	999836	42078448.00
2012/01/11	3.63	3.68	3.59	3.61	811285	34620928.00
2012/01/12	3.63	3.66	3.44	3.50	1180453	49775740.00
2012/01/13	3.45	3.53	3.36	3.36	969197	39452168.00
2012/01/16	3.36	3.36	3.28	3.29	604449	24074670.00
2012/01/17	3.29	3.39	3.06	3.37	3306765	128056944.00
2012/01/18	3.33	3.33	2.92	2.92	3438608	128297832.00
2012/01/19	2.67	3.00	2.67	2.96	1785238	64808648.00
2012/01/20	2.96	3.02	2.95	2.97	1696210	62468200.00
2012/01/30	2.97	3.05	2.87	2.99	1240241	45932440.00
2012/01/31	3.04	3.04	2.86	3.00	1577394	57379324.00
2012/02/01	2.96	3.06	2.96	2.99	936468	34767080.00
2012/02/02	3.03	3.06	3.00	3.04	814133	30386164.00
2012/02/03	3.04	3.22	3.04	3.16	1292212	49142680.00
2012/02/06	3.17	3.22	3.12	3.16	1461153	56241772.00
2012/02/07	3.13	3.14	3.07	3.09	732995	27672854.00
2012/02/08	3.08	3.21	3.07	3.17	677120	25926860.00
2012/02/09	3.18	3.22	3.11	3.12	1075031	41202168.00
2012/02/10	3.11	3.14	2.94	3.02	2664361	99358880.00
2012/02/13	2.97	3.05	2.83	2.97	3962219	144599760.00
2012/02/14	2.95	3.19	2.95	3.19	2965229	112460648.00
2012/02/15	3.19	3.22	3.11	3.20	2423626	93467792.00
2012/02/16	3.20	3.22	3.14	3.17	1219119	47114168.00
2012/02/17	3.19	3.20	3.14	3.15	934223	35889928.00
2012/02/20	3.19	3.33	3.16	3.27	2009319	79147888.00
2012/02/21	3.33	3.36	3.24	3.33	2081834	82990712.00
2012/02/22	3.29	3.55	3.29	3.55	2446377	100808856.00
2012/02/23	3.55	3.55	3.46	3.55	1106209	46063196.00
2012/02/24	3.56	3.59	3.50	3.52	920618	38525112.00
2012/02/27	3.54	3.66	3.54	3.59	1604789	68194584.00
2012/02/28	3.59	3.63	3.52	3.56	1875389	78884696.00
2012/02/29	3.55	3.55	3.43	3.46	2694878	110930072.00
2012/03/01	3.44	3.57	3.43	3.51	1884868	78595888.00
2012/03/02	3.50	3.58	3.50	3.54	1529254	64197672.00
2012/03/05	3.58	3.58	3.51	3.53	1026763	42953572.00
2012/03/06	3.53	3.64	3.51	3.63	1928274	81308944.00
2012/03/07	3.61	3.72	3.57	3.68	1489898	64039360.00
2012/03/08	3.67	3.72	3.63	3.67	1338438	57450268.00
2012/03/09	3.66	3.69	3.64	3.67	587495	25238794.00
2012/03/12	3.70	3.87	3.67	3.78	3512049	154124240.00
2012/03/13	3.74	3.79	3.69	3.78	2143016	93765320.00
2012/03/14	3.77	3.81	3.64	3.65	3373561	146830672.00
2012/03/15	3.66	3.67	3.52	3.59	2047747	86168912.00
2012/03/16	3.59	3.61	3.55	3.61	1350021	56983584.00
2012/03/19	3.58	3.80	3.56	3.80	2559713	111311456.00
2012/03/20	3.76	3.80	3.67	3.68	1306116	56920976.00
2012/03/21	3.68	3.73	3.51	3.58	1918563	81463000.00
2012/03/22	3.58	3.62	3.53	3.61	356134	15050333.00
2012/03/23	3.56	3.67	3.56	3.67	523755	22288380.00
2012/03/27	3.78	3.89	3.67	3.69	1261528	55396432.00
2012/03/28	3.67	3.76	3.56	3.58	1229150	53183676.00
2012/03/29	3.58	3.60	3.52	3.58	449010	18878878.00
2012/03/30	3.58	3.63	3.52	3.62	488977	20710906.00
2012/04/05	3.60	3.74	3.60	3.73	900217	38701136.00
2012/04/06	3.68	3.78	3.67	3.72	829551	36048356.00
2012/04/09	3.71	3.86	3.67	3.81	1351878	59803668.00
2012/04/10	3.85	3.86	3.62	3.78	1770556	76816744.00
2012/04/11	3.70	3.78	3.64	3.76	1131374	49048484.00
2012/04/12	3.75	3.76	3.67	3.76	944401	40965800.00
2012/04/13	3.78	3.80	3.69	3.71	1347100	58607916.00
2012/04/16	3.71	3.71	3.62	3.71	741951	32016426.00
2012/04/17	3.71	3.73	3.64	3.67	468494	20139414.00
2012/04/18	3.68	3.76	3.65	3.72	595495	25861172.00
2012/04/19	3.73	3.73	3.60	3.63	1036533	44301620.00
2012/04/20	3.63	3.73	3.57	3.71	1005124	43213028.00
2012/04/24	3.67	3.94	3.61	3.90	2555325	113997392.00
2012/04/25	3.89	3.94	3.83	3.94	1703897	76673320.00
2012/04/26	3.94	4.13	3.90	4.07	2127031	99017232.00
2012/04/27	4.06	4.07	3.95	4.02	990631	45554944.00
2012/05/02	4.00	4.02	3.82	4.00	1907898	86287096.00
2012/05/03	3.97	3.98	3.86	3.93	2346034	105680472.00
2012/05/04	3.91	4.10	3.91	3.96	3562765	164236160.00
2012/05/07	3.94	4.19	3.92	4.19	4940539	231564160.00
2012/05/08	4.19	4.28	4.11	4.19	2269716	107668192.00
2012/05/09	4.12	4.19	4.07	4.11	2099199	98648760.00
2012/05/10	4.13	4.24	4.07	4.22	1989212	94935896.00
2012/05/11	4.17	4.21	4.09	4.09	1199723	56557184.00
2012/05/14	4.02	4.10	3.95	4.01	1335086	61538908.00
2012/05/15	3.95	4.02	3.90	4.02	946218	43063460.00
2012/05/16	4.00	4.08	3.95	3.97	1218325	56173128.00
2012/05/17	3.98	4.05	3.96	4.02	459713	21200252.00
2012/05/21	4.01	4.06	3.88	3.88	1569986	71313576.00
2012/05/22	3.92	3.94	3.78	3.81	4189415	187371728.00
2012/05/23	3.83	3.92	3.82	3.91	2371616	106404608.00
2012/05/24	3.91	4.06	3.91	4.01	1517139	69742688.00
2012/05/25	3.98	4.03	3.83	3.91	780919	35509512.00
2012/05/28	3.86	3.96	3.80	3.95	2942416	132429928.00
2012/05/29	3.94	4.13	3.84	4.08	2354856	109359504.00
2012/05/30	4.08	4.17	4.01	4.11	1873180	87970600.00
2012/05/31	4.06	4.17	4.06	4.13	1433686	67634984.00
2012/06/01	4.11	4.14	4.02	4.07	2122583	98935152.00
2012/06/04	4.00	4.31	3.96	4.18	4237188	202298192.00
2012/06/05	4.22	4.22	4.06	4.06	3319856	155808896.00
2012/06/06	4.07	4.29	4.07	4.27	2895740	138943904.00
2012/06/07	4.31	4.47	4.27	4.29	2938092	145432912.00
2012/06/08	4.33	4.56	4.22	4.46	2733783	136541328.00
2012/06/11	4.53	4.69	4.46	4.67	2173819	111743920.00
2012/06/12	4.62	4.68	4.53	4.63	2762622	142094800.00
2012/06/13	4.64	4.86	4.64	4.80	4316719	113489240.00
2012/06/14	4.78	4.93	4.71	4.81	3429937	90587848.00
2012/06/15	4.80	4.89	4.61	4.71	3677162	95423480.00
2012/06/18	4.72	4.91	4.67	4.89	3708841	98496536.00
2012/06/19	4.88	5.00	4.78	4.86	4470319	119363568.00
2012/06/20	4.84	4.93	4.70	4.74	3115145	81669048.00
2012/06/21	4.71	4.77	4.60	4.72	2905015	74974936.00
2012/06/25	4.67	4.73	4.64	4.70	2422437	62755660.00
2012/06/26	4.71	4.82	4.61	4.64	2738343	71016536.00
2012/06/27	4.62	5.01	4.62	4.95	5151279	137701040.00
2012/06/28	4.96	5.08	4.91	4.92	5732182	156241664.00
2012/06/29	4.87	5.01	4.87	4.98	3978606	107846824.00
2012/07/02	5.02	5.26	4.88	5.19	6077941	166223120.00
2012/07/03	5.16	5.32	5.09	5.29	4562734	129431432.00
2012/07/04	5.28	5.37	4.86	4.93	7655647	209199600.00
2012/07/05	4.88	4.96	4.82	4.93	2136291	57336128.00
2012/07/06	4.93	5.16	4.89	5.13	2971986	81527040.00
2012/07/09	5.11	5.31	5.07	5.14	3653003	103539056.00
2012/07/10	5.13	5.13	4.87	5.01	3558182	96773208.00
2012/07/11	5.01	5.01	4.78	4.89	2228283	59852736.00
2012/07/12	4.83	5.22	4.75	5.16	6038688	164238080.00
2012/07/13	5.16	5.22	5.04	5.12	1768381	49362152.00
2012/07/16	5.11	5.16	4.94	5.00	1787306	49022528.00
2012/07/17	4.93	5.18	4.89	5.16	2712702	75227792.00
2012/07/18	5.16	5.21	4.81	4.95	2970992	80569664.00
2012/07/19	4.99	5.02	4.86	4.99	2961633	79892480.00
2012/07/20	4.96	4.97	4.88	4.97	1675281	45116672.00
2012/07/23	4.96	4.96	4.80	4.84	1590260	42460092.00
2012/07/24	4.78	5.00	4.78	4.96	1695812	45786604.00
2012/07/25	4.93	5.20	4.93	5.16	2743815	76218144.00
2012/07/26	5.12	5.34	5.11	5.29	4645257	132579584.00
2012/07/27	5.29	5.33	5.04	5.11	2857778	79510160.00
2012/07/30	5.12	5.13	4.86	4.87	2395751	64531200.00
2012/07/31	4.84	4.93	4.78	4.93	2404457	64160492.00
2012/08/01	4.93	5.06	4.87	4.98	2056143	55979980.00
2012/08/02	4.93	5.04	4.85	5.04	2171502	58733120.00
2012/08/03	5.04	5.19	4.95	5.16	2892832	80376720.00
2012/08/06	5.13	5.51	5.08	5.49	6888216	200194176.00
2012/08/07	5.47	5.76	5.46	5.70	6312197	190652800.00
2012/08/08	5.67	5.70	5.52	5.54	2018729	60383824.00
2012/08/09	5.54	5.82	5.54	5.78	2559833	78429224.00
2012/08/10	5.73	5.87	5.64	5.71	1801972	55092596.00
2012/08/13	5.75	5.80	5.62	5.69	1834767	55915048.00
2012/08/14	5.69	5.69	5.02	5.13	13279504	370121056.00
2012/08/15	5.00	5.41	5.00	5.31	5469854	156739488.00
2012/08/16	5.27	5.31	5.08	5.16	2742706	77351936.00
2012/08/17	5.16	5.24	4.93	5.00	4955788	135540592.00
2012/08/20	4.92	5.16	4.86	5.16	2982064	82129776.00
2012/08/21	5.10	5.40	5.06	5.38	5688915	163557840.00
2012/08/22	5.33	5.44	5.26	5.30	2439894	70483976.00
2012/08/23	5.37	5.40	5.11	5.36	2389388	67780976.00
2012/08/24	5.21	5.39	5.20	5.38	2028748	58186348.00
2012/08/27	5.36	5.36	5.01	5.16	4227668	118042704.00
2012/08/28	5.07	5.20	4.87	5.04	3642741	99471344.00
2012/08/29	4.97	5.11	4.97	5.03	1733938	47796164.00
2012/08/30	5.11	5.11	4.73	4.80	3151600	83488072.00
2012/08/31	4.80	4.88	4.70	4.73	3020171	79160200.00
2012/09/03	4.74	4.98	4.74	4.94	2107076	56573844.00
2012/09/04	4.96	5.14	4.96	4.99	4482235	123081968.00
2012/09/05	5.00	5.06	4.93	5.06	1835366	50031176.00
2012/09/06	5.11	5.18	5.02	5.12	2222506	61542132.00
2012/09/07	5.12	5.39	5.12	5.35	4017285	114983016.00
2012/09/10	5.38	5.48	5.16	5.33	4457624	126866048.00
2012/09/11	5.22	5.30	5.18	5.23	2445055	69134680.00
2012/09/12	5.27	5.30	5.18	5.29	1629354	46200264.00
2012/09/13	5.32	5.32	5.07	5.20	3045329	85498664.00
2012/09/14	5.20	5.20	4.93	5.02	4711106	128988944.00
2012/09/17	4.98	5.04	4.94	4.99	1473549	40229240.00
2012/09/18	4.93	5.06	4.93	5.02	1296722	35392188.00
2012/09/19	5.02	5.05	4.96	5.01	1220033	33379164.00
2012/09/20	4.97	5.13	4.97	5.09	2782936	76830976.00
2012/09/21	5.04	5.04	4.78	4.82	2572671	69016608.00
2012/09/24	4.82	4.99	4.63	4.91	3589003	94686264.00
2012/09/25	4.91	5.01	4.83	4.97	1237658	33646036.00
2012/09/26	4.97	4.97	4.69	4.86	1375542	36347388.00
2012/09/27	4.88	5.11	4.82	4.96	1419926	38706600.00
2012/09/28	4.89	5.10	4.89	5.09	2571122	70166496.00
2012/10/08	5.00	5.23	5.00	5.12	1212173	33725116.00
2012/10/09	5.20	5.33	5.16	5.31	2446263	69733408.00
2012/10/10	5.29	5.43	5.24	5.38	2158276	62333272.00
2012/10/11	5.31	5.38	5.22	5.26	2960444	84561848.00
2012/10/12	5.27	5.33	5.11	5.27	1710984	48196432.00
2012/10/15	5.29	5.29	5.12	5.20	821525	23027774.00
2012/10/16	5.16	5.31	5.15	5.26	1672372	47498308.00
2012/10/17	5.32	5.32	5.12	5.16	1680696	47115804.00
2012/10/18	5.24	5.31	5.20	5.31	2100386	59796444.00
2012/10/19	5.31	5.31	5.22	5.25	1408437	40106736.00
2012/10/22	5.25	5.36	5.16	5.33	1854476	53017212.00
2012/10/23	5.32	5.67	5.31	5.44	3996176	117977960.00
2012/10/24	5.40	5.62	5.39	5.59	2195405	65595912.00
2012/10/25	5.62	5.63	5.37	5.46	1533152	45119236.00
2012/10/26	5.38	5.48	5.18	5.48	2542153	72739200.00
2012/10/29	5.40	5.63	5.33	5.60	2351580	70284368.00
2012/10/30	5.60	5.79	5.59	5.78	5189323	158796704.00
2012/10/31	5.76	5.92	5.71	5.84	4470254	138383952.00
2012/11/01	5.84	6.00	5.76	5.85	2529207	78831968.00
2012/11/02	5.84	5.85	5.71	5.79	1561984	48146364.00
2012/11/05	5.78	5.88	5.61	5.64	3985118	120832296.00
2012/11/06	5.67	5.69	5.41	5.62	3987392	118546080.00
2012/11/07	5.63	5.67	5.53	5.66	1600230	47958316.00
2012/11/08	5.66	5.66	5.44	5.53	1815054	53984784.00
2012/11/09	5.53	5.54	5.35	5.38	2233128	65145760.00
2012/11/12	5.42	5.44	5.26	5.26	2669648	76572368.00
2012/11/13	5.27	5.27	5.04	5.07	3635650	100943392.00
2012/11/14	5.08	5.16	5.05	5.11	2242435	62071100.00
2012/11/15	5.08	5.22	4.97	5.16	2527639	70625056.00
2012/11/16	5.16	5.27	5.02	5.20	1699349	47288092.00
2012/11/19	5.20	5.30	5.07	5.22	1860482	52346240.00
2012/11/20	5.26	5.31	5.13	5.16	1173864	33124812.00
2012/11/21	5.20	5.27	5.09	5.23	1904401	53597064.00
2012/11/22	5.20	5.20	4.95	5.11	1766823	48687184.00
2012/11/23	5.13	5.15	4.94	4.96	2002579	54549292.00
2012/11/26	4.97	4.97	4.62	4.69	7397958	193829280.00
2012/11/27	4.57	4.89	4.57	4.80	3948149	103080696.00
2012/11/28	4.80	4.90	4.71	4.85	1437467	38294060.00
2012/11/29	4.82	4.96	4.82	4.95	1243214	33587936.00
2012/11/30	4.93	5.04	4.89	5.01	1711686	46561892.00
2012/12/03	5.01	5.02	4.88	4.88	2138470	57840516.00
2012/12/04	4.88	5.00	4.86	4.92	1649909	44628760.00
2012/12/05	4.92	5.38	4.87	5.18	3418502	96025680.00
2012/12/06	5.31	5.35	5.09	5.31	2361045	67246280.00
2012/12/07	5.22	5.40	5.22	5.35	1958678	56395400.00
2012/12/10	5.42	5.48	5.29	5.45	2357205	68816752.00
2012/12/11	5.44	5.51	5.33	5.46	2803251	81984408.00
2012/12/12	5.46	5.50	5.33	5.35	2967952	86529032.00
2012/12/13	5.29	5.39	5.24	5.35	1993210	57328456.00
2012/12/14	5.35	5.63	5.30	5.63	5045184	150147264.00
2012/12/17	5.65	5.77	5.36	5.49	3909625	115293672.00
2012/12/18	5.58	5.58	5.31	5.42	4223063	123329440.00
2012/12/19	5.38	5.58	5.34	5.56	1944877	57283220.00
2012/12/20	5.51	5.64	5.47	5.61	2445329	73162792.00
2012/12/21	5.60	5.72	5.49	5.71	4648131	139857648.00
2012/12/24	5.73	5.89	5.66	5.68	4173000	127852976.00
2012/12/25	5.66	5.86	5.65	5.84	4725475	145128032.00
2012/12/26	5.83	5.96	5.70	5.95	3851948	119598152.00
2012/12/27	5.96	6.03	5.81	5.91	5291751	166997776.00
2012/12/28	5.86	5.98	5.84	5.91	4080019	128135544.00
2012/12/31	5.91	5.98	5.77	5.85	6333330	196934368.00
2013/01/04	5.82	5.82	5.16	5.39	11489754	336267008.00
2013/01/07	5.35	5.58	5.19	5.47	5197839	150843456.00
2013/01/08	5.46	5.60	5.34	5.49	7710856	227907600.00
2013/01/09	5.52	5.68	5.45	5.54	5665414	168306032.00
2013/01/10	5.53	5.61	5.44	5.51	5284184	156796544.00
2013/01/11	5.51	5.60	5.44	5.48	3403988	100939664.00
2013/01/14	5.48	5.76	5.46	5.68	6787465	204619648.00
2013/01/15	5.68	6.27	5.66	6.16	11601982	367228736.00
2013/01/16	6.16	6.60	6.10	6.48	10970058	370163488.00
2013/01/17	6.49	6.58	6.29	6.48	6379357	215788896.00
2013/01/18	6.49	6.60	6.27	6.34	6305317	211847280.00
2013/01/21	6.28	6.37	5.83	6.00	11619292	369182016.00
2013/01/22	5.98	6.22	5.86	5.90	8798434	281629728.00
2013/01/23	5.88	6.16	5.87	6.00	5456329	173202496.00
2013/01/24	5.98	6.04	5.76	5.82	4789959	149944368.00
2013/01/25	5.84	5.93	5.77	5.82	3499909	109297648.00
2013/01/28	5.80	5.93	5.59	5.69	9025838	276595008.00
2013/01/29	5.68	5.80	5.48	5.80	8946073	267638176.00
2013/01/30	5.82	6.08	5.82	5.89	8572232	269942816.00
2013/01/31	5.93	6.00	5.65	5.67	5577847	171852352.00
2013/02/01	5.67	5.73	5.54	5.58	6130090	183560240.00
2013/02/04	5.58	5.66	5.34	5.42	7262453	211809872.00
2013/02/05	5.49	5.66	5.36	5.63	6254827	184996416.00
2013/02/06	5.66	5.66	5.56	5.61	4556766	136974576.00
2013/02/07	5.60	5.84	5.52	5.83	6683360	204103248.00
2013/02/08	5.83	6.11	5.78	5.85	7377375	234938048.00
2013/02/18	5.93	6.02	5.82	5.98	3227585	101949424.00
2013/02/19	6.00	6.00	5.78	5.82	2723521	84895616.00
2013/02/20	5.82	6.04	5.82	6.00	4241287	133864080.00
2013/02/21	6.02	6.24	5.91	6.07	7821667	251852848.00
2013/02/22	6.07	6.23	6.05	6.07	4733903	154170800.00
2013/02/25	6.11	6.16	6.04	6.10	4271964	137737728.00
2013/02/26	6.09	6.47	6.06	6.24	10145933	339480224.00
2013/02/27	6.25	6.39	6.07	6.19	3935050	128219488.00
2013/02/28	6.27	6.40	6.04	6.25	3887038	127225944.00
2013/03/01	6.24	6.72	6.11	6.60	6129964	208267696.00
2013/03/04	6.60	6.96	6.49	6.65	6157654	215308672.00
2013/03/05	6.65	7.02	6.53	7.00	7444356	263668544.00
2013/03/06	6.99	7.29	6.94	7.15	7771737	290099360.00
2013/03/07	7.05	7.24	6.71	6.90	4771060	172381136.00
2013/03/08	6.93	7.02	6.61	6.66	3010415	106280344.00
2013/03/11	6.64	6.90	6.50	6.82	2963559	103982760.00
2013/03/12	6.80	7.00	6.51	6.66	4386885	152959728.00
2013/03/13	6.66	6.97	6.53	6.89	4616573	161773296.00
2013/03/14	6.90	7.42	6.82	7.32	6485023	241985424.00
2013/03/15	7.30	7.71	7.21	7.39	4721557	181429632.00
2013/03/18	7.38	7.70	7.31	7.67	5480649	214108800.00
2013/03/19	7.74	7.76	7.13	7.18	7059011	266769232.00
2013/03/20	7.18	7.29	7.11	7.18	6161305	229869088.00
2013/03/21	7.18	7.58	7.16	7.55	5297107	203286016.00
2013/03/22	7.51	7.93	7.51	7.77	7156891	283639456.00
2013/03/25	7.78	7.82	7.51	7.75	3630401	142502096.00
2013/03/26	7.67	7.90	7.59	7.86	2755755	109396768.00
2013/03/27	7.86	7.87	7.67	7.70	2256279	89461176.00
2013/03/28	7.60	7.74	7.46	7.58	2900422	113119328.00
2013/03/29	7.71	7.71	7.44	7.50	1807071	70025704.00
2013/04/01	7.33	7.71	7.33	7.70	3272652	126519768.00
2013/04/02	7.71	7.80	7.24	7.24	6314485	241880192.00
2013/04/03	7.27	7.37	7.04	7.19	4188126	155533216.00
2013/04/08	7.07	7.71	6.94	7.69	4668867	179949888.00
2013/04/09	7.70	7.72	7.28	7.42	6681171	254849904.00
2013/04/10	7.39	7.50	7.16	7.27	4386949	165924576.00
2013/04/11	7.27	7.32	7.18	7.22	2509598	93783608.00
2013/04/12	7.22	7.36	7.19	7.23	2097190	78453368.00
2013/04/15	7.20	7.36	6.94	6.96	3277984	119403648.00
2013/04/16	7.02	7.19	6.95	7.09	2973001	108727824.00
2013/04/17	7.04	7.38	6.98	7.29	8179287	305160768.00
2013/04/18	7.25	7.51	7.16	7.18	6727468	254391904.00
2013/04/19	7.20	7.52	7.15	7.41	7404292	281260320.00
2013/04/22	7.42	7.67	7.32	7.53	7291364	280005536.00
2013/04/23	7.54	7.64	7.38	7.57	5111672	198402864.00
2013/04/24	7.58	7.79	7.23	7.64	12114386	469019296.00
2013/04/25	7.56	7.57	7.12	7.13	12284282	464772544.00
2013/04/26	7.13	7.26	6.89	6.98	5865052	212854160.00
2013/05/02	6.98	7.26	6.94	7.16	4889347	179989056.00
2013/05/03	7.16	7.28	7.11	7.16	7262310	270500448.00
2013/05/06	7.16	7.39	7.16	7.23	6334729	238025760.00
2013/05/07	7.27	7.38	6.96	6.98	6904137	253026224.00
2013/05/08	6.98	7.10	6.93	7.02	5774268	210281904.00
2013/05/09	6.96	7.03	6.69	6.74	10878991	385623968.00
2013/05/10	6.77	6.93	6.73	6.80	5908816	210367600.00
2013/05/13	6.85	6.90	6.76	6.88	7258324	257951504.00
2013/05/14	6.87	6.96	6.77	6.86	6097887	217315504.00
2013/05/15	6.87	7.43	6.87	7.42	14427055	540289088.00
2013/05/16	7.37	7.75	7.28	7.57	13801882	538068672.00
2013/05/17	7.56	7.68	7.42	7.62	7020067	272549152.00
2013/05/20	7.64	7.65	7.42	7.62	10276327	397286848.00
2013/05/21	7.63	8.30	7.44	8.22	18233001	730113216.00
2013/05/22	8.20	8.20	7.68	7.82	14224085	572267456.00
2013/05/23	7.76	7.86	7.48	7.68	13345077	523953760.00
2013/05/24	7.66	7.82	7.62	7.72	5982160	236318656.00
2013/05/27	7.66	7.66	7.28	7.40	13717634	526431552.00
2013/05/28	7.36	7.47	7.19	7.40	8701103	329816864.00
2013/05/29	7.44	7.45	7.24	7.40	6883816	260291440.00
2013/05/30	7.40	7.43	7.10	7.20	9530694	356444320.00
2013/05/31	7.23	7.39	7.20	7.27	5503017	207170896.00
2013/06/03	7.25	7.39	7.17	7.23	8709735	326920480.00
2013/06/04	7.20	7.24	6.95	6.99	6561093	239248400.00
2013/06/05	7.04	7.32	7.04	7.30	7181526	267948368.00
2013/06/06	7.30	7.40	7.23	7.28	4983219	187509664.00
2013/06/07	7.27	7.33	7.11	7.14	4503194	167802224.00
2013/06/13	7.04	7.22	6.71	7.18	4692807	169905424.00
2013/06/14	7.14	7.69	7.07	7.57	10732289	411772736.00
2013/06/17	7.53	7.72	7.49	7.58	9025339	352233888.00
2013/06/18	7.56	7.58	7.28	7.30	7313140	277733568.00
2013/06/19	7.30	7.30	7.08	7.22	6694468	248882240.00
2013/06/20	7.20	7.28	7.11	7.18	5439522	201723936.00
2013/06/21	7.13	7.22	6.83	7.02	9824319	360960544.00
2013/06/24	6.99	7.02	6.49	6.62	7777432	273688896.00
2013/06/25	6.49	6.75	6.09	6.62	8031579	273330144.00
2013/06/26	6.85	6.99	6.66	6.94	10305633	368247680.00
2013/06/27	6.94	7.12	6.82	6.90	8334401	302571648.00
2013/06/28	6.87	6.91	6.73	6.79	5959535	211488176.00
2013/07/01	6.79	7.23	6.78	7.12	11013183	404372352.00
2013/07/02	7.10	7.44	7.07	7.38	7879420	297283392.00
2013/07/03	7.47	7.76	7.38	7.64	10346517	402302592.00
2013/07/04	7.53	7.73	7.49	7.51	6851591	267086480.00
2013/07/05	7.52	7.60	7.34	7.40	4576047	175377808.00
2013/07/08	7.26	7.33	7.07	7.10	5938199	220772064.00
2013/07/09	7.14	7.20	7.02	7.08	4220240	154668176.00
2013/07/10	7.14	7.53	7.00	7.44	15031094	281269376.00
2013/07/11	7.53	7.78	7.39	7.56	19446679	375933696.00
2013/07/12	7.56	7.98	7.56	7.76	24219198	478296672.00
2013/07/15	7.84	8.18	7.76	8.16	27018961	549327296.00
2013/07/16	8.20	8.42	8.14	8.40	25958045	542043008.00
2013/07/17	8.40	8.40	8.04	8.28	16372013	339011584.00
2013/07/18	8.20	8.25	8.01	8.02	12679632	259661072.00
2013/07/19	7.98	8.35	7.93	8.02	16864169	347016544.00
2013/07/22	8.01	8.23	7.96	8.20	11694244	240314480.00
2013/07/23	8.16	9.12	8.16	9.12	42804604	947474112.00
2013/07/24	9.12	9.49	9.06	9.30	32596175	751769792.00
2013/07/25	9.15	9.20	8.71	8.82	23275961	520397408.00
2013/07/26	8.65	8.91	8.34	8.56	16001166	344190848.00
2013/07/29	8.42	8.66	8.16	8.34	11510441	243789632.00
2013/07/30	8.34	8.45	7.93	8.08	15518532	321204544.00
2013/07/31	8.03	8.14	7.68	7.78	28663357	570389760.00
2013/08/01	7.77	8.46	7.71	8.30	23188358	480023936.00
2013/08/02	8.36	8.62	8.36	8.49	19660602	419344576.00
2013/08/05	8.45	8.68	8.41	8.62	12359562	266306672.00
2013/08/06	8.64	8.86	8.48	8.75	12257746	266634912.00
2013/08/07	8.72	8.85	8.33	8.45	12646756	270617120.00
2013/08/08	8.34	8.45	8.20	8.30	8287110	173988000.00
2013/08/09	8.28	8.52	8.08	8.22	8196733	170840672.00
2013/08/12	8.33	8.44	8.01	8.38	15627312	324165664.00
2013/08/13	8.36	8.42	8.14	8.31	8649335	181327952.00
2013/08/14	8.33	8.67	8.27	8.67	14669309	314695392.00
2013/08/15	8.60	8.80	8.51	8.51	11321656	246853904.00
2013/08/16	8.50	8.59	8.02	8.05	15039030	314438016.00
2013/08/19	8.21	8.53	8.08	8.52	13416769	281374880.00
2013/08/20	8.52	8.77	8.51	8.64	14622186	318525504.00
2013/08/21	8.60	9.31	8.60	9.18	30190619	685807936.00
2013/08/22	9.20	9.42	9.14	9.29	22498100	520734848.00
2013/08/23	9.35	9.76	8.83	9.12	28072718	651018624.00
2013/08/26	9.27	10.00	9.27	9.96	24296557	585509312.00
2013/08/27	10.07	10.36	9.88	10.14	19142844	478422656.00
2013/08/28	10.07	10.11	9.77	9.90	14301597	353155808.00
2013/08/29	9.96	10.09	9.80	9.93	6666511	164020240.00
2013/08/30	9.94	10.48	9.66	9.76	15726621	393364544.00
2013/09/02	9.80	10.33	9.80	10.33	11513470	289577952.00
2013/09/03	10.42	10.78	10.21	10.29	12219152	314296800.00
2013/09/04	10.24	10.38	10.06	10.26	7162569	179932192.00
2013/09/05	10.35	10.35	9.86	9.97	7697760	190399904.00
2013/09/06	9.89	10.18	9.77	9.91	7505144	183662016.00
2013/09/09	9.91	10.20	9.78	10.07	13415418	335149344.00
2013/09/10	10.08	10.16	9.72	9.96	10409528	254260096.00
2013/09/11	9.78	9.93	9.32	9.56	18202530	429815456.00
2013/09/12	9.44	9.77	9.30	9.44	9170239	216264112.00
2013/09/13	9.44	9.89	9.40	9.69	9066092	218046064.00
2013/09/16	9.77	9.90	9.56	9.68	9832115	237931776.00
2013/09/17	9.62	9.89	9.61	9.75	6441439	155974928.00
2013/09/18	9.78	9.88	9.56	9.75	7244399	174299280.00
2013/09/23	9.79	10.52	9.78	10.47	13848433	350060256.00
2013/09/24	10.25	10.76	10.25	10.56	13781737	360536768.00
2013/09/25	10.56	10.62	10.29	10.34	7245494	185808912.00
2013/09/26	10.29	10.74	10.07	10.55	10586379	274541888.00
2013/09/27	10.55	10.82	10.34	10.72	10773208	283000000.00
2013/09/30	10.78	10.96	10.51	10.73	5385803	141865040.00
2013/10/08	10.78	11.09	10.60	11.00	9130252	245790192.00
2013/10/09	10.96	11.22	10.89	11.04	9186500	248945696.00
2013/10/10	11.04	11.60	11.00	11.35	10758564	296472288.00
2013/10/11	11.36	11.53	10.66	10.71	13207204	356655808.00
2013/10/14	10.94	11.53	10.76	10.82	14324916	389640800.00
2013/10/15	10.83	11.06	10.27	10.65	13414873	346992672.00
2013/10/16	10.56	10.72	10.19	10.49	8919643	230294096.00
2013/10/17	10.55	10.95	10.37	10.47	9528662	250538848.00
2013/10/18	10.69	10.70	10.31	10.58	6712714	173117504.00
2013/10/21	10.58	10.92	10.51	10.86	8722811	229948704.00
2013/10/22	10.87	10.87	10.20	10.22	15317028	392798528.00
2013/10/23	10.22	10.37	10.01	10.22	8051357	202530608.00
2013/10/24	10.23	10.27	9.98	10.05	6156395	153211952.00
2013/10/25	10.05	10.13	9.49	9.68	12636111	303273632.00
2013/10/28	9.68	10.14	9.68	9.99	7141861	176358896.00
2013/10/29	10.11	10.24	9.44	9.64	10030014	242542544.00
2013/10/30	9.69	9.80	9.36	9.64	7460969	176413888.00
2013/10/31	9.62	9.71	9.31	9.61	7770311	184140800.00
2013/11/01	9.64	9.69	9.38	9.58	9838069	232517600.00
2013/11/04	9.72	10.04	9.54	9.87	10951596	266728688.00
2013/11/05	9.78	10.10	9.67	10.06	7109713	175373552.00
2013/11/06	10.04	10.17	9.85	9.85	6697632	166106608.00
2013/11/07	9.85	9.93	9.45	9.56	6729763	160160496.00
2013/11/08	9.36	9.62	9.36	9.53	5537146	130348128.00
2013/11/11	9.58	10.11	9.49	9.89	7059434	171231056.00
2013/11/12	10.01	10.07	9.67	9.82	4471729	109016704.00
2013/11/13	9.96	10.27	9.93	10.04	9829975	244912064.00
2013/11/14	10.16	10.28	9.80	10.17	9245455	230229056.00
2013/11/15	10.18	10.42	10.17	10.28	12650766	321823424.00
2013/11/18	10.42	10.50	10.18	10.35	11752981	299874560.00
2013/11/19	10.33	10.45	10.06	10.09	9531139	240502768.00
2013/11/20	10.22	10.31	10.02	10.24	7451579	187062576.00
2013/11/21	10.18	10.18	9.99	10.10	5739103	142900512.00
2013/11/22	10.17	10.19	9.94	9.98	4735143	117289152.00
2013/11/25	9.93	9.98	9.62	9.71	10202549	247180656.00
2013/11/26	9.71	9.83	9.56	9.70	7416814	177547184.00
2013/11/27	9.67	9.98	9.64	9.95	7878657	192247008.00
2013/11/28	10.00	10.16	9.87	10.09	8499606	211037376.00
2013/11/29	10.09	10.12	9.90	9.99	6204945	153174864.00
2013/12/02	9.70	9.76	9.27	9.38	12731724	301891936.00
2013/12/03	9.37	9.72	9.17	9.61	9324704	218675008.00
2013/12/04	9.60	9.68	9.37	9.40	14561659	343878880.00
2013/12/05	9.42	9.50	9.00	9.00	13983266	319234976.00
2013/12/06	9.00	9.09	8.64	8.69	14447708	319319200.00
2013/12/09	8.89	9.20	8.88	9.08	12116975	273931296.00
2013/12/10	9.18	9.41	9.16	9.34	11392120	264172192.00
2013/12/11	9.30	9.40	9.22	9.31	6141785	143044576.00
2013/12/12	9.32	9.49	9.26	9.40	4989819	116533512.00
2013/12/13	9.22	9.53	9.22	9.50	4915634	115271088.00
2013/12/16	9.48	9.54	9.26	9.27	5966709	139941984.00
2013/12/17	9.30	9.48	9.15	9.28	6020940	139782304.00
2013/12/18	9.40	9.43	9.13	9.36	6146752	142428000.00
2013/12/19	9.29	9.36	9.18	9.24	8372392	193333216.00
2013/12/20	9.33	9.40	9.13	9.40	10323424	237706560.00
2013/12/23	9.36	9.39	9.14	9.16	6267130	144946912.00
2013/12/24	9.20	9.51	9.17	9.48	8760438	205094064.00
2013/12/25	9.47	9.80	9.37	9.69	10993899	264462816.00
2013/12/26	9.56	9.60	9.16	9.17	11098665	258048784.00
2013/12/27	9.22	9.51	9.18	9.32	9113113	211929264.00
2013/12/30	9.32	9.41	8.98	9.03	12380702	280730144.00
2013/12/31	9.03	9.27	8.96	9.21	8046027	183094528.00
2014/01/02	9.00	9.54	8.89	9.24	17718976	406745312.00
2014/01/03	9.31	9.50	9.21	9.40	11158972	259868400.00
2014/01/06	9.40	9.40	9.10	9.22	8050905	185151344.00
2014/01/07	9.04	9.23	8.96	9.03	8229973	186628496.00
2014/01/08	9.03	9.16	8.69	8.78	14218951	315871232.00
2014/01/09	8.78	9.00	8.38	8.51	12973945	284876736.00
2014/01/10	8.51	8.60	8.22	8.36	14580493	306013248.00
2014/01/13	8.36	8.57	8.29	8.38	13101494	277920928.00
2014/01/14	8.38	8.54	8.36	8.52	6792670	144881152.00
2014/01/15	8.58	9.11	8.56	8.97	10773136	238135472.00
2014/01/16	8.96	9.08	8.73	8.77	10019795	223538704.00
2014/01/17	8.72	8.90	8.56	8.57	7825739	170304928.00
2014/01/20	8.56	8.67	7.98	8.28	16454256	341123968.00
2014/01/21	8.29	8.61	8.29	8.40	7359211	156267840.00
2014/01/22	8.40	8.91	8.38	8.71	15398626	335436512.00
2014/01/23	8.72	9.03	8.62	8.97	14197642	316275520.00
2014/01/24	9.22	9.52	9.00	9.02	21429569	493794528.00
2014/01/27	9.04	9.17	8.71	8.79	15016496	332347552.00
2014/01/28	8.87	8.88	8.28	8.54	17552252	373867712.00
2014/01/29	8.53	8.68	8.38	8.42	9820057	208610448.00
2014/01/30	8.42	8.49	8.32	8.43	6102818	128796392.00
2014/02/07	8.33	8.47	8.29	8.44	9725732	205502416.00
2014/02/10	8.59	9.00	8.43	8.88	20748594	452663392.00
2014/02/11	8.85	8.94	8.42	8.62	21468149	467850464.00
2014/02/12	8.62	8.64	8.32	8.47	25980832	548576768.00
2014/02/13	8.46	8.63	8.38	8.46	19432227	415990688.00
2014/02/14	8.46	8.52	8.33	8.48	20235932	427661056.00
2014/02/17	8.53	8.73	8.52	8.62	21911288	473438880.00
2014/02/18	8.67	8.89	8.56	8.78	23732295	522301056.00
2014/02/19	8.89	9.20	8.82	9.19	33529897	757463616.00
2014/02/20	9.22	9.36	8.80	8.93	23031786	521275968.00
2014/02/21	8.98	9.89	8.96	9.43	32801172	771971008.00
2014/02/24	9.56	9.64	9.31	9.49	21586994	507270464.00
2014/02/25	9.47	9.51	8.44	8.81	45267267	994779136.00
2014/02/26	8.60	8.79	8.37	8.71	16536931	358004416.00
2014/02/27	8.70	8.77	8.48	8.55	11556717	250439136.00
2014/02/28	8.52	8.83	8.47	8.77	12728706	276436096.00
2014/03/03	9.32	9.44	8.98	9.18	23375265	535291616.00
2014/03/04	9.12	9.12	8.67	8.93	16359907	362587552.00
2014/03/05	8.92	8.92	8.69	8.74	10615079	233210816.00
2014/03/06	8.68	8.68	8.27	8.32	21899926	462923168.00
2014/03/07	8.29	8.43	8.18	8.23	15460573	322029664.00
2014/03/10	8.23	8.46	8.20	8.29	17937494	375929984.00
2014/03/11	8.28	8.60	8.00	8.38	16168611	340017024.00
2014/03/12	8.33	8.37	8.16	8.20	9374524	194919456.00
2014/03/13	8.21	8.26	8.10	8.14	10596153	218502144.00
2014/03/14	8.13	8.33	8.11	8.18	9806744	203006288.00
2014/03/17	8.33	8.43	8.20	8.26	12524484	262827680.00
2014/03/18	8.28	8.36	8.09	8.11	14099453	291332512.00
2014/03/19	8.08	8.09	7.20	7.28	50555828	955554368.00
2014/03/20	7.18	7.19	6.87	6.89	41898878	755107584.00
2014/03/21	6.87	7.20	6.78	7.12	18419931	332797024.00
2014/03/24	7.12	7.17	6.96	7.07	14363506	260190048.00
2014/03/25	7.07	7.16	6.90	6.93	13536988	243729808.00
2014/03/26	6.93	7.07	6.93	7.01	10868775	195642624.00
2014/03/27	7.00	7.03	6.61	6.73	20458908	355830176.00
2014/03/28	6.71	6.76	6.60	6.65	9478755	163868736.00
2014/03/31	6.75	6.77	6.64	6.76	10199436	177310672.00
2014/04/01	6.76	6.88	6.71	6.86	13130547	230506224.00
2014/04/02	6.86	6.88	6.70	6.85	9862995	172901120.00
2014/04/03	6.87	7.36	6.84	7.18	24355780	447797792.00
2014/04/04	7.19	7.41	7.07	7.36	15380840	286608064.00
2014/04/08	7.31	7.59	7.21	7.47	15390801	292191776.00
2014/04/09	7.47	7.57	7.35	7.47	11810812	224835888.00
2014/04/10	7.44	7.53	7.34	7.37	10297170	194690784.00
2014/04/11	7.36	7.38	7.13	7.18	12412008	229004848.00
2014/04/14	7.17	7.47	7.13	7.44	8308243	156215904.00
2014/04/15	7.39	7.72	7.34	7.46	14414182	278890112.00
2014/04/16	7.45	7.69	7.40	7.51	9212934	177416928.00
2014/04/17	7.51	7.60	7.22	7.46	9724315	185328944.00
2014/04/18	7.37	7.52	7.29	7.40	6397466	120905360.00
2014/04/21	7.38	7.70	7.31	7.53	17775407	343779584.00
2014/04/22	7.71	7.84	7.24	7.59	17093737	330438784.00
2014/04/23	7.62	7.69	7.36	7.53	8879012	170578208.00
2014/04/24	7.53	7.57	7.34	7.37	8915643	169452944.00
2014/04/25	7.37	7.44	7.18	7.20	6918186	129108784.00
2014/04/28	7.20	7.26	7.02	7.08	6667784	121743008.00
2014/04/29	7.12	7.25	7.06	7.20	4625770	85191776.00
2014/04/30	7.17	7.52	7.13	7.45	8589840	162332736.00
2014/05/05	7.46	7.51	7.23	7.42	8268812	155434608.00
2014/05/06	7.40	7.81	7.36	7.62	19945214	387479136.00
2014/05/07	7.61	7.61	7.40	7.44	7736833	147729824.00
2014/05/08	7.44	7.52	7.36	7.47	6129848	116499384.00
2014/05/09	7.49	7.53	7.27	7.47	6441805	122216528.00
2014/05/12	7.51	7.73	7.45	7.63	11481571	223098880.00
2014/05/13	7.67	7.82	7.60	7.65	10018658	196851920.00
2014/05/14	7.65	7.71	7.51	7.61	4587810	88662016.00
2014/05/15	7.58	7.64	7.43	7.51	5094625	97310360.00
2014/05/16	7.56	7.63	7.43	7.59	7274810	140199056.00
2014/05/19	7.59	7.61	7.44	7.49	4383426	83973960.00
2014/05/20	7.52	7.69	7.52	7.60	6837135	132245200.00
2014/05/21	7.50	7.52	7.31	7.45	10124597	191096832.00
2014/05/22	7.44	7.44	7.09	7.11	16603116	308036576.00
2014/05/23	7.17	7.17	6.61	6.90	27621027	485617216.00
2014/05/26	6.90	6.95	6.68	6.80	25747977	449696288.00
2014/05/27	6.77	6.89	6.72	6.82	12533631	220946800.00
2014/05/28	6.82	7.11	6.77	7.05	17587723	315106816.00
2014/05/29	7.05	7.10	6.96	6.99	8432975	152126912.00
2014/05/30	7.02	7.08	6.91	7.01	5692040	102361592.00
2014/06/03	7.01	7.17	7.01	7.12	9768811	178738832.00
2014/06/04	7.13	7.15	6.85	7.08	7481815	134151608.00
2014/06/05	7.03	7.07	6.92	7.00	6991252	125964792.00
2014/06/06	7.04	7.07	6.91	6.93	4880137	87438440.00
2014/06/09	6.90	6.90	6.50	6.52	23749406	407615392.00
2014/06/10	6.49	6.70	6.49	6.68	11833423	203044592.00
2014/06/11	6.64	6.69	6.42	6.58	16932126	287403040.00
2014/06/12	6.52	6.56	6.44	6.56	12024057	202700800.00
2014/06/13	6.58	6.59	6.48	6.57	20915572	354336576.00
2014/06/16	6.55	6.60	6.43	6.59	21370004	361186112.00
2014/06/17	6.60	6.61	6.43	6.46	14003623	236501536.00
2014/06/18	6.46	6.57	6.38	6.49	12865797	217209920.00
2014/06/19	6.49	6.56	6.22	6.24	14358077	239744320.00
2014/06/20	6.24	6.32	6.21	6.31	12114123	197812128.00
2014/06/23	6.31	6.44	6.28	6.35	11436417	189390624.00
2014/06/24	6.35	6.42	6.32	6.40	8317693	137757088.00
2014/06/25	6.39	6.53	6.34	6.48	11459793	192007728.00
2014/06/26	6.46	6.52	6.42	6.50	14058961	236292096.00
2014/06/27	6.50	6.53	6.44	6.52	14089586	237099200.00
2014/06/30	6.56	6.56	6.43	6.53	25293279	427208000.00
2014/07/01	6.53	6.68	6.53	6.63	31327554	536800512.00
2014/07/02	6.64	6.66	6.49	6.52	15428050	261668944.00
2014/07/03	6.53	6.63	6.52	6.55	17639660	300763072.00
2014/07/04	6.55	6.60	6.53	6.54	9985809	169781728.00
2014/07/07	6.56	6.64	6.46	6.56	11262359	191553712.00
2014/07/08	6.55	6.55	6.44	6.51	8451123	142545088.00
2014/07/09	6.55	6.55	6.25	6.32	27820469	453126336.00
2014/07/10	6.28	6.32	5.94	6.05	33985817	529484704.00
2014/07/11	6.02	6.09	5.96	5.98	14582324	226106528.00
2014/07/14	6.03	6.11	5.99	6.11	12632822	197355776.00
2014/07/15	6.14	6.26	6.10	6.22	13114677	208672896.00
2014/07/16	6.22	6.24	6.10	6.13	10248792	162279680.00
2014/07/17	6.16	6.16	5.94	5.99	15354312	237968640.00
2014/07/18	5.97	6.16	5.96	6.13	15696347	247235696.00
2014/07/21	6.30	6.71	6.24	6.68	48110806	802008576.00
2014/07/22	6.62	6.73	6.53	6.65	22866558	386625984.00
2014/07/23	6.64	6.88	6.59	6.71	27878274	480280352.00
2014/07/24	6.69	6.78	6.51	6.60	19390248	327611392.00
2014/07/25	6.60	6.75	6.60	6.70	14736433	251273984.00
2014/07/28	6.76	7.04	6.68	6.89	32437903	564765440.00
2014/07/29	6.90	7.41	6.84	7.36	48007102	880228928.00
2014/07/30	7.27	7.61	7.22	7.38	37668940	709600640.00
2014/07/31	7.37	7.53	7.20	7.51	19200241	354134016.00
2014/08/01	7.42	7.58	7.33	7.42	19290922	362169568.00
2014/08/04	7.42	7.50	7.24	7.33	19902834	366916672.00
2014/08/05	7.33	7.49	7.17	7.49	20022434	370354592.00
2014/08/06	7.35	7.46	7.30	7.36	15757630	293028480.00
2014/08/07	7.50	7.85	7.40	7.41	21937245	417335072.00
2014/08/08	7.48	7.63	7.38	7.55	17558261	332747584.00
2014/08/11	7.57	7.66	7.53	7.62	13725192	262581872.00
2014/08/12	7.62	7.67	7.56	7.61	9540598	182496320.00
2014/08/13	7.62	7.72	7.48	7.59	15553973	296597984.00
2014/08/14	7.56	7.59	7.34	7.41	16141017	302922240.00
2014/08/15	7.42	7.62	7.34	7.53	14206327	268345744.00
2014/08/18	7.58	7.63	7.45	7.53	12169254	230305360.00
2014/08/19	7.52	7.70	7.47	7.70	23175116	444139520.00
2014/08/20	7.70	7.76	7.58	7.64	12424977	238938048.00
2014/08/21	7.64	7.71	7.58	7.70	11396008	218850112.00
2014/08/22	7.72	8.12	7.72	7.99	24484668	487654624.00
2014/08/25	8.00	8.04	7.83	7.92	11535224	228883488.00
2014/08/26	7.86	8.08	7.79	7.84	13814583	274114208.00
2014/08/27	7.99	8.28	7.97	8.00	19202454	389121696.00
2014/08/28	8.00	8.12	7.81	7.81	12841964	255205968.00
2014/08/29	7.85	7.96	7.81	7.91	8065904	159022544.00
2014/09/01	7.93	7.99	7.84	7.96	12705019	251298640.00
2014/09/02	7.97	8.03	7.91	7.98	13969301	278533344.00
2014/09/03	8.00	8.22	8.00	8.17	17935068	363334304.00
2014/09/04	8.20	8.32	8.10	8.30	19128792	392721312.00
2014/09/05	8.32	8.40	8.10	8.16	17992904	367809472.00
2014/09/09	8.16	8.16	7.95	8.00	18015200	360013216.00
2014/09/10	7.98	8.14	7.90	8.04	12600174	253696672.00
2014/09/11	8.00	8.12	7.91	7.94	13682762	273605632.00
2014/09/12	7.93	7.99	7.89	7.98	9534233	189475408.00
2014/09/15	7.99	8.08	7.84	8.04	19266337	382555072.00
2014/09/16	8.04	8.06	7.44	7.48	27314159	529981440.00
2014/09/17	7.72	7.75	7.37	7.45	24038003	454025216.00
2014/09/18	7.38	7.53	7.29	7.46	12544963	234445184.00
2014/09/19	7.47	7.67	7.47	7.64	14141002	269120352.00
2014/09/22	7.58	7.63	7.29	7.40	17145756	320404320.00
2014/09/23	7.39	7.43	7.34	7.42	10827046	201829024.00
2014/09/24	7.37	7.59	7.34	7.53	18074501	340049376.00
2014/09/25	7.58	7.67	7.48	7.51	15076790	287477248.00
2014/09/26	7.47	7.50	7.31	7.36	13965189	259284608.00
2014/09/29	7.41	7.77	7.41	7.69	24449313	467187200.00
2014/09/30	7.70	7.74	7.56	7.68	18766179	360472672.00
2014/10/08	7.75	7.76	7.64	7.74	15855582	305880288.00
2014/10/09	7.76	7.77	7.56	7.70	16275124	313246496.00
2014/10/10	7.64	7.67	7.45	7.62	24372582	463120416.00
2014/10/13	7.57	7.57	7.34	7.40	21963694	410597376.00
2014/10/14	7.40	7.46	7.29	7.34	16376767	304600192.00
2014/10/15	7.34	7.45	7.29	7.44	10824870	201716784.00
2014/10/16	7.71	7.95	7.59	7.61	42129176	818614016.00
2014/10/17	7.68	7.89	7.46	7.85	37641478	728258560.00
2014/10/20	7.89	8.04	7.88	7.95	34704599	692478592.00
2014/10/21	7.91	8.01	7.82	7.84	17942299	355741952.00
2014/10/22	7.87	7.98	7.84	7.93	19914014	394578016.00
2014/10/23	7.92	7.96	7.70	7.78	13974270	272902176.00
2014/10/24	7.80	7.90	7.72	7.74	12091405	236915792.00
2014/10/27	7.71	7.72	7.56	7.61	13614810	260864576.00
2014/10/28	7.64	7.89	7.64	7.88	18683602	362683104.00
2014/10/29	7.89	8.00	7.87	7.91	18445475	365547808.00
2014/10/30	7.94	8.09	7.84	8.08	31106916	621699520.00
2014/10/31	8.09	8.12	7.90	8.03	21622900	432189312.00
2014/11/03	8.00	8.13	7.90	8.08	23935484	479922624.00
2014/11/04	8.08	8.11	7.86	7.97	19133512	380344128.00
2014/11/05	7.96	7.96	7.80	7.81	18639669	366623392.00
2014/11/06	7.86	7.88	7.77	7.82	14463576	283351840.00
2014/11/07	7.83	7.96	7.78	7.95	23661665	464999328.00
2014/11/10	7.96	8.11	7.89	8.00	23716013	476406848.00
2014/11/11	8.04	8.07	7.82	7.89	21388701	423166912.00
2014/11/12	7.84	8.00	7.79	7.85	13881318	273052640.00
2014/11/13	7.84	7.84	7.40	7.62	28181010	534193440.00
2014/11/14	7.51	7.62	7.48	7.56	8293548	157463568.00
2014/11/17	7.50	7.73	7.49	7.66	11628830	223581920.00
2014/11/18	7.66	7.72	7.58	7.61	7204448	138248464.00
2014/11/19	7.60	7.70	7.49	7.53	8122488	155260368.00
2014/11/20	7.51	7.52	7.41	7.44	7706767	144366528.00
2014/11/21	7.47	7.55	7.44	7.53	7424034	140102192.00
2014/11/24	7.63	7.68	7.52	7.56	15612848	297222112.00
2014/11/25	7.58	7.79	7.57	7.78	17098250	330188160.00
2014/11/26	7.78	7.79	7.67	7.70	13380889	258939120.00
2014/11/27	7.73	7.95	7.69	7.88	27721524	543276416.00
2014/11/28	7.88	7.94	7.64	7.70	24873723	484650304.00
2014/12/01	7.71	8.26	7.63	8.23	43921180	878960640.00
2014/12/02	8.18	8.35	8.09	8.25	27838729	570354176.00
2014/12/03	8.26	8.84	8.25	8.74	42576666	909175680.00
2014/12/04	8.84	9.15	8.76	9.04	38108175	848059008.00
2014/12/05	9.18	9.18	8.49	8.98	40009068	876530816.00
2014/12/09	9.38	9.91	8.49	8.76	54297206	1253720832.00
2014/12/10	8.88	9.62	8.82	9.50	33623678	768669696.00
2014/12/11	9.53	10.11	9.35	9.80	34524692	824509632.00
2014/12/12	9.92	9.92	9.51	9.55	19954869	472170496.00
2014/12/15	9.56	9.84	9.50	9.76	20747980	493568128.00
2014/12/16	9.78	9.82	9.33	9.46	21838522	513081920.00
2014/12/17	9.46	9.56	9.03	9.40	22575872	514833472.00
2014/12/18	9.44	9.50	9.16	9.37	21054875	484763712.00
2014/12/19	9.37	9.39	9.04	9.13	17908476	404262304.00
2014/12/22	9.13	9.13	8.74	8.98	19185692	423886112.00
2014/12/23	8.92	9.22	8.89	8.92	16834566	374089824.00
2014/12/24	8.98	9.04	8.68	8.98	17216612	378369504.00
2014/12/25	9.01	9.21	8.89	9.12	15905689	357827136.00
2014/12/26	9.15	9.44	8.98	9.38	21984245	501706272.00
2014/12/29	9.42	9.55	9.16	9.19	20747948	479217504.00
2014/12/30	9.16	9.39	8.80	8.97	21141309	475168096.00
2014/12/31	8.90	9.18	8.86	9.05	18797164	418338720.00
2015/01/05	9.08	10.05	8.99	9.89	38906031	923695744.00
2015/01/06	9.78	10.76	9.69	10.64	40652280	1038732864.00
2015/01/07	10.58	10.79	10.22	10.56	26161179	671999168.00
2015/01/08	10.67	10.89	10.53	10.55	25754283	673889728.00
2015/01/09	10.49	11.17	10.47	10.84	34852780	932432256.00
2015/01/12	10.89	11.35	10.89	11.20	25656269	697350208.00
2015/01/13	11.34	11.60	11.04	11.44	29150049	802711296.00
2015/01/14	11.40	11.49	10.84	11.00	20540959	552140736.00
2015/01/15	10.98	11.06	10.72	10.80	17594753	464580480.00
2015/01/16	10.80	11.45	10.75	11.36	23101809	624765376.00
2015/01/19	11.02	12.00	10.85	11.22	34071496	948443648.00
2015/01/20	11.30	11.99	11.22	11.84	28830972	816785408.00
2015/01/21	11.85	12.29	11.61	12.00	27375235	793480256.00
2015/01/22	12.05	12.16	11.82	11.85	19583589	566386048.00
2015/01/23	11.98	12.00	11.24	11.34	26751659	746910656.00
2015/01/26	11.50	11.73	11.15	11.52	17241331	480121312.00
2015/01/27	11.79	11.95	11.41	11.91	27529955	780979136.00
2015/01/28	11.88	11.91	11.47	11.56	19400039	548347072.00
2015/01/29	11.34	11.51	11.21	11.30	14782263	406547744.00
2015/01/30	11.22	11.45	10.88	10.96	16809680	455238816.00
2015/02/02	10.76	11.41	10.76	11.33	17153122	466597184.00
2015/02/03	11.50	11.64	11.36	11.46	16497232	460062304.00
2015/02/04	11.52	11.69	11.39	11.48	13125245	366381664.00
2015/02/05	11.58	11.68	10.98	11.11	21734762	598338560.00
2015/02/06	11.06	11.21	10.67	10.89	14285189	379542208.00
2015/02/09	10.89	11.20	10.62	10.94	11279961	300472672.00
2015/02/10	11.02	11.84	10.84	11.84	27307023	761100160.00
2015/02/11	11.99	12.64	11.87	12.23	42081788	1254662912.00
2015/02/12	12.12	12.37	12.04	12.26	19447034	572926528.00
2015/02/13	12.40	12.49	12.01	12.22	20456146	601244480.00
2015/02/16	12.27	12.52	12.09	12.49	18862458	561214016.00
2015/02/17	12.56	12.57	12.26	12.26	14150457	421091488.00
2015/02/25	12.27	12.62	11.96	12.10	18463525	548830464.00
2015/02/26	12.10	12.27	11.93	12.20	11800590	343787424.00
2015/02/27	12.21	12.56	12.13	12.26	16900076	502704896.00
2015/03/03	11.11	11.89	10.94	11.27	110849793	3025729792.00
2015/03/04	11.15	11.51	11.11	11.44	46041179	1269950592.00
2015/03/05	11.41	11.41	11.00	11.21	40734401	1104013696.00
2015/03/06	11.22	11.26	11.02	11.02	20791483	560608128.00
2015/03/09	11.07	11.39	10.78	11.33	25616463	694585536.00
2015/03/10	11.31	11.98	11.19	11.71	37839532	1064026112.00
2015/03/11	11.67	11.67	11.38	11.49	23546761	656476032.00
2015/03/12	11.73	11.89	11.47	11.56	24278728	682813632.00
2015/03/13	11.68	11.84	11.55	11.67	26995037	763135488.00
2015/03/16	11.78	12.26	11.67	12.17	37713667	1101032192.00
2015/03/17	12.31	12.40	11.96	12.10	45297080	1321097344.00
2015/03/18	12.10	12.10	11.73	11.99	55488154	1595040768.00
2015/03/19	11.99	12.11	11.89	12.07	41039527	1192085760.00
2015/03/20	12.07	12.26	11.99	12.01	34064382	994800448.00
2015/03/23	12.05	12.38	11.96	12.38	56748699	1667926656.00
2015/03/24	12.38	12.39	11.91	12.09	49813270	1460581248.00
2015/03/25	12.11	12.34	11.94	12.16	44981884	1311233152.00
2015/03/26	12.15	12.15	11.83	11.85	32686221	944238144.00
2015/03/27	11.86	12.00	11.77	11.80	29724802	850979392.00
2015/03/30	11.82	12.00	11.81	11.86	39304089	1132018816.00
2015/03/31	11.89	13.11	11.87	12.76	85860576	2569345280.00
2015/04/01	12.71	13.05	12.58	13.00	59518063	1841599360.00
2015/04/02	13.01	13.88	13.01	13.41	51774534	1675366912.00
2015/04/03	13.42	13.64	13.11	13.41	42732298	1369513216.00
2015/04/07	13.47	14.04	13.33	13.33	63502061	2067268352.00
2015/04/08	13.33	13.44	12.71	13.20	57807068	1816211456.00
2015/04/09	13.21	13.21	12.63	12.90	42963921	1324286464.00
2015/04/10	12.90	13.51	12.76	13.36	40208178	1272129280.00
2015/04/13	13.47	13.71	13.25	13.33	48644348	1567781376.00
2015/04/14	13.51	13.67	13.07	13.07	40223001	1270218624.00
2015/04/15	13.02	13.02	12.47	12.51	39342806	1188284416.00
2015/04/16	12.47	13.09	12.19	12.97	36428085	1109653248.00
2015/04/17	13.12	13.36	12.78	12.84	42387232	1308066048.00
2015/04/20	12.77	12.77	12.35	12.44	40106755	1198598144.00
2015/04/21	12.59	13.24	12.59	13.23	41976359	1289336832.00
2015/04/22	13.53	13.95	13.42	13.84	57536379	1865661824.00
2015/04/23	13.85	14.51	13.56	14.12	59161040	1978006528.00
2015/04/24	13.92	14.09	13.44	13.78	46042608	1500715904.00
2015/04/27	13.84	14.49	13.70	13.82	42999438	1426686208.00
2015/04/28	14.05	14.33	13.27	13.47	44416663	1430738816.00
2015/04/29	13.45	13.82	13.33	13.60	30080047	972073728.00
2015/04/30	13.67	14.12	13.60	13.84	38207141	1255873152.00
2015/05/04	13.94	14.08	13.74	13.84	30042544	989844096.00
2015/05/05	13.76	13.78	13.05	13.12	32037244	1017847296.00
2015/05/06	13.28	13.72	13.15	13.22	30047389	957711040.00
2015/05/07	13.24	13.73	13.18	13.54	29053321	929136896.00
2015/05/08	13.74	14.57	13.64	14.52	51131475	1719335296.00
2015/05/11	14.49	14.98	14.27	14.84	52404713	1816612864.00
2015/05/12	14.73	15.29	14.55	15.00	51633742	1817984768.00
2015/05/13	14.99	15.68	14.69	15.15	47874554	1718774400.00
2015/05/14	15.50	15.50	14.61	14.64	36856576	1300853760.00
2015/05/15	14.64	15.04	14.40	14.79	32068493	1111078912.00
2015/05/18	14.74	15.44	14.66	15.24	36160036	1291841280.00
2015/05/19	16.11	16.84	15.51	16.84	53242848	2024567168.00
2015/05/20	17.32	18.55	16.97	17.51	61052263	2542543872.00
2015/05/21	18.16	19.33	17.91	19.33	47835931	2099198080.00
2015/05/22	20.62	21.34	19.52	20.07	93324741	4421510144.00
2015/05/25	20.07	22.15	19.67	22.15	108648729	5259049984.00
2015/05/26	22.40	24.39	21.29	22.53	118375963	6203240960.00
2015/05/27	24.17	24.18	21.51	21.60	139687598	7288139264.00
2015/05/28	21.96	22.12	19.37	19.37	136080600	6453740032.00
2015/05/29	18.98	20.16	17.52	19.45	96144752	4290757376.00
2015/06/01	19.51	20.44	19.16	20.14	72356178	3381958656.00
2015/06/02	20.17	20.57	19.73	20.27	67894460	3186020864.00
2015/06/03	20.40	20.53	19.15	19.47	60367460	2768232704.00
2015/06/04	19.48	19.51	17.53	19.02	64512247	2807269632.00
2015/06/05	19.19	20.17	19.19	19.66	60532850	2784990464.00
2015/06/08	19.73	19.94	18.67	19.54	54539773	2452277248.00
2015/06/09	19.33	19.90	19.10	19.27	45315847	2057062656.00
2015/06/10	19.11	20.51	18.85	20.05	69713028	3219969536.00
2015/06/11	20.00	20.47	19.82	20.28	59017322	2775504128.00
2015/06/12	20.44	21.15	20.35	20.38	65798987	3174524928.00
2015/06/15	20.31	20.31	18.93	18.97	63354715	2867563776.00
2015/06/16	18.42	18.83	17.73	17.95	49297181	2104528000.00
2015/06/17	17.80	18.84	17.78	18.60	38728313	1650082816.00
2015/06/18	18.31	18.78	17.82	17.89	34092649	1460055552.00
2015/06/19	17.78	17.78	16.45	16.54	43274014	1720872832.00
2015/06/23	16.62	18.26	16.16	18.26	72324545	2968522240.00
2015/06/24	18.89	19.28	18.42	18.96	61137404	2701891840.00
2015/06/25	18.84	19.63	18.40	18.71	58956557	2620233216.00
2015/06/26	18.24	18.62	16.77	17.33	63692450	2617834496.00
2015/06/29	18.13	18.27	15.55	17.42	83781642	3390004224.00
2015/06/30	17.07	19.23	16.40	19.20	94161269	3982679040.00
2015/07/01	18.98	19.91	17.73	18.30	80226500	3599433472.00
2015/07/02	18.18	18.79	17.07	17.87	63493726	2689953280.00
2015/07/03	17.51	18.40	16.01	16.31	72671326	2872764928.00
2015/07/06	17.94	17.94	14.64	15.24	96547897	3611109888.00
2015/07/07	14.62	14.93	13.73	14.06	104089874	3464477696.00
2015/07/08	12.76	14.35	12.59	13.68	124610828	3909242112.00
2015/09/09	12.71	15.12	12.71	14.07	73038275	2435960576.00
2015/09/10	13.73	13.93	12.90	13.36	33126299	1061289216.00
2015/09/11	13.29	13.92	13.16	13.89	27117493	881677696.00
2015/09/14	14.09	14.21	12.43	12.43	30840688	963114432.00
2015/09/15	12.11	12.40	11.74	11.95	29958608	860458688.00
2015/09/16	12.03	13.19	11.92	12.98	25709961	758738752.00
2015/09/17	12.65	13.90	12.62	13.08	39670958	1258880512.00
2015/09/18	13.43	13.65	13.28	13.47	21792172	695960896.00
2015/09/21	13.40	14.20	13.23	14.09	25526971	843084736.00
2015/09/22	14.13	14.16	13.75	13.89	18205364	601673536.00
2015/09/23	13.69	14.11	13.66	13.77	15204245	499254112.00
2015/09/24	13.95	14.12	13.69	13.79	16028000	528512288.00
2015/09/25	13.75	13.89	13.07	13.18	14734225	470853600.00
2015/09/28	13.33	13.38	13.02	13.34	10647052	334518336.00
2015/09/29	13.12	13.52	13.07	13.26	9599460	302285248.00
2015/09/30	13.41	13.88	13.30	13.77	14185743	458122368.00
2015/10/08	14.40	14.62	14.29	14.39	27762950	946568384.00
2015/10/09	14.31	14.41	14.23	14.36	10916100	369771168.00
2015/10/12	14.70	15.44	14.58	15.21	21438876	762436416.00
2015/10/13	15.11	15.42	15.04	15.27	13362826	480871744.00
2015/10/14	15.20	15.38	14.76	14.76	16482399	582413056.00
2015/10/15	14.84	15.24	14.71	15.24	17821605	633220736.00
2015/10/16	15.38	15.89	15.38	15.47	20348577	747111616.00
2015/10/19	15.64	15.73	14.82	14.93	25856904	923853632.00
2015/10/20	14.93	15.13	14.66	14.84	41957202	1463724032.00
2015/10/21	14.84	15.33	14.00	14.05	34637056	1203861504.00
2015/10/22	14.13	14.56	14.01	14.51	20732226	700820352.00
2015/10/23	14.56	14.65	14.04	14.47	31016470	1055802432.00
2015/10/26	14.75	14.75	14.21	14.40	29629572	1007987520.00
2015/10/27	14.39	14.40	13.96	14.35	25909068	867338048.00
2015/10/28	14.31	14.59	14.12	14.21	27202440	922485312.00
2015/10/29	14.17	14.31	13.99	14.19	18614112	622591360.00
2015/10/30	14.32	14.84	14.08	14.68	33456589	1152323072.00
2015/11/02	14.48	15.27	14.40	14.81	32490352	1146640512.00
2015/11/03	14.75	14.88	14.29	14.38	21506576	737613504.00
2015/11/04	14.46	15.01	14.40	15.00	31735418	1107282688.00
2015/11/05	15.02	15.42	14.74	15.03	38244898	1355497600.00
2015/11/06	15.44	15.44	15.11	15.27	30034100	1079245056.00
2015/11/09	15.08	15.87	15.08	15.55	40167789	1465734784.00
2015/11/10	15.47	15.96	15.22	15.33	34349121	1255170688.00
2015/11/11	15.34	15.52	15.11	15.28	27134723	976543680.00
2015/11/12	15.34	15.59	15.20	15.57	30096304	1091264512.00
2015/11/13	15.36	15.51	15.04	15.06	22135320	793691968.00
2015/11/16	15.73	16.39	15.52	15.87	72528365	2715065856.00
2015/11/17	15.89	15.96	15.43	15.47	44898276	1656932480.00
2015/11/18	15.47	15.58	15.07	15.08	22912337	822843840.00
2015/11/19	15.12	15.58	15.05	15.50	24347369	878398464.00
2015/11/20	15.55	15.56	15.25	15.32	20472935	741489472.00
2015/11/23	15.36	15.68	15.20	15.32	26232823	952201024.00
2015/11/24	15.33	15.38	15.09	15.24	15808391	565642432.00
2015/11/25	15.25	15.40	15.22	15.33	19926835	717931072.00
2015/11/26	15.37	15.46	15.20	15.22	20552024	741108608.00
2015/11/27	15.18	15.18	13.96	14.12	32039647	1107084032.00
2015/11/30	14.09	14.39	13.71	14.22	24107580	805343296.00
2015/12/01	14.27	14.33	14.03	14.30	13097598	439656672.00
2015/12/02	14.44	14.80	14.21	14.74	17331455	590781504.00
2015/12/03	14.74	14.83	14.55	14.72	12636769	438184256.00
2015/12/04	14.62	14.71	14.40	14.52	15908691	546648064.00
2015/12/07	14.56	14.99	14.47	14.82	17430347	607822656.00
2015/12/08	14.82	14.96	14.52	14.57	11640845	403829440.00
2015/12/09	14.49	14.56	14.18	14.24	14488179	489502752.00
2015/12/10	14.24	14.37	14.17	14.20	9284430	312627296.00
2015/12/11	14.22	14.34	14.16	14.17	7516687	252641504.00
2015/12/14	14.07	14.40	13.94	14.38	11205982	375869376.00
2015/12/15	14.42	14.52	14.30	14.43	9929148	337772096.00
2015/12/16	14.50	14.58	14.36	14.40	12251300	417449408.00
2015/12/17	14.49	14.75	14.48	14.69	17479120	603806208.00
2015/12/18	14.76	14.78	14.52	14.60	12890961	445332352.00
2015/12/21	14.62	15.46	14.54	15.28	39499950	1414272896.00
2015/12/22	15.29	15.51	15.15	15.25	17979141	647292160.00
2015/12/23	15.25	15.51	15.17	15.25	18571958	670818176.00
2015/12/24	15.24	15.24	14.73	14.93	15351968	539876800.00
2015/12/25	14.93	14.99	14.80	14.98	9647536	338728128.00
2015/12/28	15.05	15.20	14.68	14.68	15271347	538722752.00
2015/12/29	14.67	14.82	14.54	14.69	9783092	338767776.00
2015/12/30	14.75	14.97	14.68	14.82	14633803	510272576.00
2015/12/31	14.82	14.88	14.56	14.57	10167421	352484096.00
2016/01/04	14.63	14.65	13.13	13.17	14432817	478929952.00
2016/01/05	12.89	13.72	12.72	13.70	23691021	753167808.00
2016/01/06	13.68	13.90	13.52	13.75	11173181	361869440.00
2016/01/07	13.51	13.51	12.53	12.63	3111400	96348824.00
2016/01/08	13.07	13.30	12.49	13.05	17540423	540979840.00
2016/01/11	12.88	13.19	12.18	12.29	18041118	544075776.00
2016/01/12	12.48	12.54	12.09	12.15	16245307	475234400.00
2016/01/13	12.31	12.37	11.87	11.96	11807061	342647008.00
2016/01/14	11.73	12.34	11.60	12.34	17894644	510359232.00
2016/01/15	12.32	12.32	11.64	11.86	15658323	445312320.00
2016/01/18	11.60	12.01	11.56	11.85	12664958	357591008.00
2016/01/19	11.51	11.99	10.98	11.98	51070526	1408071936.00
2016/01/20	11.73	11.88	11.36	11.38	27662281	764926784.00
2016/01/21	11.18	11.36	10.84	10.85	22732295	605735552.00
2016/01/22	11.07	11.07	10.56	10.83	18265493	472057184.00
2016/01/25	10.93	11.10	10.87	10.99	12892774	339432768.00
2016/01/26	10.87	10.87	9.98	10.04	18790223	477506336.00
2016/01/27	10.22	10.53	9.83	10.39	23533665	576961984.00
2016/01/28	10.27	10.39	10.09	10.16	14159033	348695776.00
2016/01/29	10.16	11.22	10.16	11.09	26528649	686699456.00
2016/02/01	11.02	11.21	10.84	10.97	13744421	362724192.00
2016/02/02	11.03	11.46	10.93	11.32	13296665	360642720.00
2016/02/03	11.20	11.35	11.11	11.22	8161985	219062624.00
2016/02/04	11.25	11.58	11.25	11.36	11709108	320329760.00
2016/02/05	11.43	11.47	11.24	11.25	5109811	138665424.00
2016/02/15	10.78	11.36	10.78	11.32	8414069	223929376.00
2016/02/16	11.36	11.70	11.36	11.60	12180326	337252384.00
2016/02/17	11.52	11.63	11.41	11.61	10206620	281357824.00
2016/02/18	11.88	11.95	11.11	11.15	31755512	871264640.00
2016/02/19	11.06	11.11	10.85	10.96	23565201	618667136.00
2016/02/22	11.20	11.87	11.09	11.73	39252716	1077182080.00
2016/02/23	11.73	11.82	11.45	11.56	26080370	724953664.00
2016/02/24	11.99	12.61	11.98	12.13	37018340	1079661440.00
2016/02/25	12.18	12.18	11.26	11.51	29592910	833935936.00
2016/02/26	11.73	12.11	11.56	12.00	23858861	672040960.00
2016/02/29	11.84	11.84	11.33	11.62	19632440	540310336.00
2016/03/01	11.62	12.16	11.52	12.08	18252868	513478528.00
2016/03/02	12.26	12.56	12.07	12.52	24914087	732368000.00
2016/03/03	12.48	12.52	12.24	12.28	18122720	533954368.00
2016/03/04	12.29	12.73	12.24	12.62	31102727	925773120.00
2016/03/07	12.63	13.19	12.47	12.57	19626649	596778176.00
2016/03/08	12.58	12.59	11.97	12.47	13711689	401693760.00
2016/03/09	12.20	12.44	12.09	12.20	9287102	271691136.00
2016/03/10	12.21	12.44	12.01	12.03	7995586	232314592.00
2016/03/11	11.92	12.19	11.85	12.04	7017160	201486384.00
2016/03/14	12.21	12.58	12.19	12.36	10943572	323612096.00
2016/03/15	12.44	12.82	12.39	12.45	11519851	345496128.00
2016/03/16	12.50	12.58	12.21	12.27	9535532	281060448.00
2016/03/17	12.44	12.71	12.31	12.62	11544781	344341824.00
2016/03/18	12.72	13.14	12.71	13.02	20280560	625421248.00
2016/03/21	13.10	13.69	13.10	13.69	27341454	875530176.00
2016/03/22	13.60	13.62	13.34	13.41	15224426	485824256.00
2016/03/23	13.69	13.78	13.29	13.46	13412443	428111392.00
2016/03/24	13.29	13.32	13.01	13.08	13675006	426860704.00
2016/03/25	13.06	13.20	12.76	12.91	14177409	436309056.00
2016/03/28	13.00	13.32	12.74	12.88	12876289	398661792.00
2016/03/29	12.86	12.86	12.49	12.56	15353642	462247712.00
2016/03/30	12.71	13.14	12.70	13.11	15881131	485958080.00
2016/03/31	13.20	13.39	12.96	12.99	12996007	404937664.00
2016/04/01	12.99	13.11	12.78	12.84	8699496	266476480.00
2016/04/05	12.84	13.26	12.84	13.24	12271801	381550176.00
2016/04/06	13.11	13.27	13.04	13.23	10282235	321085024.00
2016/04/07	13.23	13.28	12.92	12.93	12351160	383252320.00
2016/04/08	12.85	13.04	12.76	12.92	11587992	354555776.00
2016/04/11	12.98	13.24	12.98	13.08	18472538	574401408.00
2016/04/12	13.10	13.13	12.79	12.80	12717275	389850912.00
2016/04/13	12.93	13.20	12.84	13.12	19676964	610919424.00
2016/04/14	13.24	13.27	13.04	13.15	10900637	339515264.00
2016/04/15	13.16	13.26	13.07	13.24	8451754	263771216.00
2016/04/18	13.16	13.16	12.92	13.02	9617187	296391104.00
2016/04/19	13.02	13.11	12.89	12.93	9084225	279445664.00
2016/04/20	12.99	13.03	12.31	12.72	22164876	668414528.00
2016/04/21	12.40	12.88	12.39	12.82	16346848	495291552.00
2016/04/22	12.82	13.20	12.74	13.14	11346251	351084480.00
2016/04/25	13.17	13.23	12.79	13.16	12012660	371539200.00
2016/04/26	13.08	13.20	12.87	13.03	6298547	194553824.00
2016/04/27	13.03	13.15	12.89	12.92	5373425	165327776.00
2016/04/28	12.93	12.95	12.62	12.78	8227922	249040592.00
2016/04/29	12.73	12.93	12.68	12.83	6348769	193504400.00
2016/05/03	12.84	13.37	12.84	13.24	14278250	447098112.00
2016/05/04	13.22	13.46	13.18	13.34	12453455	394972192.00
2016/05/05	13.30	13.62	13.30	13.57	11741356	375286880.00
2016/05/06	13.56	13.57	13.03	13.04	11738912	368089952.00
2016/05/09	12.98	13.03	12.72	12.84	7447114	226990240.00
2016/05/10	12.83	13.12	12.83	12.98	7440613	229273200.00
2016/05/11	13.05	13.36	13.05	13.15	10839583	339954144.00
2016/05/12	13.05	13.54	12.94	13.53	13645789	431437600.00
2016/05/13	13.51	13.58	13.30	13.40	10958564	347987744.00
2016/05/16	13.40	13.95	13.38	13.94	15137440	490061280.00
2016/05/17	13.96	14.04	13.78	13.84	13371435	440235616.00
2016/05/18	13.86	13.86	13.13	13.45	17532418	362180224.00
2016/05/19	13.33	13.59	13.27	13.31	9073947	188660528.00
2016/05/20	13.19	13.52	13.15	13.34	7650650	157915104.00
2016/05/23	13.43	13.52	13.33	13.41	9628371	199784976.00
2016/05/24	13.43	13.66	13.31	13.50	11303778	235893344.00
2016/05/25	13.59	13.76	13.40	13.41	12806188	269043200.00
2016/05/26	13.50	13.59	13.12	13.33	16174285	332015552.00
2016/05/27	13.32	13.49	13.23	13.27	12591365	259454128.00
2016/05/30	13.20	13.35	13.13	13.26	13793393	282709120.00
2016/05/31	13.27	13.72	13.20	13.67	25809373	540129152.00
2016/06/01	13.59	13.77	13.57	13.70	18994851	401291680.00
2016/06/02	13.70	13.72	13.40	13.57	15953570	333960928.00
2016/06/03	13.57	13.97	13.51	13.85	19921524	423013888.00
2016/06/06	13.85	13.91	13.65	13.71	17959680	381336800.00
2016/06/07	13.71	13.79	13.62	13.69	15267867	322786016.00
2016/06/08	13.68	13.73	13.57	13.60	17074065	359548160.00
2016/06/13	13.59	13.69	13.27	13.27	18838296	393485344.00
2016/06/14	13.29	13.52	13.27	13.47	12783446	264521760.00
2016/06/15	13.21	13.73	13.21	13.68	19132920	401379200.00
2016/06/16	13.60	13.69	13.47	13.52	10861268	227425824.00
2016/06/17	13.57	13.85	13.55	13.68	15515532	329327616.00
2016/06/20	13.68	13.93	13.52	13.83	14417524	306271040.00
2016/06/21	13.86	13.93	13.67	13.71	12848030	274358080.00
2016/06/22	13.71	13.84	13.62	13.81	7612061	161582720.00
2016/06/23	13.80	13.88	13.64	13.71	7078800	150241392.00
2016/06/24	13.67	13.90	13.28	13.60	16613486	350965056.00
2016/06/27	13.47	13.80	13.45	13.75	11833611	250464416.00
2016/06/28	13.73	13.81	13.63	13.76	11091799	234878304.00
2016/06/29	13.86	13.97	13.76	13.85	16476507	352565920.00
2016/06/30	13.85	14.06	13.80	13.91	14810791	318547808.00
2016/07/01	13.91	14.59	13.91	14.49	32131776	713485824.00
2016/07/04	14.45	15.60	14.31	15.37	45744807	1066730240.00
2016/07/05	15.37	15.37	15.13	15.18	22722675	532547776.00
2016/07/06	15.19	15.87	14.99	15.67	36588230	879173888.00
2016/07/07	15.60	15.67	15.40	15.48	16513296	393932352.00
2016/07/08	15.63	15.64	15.39	15.54	13113396	313142016.00
2016/07/11	15.71	15.71	15.15	15.21	20488997	488630336.00
2016/07/12	15.25	15.63	15.21	15.56	17763349	422383104.00
2016/07/13	15.79	15.79	15.51	15.59	14870225	357879776.00
2016/07/14	15.59	15.74	15.47	15.71	11124521	267046032.00
2016/07/15	15.80	16.47	15.80	16.41	31637846	789874688.00
2016/07/18	16.40	16.46	16.01	16.17	20962384	522465632.00
2016/07/19	16.16	16.37	15.73	15.87	21722794	533479808.00
2016/07/20	15.92	16.13	15.80	15.91	11639910	286026240.00
2016/07/21	15.93	16.57	15.93	16.36	22645026	568541056.00
2016/07/22	16.40	16.41	16.00	16.13	16636633	413028960.00
2016/07/25	15.98	16.25	15.95	16.01	15323629	378574848.00
2016/07/26	16.05	16.58	16.05	16.57	21877842	551795008.00
2016/07/27	16.59	17.32	16.08	16.47	48153546	1240871424.00
2016/07/28	16.59	17.10	16.49	17.03	29205858	758074752.00
2016/07/29	16.92	17.11	16.59	16.83	17621736	455284224.00
2016/08/01	16.82	16.82	16.13	16.23	22511000	566748992.00
2016/08/02	16.11	16.41	15.97	16.13	13629352	337739744.00
2016/08/03	16.13	16.63	16.08	16.60	16946736	428439392.00
2016/08/04	16.60	16.71	16.30	16.60	9113542	230960496.00
2016/08/05	16.58	16.79	16.39	16.41	12411142	314911360.00
2016/08/08	16.41	16.59	16.07	16.54	9268513	233672800.00
2016/08/09	16.51	16.81	16.42	16.70	9127697	234159488.00
2016/08/10	16.70	16.82	16.40	16.42	10747616	272933216.00
2016/08/11	16.45	16.69	16.32	16.35	9877365	250782816.00
2016/08/12	16.45	16.67	16.33	16.66	11606432	294407616.00
2016/08/15	16.81	17.20	16.61	16.95	20493427	535002496.00
2016/08/16	17.12	17.30	16.81	16.86	16520175	432066688.00
2016/08/17	17.09	17.59	16.98	17.27	24523100	652357632.00
2016/08/18	17.37	17.47	16.87	17.02	18589493	489329536.00
2016/08/19	16.99	17.02	16.79	16.87	12058340	312437280.00
2016/08/22	16.87	17.06	16.60	16.62	11561343	298347904.00
2016/08/23	16.55	17.00	16.55	16.86	10620527	274775104.00
2016/08/24	16.86	17.11	16.73	17.07	14077923	366796768.00
2016/08/25	17.06	17.06	16.77	17.03	10094776	261856960.00
2016/08/26	17.10	17.17	16.86	16.93	7300838	190736512.00
2016/08/29	16.94	16.99	16.73	16.80	8901639	229727680.00
2016/08/30	16.83	16.85	16.19	16.25	20384202	515750016.00
2016/08/31	16.20	16.37	16.15	16.32	9927486	247960816.00
2016/09/01	16.33	16.52	16.24	16.25	6965467	175108832.00
2016/09/02	16.18	16.23	15.73	15.81	17357348	424717120.00
2016/09/05	15.93	16.09	15.81	16.05	8812411	216521792.00
2016/09/06	16.05	16.58	15.93	16.51	15063043	378688064.00
2016/09/07	16.51	16.59	16.30	16.47	10655446	268230544.00
2016/09/08	16.41	16.43	16.28	16.33	5849120	146926384.00
2016/09/09	16.33	16.33	15.94	15.98	10168443	251536432.00
2016/09/12	15.61	15.93	15.51	15.60	11340703	273716992.00
2016/09/13	15.65	15.86	15.65	15.68	5564781	134618400.00
2016/09/14	15.68	16.10	15.61	16.07	10732474	262914480.00
2016/09/19	16.07	16.43	16.03	16.16	11344899	283477120.00
2016/09/20	16.19	16.19	15.93	16.03	6305403	155077664.00
2016/09/21	16.04	16.06	15.93	15.97	4043349	99358584.00
2016/09/22	16.02	16.23	16.01	16.07	8363516	206910800.00
2016/09/23	16.07	16.07	15.87	15.95	6377924	156577760.00
2016/09/26	15.91	15.91	15.54	15.60	8072411	194275888.00
2016/09/27	15.57	15.72	15.39	15.67	7944195	190161376.00
2016/09/28	15.73	15.75	15.51	15.53	5139870	123779088.00
2016/09/29	15.62	15.79	15.57	15.75	6230059	150607392.00
2016/09/30	15.78	16.18	15.75	15.91	8447389	207878992.00
2016/10/10	15.92	16.11	15.32	15.47	27738391	661523968.00
2016/10/11	15.33	15.58	15.33	15.53	13174914	314010720.00
2016/10/12	15.57	16.27	15.54	16.27	25240495	621479424.00
2016/10/13	16.35	16.59	16.24	16.36	23753464	600195008.00
2016/10/14	16.40	16.57	16.30	16.37	10696398	269689120.00
2016/10/17	16.37	16.45	15.99	16.07	10653778	266127712.00
2016/10/18	16.12	16.23	16.03	16.20	7975156	198059520.00
2016/10/19	16.33	16.56	16.20	16.27	14440458	364285600.00
2016/10/20	16.46	16.55	16.27	16.41	11685169	295264160.00
2016/10/21	16.46	16.57	16.31	16.48	7831891	198019504.00
2016/10/24	16.47	16.65	16.26	16.39	15611295	393030144.00
2016/10/25	16.33	16.43	16.03	16.14	18654851	463680960.00
2016/10/26	16.09	16.29	16.02	16.15	13738144	340295360.00
2016/10/27	16.19	16.19	16.05	16.16	6909931	171102912.00
2016/10/28	16.11	16.23	16.11	16.21	8586372	213546192.00
2016/10/31	16.21	16.21	15.89	15.96	11074662	271794304.00
2016/11/01	15.96	16.12	15.96	16.08	6013205	148370800.00
2016/11/02	16.13	16.17	15.92	15.94	9944032	244799472.00
2016/11/03	15.95	15.99	15.85	15.97	8073353	197632464.00
2016/11/04	15.97	16.15	15.87	15.90	11859523	291378720.00
2016/11/07	15.87	15.93	15.72	15.73	11039553	268131920.00
2016/11/08	15.83	15.94	15.72	15.93	10793121	262458928.00
2016/11/09	15.93	15.93	15.39	15.61	15447484	371754816.00
2016/11/10	15.79	15.93	15.60	15.78	17231926	417415520.00
2016/11/11	15.83	15.83	15.60	15.67	10336826	248950176.00
2016/11/14	15.67	15.82	15.65	15.73	12094388	292008544.00
2016/11/15	15.79	15.83	15.69	15.83	11848046	287357920.00
2016/11/16	15.83	16.06	15.83	15.98	16948895	416639584.00
2016/11/17	15.97	15.98	15.67	15.85	8709787	212000800.00
2016/11/18	15.81	15.89	15.78	15.85	6141218	149665760.00
2016/11/21	15.89	15.97	15.77	15.85	10874438	265485216.00
2016/11/22	15.92	15.92	15.71	15.73	11101695	268820704.00
2016/11/23	15.80	15.87	15.64	15.82	16414501	397974560.00
2016/11/24	15.81	15.97	15.67	15.82	12616467	307319392.00
2016/11/25	15.72	16.03	15.72	16.01	16309508	398934208.00
2016/11/28	16.23	16.45	16.11	16.25	27063896	676852416.00
2016/11/29	16.20	16.85	16.13	16.51	36463155	927631680.00
2016/11/30	16.50	16.76	16.23	16.27	23450546	592683776.00
2016/12/01	16.45	16.60	16.19	16.53	20826181	523743584.00
2016/12/02	16.53	16.57	16.29	16.38	13072904	329354176.00
2016/12/05	16.39	16.65	16.31	16.55	21070709	533993536.00
2016/12/06	16.63	16.89	16.53	16.57	22500903	578212096.00
2016/12/07	16.56	16.68	16.27	16.39	18031355	454962944.00
2016/12/08	16.37	16.49	16.11	16.20	15969499	400105248.00
2016/12/09	16.23	16.46	16.23	16.37	14275270	359042752.00
2016/12/12	16.35	16.42	15.61	15.69	23749702	578760832.00
2016/12/13	15.77	15.85	15.53	15.70	22601035	546197376.00
2016/12/14	15.72	15.75	15.52	15.55	10264819	246376640.00
2016/12/15	15.53	15.65	15.35	15.58	9152754	218583008.00
2016/12/16	15.33	15.63	15.33	15.46	13672401	325920960.00
2016/12/19	15.43	15.49	15.10	15.19	9785739	229731232.00
2016/12/20	15.18	15.18	14.94	15.02	8305911	192213552.00
2016/12/21	15.01	15.23	14.99	15.04	9463172	219856352.00
2016/12/22	15.04	15.11	14.85	14.87	10017447	230734576.00
2016/12/23	14.93	15.31	14.67	15.11	19054984	441796224.00
2016/12/26	15.08	15.08	14.74	14.91	9537997	218208416.00
2016/12/27	15.27	15.34	15.03	15.07	13072818	305687520.00
2016/12/28	15.23	15.58	15.21	15.39	20487359	487631840.00
2016/12/29	15.37	15.56	15.32	15.46	9766638	232544064.00
2016/12/30	15.58	15.65	15.46	15.47	6829004	163086832.00
2017/01/03	15.57	15.86	15.45	15.76	13331281	322501856.00
2017/01/04	15.73	15.81	15.61	15.71	20674062	499729408.00
2017/01/05	15.71	15.83	15.45	15.80	18867411	453524064.00
2017/01/06	15.81	15.89	15.61	15.67	16384507	396836448.00
2017/01/09	15.54	15.94	15.50	15.77	16726097	405631392.00
2017/01/10	15.80	16.14	15.79	15.99	23081138	567698560.00
2017/01/11	16.11	16.24	15.97	15.98	23892208	589969152.00
2017/01/12	15.93	16.00	15.65	15.80	10642322	258507184.00
2017/01/13	15.89	16.03	15.75	15.87	13862312	338180864.00
2017/01/16	15.84	15.93	15.55	15.71	16833630	407963232.00
2017/01/17	15.83	15.93	15.67	15.91	17920288	436474816.00
2017/01/18	15.86	16.31	15.86	16.27	30855328	765507648.00
2017/01/19	16.27	16.37	16.17	16.26	16105024	403326112.00
2017/01/20	16.25	16.39	16.17	16.35	9305403	233512624.00
2017/01/23	16.38	16.59	16.31	16.42	11563259	293157600.00
2017/01/24	16.47	16.79	16.43	16.73	19816544	506415232.00
2017/01/25	16.67	17.16	16.63	16.97	18510003	482533056.00
2017/01/26	17.01	17.15	16.85	17.02	11237282	293696896.00
2017/02/03	17.12	17.27	16.97	17.19	17964374	474334848.00
2017/02/06	17.19	17.38	16.85	16.93	18663476	487920608.00
2017/02/07	17.00	17.03	16.73	16.83	11885919	306966592.00
2017/02/08	16.89	17.36	16.73	17.32	13692183	359745056.00
2017/02/09	17.30	17.47	17.18	17.19	10845559	288264032.00
2017/02/10	17.24	17.25	17.07	17.07	12586010	330744704.00
2017/02/13	17.15	17.80	17.13	17.69	19633275	527997792.00
2017/02/14	17.67	17.80	17.53	17.65	10914035	294971936.00
2017/02/15	17.79	17.82	17.58	17.67	12162641	330380672.00
2017/02/16	17.81	18.23	17.61	18.21	22626756	626504064.00
2017/02/17	18.20	19.20	18.13	18.38	34961838	995204736.00
2017/02/20	18.64	18.91	18.44	18.70	27683094	792630464.00
2017/02/21	18.80	18.92	18.41	18.70	16488387	469642848.00
2017/02/22	18.71	18.91	18.54	18.79	14435536	413960576.00
2017/02/23	18.89	19.17	18.67	18.86	20512924	596155712.00
2017/02/24	18.77	18.85	18.39	18.43	14493283	411390464.00
2017/02/27	18.39	18.63	18.15	18.22	13177813	370422208.00
2017/02/28	18.18	18.35	18.12	18.25	10272827	287064960.00
2017/03/01	18.27	18.59	18.20	18.29	13579524	381682304.00
2017/03/02	18.34	18.67	18.34	18.60	13195941	374710848.00
2017/03/03	18.60	18.92	18.37	18.90	11066771	317299936.00
2017/03/06	18.93	19.06	18.80	18.85	13874917	401427808.00
2017/03/07	18.94	19.43	18.85	18.93	19937493	584465792.00
2017/03/08	19.25	19.27	18.85	18.88	11616679	338324800.00
2017/03/09	18.87	19.05	18.80	18.89	9315839	269908288.00
2017/03/10	18.89	19.40	18.85	19.31	19007258	556981952.00
2017/03/13	19.30	19.89	19.27	19.72	20542956	618551744.00
2017/03/14	19.73	19.83	19.47	19.59	11328884	340738144.00
2017/03/15	19.67	19.67	19.51	19.57	7410356	222060144.00
2017/03/16	19.73	19.92	19.68	19.82	13771735	417961184.00
2017/03/17	19.83	20.05	19.69	19.71	12061070	367309952.00
2017/03/20	19.71	20.00	19.57	19.72	7534874	227585440.00
2017/03/21	19.73	20.05	19.55	20.05	14397139	437238816.00
2017/03/22	19.87	20.73	19.84	20.63	19772370	615629248.00
2017/03/23	20.60	20.79	20.50	20.63	11840414	373509536.00
2017/03/24	20.61	21.89	20.55	21.35	29261465	957215488.00
2017/03/27	21.45	21.77	21.14	21.23	17272708	564652928.00
2017/03/28	21.18	21.57	21.09	21.24	12654665	411678304.00
2017/03/29	21.27	21.71	21.19	21.27	14400231	470725568.00
2017/03/30	21.18	21.37	20.29	20.75	25048604	795827456.00
2017/03/31	20.73	21.08	20.72	20.87	17247523	550817088.00
2017/04/05	20.97	21.62	20.77	20.87	38627434	1240419200.00
2017/04/06	20.88	21.16	20.80	20.99	21022580	673134720.00
2017/04/07	20.97	21.27	20.93	21.19	17182552	554819904.00
2017/04/10	21.19	21.44	20.95	21.21	11626510	377524512.00
2017/04/11	21.21	21.28	20.67	21.01	19455058	622629568.00
2017/04/12	21.03	21.28	20.73	20.97	13502708	432557472.00
2017/04/13	20.97	21.24	20.84	21.19	13955655	450804064.00
2017/04/14	21.63	21.98	21.26	21.34	27692371	912139200.00
2017/04/17	21.47	21.80	21.32	21.57	18243249	601220544.00
2017/04/18	21.79	22.49	21.66	22.41	36646446	1242832000.00
2017/04/19	22.72	22.87	22.25	22.55	23247513	798878016.00
2017/04/20	22.63	23.91	22.54	23.51	43207591	1546161664.00
2017/04/21	23.60	24.33	23.14	23.80	28833073	1048588672.00
2017/04/24	23.87	24.19	22.94	23.62	26261755	949779584.00
2017/04/25	23.73	24.99	23.61	24.63	35884398	1340474624.00
2017/04/26	24.63	25.03	24.31	24.67	28814675	1078509056.00
2017/04/27	24.47	24.50	23.26	24.07	36796408	1342238976.00
2017/04/28	23.74	23.98	23.09	23.98	27494074	983913856.00
2017/05/02	23.31	23.79	22.93	23.46	16051636	572979072.00
2017/05/03	23.39	23.93	23.27	23.59	18077991	652422720.00
2017/05/04	23.80	24.59	23.33	24.43	22796567	837061952.00
2017/05/05	24.43	24.79	24.19	24.27	17409611	648857664.00
2017/05/08	24.53	24.53	23.29	23.33	24500002	887603904.00
2017/05/09	23.43	23.97	23.11	23.92	22840513	819592832.00
2017/05/10	23.67	25.63	23.67	25.23	40286625	1528952448.00
2017/05/11	25.01	25.60	24.95	25.39	28320372	1093561856.00
2017/05/12	25.39	25.85	25.05	25.53	18043655	700717824.00
2017/05/15	25.56	26.37	25.56	26.37	27715672	1102876160.00
2017/05/16	26.45	27.27	26.03	27.17	47887756	1278627072.00
2017/05/17	27.05	27.06	25.80	25.93	66908831	1762333312.00
2017/05/18	25.76	26.35	25.25	26.28	45729107	1183527808.00
2017/05/19	26.29	27.05	25.83	26.58	39231556	1042937856.00
2017/05/22	26.50	27.99	26.33	27.92	51929000	1427233792.00
2017/05/23	27.89	28.80	27.68	28.13	63539519	1792559616.00
2017/05/24	27.80	28.12	27.37	27.93	41305985	1146592256.00
2017/05/25	27.75	28.03	26.81	27.31	47814608	1309195008.00
2017/05/26	27.41	27.56	26.45	26.74	57266053	1531758336.00
2017/05/31	26.75	27.07	25.90	26.50	57197153	1509359488.00
2017/06/01	26.50	28.56	26.45	27.95	83797500	2312995840.00
2017/06/02	28.00	28.36	27.51	27.86	46313800	1295495552.00
2017/06/05	27.60	28.45	27.58	27.99	30723600	859556928.00
2017/06/06	27.95	28.65	27.68	28.62	39290700	1113507968.00
2017/06/07	28.66	29.78	28.66	29.55	61133200	1791860352.00
2017/06/08	29.54	29.91	29.23	29.56	45684800	1349627648.00
2017/06/09	29.90	31.59	29.90	31.22	78417100	2424212224.00
2017/06/12	30.82	31.33	30.12	30.70	69862483	2139908224.00
2017/06/13	30.30	31.20	30.01	30.72	55328008	1697194624.00
2017/06/14	30.68	30.68	29.29	29.30	80189839	2381101824.00
2017/06/15	29.28	29.55	28.70	29.16	68569461	1989880320.00
2017/06/16	29.35	29.56	28.68	29.54	69839662	2037154560.00
2017/06/19	29.60	29.73	28.98	29.24	45655600	1333527168.00
2017/06/20	29.50	29.56	28.93	29.19	39679705	1155609856.00
2017/06/21	29.29	31.17	29.20	31.15	107548900	3265261312.00
2017/06/22	31.13	31.64	30.88	31.21	96461500	3012890112.00
2017/06/23	31.50	32.07	31.10	31.70	74746200	2358424576.00
2017/06/26	31.97	32.54	31.73	32.03	82239100	2642792192.00
2017/06/27	32.14	32.14	31.23	31.68	68259300	2164478720.00
2017/06/28	31.41	31.96	31.00	31.25	63954682	2003788928.00
2017/06/29	31.40	32.50	31.40	32.50	71194200	2288859392.00
2017/06/30	32.00	32.49	31.81	32.30	43387200	1393901184.00
2017/07/03	32.28	32.28	30.90	31.24	60494100	1892758272.00
2017/07/04	31.01	31.13	29.72	30.21	89711500	2712893440.00
2017/07/05	30.05	30.96	29.82	30.75	56480700	1722262272.00
2017/07/06	30.60	31.34	30.12	30.85	56515200	1740376192.00
2017/07/07	30.62	30.62	30.03	30.13	41831700	1264305024.00
2017/07/10	30.03	30.06	29.00	29.41	54122200	1594760960.00
2017/07/11	29.61	30.77	29.53	30.61	68675000	2075160192.00
2017/07/12	30.81	30.92	29.41	29.71	56258700	1689216384.00
2017/07/13	29.86	30.40	29.61	30.10	49540800	1488912384.00
2017/07/14	30.42	30.45	29.85	30.13	30429900	916904256.00
2017/07/17	30.25	30.25	28.53	29.78	49071200	1448037760.00
2017/07/18	29.20	29.75	28.22	28.87	68111600	1962102912.00
2017/07/19	28.98	30.10	28.88	29.97	57452100	1702949504.00
2017/07/20	30.00	30.30	29.65	30.00	39997500	1200711552.00
2017/07/21	30.46	31.27	30.40	30.59	67132574	2072629376.00
2017/07/24	30.88	30.88	29.78	30.46	46247500	1403057152.00
2017/07/25	30.78	31.06	30.46	30.52	35543000	1093876736.00
2017/07/26	30.96	30.96	29.70	29.74	42239600	1267649792.00
2017/07/27	29.90	30.18	29.21	29.98	27582200	821973568.00
2017/07/28	30.00	30.10	29.59	29.87	20454700	611466816.00
2017/07/31	29.88	30.30	29.33	30.00	31874300	951702400.00
2017/08/01	30.08	30.21	29.47	29.70	28459900	848048960.00
2017/08/02	29.70	30.07	29.47	29.62	27317700	811075072.00
2017/08/03	29.70	29.75	28.58	28.69	49949100	1444513664.00
2017/08/04	28.70	28.99	28.02	28.63	34318100	977339456.00
2017/08/07	28.62	29.15	28.17	28.93	22933600	662171776.00
2017/08/08	28.90	29.18	28.50	28.56	20284500	584104704.00
2017/08/09	28.58	29.36	28.43	29.08	33292600	965285120.00
2017/08/10	29.08	30.09	29.02	29.64	42374600	1258722560.00
2017/08/11	29.45	30.04	29.14	29.23	26381300	781035136.00
2017/08/14	29.20	30.16	29.00	30.15	52060500	1560877056.00
2017/08/15	30.24	30.82	30.01	30.54	44642300	1360589440.00
2017/08/16	30.42	32.00	30.28	31.63	74223700	2323111424.00
2017/08/17	31.76	31.88	31.10	31.45	37663600	1185923200.00
2017/08/18	31.15	31.68	31.02	31.16	21495100	672014784.00
2017/08/21	31.28	31.52	30.62	31.05	33249700	1029031424.00
2017/08/22	31.12	31.62	31.11	31.30	27522400	862695232.00
2017/08/23	31.56	31.56	30.85	31.03	14317500	445884960.00
2017/08/24	30.99	31.23	30.44	30.50	29435200	904417536.00
2017/08/25	30.53	31.20	30.53	31.05	21654200	671632128.00
2017/08/28	31.21	32.15	31.18	32.01	51012000	1623213696.00
2017/08/29	32.17	32.33	31.70	31.90	26230800	838448704.00
2017/08/30	32.02	32.20	31.74	31.87	20346000	649876224.00
2017/08/31	32.00	32.22	31.23	32.15	30966500	985625408.00
2017/09/01	32.16	33.26	32.16	32.94	60895300	1998840192.00
2017/09/04	32.97	34.47	32.72	34.37	59739700	2029704704.00
2017/09/05	34.11	34.57	33.73	34.12	29431300	1001540352.00
2017/09/06	34.18	34.18	33.31	33.72	29693171	998666048.00
2017/09/07	33.57	33.68	32.82	33.18	26793098	888043776.00
2017/09/08	33.05	33.47	32.84	33.03	22383283	740952064.00
2017/09/11	33.22	33.68	32.32	32.60	35195039	1157837056.00
2017/09/12	32.80	32.93	32.00	32.74	39118089	1265666048.00
2017/09/13	32.74	33.07	32.30	33.05	21089638	691805312.00
2017/09/14	33.11	33.11	32.44	32.45	19164815	626050176.00
2017/09/15	32.89	32.91	32.48	32.59	17973814	588098368.00
2017/09/18	32.83	33.11	32.12	32.14	39707200	1297060864.00
2017/09/19	32.39	32.40	31.74	32.09	19779700	635200256.00
2017/09/20	32.10	32.28	31.92	32.14	19508400	626996288.00
2017/09/21	32.49	32.98	32.16	32.95	34292700	1121282304.00
数据来源:通达信
