002493 荣盛石化 日线 前复权
      日期	    开盘	    最高	    最低	    收盘	    成交量	    成交额
2010/11/02	9.19	10.35	9.13	10.06	34528555	2102503168.00
2010/11/03	10.10	10.44	9.69	9.85	17614970	1116892032.00
2010/11/04	10.02	10.35	9.47	10.24	13530515	845247808.00
2010/11/05	10.39	11.14	10.39	10.58	12802211	857315584.00
2010/11/08	10.95	11.68	10.69	11.68	12979833	923022528.00
2010/11/09	11.52	12.22	11.20	12.02	12489725	911149440.00
2010/11/10	11.92	12.35	11.75	11.92	6947686	520059744.00
2010/11/11	11.85	12.12	11.39	11.46	7683123	562923840.00
2010/11/12	11.06	11.27	10.28	10.52	10762725	726334720.00
2010/11/15	10.54	10.75	10.27	10.64	5760003	381203360.00
2010/11/16	10.64	11.00	10.19	10.22	6063637	404500864.00
2010/11/17	9.98	10.18	9.61	9.77	3955218	248203504.00
2010/11/18	9.85	10.13	9.72	10.02	3571243	222761728.00
2010/11/19	10.13	10.14	9.69	10.05	4248072	265038576.00
2010/11/22	9.90	10.50	9.90	10.33	4792775	309674336.00
2010/11/23	10.19	10.32	9.79	9.97	3705489	232447120.00
2010/11/24	9.94	10.35	9.91	10.33	3464326	222697600.00
2010/11/25	10.41	10.62	10.25	10.53	3793242	248497824.00
2010/11/26	10.50	10.50	10.16	10.18	3395869	219430960.00
2010/11/29	10.04	10.17	9.91	10.08	3481921	219141456.00
2010/11/30	10.02	10.23	9.62	9.86	3736847	232073808.00
2010/12/01	9.85	10.10	9.74	9.93	2350142	146548784.00
2010/12/02	10.10	10.23	9.96	10.02	2747509	174309232.00
2010/12/03	10.00	10.27	10.00	10.13	2722451	173841984.00
2010/12/06	10.17	10.25	9.77	9.85	2234234	139575456.00
2010/12/07	9.83	10.02	9.65	9.92	2507759	153812816.00
2010/12/08	9.85	9.87	9.66	9.69	2012774	123479176.00
2010/12/09	9.66	9.72	9.20	9.31	2492700	149429488.00
2010/12/13	9.52	10.04	9.45	10.00	3323748	204956080.00
2010/12/14	10.01	10.01	9.87	10.00	1680402	105058488.00
2010/12/15	10.00	10.25	9.92	10.04	2258475	143231024.00
2010/12/16	10.02	10.17	9.93	10.11	1747338	110815328.00
2010/12/17	10.15	10.49	10.08	10.43	3642356	236951136.00
2010/12/20	10.49	10.60	9.83	10.10	3332045	212875456.00
2010/12/21	10.17	10.35	10.05	10.35	2758383	176537616.00
2010/12/22	10.35	10.35	10.15	10.17	1816261	116631560.00
2010/12/23	10.19	10.19	9.86	9.89	2090029	131706312.00
2010/12/24	9.77	9.90	9.62	9.75	1529249	93638464.00
2010/12/27	9.75	10.18	9.74	9.88	2728136	171275200.00
2010/12/28	9.85	10.19	9.74	10.02	2523467	159350688.00
2010/12/29	10.04	10.20	10.01	10.17	1760688	111994896.00
2010/12/30	10.17	10.17	9.94	10.08	1597847	100824632.00
2010/12/31	10.07	10.20	10.00	10.18	1854943	117941824.00
2011/01/04	10.32	10.34	10.14	10.23	2129869	136808864.00
2011/01/05	10.33	10.57	10.25	10.45	3360901	220539648.00
2011/01/06	10.50	10.50	10.15	10.15	2657848	171514640.00
2011/01/07	10.12	10.45	10.06	10.22	1936143	125104968.00
2011/01/10	10.20	10.38	10.00	10.01	1310765	83848544.00
2011/01/11	9.85	9.93	9.64	9.75	1762992	108388240.00
2011/01/12	9.82	9.85	9.67	9.77	821295	50534904.00
2011/01/13	9.85	9.94	9.77	9.83	760775	47149876.00
2011/01/14	9.77	9.83	9.51	9.52	1346215	81178792.00
2011/01/17	9.42	9.58	9.29	9.34	956837	56733704.00
2011/01/18	9.35	9.48	9.21	9.40	522702	30937662.00
2011/01/19	9.40	9.73	9.39	9.68	1168538	70808888.00
2011/01/20	9.67	9.76	9.37	9.37	989366	59413240.00
2011/01/21	9.33	9.50	9.29	9.47	922903	54703092.00
2011/01/24	9.61	10.12	9.52	9.73	1902555	118026336.00
2011/01/25	9.67	9.83	9.22	9.40	1747647	104113448.00
2011/01/26	9.42	9.55	9.34	9.46	865962	51453272.00
2011/01/27	9.40	9.68	9.33	9.63	1322062	79626904.00
2011/01/28	9.66	9.77	9.60	9.63	1081971	65881568.00
2011/01/31	9.62	9.63	9.38	9.59	1211348	72528336.00
2011/02/01	9.52	9.66	9.52	9.59	762265	46080872.00
2011/02/09	9.34	9.59	9.21	9.21	3795370	224232160.00
2011/02/10	9.27	9.60	9.26	9.58	2969873	176421872.00
2011/02/11	9.56	9.77	9.50	9.71	2567428	155930624.00
2011/02/14	9.72	9.90	9.61	9.85	3082811	189935312.00
2011/02/15	9.90	10.25	9.86	10.00	3845699	244309008.00
2011/02/16	10.02	10.51	10.00	10.50	5038712	325522112.00
2011/02/17	11.00	11.07	10.60	10.85	7021621	476189280.00
2011/02/18	10.85	11.40	10.71	11.08	6095051	424958880.00
2011/02/21	11.15	11.65	11.05	11.20	5395809	381857152.00
2011/02/22	11.10	11.21	10.60	10.62	5758680	391056352.00
2011/02/23	10.62	11.73	10.61	11.73	8274774	590465088.00
2011/02/24	11.52	11.69	11.15	11.27	5984455	423189824.00
2011/02/25	11.35	11.40	10.87	11.22	4313336	300688384.00
2011/02/28	11.57	11.68	11.26	11.52	6128244	439298688.00
2011/03/01	11.48	11.54	11.25	11.47	3826417	272152960.00
2011/03/02	11.40	11.85	11.30	11.69	4979985	362306688.00
2011/03/03	11.76	11.98	11.39	11.39	4751139	347599808.00
2011/03/04	11.43	11.47	11.14	11.32	3190786	224933904.00
2011/03/07	11.28	11.42	11.10	11.36	3505423	246693936.00
2011/03/08	11.37	11.55	11.20	11.52	3252766	231916336.00
2011/03/09	11.57	11.61	11.42	11.54	2600502	187333168.00
2011/03/10	11.59	12.12	11.54	11.78	5023795	373147520.00
2011/03/11	11.71	12.44	11.65	12.11	6625299	502296736.00
2011/03/14	12.19	12.35	11.99	12.22	3789704	286870912.00
2011/03/15	12.14	12.18	11.65	11.87	4855269	358211808.00
2011/03/16	11.82	12.18	11.75	12.07	3655304	272902464.00
2011/03/17	11.94	12.07	11.63	11.68	3443090	254428928.00
2011/03/18	11.84	12.05	11.73	11.82	2451220	182206608.00
2011/03/21	11.90	12.08	11.79	11.95	2084957	155457856.00
2011/03/22	11.94	11.99	11.66	11.72	2169491	159262832.00
2011/03/23	11.72	11.84	11.67	11.83	2030376	148855136.00
2011/03/24	11.85	11.90	11.70	11.72	1745679	128388072.00
2011/03/25	11.77	12.18	11.74	12.03	3270834	245766592.00
2011/03/28	12.05	12.15	11.70	11.71	3132069	230960000.00
2011/03/30	11.35	11.40	10.78	10.82	4158821	287306336.00
2011/03/31	10.99	11.00	10.66	10.69	2554440	172691552.00
2011/04/01	10.73	11.10	10.73	11.02	2253751	155084608.00
2011/04/06	10.95	10.97	10.69	10.75	2552181	172854608.00
2011/04/07	10.79	11.15	10.79	11.02	1928497	133086208.00
2011/04/08	11.25	11.82	11.21	11.69	3559981	256809872.00
2011/04/11	11.98	12.42	11.85	12.07	5202536	394107776.00
2011/04/12	12.10	12.10	11.87	11.98	2182637	163190544.00
2011/04/13	12.00	12.52	12.00	12.51	5057923	388332000.00
2011/04/14	12.54	12.79	12.12	12.30	4590767	353916096.00
2011/04/15	12.12	12.14	11.65	11.72	9154732	333857216.00
2011/04/18	11.55	12.08	11.36	11.64	7978054	289449120.00
2011/04/19	11.45	12.84	11.36	12.49	14840744	559689984.00
2011/04/20	12.62	12.82	12.19	12.49	13287371	512286080.00
2011/04/21	12.54	12.81	12.32	12.52	8782288	339719712.00
2011/04/22	12.53	12.73	12.36	12.42	6249448	241121104.00
2011/04/25	12.35	12.35	11.54	11.64	7750207	282843072.00
2011/04/26	11.64	11.92	11.64	11.72	4576344	166507408.00
2011/04/27	11.82	11.88	11.07	11.26	7240778	254332544.00
2011/04/28	11.34	11.38	10.79	10.82	4452536	151666480.00
2011/04/29	10.89	11.13	10.80	11.09	3372836	115019872.00
2011/05/03	11.08	11.46	10.91	11.44	4451898	155578960.00
2011/05/04	11.32	11.32	10.89	10.90	4978240	170344176.00
2011/05/05	10.90	10.98	10.79	10.81	3450395	116144728.00
2011/05/06	10.57	10.70	10.15	10.53	5278639	170582816.00
2011/05/09	10.57	10.75	10.51	10.65	3500795	115389120.00
2011/05/10	10.68	11.13	10.46	11.10	5621767	189338768.00
2011/05/11	11.00	11.05	10.78	10.86	3767574	127227640.00
2011/05/12	10.65	10.74	10.39	10.40	3802719	124449960.00
2011/05/13	10.44	10.65	10.25	10.59	3148604	101718504.00
2011/05/16	10.52	10.64	10.40	10.40	2119449	68983728.00
2011/05/17	10.41	10.65	10.29	10.60	2817407	91718360.00
2011/05/18	10.52	10.56	10.43	10.51	1779013	57857364.00
2011/05/19	10.52	10.64	10.35	10.36	2124834	68929408.00
2011/05/20	10.32	10.58	10.26	10.42	2129542	68618728.00
2011/05/23	10.35	10.38	9.88	9.94	3797920	118156104.00
2011/05/24	9.82	10.09	9.79	10.07	2667645	82461088.00
2011/05/25	10.02	10.15	9.86	9.88	2146345	66842152.00
2011/05/26	10.02	10.07	9.80	9.89	1933796	59543752.00
2011/05/27	9.85	9.91	9.61	9.83	2197459	66308520.00
2011/05/30	9.75	9.76	9.50	9.59	1467557	43997956.00
2011/05/31	9.59	9.81	9.59	9.80	1579253	47724408.00
2011/06/01	9.79	9.85	9.63	9.80	1661346	50335424.00
2011/06/02	9.65	9.65	9.39	9.46	2286645	67706576.00
2011/06/03	9.45	9.69	9.43	9.67	2446011	73111512.00
2011/06/07	9.65	9.79	9.59	9.67	1394189	41986496.00
2011/06/08	9.67	9.69	9.51	9.65	1607949	48008516.00
2011/06/09	9.65	9.65	9.38	9.39	1961569	57938364.00
2011/06/10	9.31	9.40	8.94	9.12	2676894	76305032.00
2011/06/13	9.00	9.07	8.86	9.03	1599478	44664900.00
2011/06/14	9.03	9.42	8.99	9.33	2680673	77693336.00
2011/06/15	9.33	9.33	9.11	9.12	1798898	51621820.00
2011/06/16	8.99	9.02	8.85	8.85	1854119	51550408.00
2011/06/17	8.72	8.93	8.72	8.75	1535667	42382940.00
2011/06/21	8.73	9.03	8.65	9.01	2284192	63235776.00
2011/06/22	9.01	9.05	8.88	8.91	1309115	36489264.00
2011/06/23	8.92	9.38	8.82	9.27	3279909	94182800.00
2011/06/24	9.20	9.58	9.17	9.47	4248414	124478240.00
2011/06/27	9.53	9.81	9.47	9.59	3910322	117433944.00
2011/06/28	9.54	9.77	9.54	9.67	2955154	88880096.00
2011/06/29	9.67	9.80	9.56	9.66	2796188	84194648.00
2011/06/30	9.64	9.95	9.64	9.95	3502331	106925128.00
2011/07/01	9.97	10.15	9.83	9.85	3131741	97228144.00
2011/07/04	9.89	10.15	9.89	10.06	2509000	78124304.00
2011/07/05	10.06	10.14	10.00	10.11	2406211	75157384.00
2011/07/06	10.11	10.15	9.92	10.05	2418336	75187152.00
2011/07/07	9.99	10.35	9.99	10.17	4308091	136179024.00
2011/07/08	10.15	10.32	10.10	10.27	2999218	95059296.00
2011/07/11	10.25	10.35	10.15	10.29	2532760	80663984.00
2011/07/12	10.20	10.20	9.84	9.89	4029989	125322336.00
2011/07/13	9.85	10.12	9.83	10.08	2924778	90911224.00
2011/07/14	10.23	10.80	10.21	10.57	5891670	192757392.00
2011/07/15	10.55	10.79	10.42	10.73	4266384	141436288.00
2011/07/18	10.85	10.89	10.59	10.60	3203527	105905896.00
2011/07/19	10.52	10.52	10.25	10.27	3078034	98447816.00
2011/07/20	10.25	10.46	10.18	10.32	1899933	60685604.00
2011/07/21	10.33	10.37	10.14	10.16	1776426	56462336.00
2011/07/22	10.26	10.29	10.15	10.21	1291485	40967336.00
2011/07/25	10.18	10.18	9.56	9.62	3072656	93565080.00
2011/07/26	9.59	9.68	9.50	9.59	1249317	37143496.00
2011/07/27	9.59	9.81	9.51	9.80	1786285	53961952.00
2011/07/28	9.75	9.75	9.55	9.63	1875763	56111552.00
2011/07/29	9.64	9.74	9.58	9.63	1667186	50027100.00
2011/08/01	9.71	9.89	9.65	9.80	1985814	60384676.00
2011/08/02	9.72	9.72	9.49	9.67	1691164	50384252.00
2011/08/03	9.55	9.77	9.50	9.64	1323965	39778576.00
2011/08/04	9.64	9.80	9.64	9.77	1647643	49806836.00
2011/08/05	9.47	9.60	9.33	9.42	1994372	58779748.00
2011/08/08	9.30	9.30	8.49	8.69	3313393	91945960.00
2011/08/09	8.49	8.77	8.18	8.69	2825883	74746880.00
2011/08/10	8.95	9.04	8.82	8.85	2489641	69427144.00
2011/08/11	8.63	8.98	8.54	8.94	2385290	65669716.00
2011/08/12	9.07	9.65	9.07	9.55	4850070	142419536.00
2011/08/15	9.56	9.82	9.53	9.57	4522812	135272816.00
2011/08/16	9.61	9.62	9.31	9.34	2703005	79287800.00
2011/08/17	9.34	9.61	9.34	9.59	3318245	98189872.00
2011/08/18	9.59	9.62	9.28	9.30	2295851	67125568.00
2011/08/19	9.04	9.15	8.99	9.10	1926143	54282492.00
2011/08/22	9.08	9.19	8.89	8.93	2136799	60122604.00
2011/08/23	9.01	9.09	8.89	9.09	1351490	37897308.00
2011/08/24	9.17	9.37	9.14	9.21	2799907	80914096.00
2011/08/25	9.27	9.46	9.17	9.42	2406880	69929296.00
2011/08/26	9.42	9.44	9.28	9.36	1730456	50371260.00
2011/08/29	9.30	9.30	9.09	9.10	1997201	56981476.00
2011/08/30	9.14	9.29	8.99	9.01	1628131	46486048.00
2011/08/31	9.08	9.08	8.94	9.00	1037849	29094166.00
2011/09/01	9.07	9.11	8.94	8.98	978279	27457562.00
2011/09/02	9.04	9.04	8.86	8.88	892970	24780228.00
2011/09/05	8.82	8.83	8.51	8.51	1554694	41984588.00
2011/09/06	8.45	8.58	8.39	8.45	1048002	27756792.00
2011/09/07	8.54	8.71	8.53	8.69	1195914	32160006.00
2011/09/08	8.75	8.81	8.59	8.60	1069387	28931426.00
2011/09/09	8.76	8.80	8.49	8.55	990436	26543948.00
2011/09/13	8.42	8.42	8.29	8.34	1070069	27851898.00
2011/09/14	8.35	8.44	8.24	8.42	1147692	29923594.00
2011/09/15	8.41	8.57	8.36	8.45	1281749	33914936.00
2011/09/16	8.51	8.65	8.49	8.52	1254794	33554326.00
2011/09/19	8.48	8.48	8.23	8.23	1191947	30820392.00
2011/09/20	8.20	8.31	8.14	8.25	838149	21536776.00
2011/09/21	8.25	8.54	8.17	8.52	1628760	42851372.00
2011/09/22	8.42	8.49	8.19	8.19	1481485	38607960.00
2011/09/23	8.03	8.15	7.93	8.05	1488554	37347052.00
2011/09/26	8.00	8.10	7.79	7.82	1301718	32301906.00
2011/09/27	7.89	7.95	7.80	7.88	1032797	25465328.00
2011/09/28	7.93	8.01	7.75	7.78	944425	23290672.00
2011/09/29	7.71	7.78	7.55	7.55	1194199	28618900.00
2011/09/30	7.56	7.65	7.50	7.56	647273	15346195.00
2011/10/10	7.64	7.65	7.57	7.61	645555	15423785.00
2011/10/11	7.75	7.87	7.59	7.65	1061760	25718040.00
2011/10/12	7.61	7.94	7.55	7.90	1682794	41218036.00
2011/10/13	7.90	8.00	7.85	7.95	1642103	40858808.00
2011/10/14	7.94	7.94	7.77	7.83	1013491	24882432.00
2011/10/17	7.90	7.98	7.76	7.82	800479	19705290.00
2011/10/18	7.76	7.76	7.52	7.53	1104498	26610354.00
2011/10/19	7.58	7.61	7.51	7.51	1089146	25775872.00
2011/10/20	7.47	7.50	7.09	7.17	1570465	35796100.00
2011/10/21	7.23	7.23	7.02	7.12	770410	17312124.00
2011/10/24	7.12	7.26	6.97	7.22	1494504	33690316.00
2011/10/25	7.18	7.42	7.18	7.40	1659756	38246372.00
2011/10/26	7.38	7.54	7.25	7.37	2268587	52776116.00
2011/10/27	7.36	7.45	7.33	7.38	1415715	32836934.00
2011/10/28	7.48	7.54	7.42	7.53	1856229	43625964.00
2011/10/31	7.55	7.55	7.42	7.47	1288256	30276658.00
2011/11/01	7.42	7.54	7.39	7.47	1459444	34170128.00
2011/11/02	7.35	7.54	7.21	7.54	2559187	59232060.00
2011/11/03	7.57	7.79	7.56	7.70	3212869	77775272.00
2011/11/04	7.76	7.85	7.65	7.76	1926934	46788912.00
2011/11/07	7.68	7.82	7.63	7.64	1557056	37641888.00
2011/11/08	7.68	7.81	7.64	7.70	2104470	51155720.00
2011/11/09	7.71	7.84	7.65	7.79	1572922	38179028.00
2011/11/10	7.68	7.72	7.55	7.55	2043324	49036364.00
2011/11/11	7.58	7.61	7.44	7.47	1364621	32172378.00
2011/11/15	7.65	8.08	7.61	7.96	5248465	129581384.00
2011/11/16	7.91	7.94	7.65	7.68	3213463	78365000.00
2011/11/17	7.72	7.74	7.52	7.59	2117963	50535076.00
2011/11/18	7.49	7.54	7.35	7.37	1737982	40492080.00
2011/11/21	7.35	7.53	7.29	7.49	1838323	42890908.00
2011/11/22	7.33	7.42	7.25	7.36	1107279	25525400.00
2011/11/23	7.39	7.48	7.26	7.29	748486	17221582.00
2011/11/24	7.21	7.27	7.08	7.17	1208355	27181082.00
2011/11/25	7.18	7.23	7.08	7.09	789518	17758676.00
2011/11/28	7.11	7.18	7.01	7.05	823497	18300946.00
2011/11/29	7.12	7.20	7.09	7.18	934025	21002190.00
2011/11/30	7.18	7.18	6.73	6.76	1662712	36313512.00
2011/12/01	6.98	7.07	6.88	6.90	1580725	34720380.00
2011/12/02	6.84	6.84	6.70	6.73	863549	18389132.00
2011/12/05	6.70	6.72	6.55	6.56	937678	19511086.00
2011/12/06	6.56	6.61	6.47	6.58	714824	14737812.00
2011/12/07	6.63	6.64	6.52	6.57	429524	8911855.00
2011/12/08	6.61	6.64	6.45	6.53	1027513	21219680.00
2011/12/09	6.44	6.55	6.40	6.43	749678	15299628.00
2011/12/12	6.39	6.45	6.33	6.33	653066	13180702.00
2011/12/13	6.26	6.31	5.95	6.00	1526055	29479242.00
2011/12/14	5.97	6.01	5.78	5.80	1026604	19222820.00
2011/12/15	5.75	5.80	5.55	5.56	1333735	23962892.00
2011/12/16	5.56	5.76	5.55	5.76	1077399	19387850.00
2011/12/19	5.76	5.76	5.49	5.71	1359703	24333116.00
2011/12/20	5.66	5.81	5.66	5.68	1012710	18485914.00
2011/12/21	5.77	5.81	5.55	5.55	1025221	18556820.00
2011/12/22	5.56	5.56	5.29	5.45	1110422	19172388.00
2011/12/23	5.42	5.57	5.39	5.51	815261	14288390.00
2011/12/26	5.45	5.56	5.37	5.45	659228	11509053.00
2011/12/27	5.49	5.49	5.30	5.31	669811	11490020.00
2011/12/28	5.25	5.31	5.11	5.24	981566	16370628.00
2011/12/29	5.22	5.26	5.15	5.22	785008	13107775.00
2011/12/30	5.25	5.37	5.25	5.35	1029129	17509752.00
2012/01/04	5.45	5.50	5.25	5.25	1373762	23697754.00
2012/01/05	5.26	5.72	5.05	5.42	3792183	66261160.00
2012/01/06	5.36	5.71	5.36	5.70	3635866	64434436.00
2012/01/09	5.69	5.98	5.63	5.98	4675730	87313288.00
2012/01/10	5.91	6.15	5.88	6.10	5051148	96397464.00
2012/01/11	6.04	6.07	5.94	6.02	3185911	60730296.00
2012/01/12	5.97	6.12	5.95	6.01	2224987	42561700.00
2012/01/13	6.01	6.04	5.70	5.76	2561358	47261644.00
2012/01/17	5.58	6.09	5.57	6.09	2835710	52878700.00
2012/01/18	6.11	6.15	5.82	5.83	2372797	45109260.00
2012/01/19	5.87	5.98	5.76	5.86	1546604	28879494.00
2012/01/20	5.87	5.88	5.67	5.81	2894355	53179568.00
2012/01/30	5.84	6.03	5.70	6.03	2772842	52098348.00
2012/01/31	5.99	6.02	5.89	5.95	1676010	31586300.00
2012/02/01	5.94	6.09	5.85	5.87	2361734	44962036.00
2012/02/02	5.88	5.96	5.79	5.94	1700265	31709372.00
2012/02/03	5.94	6.14	5.93	6.12	3575401	68878720.00
2012/02/07	6.13	6.30	5.92	5.99	4697978	91448472.00
2012/02/08	6.01	6.22	5.99	6.19	3540976	68542912.00
2012/02/09	6.15	6.27	6.07	6.18	3660056	71503392.00
2012/02/10	6.14	6.30	6.10	6.25	3167059	62275152.00
2012/02/13	6.19	6.53	6.15	6.49	4958248	100299080.00
2012/02/14	6.47	6.53	6.39	6.44	2646053	53862640.00
2012/02/15	6.41	6.50	6.36	6.47	2682949	54683020.00
2012/02/16	6.45	6.50	6.28	6.39	3117969	62870872.00
2012/02/17	6.43	6.47	6.29	6.38	1522783	30681726.00
2012/02/20	6.49	6.55	6.39	6.40	2116401	43044860.00
2012/02/21	6.40	6.40	6.14	6.31	4545977	90020416.00
2012/02/22	6.30	6.37	6.21	6.35	4256431	84937136.00
2012/02/23	6.37	6.47	6.32	6.38	3983306	80630272.00
2012/02/24	6.42	6.65	6.42	6.62	6515654	135107104.00
2012/02/27	6.66	6.69	6.56	6.56	4552118	95005464.00
2012/02/28	6.51	6.60	6.38	6.48	3347957	68442656.00
2012/02/29	6.47	6.47	6.37	6.37	1843949	37365852.00
2012/03/01	6.36	6.41	6.32	6.35	1760674	35433252.00
2012/03/02	6.39	6.49	6.39	6.49	2130520	43476984.00
2012/03/05	6.51	6.97	6.44	6.68	6834586	144638032.00
2012/03/06	6.65	7.18	6.60	7.06	12570124	275184960.00
2012/03/07	6.92	7.26	6.79	6.79	9748842	215901120.00
2012/03/08	6.85	6.94	6.75	6.90	6409063	138351024.00
2012/03/09	6.89	7.02	6.88	6.98	4481700	98028560.00
2012/03/12	7.01	7.02	6.78	6.84	4269581	92274264.00
2012/03/13	6.79	7.02	6.78	6.94	4460352	96983456.00
2012/03/14	6.95	7.01	6.35	6.41	6400462	135237664.00
2012/03/15	6.41	6.47	6.13	6.16	4280738	84784072.00
2012/03/19	6.26	6.55	6.26	6.53	4676371	94629544.00
2012/03/20	6.54	6.58	6.34	6.35	3048453	61835468.00
2012/03/21	6.35	6.40	6.17	6.29	2272470	45183848.00
2012/03/22	6.28	6.31	6.19	6.28	1706078	33794384.00
2012/03/23	6.25	6.28	6.09	6.12	1958130	38321052.00
2012/03/26	6.12	6.17	6.05	6.08	1202993	23305810.00
2012/03/27	6.14	6.19	6.05	6.06	1317223	25589780.00
2012/03/28	6.06	6.06	5.70	5.73	2228768	41518328.00
2012/03/29	5.69	5.73	5.47	5.50	1922499	34275224.00
2012/03/30	5.52	5.57	5.39	5.51	1247125	21820500.00
2012/04/05	5.51	5.68	5.51	5.65	1871596	33493324.00
2012/04/06	5.61	5.68	5.59	5.63	1551433	27816194.00
2012/04/09	5.61	5.66	5.56	5.56	1127055	20118306.00
2012/04/10	5.59	5.59	5.36	5.58	1770182	30870082.00
2012/04/11	5.49	6.05	5.45	5.85	3472374	64504420.00
2012/04/13	5.98	5.98	5.85	5.91	2992195	56124948.00
2012/04/16	5.91	5.91	5.79	5.85	1241591	23052112.00
2012/04/17	5.82	5.89	5.82	5.85	1045893	19451340.00
2012/04/18	5.90	5.97	5.78	5.96	2069574	38911600.00
2012/04/19	5.97	5.98	5.87	5.90	1481057	27846814.00
2012/04/20	5.89	6.01	5.89	5.94	2039775	38618016.00
2012/04/23	5.96	6.00	5.86	5.89	1717649	32359744.00
2012/04/24	5.85	5.92	5.70	5.79	2035047	37530868.00
2012/04/25	5.80	5.88	5.69	5.87	2252754	41426488.00
2012/04/26	5.84	5.85	5.66	5.70	2021937	35742584.00
2012/04/27	5.68	5.88	5.67	5.75	1344631	24052890.00
2012/05/02	5.82	5.91	5.74	5.88	2507495	45195328.00
2012/05/03	5.88	5.95	5.86	5.91	2007750	36596380.00
2012/05/04	5.92	5.93	5.87	5.92	1806942	32988570.00
2012/05/07	5.92	6.04	5.86	6.03	3105331	57492052.00
2012/05/08	6.03	6.12	5.99	6.10	2692625	50484780.00
2012/05/09	6.06	6.06	5.91	5.92	2497575	46135328.00
2012/05/10	5.91	5.95	5.85	5.93	1307518	23894210.00
2012/05/11	5.91	6.08	5.89	6.04	3388226	63079536.00
2012/05/14	6.09	6.12	6.01	6.02	2311175	43275184.00
2012/05/15	5.99	5.99	5.81	5.86	1508766	27395528.00
2012/05/16	5.86	5.86	5.71	5.72	1825752	32529834.00
2012/05/17	5.71	5.78	5.68	5.77	1125943	20025826.00
2012/05/18	5.70	5.74	5.64	5.67	1222958	21558858.00
2012/05/21	5.67	5.70	5.52	5.58	1233048	21334782.00
2012/05/22	5.65	5.78	5.58	5.75	1622705	28470738.00
2012/05/23	5.73	5.73	5.59	5.63	1084308	18987172.00
2012/05/24	5.60	5.64	5.55	5.55	962153	16637435.00
2012/05/25	5.58	5.61	5.51	5.53	667294	11491639.00
2012/05/28	5.49	5.60	5.44	5.59	1091205	18703310.00
2012/05/29	5.63	5.78	5.59	5.72	1843724	32597326.00
2012/05/30	5.72	5.72	5.64	5.66	1085014	19033730.00
2012/05/31	5.64	5.68	5.57	5.65	1094476	19047840.00
2012/06/01	5.65	5.77	5.64	5.69	1480118	26163480.00
2012/06/04	5.64	5.64	5.45	5.45	1824611	31025244.00
2012/06/05	5.46	5.50	5.39	5.41	751752	12696183.00
2012/06/06	5.44	5.47	5.38	5.40	734413	12346597.00
2012/06/07	5.49	5.52	5.34	5.35	1009452	16899476.00
2012/06/08	5.39	5.41	5.33	5.35	798350	13307761.00
2012/06/11	5.39	5.47	5.35	5.44	636494	10699094.00
2012/06/12	5.39	5.44	5.32	5.36	783437	13002972.00
2012/06/13	5.33	5.45	5.32	5.42	1296732	21682380.00
2012/06/14	5.48	5.48	5.35	5.35	1048517	17579838.00
2012/06/15	5.38	5.41	5.33	5.37	748902	12456791.00
2012/06/18	5.41	5.45	5.37	5.43	1020808	17169816.00
2012/06/19	5.44	5.45	5.39	5.40	783489	13151397.00
2012/06/20	5.43	5.44	5.41	5.42	985962	16575000.00
2012/06/21	5.42	5.43	5.32	5.33	893826	14865222.00
2012/06/25	5.29	5.32	5.21	5.21	796523	13012811.00
2012/06/26	5.19	5.26	5.16	5.22	592015	9581543.00
2012/06/27	5.23	5.27	5.13	5.13	563894	9097768.00
2012/06/28	5.15	5.17	4.94	4.98	838998	13279447.00
2012/06/29	4.95	5.02	4.77	4.93	2407218	36678248.00
2012/07/02	5.01	5.01	4.89	4.90	969043	14897104.00
2012/07/03	4.93	4.94	4.87	4.92	888391	13572999.00
2012/07/04	4.94	5.34	4.91	5.13	2675320	42866700.00
2012/07/05	5.02	5.07	4.88	4.94	1337053	20574056.00
2012/07/06	4.97	5.03	4.85	5.00	819134	12586887.00
2012/07/09	4.98	4.98	4.83	4.83	866640	13216050.00
2012/07/10	4.82	4.89	4.76	4.79	684631	10263807.00
2012/07/11	4.79	4.87	4.79	4.83	537065	8066412.50
2012/07/12	4.82	4.92	4.81	4.90	906718	13761381.00
2012/07/13	4.75	4.75	4.40	4.40	4854184	67266704.00
2012/07/16	4.26	4.26	4.10	4.17	2326506	30342818.00
2012/07/17	4.12	4.20	4.12	4.17	913035	11889393.00
2012/07/18	4.17	4.17	4.05	4.13	1015012	13072645.00
2012/07/19	4.15	4.32	4.10	4.25	2020314	26809650.00
2012/07/20	4.26	4.31	4.19	4.20	1276045	16938012.00
2012/07/23	4.15	4.15	4.06	4.10	850299	10912561.00
2012/07/24	4.07	4.15	4.03	4.11	1138349	14548931.00
2012/07/25	4.06	4.13	4.04	4.04	872821	11123581.00
2012/07/26	4.05	4.08	4.02	4.03	855569	10842344.00
2012/07/27	4.03	4.11	4.03	4.07	954375	12179759.00
2012/07/30	4.07	4.10	3.95	4.02	745600	9424741.00
2012/07/31	4.03	4.10	3.99	4.01	834528	10616128.00
2012/08/01	4.01	4.07	3.99	4.07	868981	11026362.00
2012/08/02	4.05	4.05	3.98	3.99	739911	9291812.00
2012/08/03	3.99	4.08	3.96	4.08	839597	10613894.00
2012/08/06	4.04	4.14	4.04	4.13	1604601	20590872.00
2012/08/07	4.15	4.56	4.15	4.56	4421970	61674324.00
2012/08/08	4.65	4.65	4.46	4.56	6203152	87903672.00
2012/08/09	4.49	4.63	4.45	4.58	3817140	54122072.00
2012/08/10	4.57	4.79	4.54	4.62	4565233	66260328.00
2012/08/13	4.58	4.62	4.43	4.44	2626159	36792892.00
2012/08/14	4.42	4.49	4.26	4.45	2180139	29810682.00
2012/08/15	4.42	4.42	4.33	4.37	1282286	17507384.00
2012/08/16	4.34	4.38	4.30	4.30	1022040	13867492.00
2012/08/17	4.34	4.45	4.28	4.40	1439196	19667640.00
2012/08/20	4.36	4.51	4.33	4.50	2178895	30278110.00
2012/08/21	4.47	4.54	4.43	4.52	1792742	25159494.00
2012/08/22	4.51	4.51	4.40	4.40	1487167	20580628.00
2012/08/23	4.36	4.43	4.36	4.40	994662	13638874.00
2012/08/24	4.39	4.39	4.27	4.27	1061184	14284011.00
2012/08/27	4.27	4.27	4.02	4.04	1546639	19951632.00
2012/08/28	4.04	4.15	3.99	4.07	1078763	13714367.00
2012/08/29	4.01	4.08	3.96	4.01	847635	10705715.00
2012/08/30	4.01	4.07	3.95	4.00	1174714	14797134.00
2012/08/31	3.99	4.06	3.98	4.05	599638	7560116.50
2012/09/03	4.03	4.12	3.96	4.11	1002275	12770369.00
2012/09/04	4.07	4.11	3.99	4.01	1299568	16483118.00
2012/09/05	3.99	4.10	3.98	4.06	950480	12033792.00
2012/09/06	4.05	4.11	4.03	4.11	1078974	13802506.00
2012/09/07	4.17	4.44	4.14	4.33	3299829	44215712.00
2012/09/10	4.32	4.37	4.26	4.36	1990703	26939768.00
2012/09/11	4.34	4.34	4.23	4.27	1814425	24218070.00
2012/09/12	4.26	4.37	4.24	4.37	1891938	25400604.00
2012/09/13	4.38	4.40	4.25	4.26	1414743	19153410.00
2012/09/14	4.32	4.39	4.26	4.35	2173377	29436446.00
2012/09/17	4.37	4.55	4.29	4.32	4513695	62440496.00
2012/09/18	4.21	4.24	4.06	4.11	2102115	27127168.00
2012/09/19	4.10	4.18	4.06	4.15	1049207	13520230.00
2012/09/20	4.15	4.15	3.96	4.01	1410757	17796442.00
2012/09/21	3.99	3.99	3.92	3.92	1240188	15331845.00
2012/09/24	3.89	3.89	3.74	3.82	1612583	19275072.00
2012/09/25	3.82	3.84	3.75	3.77	818143	9744437.00
2012/09/26	3.75	3.79	3.63	3.64	1105933	12858311.00
2012/09/27	3.60	3.80	3.60	3.73	1313545	15294645.00
2012/09/28	3.71	3.81	3.67	3.81	1355300	15982401.00
2012/10/08	3.79	3.98	3.79	3.86	1414660	17299224.00
2012/10/09	3.88	3.94	3.85	3.93	1704084	20895746.00
2012/10/10	3.93	3.96	3.89	3.95	1078948	13285444.00
2012/10/11	3.93	4.03	3.89	3.90	1762628	21853856.00
2012/10/12	3.91	4.00	3.89	3.94	1599830	19752398.00
2012/10/15	3.90	3.92	3.76	3.78	1351110	16193523.00
2012/10/16	3.79	3.83	3.76	3.78	754504	9001981.00
2012/10/17	3.79	3.84	3.76	3.81	904482	10806323.00
2012/10/18	3.84	3.91	3.80	3.87	1198090	14516862.00
2012/10/19	3.89	3.89	3.84	3.85	705017	8542899.00
2012/10/22	3.84	3.87	3.80	3.87	534568	6433470.50
2012/10/23	3.88	3.91	3.83	3.83	987513	12003122.00
2012/10/24	3.81	3.98	3.79	3.89	1987984	24351922.00
2012/10/25	3.86	3.92	3.80	3.82	1045165	12645790.00
2012/10/26	3.78	3.82	3.62	3.63	1352661	15710879.00
2012/10/29	3.63	3.65	3.52	3.56	1271029	14333545.00
2012/10/30	3.58	3.61	3.53	3.55	910180	10206980.00
2012/10/31	3.56	3.60	3.54	3.58	672882	7539751.50
2012/11/01	3.57	3.68	3.57	3.66	860943	9869021.00
2012/11/02	3.66	3.67	3.63	3.65	653092	7493831.00
2012/11/05	3.64	3.67	3.60	3.62	565397	6459518.50
2012/11/06	3.62	3.63	3.55	3.60	891996	10039095.00
2012/11/07	3.60	3.63	3.56	3.63	692805	7857884.50
2012/11/08	3.61	3.62	3.48	3.49	745998	8321554.50
2012/11/09	3.49	3.56	3.47	3.49	443861	4884851.50
2012/11/12	3.53	3.53	3.47	3.51	518505	5708318.50
2012/11/13	3.49	3.52	3.39	3.39	843321	9148056.00
2012/11/14	3.39	3.44	3.36	3.41	453050	4862364.00
2012/11/15	3.37	3.41	3.29	3.29	535820	5648241.50
2012/11/16	3.27	3.27	3.19	3.20	758548	7732581.50
2012/11/19	3.21	3.25	3.16	3.23	564501	5732583.00
2012/11/20	3.25	3.25	3.18	3.19	581274	5916457.50
2012/11/21	3.21	3.24	3.16	3.23	510518	5194985.50
2012/11/22	3.21	3.28	3.20	3.26	747322	7665726.00
2012/11/23	3.25	3.27	3.22	3.22	534143	5478411.50
2012/11/26	3.19	3.23	3.16	3.16	551475	5569050.00
2012/11/27	3.13	3.13	3.01	3.02	897522	8684631.00
2012/11/28	3.01	3.16	2.91	3.10	2338379	22765862.00
2012/11/29	3.08	3.08	2.95	2.96	1001911	9621769.00
2012/11/30	2.97	3.00	2.91	2.95	997139	9358157.00
2012/12/03	2.97	2.98	2.86	2.88	707608	6633526.00
2012/12/04	2.88	2.93	2.84	2.92	951723	8720100.00
2012/12/05	2.91	3.08	2.89	3.02	1841387	17598050.00
2012/12/06	3.02	3.12	2.99	3.05	1531947	14911755.00
2012/12/07	3.04	3.15	3.01	3.13	1988615	19546264.00
2012/12/10	3.17	3.26	3.17	3.22	2443189	24832132.00
2012/12/11	3.22	3.36	3.17	3.30	4145763	43192376.00
2012/12/12	3.28	3.32	3.20	3.25	1775289	18252592.00
2012/12/13	3.23	3.34	3.20	3.21	1461997	15164722.00
2012/12/14	3.21	3.34	3.20	3.32	2630515	27424498.00
2012/12/17	3.32	3.45	3.26	3.40	3495957	37314688.00
2012/12/18	3.39	3.40	3.29	3.31	2776902	29314510.00
2012/12/19	3.32	3.35	3.28	3.30	1508550	15787223.00
2012/12/20	3.30	3.32	3.23	3.30	2039217	21108534.00
2012/12/21	3.33	3.39	3.26	3.30	2926336	30733640.00
2012/12/24	3.26	3.30	3.23	3.26	2097973	21606650.00
2012/12/25	3.25	3.35	3.25	3.35	3273701	34355792.00
2012/12/26	3.38	3.55	3.34	3.53	6361984	69108248.00
2012/12/27	3.55	3.60	3.43	3.43	4988719	55011560.00
2012/12/28	3.43	3.46	3.38	3.43	2802814	30247440.00
2012/12/31	3.36	3.50	3.36	3.45	3633614	39550600.00
2013/01/04	3.47	3.49	3.37	3.47	3777067	40758864.00
2013/01/07	3.45	3.57	3.44	3.56	4447099	49137604.00
2013/01/08	3.57	3.70	3.56	3.61	6125851	69724216.00
2013/01/09	3.56	3.65	3.53	3.57	3970669	44897272.00
2013/01/10	3.57	3.60	3.52	3.55	3605830	40495840.00
2013/01/11	3.55	3.57	3.42	3.43	3580825	39397628.00
2013/01/14	3.43	3.57	3.38	3.56	3618651	39924180.00
2013/01/15	3.55	3.66	3.54	3.63	4614175	52568008.00
2013/01/16	3.60	3.62	3.49	3.56	3671431	41209296.00
2013/01/17	3.55	3.67	3.52	3.65	5300011	60330500.00
2013/01/18	3.65	3.75	3.60	3.74	6795617	78632232.00
2013/01/21	3.72	3.89	3.72	3.76	6388223	76343768.00
2013/01/22	3.78	3.79	3.61	3.65	4226856	49008900.00
2013/01/23	3.61	3.65	3.56	3.62	2261167	25676868.00
2013/01/24	3.64	3.80	3.55	3.61	5400918	62536440.00
2013/01/25	3.62	3.62	3.44	3.48	4221350	46646020.00
2013/01/28	3.47	3.59	3.47	3.57	3217398	35835072.00
2013/01/29	3.58	3.61	3.55	3.59	2653914	29951066.00
2013/01/30	3.59	3.62	3.51	3.56	2618819	29353742.00
2013/01/31	3.56	3.59	3.52	3.54	1734566	19383186.00
2013/02/01	3.51	3.57	3.51	3.56	1837980	20547490.00
2013/02/04	3.57	3.64	3.53	3.64	4096365	46409920.00
2013/02/05	3.61	3.63	3.56	3.63	2417206	27441358.00
2013/02/06	3.63	3.72	3.60	3.65	3248650	37442408.00
2013/02/07	3.64	3.66	3.59	3.64	1958040	22325282.00
2013/02/08	3.63	3.74	3.63	3.72	3525142	41136444.00
2013/02/18	3.74	3.84	3.73	3.76	3784571	44982984.00
2013/02/19	3.78	3.80	3.71	3.72	3550404	41887000.00
2013/02/20	3.72	3.75	3.66	3.74	2098614	24485156.00
2013/02/21	3.70	3.71	3.62	3.64	2151648	24819586.00
2013/02/22	3.62	3.68	3.60	3.61	1611622	18435944.00
2013/02/25	3.62	3.77	3.62	3.74	2747147	32007398.00
2013/02/26	3.76	3.85	3.63	3.63	3407393	39981764.00
2013/02/27	3.58	3.64	3.49	3.51	2924109	32693006.00
2013/02/28	3.49	3.56	3.49	3.54	2003081	22345430.00
2013/03/01	3.54	3.57	3.51	3.55	1853352	20678906.00
2013/03/04	3.52	3.52	3.31	3.32	2751441	29582148.00
2013/03/05	3.34	3.39	3.29	3.37	1509166	15958379.00
2013/03/06	3.36	3.44	3.36	3.43	1599015	17246024.00
2013/03/07	3.44	3.47	3.39	3.41	1497414	16197951.00
2013/03/08	3.42	3.49	3.38	3.43	1520490	16572368.00
2013/03/11	3.42	3.45	3.38	3.41	871494	9380891.00
2013/03/12	3.41	3.44	3.24	3.37	2046727	21536388.00
2013/03/13	3.44	3.72	3.39	3.72	14752519	171243744.00
2013/03/14	3.75	3.85	3.65	3.83	16515602	195528800.00
2013/03/15	3.76	3.81	3.70	3.77	8484429	99909608.00
2013/03/18	3.73	3.80	3.60	3.64	6747048	78167832.00
2013/03/19	3.65	4.01	3.60	3.94	11528133	137796096.00
2013/03/20	3.83	4.03	3.82	3.96	11271268	138640720.00
2013/03/21	3.94	4.00	3.86	3.96	7440248	91707464.00
2013/03/22	3.91	3.95	3.84	3.91	5416912	66058088.00
2013/03/25	3.90	3.90	3.79	3.83	4497663	54213860.00
2013/03/26	3.81	3.81	3.69	3.77	4599668	54144540.00
2013/03/27	3.77	3.82	3.74	3.75	3389626	40251228.00
2013/03/28	3.71	3.71	3.45	3.47	5813861	65451076.00
2013/03/29	3.41	3.53	3.41	3.42	3048441	33172372.00
2013/04/01	3.41	3.48	3.39	3.44	2085604	22699988.00
2013/04/02	3.44	3.50	3.40	3.40	2015183	21908544.00
2013/04/03	3.29	3.30	3.05	3.05	7657339	74939472.00
2013/04/08	2.87	2.98	2.87	2.97	3182118	29712478.00
2013/04/09	2.96	3.04	2.96	3.02	2512127	24029270.00
2013/04/10	3.03	3.03	2.97	3.00	2586746	24560244.00
2013/04/11	2.99	3.01	2.95	2.97	1782497	16889660.00
2013/04/12	2.95	2.98	2.93	2.95	1512123	14212658.00
2013/04/15	2.93	2.95	2.87	2.88	1539880	14189107.00
2013/04/16	2.87	2.95	2.83	2.93	1944499	17942744.00
2013/04/17	2.93	2.99	2.91	2.97	1861269	17506790.00
2013/04/18	2.97	2.99	2.94	2.97	1444368	13662741.00
2013/04/19	2.96	3.03	2.96	3.01	2315737	22100430.00
2013/04/22	2.99	3.05	2.98	3.05	2122856	20305760.00
2013/04/23	3.05	3.05	2.88	2.89	2156161	20289778.00
2013/04/24	2.90	2.94	2.87	2.93	1377457	12768423.00
2013/04/25	2.92	2.92	2.84	2.85	2084066	19093276.00
2013/04/26	2.85	2.88	2.78	2.80	1581346	14265773.00
2013/05/02	2.79	2.79	2.67	2.69	2192903	18905460.00
2013/05/03	2.69	2.78	2.69	2.76	1975501	17382204.00
2013/05/06	2.77	2.83	2.77	2.81	1573533	14093507.00
2013/05/07	2.80	2.83	2.77	2.82	1643640	14746926.00
2013/05/08	2.81	2.83	2.79	2.82	1770819	15890510.00
2013/05/09	2.82	2.87	2.80	2.85	2335762	21177198.00
2013/05/10	2.84	2.87	2.82	2.87	2103892	19101450.00
2013/05/13	2.87	2.87	2.81	2.83	1906319	17216946.00
2013/05/14	2.83	2.83	2.74	2.75	2125830	18787168.00
2013/05/15	2.74	2.79	2.74	2.78	1552286	13716371.00
2013/05/16	2.78	2.86	2.74	2.86	2470833	22179032.00
2013/05/17	2.86	2.90	2.82	2.89	2765413	25228998.00
2013/05/20	2.90	2.97	2.88	2.95	3133793	29228964.00
2013/05/21	2.95	3.02	2.92	2.99	3621653	34247000.00
2013/05/22	2.99	3.08	2.96	2.98	3295230	31507402.00
2013/05/23	2.97	3.03	2.95	2.98	2381977	22592758.00
2013/05/24	2.98	3.04	2.98	3.01	2247778	21525910.00
2013/05/27	3.01	3.05	2.98	3.03	2460456	23460952.00
2013/05/28	3.02	3.12	2.99	3.10	4504096	43911008.00
2013/05/29	3.13	3.15	3.09	3.10	2995981	29253094.00
2013/05/30	3.08	3.10	3.05	3.09	2247499	21718552.00
2013/05/31	3.10	3.12	3.06	3.08	2413570	23373302.00
2013/06/03	3.07	3.09	3.02	3.03	1826905	17539188.00
2013/06/04	3.00	3.03	2.92	2.93	2123083	19799800.00
2013/06/05	2.92	2.96	2.90	2.94	1133551	10476464.00
2013/06/06	2.93	3.11	2.91	2.98	3166009	29983846.00
2013/06/07	2.95	2.99	2.88	2.88	1737009	16005786.00
2013/06/13	2.82	2.86	2.76	2.77	1635140	14390659.00
2013/06/14	2.77	2.82	2.76	2.82	1226445	10804340.00
2013/06/17	2.80	2.82	2.72	2.81	1447439	12711521.00
2013/06/18	2.78	2.81	2.77	2.79	946971	8363283.00
2013/06/19	2.76	2.79	2.68	2.73	1326166	11418497.00
2013/06/20	2.72	2.75	2.67	2.67	1003352	8618085.00
2013/06/21	2.65	2.78	2.61	2.75	1895985	16424003.00
2013/06/24	2.74	2.74	2.59	2.63	2128272	18089336.00
2013/06/25	2.60	2.60	2.35	2.58	2739452	21544974.00
2013/06/26	2.57	2.59	2.46	2.54	1508143	12139007.00
2013/06/27	2.53	2.57	2.44	2.44	1748728	13950679.00
2013/06/28	2.44	2.48	2.36	2.37	1891643	14467676.00
2013/07/01	2.39	2.47	2.37	2.44	1474272	11328007.00
2013/07/02	2.45	2.51	2.41	2.47	1651871	12891257.00
2013/07/03	2.45	2.45	2.37	2.42	1283684	9827376.00
2013/07/04	2.39	2.48	2.39	2.45	1636088	12717604.00
2013/07/05	2.45	2.51	2.44	2.46	1632349	12799723.00
2013/07/08	2.40	2.40	2.30	2.30	1771920	13260986.00
2013/07/09	2.30	2.34	2.27	2.31	848688	6252165.50
2013/07/10	2.30	2.38	2.30	2.37	1201088	8977806.00
2013/07/11	2.37	2.51	2.37	2.47	2482329	19433624.00
2013/07/12	2.47	2.50	2.43	2.44	1480979	11602645.00
2013/07/15	2.45	2.48	2.44	2.47	857641	6717709.50
2013/07/16	2.46	2.54	2.44	2.54	1795365	14306124.00
2013/07/17	2.52	2.53	2.46	2.46	1161470	9200130.00
2013/07/18	2.45	2.47	2.41	2.45	813594	6308365.00
2013/07/19	2.46	2.48	2.34	2.34	1443071	11089899.00
2013/07/22	2.32	2.35	2.31	2.33	1141074	8475394.00
2013/07/23	2.35	2.42	2.33	2.40	1238943	9424974.00
2013/07/24	2.41	2.43	2.35	2.39	1278982	9707509.00
2013/07/25	2.39	2.43	2.35	2.40	1517050	11540177.00
2013/07/26	2.37	2.41	2.36	2.40	1103677	8373988.00
2013/07/29	2.39	2.39	2.32	2.33	1408138	10513043.00
2013/07/30	2.34	2.38	2.30	2.37	926803	6921474.50
2013/07/31	2.38	2.38	2.33	2.34	1023779	7682300.50
2013/08/01	2.35	2.42	2.34	2.40	1856120	14138941.00
2013/08/02	2.41	2.47	2.40	2.42	1859029	14337649.00
2013/08/05	2.43	2.46	2.42	2.45	1334587	10358945.00
2013/08/06	2.46	2.54	2.44	2.54	2920029	23262628.00
2013/08/07	2.51	2.57	2.49	2.51	2785499	22377950.00
2013/08/08	2.51	2.53	2.47	2.48	1329472	10557578.00
2013/08/09	2.48	2.55	2.45	2.55	1773867	14094206.00
2013/08/12	2.57	2.65	2.56	2.65	4125415	33990340.00
2013/08/13	2.64	2.68	2.62	2.67	3198443	26886410.00
2013/08/14	2.65	2.66	2.59	2.60	2448548	20366286.00
2013/08/15	2.57	2.62	2.55	2.56	1315124	10778708.00
2013/08/16	2.56	2.67	2.51	2.52	2477743	20381378.00
2013/08/19	2.50	2.58	2.49	2.58	1390675	11238312.00
2013/08/20	2.58	2.62	2.53	2.58	1931711	15745598.00
2013/08/21	2.58	2.68	2.54	2.66	3942105	32931930.00
2013/08/22	2.66	2.94	2.64	2.90	10401807	92264104.00
2013/08/23	2.85	3.18	2.82	3.09	16714969	156512656.00
2013/08/26	2.98	3.06	2.90	3.00	8356725	78408088.00
2013/08/27	2.96	3.02	2.93	2.99	4464548	41761928.00
2013/08/28	2.95	2.97	2.84	2.84	6129406	55582844.00
2013/08/29	2.84	2.87	2.82	2.86	3167040	28438832.00
2013/08/30	2.84	2.84	2.74	2.74	3743137	32831568.00
2013/09/02	2.69	2.80	2.69	2.78	2526323	22051684.00
2013/09/03	2.79	2.90	2.77	2.87	3398301	30433956.00
2013/09/04	2.86	2.90	2.83	2.83	2539521	22946720.00
2013/09/05	2.81	2.82	2.75	2.77	2334734	20543662.00
2013/09/06	2.76	2.79	2.72	2.77	2156866	18747482.00
2013/09/09	2.76	2.83	2.75	2.79	2321683	20494368.00
2013/09/10	2.80	2.87	2.80	2.84	2992225	26781576.00
2013/09/11	2.85	2.90	2.80	2.87	4130543	37089452.00
2013/09/12	2.86	2.95	2.83	2.89	3976977	36307976.00
2013/09/13	2.89	2.91	2.79	2.80	2685610	24074678.00
2013/09/16	2.82	2.82	2.72	2.74	2857904	24920912.00
2013/09/17	2.73	2.76	2.70	2.70	1596243	13772516.00
2013/09/18	2.71	2.74	2.69	2.73	1128981	9667089.00
2013/09/23	2.71	2.80	2.71	2.78	1843132	16160147.00
2013/09/24	2.77	2.78	2.71	2.73	1501687	13007061.00
2013/09/25	2.73	2.75	2.66	2.66	2094533	17919908.00
2013/09/26	2.66	2.91	2.66	2.84	6189134	55316632.00
2013/09/27	2.81	2.92	2.76	2.91	5786353	52217868.00
2013/09/30	2.88	2.92	2.82	2.90	3842151	34782684.00
2013/10/08	2.84	2.91	2.84	2.88	2866474	26030628.00
2013/10/09	2.92	2.92	2.81	2.86	2662155	23932396.00
2013/10/10	2.86	2.86	2.74	2.76	2866780	25348268.00
2013/10/11	2.76	2.84	2.76	2.84	2131717	18942328.00
2013/10/14	2.85	2.88	2.79	2.87	2603554	23261982.00
2013/10/15	2.87	2.93	2.83	2.92	4373299	39844616.00
2013/10/16	2.90	2.95	2.81	2.84	3493225	31754470.00
2013/10/17	2.84	2.88	2.79	2.79	2294626	20522086.00
2013/10/18	2.77	2.80	2.75	2.77	1726307	15115636.00
2013/10/21	2.77	2.84	2.75	2.84	1724591	15277785.00
2013/10/22	2.84	2.88	2.82	2.87	2488041	22419434.00
2013/10/23	2.87	2.87	2.75	2.78	2718103	24054384.00
2013/10/24	2.77	2.83	2.75	2.83	1414209	12475236.00
2013/10/25	2.85	2.98	2.80	2.96	5995961	55008420.00
2013/10/28	2.97	3.10	2.88	2.94	4817544	44853632.00
2013/10/29	2.94	3.22	2.90	3.17	16365723	160143584.00
2013/10/30	3.08	3.22	3.04	3.15	10700179	105448728.00
2013/10/31	3.13	3.13	2.94	2.95	7320242	69302272.00
2013/11/01	2.89	2.89	2.64	2.65	7992679	68604568.00
2013/11/04	2.64	2.65	2.55	2.62	3247998	26828668.00
2013/11/05	2.61	2.73	2.57	2.72	3962398	33522990.00
2013/11/06	2.69	2.80	2.68	2.69	4690723	40548144.00
2013/11/07	2.66	2.66	2.60	2.62	2756765	22925960.00
2013/11/08	2.62	2.65	2.54	2.56	2234436	18248344.00
2013/11/11	2.56	2.60	2.49	2.57	1779469	14377129.00
2013/11/12	2.57	2.59	2.52	2.58	1615493	13137698.00
2013/11/13	2.57	2.57	2.48	2.49	2036400	16264299.00
2013/11/14	2.49	2.52	2.45	2.51	1466423	11577696.00
2013/11/15	2.51	2.57	2.49	2.56	2123169	17207996.00
2013/11/18	2.58	2.62	2.55	2.61	2435143	19985446.00
2013/11/19	2.62	2.65	2.60	2.63	2462640	20486378.00
2013/11/20	2.63	2.65	2.60	2.64	1675794	13932203.00
2013/11/21	2.63	2.68	2.60	2.65	1893808	15799354.00
2013/11/22	2.65	2.68	2.62	2.67	2297462	19340112.00
2013/11/25	2.64	2.65	2.60	2.60	2180067	18126708.00
2013/11/26	2.60	2.64	2.58	2.60	1060693	8759971.00
2013/11/27	2.60	2.64	2.59	2.64	1538589	12775767.00
2013/11/28	2.65	2.69	2.64	2.67	2298843	19412944.00
2013/11/29	2.67	2.70	2.66	2.68	1863589	15808891.00
2013/12/02	2.64	2.64	2.50	2.53	2407287	19685530.00
2013/12/03	2.52	2.58	2.49	2.57	1267377	10224830.00
2013/12/04	2.55	2.63	2.55	2.61	1383647	11443024.00
2013/12/05	2.61	2.64	2.60	2.61	1202951	9967202.00
2013/12/06	2.61	2.64	2.61	2.63	1464335	12169715.00
2013/12/09	2.65	2.67	2.63	2.67	1330692	11179007.00
2013/12/10	2.68	2.71	2.66	2.67	1688457	14336886.00
2013/12/11	2.66	2.71	2.62	2.67	1869760	15707774.00
2013/12/12	2.65	2.71	2.65	2.68	1548444	13128307.00
2013/12/13	2.67	2.74	2.64	2.71	2081588	17783898.00
2013/12/16	2.70	2.74	2.60	2.69	2454563	20888914.00
2013/12/17	2.69	2.73	2.65	2.72	2038091	17392192.00
2013/12/18	2.72	2.79	2.72	2.78	3648611	31873632.00
2013/12/19	2.80	2.83	2.67	2.67	2567771	22311812.00
2013/12/20	2.67	2.67	2.58	2.59	2117985	17586136.00
2013/12/23	2.59	2.63	2.53	2.62	1223158	9998280.00
2013/12/24	2.62	2.64	2.55	2.56	1300870	10735762.00
2013/12/25	2.56	2.61	2.55	2.60	810075	6631934.50
2013/12/26	2.61	2.61	2.54	2.56	1448175	11818745.00
2013/12/27	2.57	2.61	2.55	2.60	854103	7010698.50
2013/12/30	2.60	2.62	2.59	2.61	814816	6724042.50
2013/12/31	2.60	2.65	2.59	2.63	1207484	10030993.00
2014/01/02	2.63	2.70	2.61	2.69	1222524	10305842.00
2014/01/03	2.68	2.71	2.62	2.69	1570494	13248059.00
2014/01/06	2.69	2.69	2.55	2.57	1793409	14771453.00
2014/01/07	2.56	2.60	2.54	2.59	957794	7846953.50
2014/01/08	2.60	2.64	2.56	2.58	1274946	10529458.00
2014/01/09	2.57	2.61	2.52	2.52	906256	7394084.00
2014/01/10	2.52	2.55	2.39	2.41	1841329	14457880.00
2014/01/13	2.40	2.48	2.39	2.41	1079841	8361370.00
2014/01/14	2.41	2.50	2.41	2.49	1067029	8315032.00
2014/01/15	2.50	2.53	2.48	2.49	719146	5716909.50
2014/01/16	2.49	2.54	2.49	2.50	672217	5358307.50
2014/01/17	2.48	2.52	2.46	2.51	612049	4847131.00
2014/01/20	2.52	2.52	2.43	2.44	738669	5794002.00
2014/01/21	2.44	2.49	2.44	2.48	644522	5062868.00
2014/01/22	2.48	2.54	2.47	2.54	1291166	10315595.00
2014/01/23	2.54	2.57	2.52	2.55	966694	7774109.50
2014/01/24	2.54	2.58	2.52	2.55	988593	8023089.50
2014/01/27	2.53	2.57	2.52	2.54	777413	6287118.00
2014/01/28	2.54	2.57	2.54	2.54	1026982	8297736.50
2014/01/29	2.55	2.56	2.53	2.55	795720	6417763.00
2014/01/30	2.53	2.56	2.53	2.55	601371	4851137.00
2014/02/07	2.53	2.55	2.48	2.55	959818	7649537.00
2014/02/10	2.55	2.62	2.54	2.61	2285998	18747196.00
2014/02/11	2.60	2.64	2.58	2.60	1690636	13973258.00
2014/02/12	2.61	2.66	2.60	2.64	1931197	16121298.00
2014/02/13	2.65	2.67	2.61	2.61	1383244	11566191.00
2014/02/14	2.62	2.67	2.60	2.66	1960333	16431052.00
2014/02/17	2.67	2.70	2.66	2.70	2375939	20163118.00
2014/02/18	2.70	2.85	2.68	2.80	4785557	41909888.00
2014/02/19	2.79	2.91	2.77	2.85	5236293	46931540.00
2014/02/20	2.89	3.13	2.89	2.98	9394878	88564944.00
2014/02/21	2.93	2.93	2.70	2.76	6514646	57492592.00
2014/02/24	2.73	2.76	2.68	2.74	3364385	28889434.00
2014/02/25	2.75	2.87	2.69	2.70	4595937	40341616.00
2014/02/26	2.69	2.91	2.69	2.91	7069449	63339904.00
2014/02/27	2.92	3.02	2.83	2.88	8772609	80880080.00
2014/02/28	2.82	2.86	2.72	2.83	4039439	35714248.00
2014/03/03	2.82	3.07	2.77	2.97	6954131	64438220.00
2014/03/04	2.95	3.02	2.92	2.97	4211969	39278056.00
2014/03/05	2.93	2.98	2.86	2.87	3355460	30746640.00
2014/03/06	2.87	2.95	2.80	2.92	2967083	26931656.00
2014/03/07	2.93	3.00	2.86	2.90	2914165	26884506.00
2014/03/10	2.84	2.90	2.76	2.78	3099919	27652928.00
2014/03/11	2.75	3.00	2.74	2.98	6479105	59748116.00
2014/03/12	2.92	2.96	2.80	2.94	5128695	46769324.00
2014/03/13	2.92	2.99	2.90	2.94	4419689	41005780.00
2014/03/14	2.93	2.99	2.82	2.87	3686741	33594972.00
2014/03/17	2.86	2.91	2.84	2.88	2679803	24245738.00
2014/03/18	2.88	2.89	2.83	2.85	2401388	21645568.00
2014/03/19	2.84	3.00	2.80	3.00	7649058	70788288.00
2014/03/20	3.02	3.04	2.93	2.93	5568224	52339948.00
2014/03/21	2.90	3.19	2.88	3.08	9324228	89873544.00
2014/03/24	3.09	3.18	3.04	3.14	6476147	63726420.00
2014/03/25	3.14	3.14	3.06	3.09	3985800	38700176.00
2014/03/26	3.10	3.10	3.02	3.07	3050014	29280892.00
2014/03/27	3.02	3.05	2.98	2.99	2924923	27747990.00
2014/03/28	2.96	3.00	2.90	2.90	3149471	29243864.00
2014/03/31	2.86	2.90	2.76	2.80	3254916	28946964.00
2014/04/01	2.81	2.84	2.79	2.84	1701297	15155154.00
2014/04/02	2.86	2.88	2.75	2.78	2193721	19550032.00
2014/04/03	2.78	2.84	2.77	2.82	1739110	15383154.00
2014/04/04	2.82	2.84	2.79	2.83	1312397	11673313.00
2014/04/08	2.82	2.88	2.81	2.87	1821721	16420623.00
2014/04/09	2.87	2.90	2.85	2.87	1572391	14246099.00
2014/04/10	2.87	2.89	2.84	2.86	2186674	19727686.00
2014/04/11	2.82	2.84	2.79	2.79	2086159	18471286.00
2014/04/14	2.77	2.85	2.77	2.84	1833206	16269897.00
2014/04/15	2.84	2.87	2.79	2.81	1428421	12761750.00
2014/04/16	2.81	2.85	2.79	2.84	1155810	10309807.00
2014/04/17	2.87	2.87	2.83	2.84	1000956	8993398.00
2014/04/18	2.81	2.83	2.80	2.83	1153295	10250539.00
2014/04/21	2.81	2.86	2.73	2.74	1665832	14755489.00
2014/04/22	2.74	2.79	2.72	2.77	1643550	14272201.00
2014/04/23	2.75	2.78	2.73	2.76	887791	7743094.00
2014/04/24	2.75	2.77	2.69	2.69	1304936	11264643.00
2014/04/25	2.68	2.68	2.42	2.50	3640961	29611584.00
2014/04/28	2.49	2.51	2.45	2.45	1358960	10656200.00
2014/04/29	2.45	2.51	2.45	2.51	965483	7618183.00
2014/04/30	2.55	2.55	2.48	2.51	835131	6655065.50
2014/05/05	2.49	2.56	2.49	2.56	741098	5954178.50
2014/05/06	2.56	2.59	2.54	2.55	855719	6966560.00
2014/05/07	2.54	2.57	2.49	2.49	450162	3619568.00
2014/05/08	2.47	2.54	2.45	2.49	718195	5686569.50
2014/05/09	2.48	2.55	2.47	2.55	916959	7314331.00
2014/05/12	2.57	2.61	2.53	2.60	1130401	9236866.00
2014/05/13	2.59	2.64	2.55	2.60	1644606	13548145.00
2014/05/14	2.59	2.60	2.56	2.57	667553	5445305.00
2014/05/15	2.58	2.58	2.47	2.49	1427366	11357609.00
2014/05/16	2.49	2.52	2.44	2.48	1371474	10632852.00
2014/05/19	2.48	2.48	2.44	2.44	909248	6986678.50
2014/05/20	2.44	2.50	2.44	2.48	815042	6323003.00
2014/05/21	2.49	2.53	2.45	2.53	791162	6193056.00
2014/05/22	2.54	2.54	2.49	2.49	861354	6790165.50
2014/05/23	2.49	2.51	2.48	2.51	581727	4560266.50
2014/05/26	2.49	2.55	2.49	2.54	772076	6103431.50
2014/05/27	2.54	2.56	2.52	2.54	574957	4569650.00
2014/05/28	2.56	2.56	2.50	2.54	587726	4656470.50
2014/05/29	2.54	2.56	2.50	2.51	1065251	8441630.00
2014/05/30	2.50	2.53	2.49	2.51	661630	5197601.00
2014/06/03	2.51	2.77	2.51	2.77	9660801	82213208.00
2014/06/04	2.81	2.94	2.72	2.88	10872312	95860032.00
2014/06/05	2.82	2.82	2.69	2.73	8216021	70204488.00
2014/06/06	2.72	2.73	2.64	2.65	4512703	37727504.00
2014/06/09	2.64	2.69	2.63	2.68	2666246	22189904.00
2014/06/10	2.67	2.69	2.61	2.67	2833888	23474944.00
2014/06/11	2.66	2.67	2.61	2.65	3065199	25262224.00
2014/06/12	2.65	2.67	2.61	2.64	2652107	21897872.00
2014/06/13	2.63	2.75	2.63	2.70	5293337	44496528.00
2014/06/16	2.72	2.75	2.67	2.69	3245226	27284302.00
2014/06/17	2.69	2.69	2.61	2.63	3060421	25211178.00
2014/06/18	2.61	2.65	2.59	2.63	1693109	13895664.00
2014/06/19	2.63	2.64	2.49	2.50	3193544	25643188.00
2014/06/20	2.49	2.53	2.48	2.51	1479740	11586457.00
2014/06/23	2.49	2.54	2.49	2.52	1084205	8580190.00
2014/06/24	2.53	2.55	2.53	2.54	1019175	8102965.00
2014/06/25	2.54	2.57	2.51	2.54	924926	7364454.50
2014/06/26	2.54	2.61	2.52	2.60	2302568	18563758.00
2014/06/27	2.60	2.61	2.57	2.59	2767789	22432720.00
2014/06/30	2.59	2.61	2.58	2.60	1708877	13901769.00
2014/07/01	2.60	2.61	2.58	2.60	1434346	11657291.00
2014/07/02	2.60	2.66	2.56	2.63	2678032	21822558.00
2014/07/03	2.63	2.63	2.60	2.62	1576940	12922450.00
2014/07/04	2.62	2.64	2.60	2.60	1350940	11088702.00
2014/07/07	2.60	2.62	2.57	2.59	1366145	11067208.00
2014/07/08	2.59	2.62	2.56	2.62	1406081	11393834.00
2014/07/09	2.61	2.63	2.57	2.57	1501025	12220305.00
2014/07/10	2.56	2.59	2.56	2.57	1442968	11643699.00
2014/07/11	2.58	2.59	2.56	2.59	1142575	9240349.00
2014/07/14	2.59	2.64	2.59	2.64	1719725	14078575.00
2014/07/15	2.64	2.67	2.61	2.66	2262119	18698184.00
2014/07/16	2.66	2.68	2.63	2.65	1634458	13558120.00
2014/07/17	2.65	2.70	2.63	2.70	2626811	21899464.00
2014/07/18	2.68	2.69	2.64	2.66	2013192	16777169.00
2014/07/21	2.66	2.66	2.62	2.63	1296614	10708993.00
2014/07/22	2.63	2.71	2.62	2.68	2398121	20044388.00
2014/07/23	2.68	2.78	2.68	2.70	3991434	33930212.00
2014/07/24	2.69	2.70	2.65	2.68	2124598	17766258.00
2014/07/25	2.67	2.73	2.66	2.72	2120183	17953956.00
2014/07/28	2.72	2.80	2.71	2.77	3614589	31143094.00
2014/07/29	2.77	2.80	2.75	2.78	3238850	28112430.00
2014/07/30	2.78	2.93	2.78	2.81	5130489	45541688.00
2014/07/31	2.81	2.85	2.78	2.83	3191394	28003058.00
2014/08/01	2.81	2.85	2.75	2.77	3599674	31540174.00
2014/08/04	2.76	2.84	2.76	2.83	3253440	28509174.00
2014/08/05	2.85	2.92	2.82	2.90	4215633	37784752.00
2014/08/06	2.90	2.90	2.85	2.87	2731602	24472636.00
2014/08/07	2.86	2.98	2.86	2.98	6629716	60538312.00
2014/08/08	2.93	3.05	2.93	3.02	6895943	64815940.00
2014/08/11	3.06	3.06	2.99	3.04	3873769	36531152.00
2014/08/12	3.02	3.03	2.99	3.00	2965585	27730904.00
2014/08/13	3.00	3.02	2.95	2.96	3598469	33270360.00
2014/08/14	2.96	3.09	2.96	3.09	4806798	45146424.00
2014/08/15	3.10	3.17	3.06	3.17	5539606	53570212.00
2014/08/18	3.20	3.38	3.13	3.32	6923414	70579192.00
2014/08/19	3.31	3.41	3.25	3.32	5110862	52573164.00
2014/08/20	3.32	3.37	3.26	3.29	3063902	31461794.00
2014/08/21	3.37	3.37	3.27	3.30	3293935	33803948.00
2014/08/22	3.32	3.53	3.27	3.49	5352084	56686172.00
2014/08/25	3.50	3.65	3.40	3.43	5159564	56071612.00
2014/08/26	3.40	3.55	3.32	3.43	8130199	86851184.00
2014/08/27	3.42	3.72	3.39	3.57	6108754	67636104.00
2014/08/28	3.59	3.68	3.51	3.57	4181797	46746600.00
2014/08/29	3.57	3.58	3.48	3.54	3039078	33060644.00
2014/09/01	3.54	3.62	3.49	3.57	2824497	30866520.00
2014/09/02	3.56	3.84	3.56	3.75	8823009	101179016.00
2014/09/03	3.75	3.76	3.67	3.74	3208490	36770724.00
2014/09/04	3.69	3.83	3.68	3.83	4467591	52087296.00
2014/09/05	3.82	3.93	3.76	3.89	4470769	52859536.00
2014/09/09	3.91	3.91	3.84	3.89	2092902	25024376.00
2014/09/10	3.87	3.90	3.79	3.90	2463296	29263522.00
2014/09/11	3.88	3.90	3.75	3.81	3488397	41340916.00
2014/09/12	3.79	4.09	3.64	3.93	9874308	117834320.00
2014/09/15	3.89	3.92	3.85	3.92	2424281	29134204.00
2014/09/16	3.92	3.92	3.76	3.78	3223256	38183156.00
2014/09/17	3.76	3.82	3.69	3.78	2462829	28647418.00
2014/09/18	3.78	3.92	3.72	3.91	2119501	25150028.00
2014/09/19	3.89	3.98	3.87	3.98	2427474	29441016.00
2014/09/22	4.15	4.39	3.98	4.20	16419730	209885440.00
2014/09/23	4.22	4.62	4.09	4.58	22008923	296790944.00
2014/09/24	4.38	4.55	4.27	4.33	32744234	438836064.00
2014/09/25	4.25	4.33	4.13	4.22	15810401	205761472.00
2014/09/26	4.20	4.26	4.12	4.20	7128363	91908072.00
2014/09/29	4.18	4.24	4.14	4.20	8043284	103895504.00
2014/09/30	4.19	4.26	4.17	4.17	7072796	91840520.00
2014/10/08	4.15	4.15	4.04	4.14	6787063	85526960.00
2014/10/09	4.09	4.21	4.05	4.20	12997196	165593104.00
2014/10/10	4.18	4.41	4.15	4.20	11638889	152498544.00
2014/10/13	4.17	4.17	4.05	4.06	6089017	76606968.00
2014/10/14	4.06	4.06	3.94	3.96	5665419	69862144.00
2014/10/15	3.96	3.96	3.84	3.89	6545605	78428696.00
2014/10/16	3.86	3.91	3.80	3.85	4718368	56268168.00
2014/10/17	3.83	3.87	3.72	3.73	3773544	43984932.00
2014/10/20	3.71	3.80	3.71	3.77	2534043	29467270.00
2014/10/21	3.78	3.81	3.76	3.76	3301589	38602304.00
2014/10/22	3.76	3.79	3.65	3.65	3445253	39646368.00
2014/10/23	3.65	3.65	3.45	3.47	6270132	68388464.00
2014/10/24	3.47	3.51	3.45	3.47	2798793	30227096.00
2014/10/27	3.46	3.56	3.43	3.55	3210688	34799952.00
2014/10/28	3.54	3.61	3.51	3.60	4340723	48154844.00
2014/10/29	3.60	3.68	3.54	3.68	6309379	70704832.00
2014/10/30	3.69	3.70	3.62	3.63	3742691	42358812.00
2014/10/31	3.63	3.68	3.59	3.64	3413417	38328964.00
2014/11/03	3.64	3.73	3.64	3.67	4733163	53955972.00
2014/11/04	3.67	3.68	3.60	3.61	3573554	40135996.00
2014/11/05	3.61	3.70	3.49	3.69	6028557	67132176.00
2014/11/06	3.67	3.73	3.65	3.70	4207482	48052864.00
2014/11/07	3.68	3.73	3.59	3.63	3863631	44034008.00
2014/11/10	3.63	3.71	3.62	3.67	3345834	37898268.00
2014/11/11	3.68	3.70	3.44	3.48	4950101	54623716.00
2014/11/12	3.49	3.55	3.49	3.55	2181525	23808522.00
2014/11/13	3.54	3.57	3.42	3.47	2960427	32075528.00
2014/11/14	3.47	3.52	3.47	3.48	1779333	19250732.00
2014/11/17	3.53	3.63	3.48	3.62	3631045	40209048.00
2014/11/18	3.61	3.70	3.61	3.65	2754610	31098020.00
2014/11/19	3.67	3.68	3.64	3.65	1979567	22402948.00
2014/11/20	3.66	3.68	3.62	3.65	1909786	21576110.00
2014/11/21	3.66	3.71	3.65	3.70	2876731	32735542.00
2014/11/24	3.71	3.87	3.70	3.81	5954141	70136160.00
2014/11/25	3.82	3.85	3.79	3.84	3608059	42538664.00
2014/11/26	3.82	3.87	3.81	3.84	3531236	41868984.00
2014/11/27	3.86	3.95	3.82	3.85	5191463	62284016.00
2014/11/28	3.87	3.91	3.76	3.84	5367436	63540448.00
2014/12/01	3.85	3.85	3.67	3.69	6045741	69595904.00
2014/12/02	3.69	3.75	3.69	3.72	4494841	51688204.00
2014/12/03	3.74	3.83	3.67	3.83	7172579	82931616.00
2014/12/04	3.83	4.04	3.82	4.04	10939859	133943824.00
2014/12/05	4.04	4.05	3.71	3.83	9126277	109455840.00
2014/12/08	3.83	3.89	3.75	3.86	6271925	74512312.00
2014/12/09	3.82	3.87	3.65	3.66	7527228	87818568.00
2014/12/10	3.65	3.77	3.62	3.76	3652640	41705816.00
2014/12/11	3.75	3.87	3.72	3.85	4253956	49810504.00
2014/12/12	3.85	4.02	3.84	3.95	7843095	95539872.00
2014/12/15	3.96	4.04	3.90	4.00	5195522	64025828.00
2014/12/16	4.00	4.00	3.93	3.97	3817303	46640168.00
2014/12/17	3.97	3.97	3.84	3.86	4349441	52414812.00
2014/12/18	3.87	3.94	3.87	3.89	2862747	34473452.00
2014/12/19	3.92	3.93	3.76	3.86	3695017	43879148.00
2014/12/22	3.84	3.86	3.58	3.67	4891211	55992532.00
2014/12/23	3.66	3.74	3.61	3.64	2262985	25787806.00
2014/12/24	3.61	3.75	3.61	3.70	2272316	25972722.00
2014/12/25	3.72	3.77	3.69	3.73	1857710	21423048.00
2014/12/26	3.74	3.76	3.69	3.73	2038819	23377946.00
2014/12/29	3.72	4.05	3.71	3.99	9957148	121518280.00
2014/12/30	3.95	4.01	3.89	3.91	5209404	63187316.00
2014/12/31	3.91	4.00	3.89	3.93	4158231	50648464.00
2015/01/05	3.96	4.14	3.90	4.09	9260638	115397600.00
2015/01/06	4.05	4.13	4.01	4.09	6776613	85130784.00
2015/01/07	4.09	4.21	4.01	4.04	5631606	70922928.00
2015/01/08	4.04	4.06	3.89	3.96	3843995	47061860.00
2015/01/09	3.95	4.02	3.90	3.91	3650574	44730092.00
2015/01/12	3.85	3.94	3.82	3.82	2788388	33191076.00
2015/01/13	3.82	3.93	3.80	3.93	2693028	32219518.00
2015/01/14	3.95	3.98	3.89	3.89	2896420	35116332.00
2015/01/15	3.92	3.94	3.89	3.91	2210439	26743394.00
2015/01/16	3.92	4.31	3.91	4.31	12823681	166757488.00
2015/01/19	4.21	4.76	4.15	4.54	24958570	344060736.00
2015/01/20	4.47	4.91	4.42	4.88	19794677	288360000.00
2015/01/21	4.85	5.03	4.74	4.83	13033709	194278480.00
2015/01/22	4.83	4.88	4.68	4.85	9049787	133438632.00
2015/01/23	4.79	5.15	4.79	4.89	11161454	170932688.00
2015/01/26	4.80	5.19	4.72	5.14	10363874	159140752.00
2015/01/27	5.09	5.20	4.88	4.94	9878376	151659248.00
2015/01/28	4.95	5.22	4.92	5.03	8822626	137364704.00
2015/01/29	4.91	5.00	4.85	4.91	4269935	64449412.00
2015/01/30	4.91	4.97	4.65	4.66	6841797	100320128.00
2015/02/02	4.50	4.85	4.50	4.79	6518076	95243680.00
2015/02/03	4.84	5.28	4.83	5.28	13648028	218038144.00
2015/02/04	5.37	5.49	5.15	5.24	8956354	145423728.00
2015/02/05	5.25	5.35	5.14	5.20	5549264	88960616.00
2015/02/06	5.15	5.39	5.02	5.02	5305531	84326808.00
2015/02/09	5.05	5.08	4.79	4.85	6342925	94921096.00
2015/02/10	4.87	5.03	4.82	5.03	3599583	54330296.00
2015/02/11	5.04	5.14	4.65	4.69	9971660	148561600.00
2015/02/12	4.70	4.72	4.56	4.62	9500294	134950816.00
2015/02/13	4.66	4.82	4.64	4.71	7537246	109787272.00
2015/02/16	4.69	4.84	4.65	4.80	5953148	87447520.00
2015/02/17	4.81	4.89	4.73	4.86	5620625	83178352.00
2015/02/25	4.85	5.11	4.79	4.96	7414878	112959448.00
2015/02/26	5.00	5.09	4.95	5.02	5118030	78626064.00
2015/02/27	4.97	5.14	4.96	5.10	5276601	81763224.00
2015/03/02	5.05	5.63	4.99	5.57	15798766	261360480.00
2015/03/03	5.52	5.80	5.52	5.61	10146027	176223168.00
2015/03/04	5.61	6.19	5.55	6.02	9923380	177564656.00
2015/03/05	6.02	6.19	5.82	5.96	8634714	158930976.00
2015/03/06	5.97	6.01	5.58	5.64	7689933	135868944.00
2015/03/09	5.63	6.01	5.59	5.75	5560943	99104376.00
2015/03/10	5.75	5.87	5.66	5.77	3646618	64479836.00
2015/03/11	5.75	5.81	5.55	5.61	5388187	93419000.00
2015/03/12	5.61	5.77	5.47	5.77	4173963	71393352.00
2015/03/13	5.77	5.98	5.77	5.81	3761678	67345368.00
2015/03/16	5.85	5.90	5.75	5.80	5939441	105286024.00
2015/03/17	5.83	6.18	5.72	6.06	9988862	181605488.00
2015/03/18	6.09	6.15	5.94	6.03	6296537	116140544.00
2015/03/19	6.09	6.51	5.99	6.38	9197399	175837888.00
2015/03/20	6.35	6.45	6.29	6.34	4615341	89391376.00
2015/03/23	6.35	6.53	6.29	6.39	5590518	109481256.00
2015/03/24	6.39	6.39	5.89	6.25	8457345	159459440.00
2015/03/25	6.18	6.18	6.02	6.11	5708186	106162488.00
2015/03/26	6.03	6.25	6.00	6.16	5834738	109645632.00
2015/03/27	6.16	6.24	6.11	6.15	3675449	69331440.00
2015/03/30	6.13	6.22	6.07	6.12	4978907	93255384.00
2015/03/31	6.12	6.45	6.05	6.45	7560285	143324240.00
2015/04/01	6.42	6.85	6.29	6.77	14484715	291131040.00
2015/04/02	6.78	7.10	6.65	7.05	14123372	296609248.00
2015/04/03	7.06	7.76	6.90	7.76	10680840	245334400.00
2015/04/13	8.55	8.55	8.55	8.55	308712	8023425.00
2015/04/14	9.42	9.42	9.42	9.42	1667320	47668680.00
2015/04/15	9.24	9.38	8.46	8.46	21081240	560627968.00
2015/04/16	7.89	8.22	7.77	7.90	13054577	317729184.00
2015/04/17	7.90	8.35	7.69	7.70	12533510	303581984.00
2015/04/20	7.68	7.69	7.22	7.37	11528152	259271248.00
2015/04/21	7.29	7.88	7.29	7.78	8955935	207949424.00
2015/04/22	7.79	8.12	7.79	7.84	9411335	226896672.00
2015/04/23	7.84	8.12	7.82	7.94	9133919	220851456.00
2015/04/24	7.84	8.03	7.67	7.97	7538356	181192016.00
2015/04/27	8.06	8.57	8.05	8.38	15174462	383454752.00
2015/04/28	8.35	8.40	7.55	8.03	10205366	251461440.00
2015/04/29	8.03	8.21	7.90	8.16	5200942	127819208.00
2015/04/30	8.23	8.53	8.23	8.29	8010637	204705216.00
2015/05/04	8.29	8.49	8.02	8.12	5334127	132979864.00
2015/05/05	8.14	8.22	7.29	7.35	6851817	160639568.00
2015/05/06	7.39	7.54	6.73	6.85	7387467	163112608.00
2015/05/07	6.84	7.55	6.66	7.55	7586102	161953888.00
2015/05/08	7.80	8.10	7.62	7.91	8627279	206866896.00
2015/05/11	8.07	8.12	7.79	8.10	7162019	174535392.00
2015/05/12	8.17	8.28	7.85	7.92	9544298	232519200.00
2015/05/13	7.97	8.73	7.92	8.73	14614021	372048192.00
2015/05/14	8.72	9.43	8.42	9.14	14095733	381630912.00
2015/05/15	9.00	9.00	8.59	8.65	8604557	229732704.00
2015/05/18	8.64	8.85	8.39	8.46	7411612	193862608.00
2015/05/19	8.69	9.01	8.53	8.92	8132473	217442944.00
2015/05/20	8.92	9.75	8.89	9.34	9938340	282000640.00
2015/05/21	9.34	10.28	9.20	10.21	10615435	312209696.00
2015/05/22	10.05	10.82	9.91	10.54	12793016	399358048.00
2015/05/25	10.24	10.68	10.22	10.45	10131998	321884320.00
2015/05/26	10.77	11.50	10.61	10.63	10605081	351381984.00
2015/05/27	10.52	10.55	9.83	10.24	10986031	340648064.00
2015/05/28	10.22	10.39	9.21	9.21	11264592	337212256.00
2015/05/29	8.91	9.48	8.64	9.20	7924243	220907888.00
2015/06/01	9.29	10.05	9.29	9.68	8986894	263853296.00
2015/06/02	9.69	9.91	9.49	9.89	8080114	238632368.00
2015/06/03	9.90	10.04	9.55	9.81	7633046	225206048.00
2015/06/04	9.76	9.87	8.89	9.59	6772022	194985648.00
2015/06/05	9.85	10.07	9.55	9.94	10648456	319652832.00
2015/06/08	10.11	10.95	10.11	10.95	16450810	530387488.00
2015/06/09	10.94	11.55	10.67	10.67	14920130	502843360.00
2015/06/10	10.42	10.82	10.29	10.64	7527144	241026704.00
2015/06/11	10.57	11.39	10.25	11.09	9319806	302385408.00
2015/06/12	11.16	11.32	10.79	10.95	7796462	261717088.00
2015/06/15	10.89	10.89	10.44	10.46	7581613	244532048.00
2015/06/16	10.26	10.45	9.50	9.83	6631647	201705792.00
2015/06/17	10.09	10.09	9.16	9.97	6286770	184543776.00
2015/06/18	9.86	10.23	9.60	9.72	4274362	129366856.00
2015/06/19	8.87	9.61	8.74	8.74	5668771	155788464.00
2015/06/23	8.74	9.07	8.17	8.85	4996037	130610352.00
2015/06/24	8.95	9.23	8.74	9.01	5203082	142316944.00
2015/06/25	9.17	9.20	8.23	8.40	5512262	147837728.00
2015/06/26	7.97	8.20	7.55	7.55	4598236	108641544.00
2015/06/29	7.78	7.89	6.79	6.79	7219809	154925984.00
2015/06/30	6.57	7.23	6.10	6.98	9107799	182152880.00
2015/07/01	7.00	7.25	6.28	6.33	7567000	159232960.00
2015/07/02	6.23	6.61	5.69	5.69	7824296	140309952.00
2015/07/03	5.24	5.71	5.11	5.11	9000664	143028512.00
2015/07/06	5.63	5.63	4.59	4.62	13046738	199207760.00
2015/07/07	4.21	4.47	4.15	4.15	4398669	56732524.00
2015/07/08	3.73	4.57	3.73	4.52	31833799	393737472.00
2015/07/09	4.17	4.98	4.17	4.98	7512639	110706152.00
2015/07/10	5.37	5.49	5.22	5.49	3438388	57076344.00
2015/07/13	6.00	6.05	5.70	6.05	8094038	146869232.00
2015/07/14	6.10	6.63	5.83	6.23	11781598	226815440.00
2015/07/15	6.03	6.16	5.60	5.60	7093449	124167656.00
2015/07/16	5.60	6.00	5.20	5.97	8401176	147969696.00
2015/07/17	6.10	6.55	6.04	6.44	6018080	115103416.00
2015/07/20	6.57	6.67	6.06	6.37	6394402	125464800.00
2015/07/21	6.17	6.56	6.15	6.38	4331517	84203784.00
2015/07/22	6.45	6.50	6.08	6.35	5175438	99740760.00
2015/07/23	6.34	6.76	6.25	6.71	6512515	129096016.00
2015/07/24	6.68	6.74	6.42	6.44	7127493	143333840.00
2015/07/27	6.27	6.37	5.78	5.78	6838750	127449000.00
2015/07/28	5.30	5.95	5.27	5.50	6602942	111338592.00
2015/07/29	5.55	5.90	5.47	5.90	4082908	71085376.00
2015/07/30	5.91	6.05	5.64	5.70	3787632	68539152.00
2015/07/31	5.69	5.97	5.56	5.71	2709670	47264844.00
2015/08/03	5.71	5.90	5.41	5.54	2782661	48072888.00
2015/08/04	5.57	5.95	5.57	5.94	3652286	64241336.00
2015/08/05	5.91	6.16	5.84	5.93	4232216	77488296.00
2015/08/06	5.80	6.20	5.74	6.20	3310942	60648216.00
2015/08/07	6.41	6.48	6.22	6.39	4930191	95456792.00
2015/08/10	6.52	6.75	6.37	6.75	5339558	107731032.00
2015/08/11	6.70	7.07	6.61	6.78	5305613	109720568.00
2015/08/12	6.67	7.05	6.62	6.90	5165906	108647472.00
2015/08/13	6.76	7.07	6.74	7.04	3715690	78570904.00
2015/08/14	7.07	7.39	7.04	7.20	4569967	100470432.00
2015/08/17	7.20	7.26	6.82	7.08	3271846	69812264.00
2015/08/18	7.07	7.17	6.36	6.37	5210714	106340072.00
2015/08/19	6.24	6.70	6.08	6.64	4200724	81572848.00
2015/08/20	6.65	6.90	6.57	6.70	4487081	92226080.00
2015/08/21	6.57	6.89	6.47	6.63	4980042	102264768.00
2015/08/24	6.45	6.52	5.96	5.96	6322766	117592720.00
2015/08/25	5.35	5.84	5.35	5.35	4753365	79605864.00
2015/08/26	5.43	5.62	4.84	5.04	6029831	98616984.00
2015/08/27	5.26	5.36	4.85	5.25	3656024	57719944.00
2015/08/28	5.40	5.78	5.31	5.78	4741805	78885200.00
2015/08/31	5.77	5.80	5.44	5.50	4442853	75890864.00
2015/09/01	5.46	5.46	4.94	5.17	3537919	55514400.00
2015/09/02	4.90	5.35	4.79	4.89	3542171	54232468.00
2015/09/07	5.03	5.22	4.39	4.49	13905555	195541872.00
2015/09/08	4.40	4.65	4.16	4.57	7305473	99130336.00
2015/09/09	4.67	4.84	4.54	4.67	17484846	248254352.00
2015/09/10	4.57	4.84	4.53	4.62	11316217	162146144.00
2015/09/11	4.67	4.83	4.59	4.69	9302779	134428912.00
2015/09/14	4.70	4.76	4.21	4.21	8138819	110404584.00
2015/09/15	4.07	4.17	3.78	3.78	7344621	88569736.00
2015/09/16	3.87	4.17	3.77	4.15	6577149	79644344.00
2015/09/17	4.13	4.42	4.04	4.05	7706672	99953416.00
2015/09/18	4.07	4.36	4.04	4.28	6727090	86390048.00
2015/09/21	4.26	4.53	4.20	4.50	7023027	93513672.00
2015/09/22	4.52	4.71	4.47	4.53	6580180	92019576.00
2015/09/23	4.43	4.79	4.40	4.72	7875103	111459384.00
2015/09/24	4.79	4.85	4.62	4.70	6659860	96038624.00
2015/09/25	4.63	4.71	4.26	4.31	10788046	74299600.00
2015/09/28	4.36	4.64	4.30	4.59	9515930	65977492.00
2015/09/29	4.47	4.59	4.40	4.49	7169950	49373508.00
2015/09/30	4.56	4.63	4.46	4.52	6186407	43047252.00
2015/10/08	4.74	4.94	4.71	4.86	11875320	87757648.00
2015/10/09	4.90	5.28	4.78	5.28	14099415	106644976.00
2015/10/12	5.38	5.82	5.25	5.82	21430661	185851024.00
2015/10/13	5.90	6.22	5.78	5.96	26227972	240323824.00
2015/10/14	5.98	6.11	5.77	6.08	17151640	156298192.00
2015/10/15	5.85	6.56	5.84	6.34	20711748	196083152.00
2015/10/16	6.33	6.64	6.24	6.43	18160272	177742672.00
2015/10/19	6.43	6.64	6.05	6.28	14871804	144132544.00
2015/10/20	6.28	6.46	6.13	6.36	10851815	104557384.00
2015/10/21	6.34	6.36	5.71	5.77	14842795	136755392.00
2015/10/22	5.74	6.07	5.74	6.04	11503465	104404464.00
2015/10/23	6.06	6.66	6.06	6.66	20080615	196867856.00
2015/10/26	6.86	7.33	6.70	7.33	22467463	242896848.00
2015/10/27	7.40	7.82	7.22	7.76	22839621	262209856.00
2015/10/28	7.62	7.87	7.06	7.26	21169922	241916688.00
2015/10/29	7.33	7.65	7.12	7.51	14433321	163291120.00
2015/10/30	7.47	7.56	7.25	7.32	10299238	115825200.00
2015/11/02	7.16	7.87	7.07	7.50	13076165	151007776.00
2015/11/03	7.52	7.84	7.29	7.40	9314038	106163176.00
2015/11/04	7.44	7.78	7.32	7.76	14248631	165469952.00
2015/11/05	7.70	7.89	7.36	7.61	19139340	219979856.00
2015/11/06	7.61	7.88	7.50	7.70	13930189	162017696.00
2015/11/09	7.59	7.77	7.44	7.64	13375395	154427600.00
2015/11/10	7.51	8.42	7.49	8.42	22115366	277365888.00
2015/11/11	8.50	9.27	8.44	9.06	25680449	341588064.00
2015/11/12	9.06	9.09	8.68	8.76	18480253	246141712.00
2015/11/13	8.65	9.22	8.60	8.96	18081696	244478880.00
2015/11/16	8.84	9.21	8.64	9.14	12758037	174949840.00
2015/11/17	9.24	9.49	8.82	8.85	17396469	239022208.00
2015/11/18	8.84	8.93	8.40	8.46	15580707	203370960.00
2015/11/19	8.41	8.93	8.30	8.82	9998361	131237528.00
2015/11/20	8.82	8.91	8.66	8.74	8777043	116567440.00
2015/11/23	8.78	9.01	8.64	8.74	11608280	155452416.00
2015/11/24	8.74	9.63	8.57	9.63	13422311	186349392.00
2015/11/25	10.04	10.04	9.36	9.56	15529380	229964320.00
2015/11/26	9.62	9.97	9.44	9.68	12179796	179533200.00
2015/11/27	9.57	9.86	8.74	9.04	11817655	168198656.00
2015/11/30	8.94	9.20	8.24	8.61	13093690	173920560.00
2015/12/01	8.70	9.17	8.70	9.05	9975449	135908112.00
2015/12/02	9.08	9.18	8.57	9.07	8520641	115156448.00
2015/12/03	9.07	9.33	8.92	9.28	7862015	109928200.00
2015/12/04	9.64	9.64	9.07	9.20	10426998	147818560.00
2015/12/07	9.20	9.53	9.11	9.45	7880391	110743024.00
2015/12/08	9.57	9.57	9.18	9.20	8009815	112926072.00
2015/12/09	8.62	9.04	8.50	8.64	13847158	182914912.00
2015/12/10	8.68	8.82	8.57	8.57	6366579	83566456.00
2015/12/11	8.57	8.60	8.00	8.06	9652277	119872848.00
2015/12/14	7.91	8.56	7.78	8.53	6683764	84152520.00
2015/12/15	8.56	8.72	8.44	8.57	5698823	74296848.00
2015/12/16	8.61	8.95	8.60	8.76	6989074	92996528.00
2015/12/17	8.81	9.09	8.68	8.77	8839397	118944352.00
2015/12/18	8.79	8.90	8.63	8.68	6058164	80113872.00
2015/12/21	8.68	9.56	8.68	9.32	14736451	205611696.00
2015/12/22	9.30	9.54	9.16	9.37	10174799	144507984.00
2015/12/23	9.37	10.20	9.36	9.68	15823448	236856160.00
2015/12/24	9.74	10.21	9.74	9.87	12769496	193178016.00
2015/12/25	9.95	10.77	9.95	10.62	15122141	238771904.00
2015/12/28	10.62	10.82	10.06	10.40	15529741	243943248.00
2015/12/29	10.14	10.57	9.99	10.16	7934118	122581176.00
2015/12/30	10.17	10.56	9.98	10.46	7794589	121797624.00
2015/12/31	10.49	10.77	10.24	10.24	6135300	97668304.00
2016/01/04	10.24	10.40	9.20	9.20	6773711	99860936.00
2016/01/05	8.76	9.43	8.56	8.96	9125646	123552296.00
2016/01/06	9.00	9.23	8.85	9.21	5410085	74767304.00
2016/01/07	8.98	9.14	8.28	8.28	2463300	31775612.00
2016/01/08	8.62	8.80	7.86	8.45	8967920	114762840.00
2016/01/11	8.24	8.37	7.60	7.60	11237768	134590160.00
2016/01/12	7.50	7.74	6.83	7.24	12817164	139124512.00
2016/01/13	7.36	7.56	7.16	7.22	6701358	74932520.00
2016/01/14	7.01	7.68	6.57	7.67	6762699	75543040.00
2016/01/15	7.74	8.02	7.42	7.50	8576136	100131592.00
2016/01/18	7.33	7.81	7.24	7.70	5501207	64015980.00
2016/01/19	7.70	8.07	7.58	7.97	9195321	109712432.00
2016/01/20	8.00	8.00	7.73	7.79	5576958	66635412.00
2016/01/21	7.66	7.90	7.24	7.27	4892939	56850848.00
2016/01/22	7.44	7.54	6.97	7.31	5213519	58000320.00
2016/01/25	7.43	7.87	7.43	7.65	5066839	59174096.00
2016/01/26	7.57	7.72	7.11	7.37	9257807	106245792.00
2016/01/27	7.54	7.54	6.90	7.54	7309367	80464504.00
2016/01/28	7.42	7.65	7.20	7.29	4395515	49801496.00
2016/01/29	7.28	7.62	7.24	7.56	4490354	51109852.00
2016/02/01	7.56	7.64	7.22	7.26	3968224	44440316.00
2016/02/02	7.26	7.54	7.24	7.44	4513091	50890140.00
2016/02/03	7.36	7.50	7.28	7.44	2623252	29365882.00
2016/02/04	7.56	8.09	7.50	7.80	6273412	75042576.00
2016/02/05	7.80	8.01	7.71	7.79	4815586	57486788.00
2016/02/15	7.50	7.97	7.39	7.87	4038000	47585424.00
2016/02/16	8.10	8.23	7.92	8.06	7007838	86007408.00
2016/02/17	7.97	8.08	7.84	8.05	5805679	70176752.00
2016/02/18	8.20	8.56	8.05	8.08	8655074	109381672.00
2016/02/19	7.99	8.22	7.86	8.06	5345661	64816732.00
2016/02/22	8.10	8.18	8.01	8.14	5832381	71824072.00
2016/02/23	8.24	8.77	8.17	8.50	11352854	146788736.00
2016/02/24	8.30	8.70	8.27	8.50	7937373	102075040.00
2016/02/25	8.57	8.61	7.67	7.77	7355008	90299400.00
2016/02/26	7.91	8.16	7.84	8.07	6625809	80482104.00
2016/02/29	8.03	8.42	7.50	7.85	6832766	82097392.00
2016/03/01	7.90	8.43	7.89	8.26	11968426	149874848.00
2016/03/02	8.12	9.08	8.12	9.06	17894872	240606000.00
2016/03/03	9.10	9.19	8.86	8.86	11840028	161508976.00
2016/03/04	8.80	9.02	8.44	8.70	6740793	89699120.00
2016/03/07	8.97	9.23	8.82	9.13	10264387	141086384.00
2016/03/08	9.24	9.42	8.82	9.14	9795056	135836144.00
2016/03/09	8.80	8.97	8.58	8.70	6151953	81487520.00
2016/03/10	8.72	8.87	8.54	8.57	3839637	50620284.00
2016/03/11	8.42	8.69	8.11	8.35	4826359	61062640.00
2016/03/14	8.37	8.80	8.37	8.59	5089995	66856324.00
2016/03/15	8.53	8.63	8.34	8.50	3950505	50928484.00
2016/03/16	8.50	8.70	8.40	8.54	4145705	53848156.00
2016/03/17	8.66	8.96	8.64	8.80	6964273	93103664.00
2016/03/18	8.97	9.46	8.76	9.30	14594599	200878128.00
2016/03/21	9.33	9.42	9.14	9.30	10389051	145428464.00
2016/03/22	9.30	9.53	9.14	9.23	7971090	112985224.00
2016/03/23	9.24	9.36	9.04	9.20	6578018	91267552.00
2016/03/24	9.02	9.17	8.88	8.94	7430872	101380848.00
2016/03/25	8.96	9.08	8.84	9.00	4931518	66929956.00
2016/03/28	9.02	9.16	8.87	8.90	4549958	62218380.00
2016/03/29	8.91	8.92	8.64	8.68	4097161	54264016.00
2016/03/30	8.83	8.99	8.70	8.94	8824399	118147024.00
2016/03/31	9.15	9.24	8.88	8.94	9356299	127921848.00
2016/04/01	8.94	9.10	8.74	8.94	6293054	84883160.00
2016/04/05	8.90	9.03	8.81	9.01	9233570	125129792.00
2016/04/06	9.00	9.33	8.94	9.17	11120517	154631056.00
2016/04/07	9.22	9.27	8.90	8.97	8165522	111813592.00
2016/04/08	8.78	8.90	8.70	8.87	5192700	69496936.00
2016/04/11	8.98	9.20	8.98	8.99	6589792	90578800.00
2016/04/12	8.96	9.07	8.83	8.97	3820189	51778444.00
2016/04/13	9.10	9.44	9.10	9.22	15346338	216401776.00
2016/04/14	9.24	9.29	9.06	9.18	6256885	86726024.00
2016/04/15	9.24	9.28	9.04	9.08	6275760	86696864.00
2016/04/18	8.88	8.88	8.58	8.66	10283638	135663648.00
2016/04/19	8.68	8.78	8.63	8.68	3740479	49301540.00
2016/04/20	8.72	8.80	8.04	8.14	9617311	123009576.00
2016/04/21	8.24	8.47	8.14	8.30	7113977	89623160.00
2016/04/22	8.31	8.31	8.02	8.14	6223092	76673496.00
2016/04/25	8.14	8.52	8.04	8.46	5968105	74951576.00
2016/04/26	8.43	8.47	8.26	8.38	4679961	59208928.00
2016/04/27	8.40	8.54	8.27	8.28	3687327	46804752.00
2016/04/28	8.30	8.36	8.05	8.18	3524267	43664196.00
2016/04/29	8.17	8.22	8.05	8.13	4049651	49919880.00
2016/05/03	8.13	8.40	8.04	8.34	5000997	62854048.00
2016/05/04	8.40	8.44	8.30	8.31	4097241	51998948.00
2016/05/05	8.31	8.36	8.21	8.26	3687313	46149768.00
2016/05/06	8.21	8.34	7.99	8.00	5933683	72887696.00
2016/05/09	7.98	8.00	7.75	7.80	4377746	52040684.00
2016/05/10	7.80	8.03	7.78	8.01	5675375	68253272.00
2016/05/11	8.04	8.06	7.80	7.88	3516937	42200908.00
2016/05/12	7.76	8.14	7.64	8.04	4316709	52367768.00
2016/05/13	8.03	8.24	7.95	8.02	2746482	33784672.00
2016/05/16	7.98	8.08	7.94	8.06	1689131	20558882.00
2016/05/17	8.07	8.28	8.07	8.12	4052325	50352924.00
2016/05/18	8.08	8.16	7.80	7.86	4016734	48202948.00
2016/05/19	7.78	7.96	7.78	7.86	2994796	35821536.00
2016/05/20	7.81	8.11	7.81	8.04	4743653	57814524.00
2016/05/23	8.24	8.30	8.04	8.12	2574597	31787616.00
2016/05/24	8.12	8.12	7.91	7.97	3442374	41662556.00
2016/05/25	8.13	8.20	7.90	7.98	1633714	19825764.00
2016/05/26	7.98	8.02	7.84	7.98	2013239	24204174.00
2016/05/27	7.96	7.98	7.85	7.88	3110878	37295112.00
2016/05/30	7.84	7.89	7.69	7.77	2783255	32882822.00
2016/05/31	7.86	8.04	7.78	8.04	4082595	49363052.00
2016/06/01	8.04	8.08	7.99	8.08	3452071	42186812.00
2016/06/02	8.10	8.28	7.99	8.12	4224756	52166984.00
2016/06/03	8.12	8.18	8.00	8.03	5231476	63975480.00
2016/06/06	8.15	8.15	7.96	7.99	2795667	34020844.00
2016/06/07	7.99	8.11	7.88	7.93	3471210	41729440.00
2016/06/08	7.99	8.08	7.89	7.93	2220196	26724422.00
2016/06/13	7.91	7.91	7.59	7.65	4154020	48784932.00
2016/06/14	7.65	7.73	7.46	7.52	3335101	38252888.00
2016/06/15	7.47	7.69	7.37	7.67	3002522	34530484.00
2016/06/16	7.68	7.68	7.48	7.50	3201235	36656412.00
2016/06/17	7.51	7.65	7.51	7.55	3060249	35166676.00
2016/06/20	7.59	7.73	7.51	7.69	3493553	40401152.00
2016/06/21	7.79	7.85	7.64	7.67	4290717	50305788.00
2016/06/22	7.65	7.71	7.52	7.71	2422878	28089788.00
2016/06/23	7.75	7.75	7.58	7.62	2398910	27805834.00
2016/06/24	7.62	7.75	7.25	7.51	4138976	47333736.00
2016/06/27	7.51	7.69	7.51	7.67	2938970	33992392.00
2016/06/28	7.63	7.83	7.59	7.79	4617955	54063072.00
2016/06/29	7.79	7.88	7.75	7.80	2971575	35171840.00
2016/06/30	7.85	8.13	7.85	8.00	6593592	80059696.00
2016/07/01	8.04	8.11	7.83	7.83	3944801	47310804.00
2016/07/04	7.83	8.19	7.83	8.18	8362805	102672800.00
2016/07/05	8.20	8.25	8.03	8.15	4915113	60590048.00
2016/07/06	8.09	8.36	8.03	8.22	5710480	71328328.00
2016/07/07	8.25	8.35	8.05	8.11	3358361	41385304.00
2016/07/08	8.09	8.18	8.07	8.11	2309440	28368016.00
2016/07/11	8.06	8.23	8.06	8.10	3431028	42353352.00
2016/07/12	8.15	8.15	7.97	8.15	3849220	46988568.00
2016/07/13	8.17	8.35	8.15	8.23	4697317	58746812.00
2016/07/14	8.20	8.31	8.11	8.18	2199327	27307784.00
2016/07/15	8.18	8.29	8.14	8.21	2016718	25080732.00
2016/07/18	8.21	8.24	8.01	8.02	6672267	81470792.00
2016/07/19	8.08	8.09	7.99	8.07	2454244	29815600.00
2016/07/20	8.07	8.15	8.01	8.08	2589373	31788422.00
2016/07/21	8.11	8.31	8.07	8.20	5227764	64785812.00
2016/07/22	8.17	8.26	8.14	8.15	2932802	36361200.00
2016/07/25	8.09	8.20	8.07	8.11	2366915	29157074.00
2016/07/26	8.12	8.25	8.09	8.19	4860882	60287464.00
2016/07/27	8.21	8.31	7.72	8.01	6809945	83832288.00
2016/07/28	7.92	8.09	7.86	8.01	3461830	41786984.00
2016/07/29	7.95	8.03	7.85	7.87	2857856	34205072.00
2016/08/01	7.86	7.89	7.59	7.73	3660501	42606192.00
2016/08/02	7.73	7.92	7.72	7.88	2976387	35183532.00
2016/08/03	7.88	8.08	7.88	8.01	2992412	36362264.00
2016/08/04	8.17	8.17	8.02	8.10	3392336	41503728.00
2016/08/05	8.11	8.18	8.07	8.15	2992727	36810516.00
2016/08/08	8.19	8.23	8.07	8.21	4064798	50224240.00
2016/08/09	8.22	8.77	8.17	8.77	14487034	187053360.00
2016/08/10	8.72	8.78	8.52	8.59	16477404	215158800.00
2016/08/11	8.63	8.63	8.46	8.48	5072246	65345220.00
2016/08/12	8.47	8.55	8.37	8.49	5194960	66572452.00
2016/08/15	8.55	9.07	8.55	8.84	13493133	181383712.00
2016/08/16	8.87	8.91	8.77	8.81	5114884	68297896.00
2016/08/17	8.82	9.05	8.81	8.85	6985131	94180968.00
2016/08/18	8.87	8.92	8.73	8.77	4548920	60567832.00
2016/08/19	8.81	8.95	8.79	8.82	6046002	81040640.00
2016/08/22	8.75	8.85	8.52	8.69	4803796	63298484.00
2016/08/23	8.69	8.71	8.57	8.64	2807703	36745384.00
2016/08/24	8.69	8.71	8.59	8.63	2675788	34955972.00
2016/08/25	8.60	8.60	8.43	8.55	4348992	56046980.00
2016/08/26	8.55	8.74	8.55	8.61	4205915	55133516.00
2016/08/29	8.59	8.67	8.57	8.63	1712435	22354270.00
2016/08/30	8.69	8.88	8.63	8.81	6603099	88133368.00
2016/08/31	8.81	8.88	8.75	8.82	2928135	39042484.00
2016/09/01	8.82	8.97	8.73	8.77	3869578	51801528.00
2016/09/02	8.75	8.81	8.46	8.55	6329048	82504456.00
2016/09/05	8.59	8.63	8.26	8.39	6197602	79611176.00
2016/09/06	8.40	8.61	8.35	8.59	4201152	54146136.00
2016/09/07	8.61	8.68	8.55	8.62	4679451	60938376.00
2016/09/08	8.84	8.84	8.64	8.71	8469361	112142696.00
2016/09/09	8.68	8.98	8.68	8.78	6424845	86055288.00
2016/09/12	8.59	8.75	8.53	8.60	4535006	59461540.00
2016/09/13	8.69	8.77	8.51	8.74	4876606	63716256.00
2016/09/14	8.72	8.72	8.56	8.59	3449246	45141408.00
2016/09/19	8.51	8.77	8.51	8.77	4531205	59417896.00
2016/09/20	8.79	8.94	8.71	8.90	6678637	89591840.00
2016/09/21	8.83	8.91	8.79	8.85	3820436	51209880.00
2016/09/22	8.92	8.93	8.79	8.80	4123741	55238480.00
2016/09/23	8.81	8.94	8.79	8.84	3904548	52395776.00
2016/09/26	8.89	8.89	8.59	8.69	4297265	56911144.00
2016/09/27	8.66	8.69	8.49	8.63	4905055	63716296.00
2016/09/28	8.72	8.73	8.59	8.63	2471516	32404764.00
2016/09/29	8.63	9.17	8.63	9.08	14034183	191752864.00
2016/09/30	9.03	9.13	8.93	9.12	7168693	98293016.00
2016/10/10	9.14	9.54	9.13	9.29	11165734	158589648.00
2016/10/11	9.31	9.41	9.17	9.36	9983086	139974368.00
2016/10/12	9.27	9.31	9.23	9.28	4253365	59577144.00
2016/10/13	9.28	9.28	9.15	9.23	3902620	54394848.00
2016/10/14	9.23	9.49	9.23	9.35	7880169	111835632.00
2016/10/17	9.35	9.47	9.17	9.25	4576443	64404172.00
2016/10/18	9.26	9.43	9.25	9.33	6532995	92256368.00
2016/10/19	9.39	9.42	9.22	9.25	5277923	74181456.00
2016/10/20	9.25	9.78	9.25	9.62	11855304	171314096.00
2016/10/21	9.68	9.75	9.45	9.64	7484243	108827048.00
2016/10/24	9.65	10.17	9.65	10.09	15187471	230379280.00
2016/10/25	10.04	10.38	9.96	10.31	10292962	158886416.00
2016/10/26	10.27	10.27	9.98	10.05	7426207	112859176.00
2016/10/27	10.05	10.11	9.75	9.89	7617206	113237032.00
2016/10/28	9.89	9.95	9.72	9.76	4861018	72128784.00
2016/10/31	9.76	9.91	9.61	9.77	6691304	98753808.00
2016/11/01	9.77	9.90	9.72	9.79	5631648	83413376.00
2016/11/02	9.81	9.81	9.59	9.65	5674116	82960688.00
2016/11/03	9.55	9.75	9.55	9.69	3205651	46913428.00
2016/11/04	9.69	9.82	9.55	9.61	4709861	68976744.00
2016/11/07	9.75	9.75	9.59	9.68	2841877	41374808.00
2016/11/08	9.65	9.75	9.60	9.67	3222328	47109332.00
2016/11/09	9.65	9.67	9.33	9.47	5487574	78942872.00
2016/11/10	9.51	9.61	9.49	9.58	3758182	54305200.00
2016/11/11	9.75	10.36	9.72	10.12	13980328	212472976.00
2016/11/14	9.77	10.22	9.75	9.92	10680512	160545216.00
2016/11/15	9.86	9.99	9.81	9.85	4350364	65081304.00
2016/11/16	9.95	9.96	9.81	9.85	4249205	63380360.00
2016/11/17	9.80	9.91	9.75	9.81	3565999	52935036.00
2016/11/18	9.81	9.90	9.66	9.88	5193104	76691488.00
2016/11/21	9.87	10.02	9.79	9.91	4994221	74836768.00
2016/11/22	9.97	10.01	9.81	9.89	4489847	67032268.00
2016/11/23	9.85	9.95	9.73	9.86	4044405	59996744.00
2016/11/24	9.91	9.98	9.81	9.86	4735549	70810264.00
2016/11/25	9.80	9.99	9.67	9.89	5086225	75679864.00
2016/11/28	9.93	9.97	9.69	9.74	5741961	84831328.00
2016/11/29	9.73	9.90	9.55	9.65	8641635	127496880.00
2016/11/30	9.53	9.67	9.46	9.59	3996409	57767504.00
2016/12/01	9.79	9.88	9.64	9.73	5767561	84945104.00
2016/12/02	9.73	9.79	9.45	9.53	4335300	62963944.00
2016/12/05	9.52	9.69	9.26	9.69	3650292	52796312.00
2016/12/06	9.65	9.89	9.65	9.81	5576712	82562696.00
2016/12/07	9.73	9.83	9.71	9.81	2724005	40239908.00
2016/12/08	9.73	9.81	9.67	9.71	3010360	44313928.00
2016/12/09	9.69	9.95	9.67	9.89	7574236	112677576.00
2016/12/12	10.09	10.37	9.75	9.82	12702087	193620272.00
2016/12/13	9.66	10.17	9.66	10.14	9526657	144339296.00
2016/12/14	10.13	11.16	10.07	10.56	21706548	349515296.00
2016/12/15	10.56	10.83	10.33	10.55	10734536	171880256.00
2016/12/16	10.63	10.64	10.29	10.40	9080492	143028688.00
2016/12/19	10.37	10.56	10.31	10.43	5840257	92061456.00
2016/12/20	10.43	10.54	10.17	10.21	6857583	107683368.00
2016/12/21	10.19	10.31	10.04	10.31	8793051	135524464.00
2016/12/22	10.22	10.25	10.02	10.21	4506997	69252400.00
2016/12/23	10.18	10.34	10.05	10.10	5640852	87084296.00
2016/12/26	10.05	10.21	9.96	10.12	3760129	57413640.00
2016/12/27	10.17	10.51	10.17	10.32	6859351	107249904.00
2016/12/28	10.38	10.62	10.24	10.35	5559358	87570808.00
2016/12/29	10.29	10.41	10.12	10.19	4064083	62707496.00
2016/12/30	10.16	10.33	10.12	10.20	3493871	54062120.00
2017/01/03	10.19	10.31	10.19	10.25	4221408	65415884.00
2017/01/04	10.21	10.55	10.19	10.51	8060076	127158696.00
2017/01/05	10.52	10.76	10.45	10.52	8931427	143026864.00
2017/01/06	10.52	10.63	10.46	10.51	4414189	70242944.00
2017/01/09	10.46	10.83	10.45	10.83	10064367	162761504.00
2017/01/10	10.84	10.89	10.53	10.55	6585445	106364240.00
2017/01/11	10.49	10.62	10.19	10.24	5323907	83410280.00
2017/01/12	10.28	10.46	10.13	10.27	5386645	83640256.00
2017/01/13	10.27	10.37	10.14	10.19	2578648	39945744.00
2017/01/16	10.17	10.21	9.25	9.62	9613439	142248288.00
2017/01/17	9.62	9.83	9.45	9.78	4654334	68430280.00
2017/01/18	9.74	9.91	9.74	9.82	2844000	42343080.00
2017/01/19	9.77	9.81	9.43	9.45	3635796	52780088.00
2017/01/20	9.31	9.54	9.31	9.47	4404685	62927212.00
2017/01/23	9.47	9.79	9.34	9.74	4167187	60768508.00
2017/01/24	9.74	9.83	9.59	9.71	2667990	39245004.00
2017/01/25	9.69	9.99	9.67	9.89	4129188	61640008.00
2017/01/26	9.99	10.36	9.85	10.27	7312096	111183016.00
2017/02/03	10.22	10.41	10.15	10.25	2519427	39176756.00
2017/02/06	10.25	10.35	10.14	10.23	3078229	47549528.00
2017/02/07	10.24	10.31	10.19	10.31	3263564	50543632.00
2017/02/08	10.25	10.29	10.15	10.19	4697232	72445160.00
2017/02/09	10.19	10.27	10.15	10.25	3219250	49637868.00
2017/02/10	10.27	10.29	10.05	10.21	3259760	49948400.00
2017/02/13	10.21	10.55	10.15	10.51	6629989	104405216.00
2017/02/14	10.49	10.75	10.37	10.69	7047212	112884096.00
2017/02/15	10.63	10.81	10.53	10.62	5556142	89496408.00
2017/02/16	10.53	10.67	10.53	10.61	2572336	41208644.00
2017/02/17	10.60	10.66	10.52	10.56	3180783	50789716.00
2017/02/20	10.59	10.62	10.49	10.62	3709017	59229512.00
2017/02/21	10.59	10.69	10.37	10.49	4895418	77702336.00
2017/02/22	10.49	10.69	10.40	10.66	6403636	102130424.00
2017/02/23	10.65	10.70	10.51	10.58	3797555	60638780.00
2017/02/24	10.53	10.62	10.41	10.47	4164294	65850024.00
2017/02/27	10.47	10.53	10.30	10.34	2920229	45866488.00
2017/02/28	10.34	10.80	10.34	10.80	7385902	118712688.00
2017/03/01	10.79	10.90	10.68	10.75	6205208	101237600.00
2017/03/02	10.75	10.83	10.48	10.55	6811369	109812872.00
2017/03/03	10.45	10.57	10.41	10.51	3406168	53966592.00
2017/03/06	10.49	10.59	10.47	10.51	2814618	44789904.00
2017/03/07	10.59	10.59	10.42	10.54	2908453	46068072.00
2017/03/08	10.52	10.58	10.34	10.39	2932957	46262688.00
2017/03/09	10.25	10.25	9.93	9.98	8205347	125027696.00
2017/03/10	9.96	10.15	9.94	10.11	2659101	40507592.00
2017/03/13	10.10	10.14	9.97	10.12	2528264	38503064.00
2017/03/14	10.12	10.23	10.08	10.17	2255601	34628024.00
2017/03/15	10.12	10.23	10.11	10.19	1261068	19369014.00
2017/03/16	10.29	10.31	10.17	10.30	4029714	62333508.00
2017/03/17	10.23	10.33	10.19	10.19	2922340	45438512.00
2017/03/20	10.14	10.22	10.11	10.17	2048109	31485726.00
2017/03/21	10.22	10.22	10.02	10.09	2982148	45407248.00
2017/03/22	9.99	10.13	9.86	10.01	2750529	41538656.00
2017/03/23	9.99	10.08	9.89	9.96	2752077	41473748.00
2017/03/24	9.96	9.97	9.59	9.72	6570224	96555232.00
2017/03/27	9.71	9.75	9.64	9.67	3089541	45343628.00
2017/03/28	9.69	9.87	9.67	9.81	3287292	48724476.00
2017/03/29	9.83	9.90	9.77	9.82	1952741	28971166.00
2017/03/30	9.81	9.87	9.64	9.75	2845655	42163632.00
2017/03/31	9.85	10.02	9.85	9.95	3137237	47244640.00
2017/04/05	10.10	10.12	9.93	10.09	4435387	67249000.00
2017/04/06	10.14	10.14	9.99	9.99	3574262	54350796.00
2017/04/07	10.04	10.13	9.99	10.07	3132849	47736864.00
2017/04/10	10.11	10.11	9.84	9.94	4229636	63489804.00
2017/04/11	9.99	9.99	9.75	9.92	2875296	42937584.00
2017/04/12	9.99	9.99	9.81	9.85	4052535	60540188.00
2017/04/13	9.85	9.95	9.83	9.88	3408097	51023108.00
2017/04/14	9.88	9.95	9.74	9.80	2387034	35423244.00
2017/04/17	9.77	9.91	9.69	9.74	3631979	53777516.00
2017/04/18	9.82	10.17	9.77	9.87	6405218	96724392.00
2017/04/19	9.92	9.95	9.59	9.67	3674684	53783868.00
2017/04/20	9.60	9.75	9.52	9.68	2876769	42112612.00
2017/04/21	9.71	9.95	9.69	9.82	3860389	57383092.00
2017/04/24	9.79	9.86	9.63	9.70	2206232	32356344.00
2017/04/25	9.78	9.91	9.65	9.85	3338789	49563240.00
2017/04/26	9.76	9.89	9.53	9.55	5435905	79275512.00
2017/04/27	9.52	9.57	9.05	9.29	6062198	84719856.00
2017/04/28	9.36	9.36	9.17	9.24	2881222	40296828.00
2017/05/02	9.25	9.31	9.09	9.09	3770803	52394964.00
2017/05/03	9.13	9.13	9.03	9.07	2756549	37910260.00
2017/05/04	9.07	9.09	8.90	8.93	3798921	51649192.00
2017/05/05	8.92	8.92	8.65	8.69	4389613	58216812.00
2017/05/08	8.71	9.02	8.71	8.83	4638912	62110664.00
2017/05/09	8.85	8.98	8.77	8.81	4158820	55620492.00
2017/05/10	8.90	8.95	8.71	8.71	3505358	46865464.00
2017/05/11	8.87	8.93	8.68	8.77	5249618	69686776.00
2017/05/12	8.70	8.81	8.70	8.75	2171412	28772426.00
2017/05/15	8.78	8.84	8.74	8.79	3947196	52386468.00
2017/05/16	9.14	9.23	8.99	9.20	10684281	147585488.00
2017/05/17	9.12	9.50	9.12	9.21	8586486	121252024.00
2017/05/18	9.18	9.34	8.92	8.97	8872274	80697056.00
2017/05/19	8.92	9.22	8.92	9.00	7526258	68215216.00
2017/05/22	9.08	9.78	8.98	9.67	26843500	254583024.00
2017/05/23	9.69	9.69	9.34	9.40	12925411	122271024.00
2017/05/24	9.22	9.47	9.22	9.42	5352323	50151740.00
2017/05/25	9.39	9.47	9.31	9.42	5634300	52988496.00
2017/05/26	9.37	9.42	9.28	9.29	4446923	41478992.00
2017/05/31	9.36	9.55	9.27	9.30	4590500	42960624.00
2017/06/01	9.28	9.36	9.05	9.19	7359100	67610608.00
2017/06/02	9.12	9.28	9.09	9.24	5150600	47293272.00
2017/06/05	9.30	9.32	9.10	9.19	5053700	46606280.00
2017/06/06	9.17	9.29	9.13	9.25	3012600	27811690.00
2017/06/07	9.22	9.44	9.22	9.39	5051000	47358812.00
2017/06/08	9.40	9.42	9.30	9.33	3404600	31834814.00
2017/06/09	9.33	9.37	9.19	9.29	3030800	28126424.00
2017/06/12	9.29	9.29	9.16	9.18	4572906	42146432.00
2017/06/13	9.18	9.34	9.15	9.27	4940292	45687296.00
2017/06/14	9.28	9.30	9.19	9.26	3609719	33295666.00
2017/06/15	9.26	9.34	9.21	9.32	5748186	53351180.00
2017/06/16	9.30	9.58	9.26	9.38	9251123	86959136.00
2017/06/19	9.39	9.42	9.30	9.30	4879700	45615164.00
2017/06/20	9.30	9.36	9.27	9.30	4222320	39280668.00
2017/06/21	9.26	9.42	9.26	9.42	6192800	57996708.00
2017/06/22	9.41	9.47	9.32	9.33	4786700	45048140.00
2017/06/23	9.32	9.40	9.26	9.35	4660600	43443788.00
2017/06/26	9.35	9.51	9.30	9.50	7815900	73688992.00
2017/06/27	9.52	9.75	9.50	9.62	8343800	80474096.00
2017/06/28	9.64	9.93	9.52	9.86	16007539	155820560.00
2017/06/29	9.87	9.88	9.66	9.74	9572800	93242696.00
2017/06/30	9.73	9.83	9.64	9.76	6765600	65842512.00
2017/07/03	9.72	9.87	9.68	9.79	6940600	67906504.00
2017/07/04	9.79	10.07	9.76	9.99	13936400	138676688.00
2017/07/05	9.99	10.02	9.83	9.98	5720300	56747104.00
2017/07/06	9.96	10.16	9.90	9.98	6824700	68375736.00
2017/07/07	9.90	9.96	9.81	9.91	5667600	56021940.00
2017/07/10	9.91	10.18	9.84	10.10	9582900	96396808.00
2017/07/11	10.00	10.15	9.97	10.02	6168100	61970632.00
2017/07/12	10.03	10.45	10.02	10.35	16062700	165369248.00
2017/07/13	10.35	10.60	10.27	10.34	12450400	129623024.00
2017/07/14	10.26	10.34	10.12	10.12	10798300	110202328.00
2017/07/17	10.15	10.25	9.54	9.85	11497000	114561320.00
2017/07/18	9.92	10.45	9.92	10.44	20362200	208157264.00
2017/07/19	10.40	10.68	10.25	10.59	19778200	207618272.00
2017/07/20	10.60	10.70	10.45	10.50	13069300	138029312.00
2017/07/21	10.45	10.96	10.41	10.79	18887414	202646912.00
2017/07/24	10.72	11.14	10.71	11.13	19405100	212328304.00
2017/07/25	11.17	11.21	10.82	10.97	12586300	137965744.00
2017/07/26	11.05	11.14	10.68	10.80	15528000	168132992.00
2017/07/27	10.80	10.96	10.67	10.77	11418200	123169520.00
2017/07/28	10.73	10.86	10.57	10.70	11622600	124102560.00
2017/07/31	10.74	11.11	10.68	11.04	18104000	198201296.00
2017/08/01	11.04	11.09	10.72	10.99	14910700	162052000.00
2017/08/02	10.90	10.97	10.74	10.78	10299500	111663408.00
2017/08/03	10.70	10.89	10.60	10.85	7992100	86003576.00
2017/08/04	10.85	11.01	10.75	10.81	9472900	103107728.00
2017/08/07	10.81	10.81	10.64	10.71	7696000	82537208.00
2017/08/08	10.76	11.03	10.67	10.93	11547500	126082800.00
2017/08/09	10.97	11.01	10.75	10.88	8010300	86920664.00
2017/08/10	10.90	11.03	10.72	10.85	8599700	93439336.00
2017/08/11	10.66	10.82	10.35	10.36	13281100	140096160.00
2017/08/14	10.36	10.63	10.36	10.47	9996200	105219200.00
2017/08/15	10.40	10.47	9.50	10.09	25298300	255430880.00
2017/08/16	10.00	10.04	9.89	9.93	8042600	80020224.00
2017/08/17	9.90	10.05	9.88	9.96	6131100	61024964.00
2017/08/18	9.94	10.04	9.87	9.98	4852300	48375380.00
数据来源:通达信
