002670 国盛金控 日线 前复权
      日期	    开盘	    最高	    最低	    收盘	    成交量	    成交额
2012/04/16	5.24	5.38	4.71	4.84	24729528	228396576.00
2012/04/17	5.08	5.40	5.08	5.29	28774856	274596576.00
2012/04/18	5.08	5.23	4.96	5.14	21609879	200902144.00
2012/04/19	5.07	5.19	4.99	5.14	11857142	110605328.00
2012/04/20	5.14	5.22	5.01	5.16	14104379	131997744.00
2012/04/23	5.08	5.09	4.71	4.82	11630856	104517592.00
2012/04/24	4.73	4.83	4.41	4.58	8689126	74271856.00
2012/04/25	4.51	4.62	4.48	4.58	6564781	55571524.00
2012/04/26	4.61	4.72	4.57	4.68	7271695	62766228.00
2012/04/27	4.68	4.73	4.53	4.60	3706172	31661996.00
2012/05/02	4.64	4.78	4.59	4.78	6154511	53505644.00
2012/05/03	4.74	4.79	4.69	4.74	4130903	36189216.00
2012/05/04	4.76	4.77	4.71	4.76	3520912	30806176.00
2012/05/07	4.76	4.76	4.63	4.71	3701932	32051468.00
2012/05/08	4.70	4.95	4.67	4.83	6920338	61300880.00
2012/05/09	4.74	4.76	4.68	4.68	4144867	36092028.00
2012/05/10	4.68	4.72	4.66	4.69	2326260	20200526.00
2012/05/11	4.68	4.71	4.59	4.59	2701991	23226418.00
2012/05/14	4.64	4.67	4.56	4.56	2251683	19279914.00
2012/05/15	4.53	4.62	4.49	4.62	2528674	21359208.00
2012/05/16	4.62	4.69	4.57	4.57	2208363	18959698.00
2012/05/17	4.63	4.70	4.59	4.66	2545024	21937518.00
2012/05/18	4.61	4.69	4.58	4.58	2102080	18022670.00
2012/05/21	4.59	4.66	4.53	4.58	2009109	17124070.00
2012/05/22	4.61	4.65	4.59	4.65	1748127	14988564.00
2012/05/23	4.64	4.69	4.59	4.64	2664689	22916638.00
2012/05/24	4.64	4.65	4.54	4.55	2310288	19643952.00
2012/05/25	4.56	4.58	4.34	4.35	2833634	23463092.00
2012/05/28	4.33	4.34	4.16	4.33	3031721	24101756.00
2012/05/29	4.32	4.43	4.29	4.39	2700162	22050428.00
2012/05/30	4.39	4.43	4.36	4.38	1528772	12504618.00
2012/05/31	4.34	4.49	4.32	4.42	2460596	20241978.00
2012/06/01	4.40	4.46	4.39	4.43	1868325	15411275.00
2012/06/04	4.36	4.36	4.14	4.19	1966990	15752836.00
2012/06/05	4.19	4.25	4.18	4.21	1244919	9843512.00
2012/06/06	4.23	4.24	4.16	4.18	776650	6144524.50
2012/06/07	4.21	4.25	4.13	4.16	1312911	10354865.00
2012/06/08	4.21	4.22	4.16	4.18	1188390	9360548.00
2012/06/11	4.18	4.26	4.17	4.26	1277244	10131692.00
2012/06/12	4.23	4.24	4.21	4.21	838492	6650656.50
2012/06/13	4.22	4.33	4.22	4.32	1591431	12795677.00
2012/06/14	4.30	4.37	4.28	4.28	1590666	12867579.00
2012/06/15	4.28	4.33	4.22	4.29	1183868	9498940.00
2012/06/18	4.32	4.37	4.29	4.35	1592320	12922568.00
2012/06/19	4.35	4.36	4.29	4.31	1019565	8249482.50
2012/06/20	4.31	4.34	4.29	4.31	946505	7641951.50
2012/06/25	4.21	4.24	4.12	4.13	1167384	9190900.00
2012/06/26	4.05	4.18	4.05	4.14	861463	6674851.50
2012/06/27	4.17	4.23	4.13	4.18	1380971	10883106.00
2012/06/28	4.18	4.23	4.09	4.11	1324910	10351344.00
2012/06/29	4.08	4.21	4.07	4.21	1148025	8940016.00
2012/07/02	4.21	4.26	4.18	4.21	1286340	10178569.00
2012/07/03	4.23	4.32	4.19	4.31	2274026	18241948.00
2012/07/04	4.29	4.34	4.25	4.30	1761243	14188007.00
2012/07/05	4.30	4.30	4.16	4.18	1234265	9752924.00
2012/07/06	4.22	4.31	4.16	4.29	1882118	14973541.00
2012/07/09	4.24	4.32	4.15	4.16	1676204	13377474.00
2012/07/10	4.16	4.20	4.05	4.11	1313029	10162673.00
2012/07/11	4.11	4.13	4.08	4.13	768408	5956848.50
2012/07/12	4.15	4.16	4.06	4.11	1357308	10248254.00
2012/07/13	4.08	4.13	3.97	3.98	1542921	11477614.00
2012/07/16	3.96	3.96	3.53	3.58	5026240	34548608.00
2012/07/17	3.54	3.62	3.54	3.61	1870630	12536222.00
2012/07/18	3.59	3.68	3.55	3.66	1339787	9045101.00
2012/07/19	3.63	3.74	3.63	3.70	2702751	18610840.00
2012/07/20	3.68	3.69	3.58	3.69	1457038	9915773.00
2012/07/23	3.64	3.76	3.60	3.69	1521710	10423214.00
2012/07/24	3.66	3.74	3.66	3.72	1243270	8585871.00
2012/07/25	3.68	3.86	3.68	3.74	2781922	19591706.00
2012/07/26	3.70	3.82	3.69	3.77	1795342	12579952.00
2012/07/27	3.80	3.80	3.71	3.74	962142	6701572.00
2012/07/30	3.76	3.76	3.58	3.59	1320439	8964462.00
2012/07/31	3.59	3.62	3.47	3.48	1590950	10493246.00
2012/08/01	3.48	3.57	3.48	3.54	1162884	7719134.00
2012/08/02	3.55	3.57	3.45	3.46	1297260	8552574.00
2012/08/03	3.46	3.59	3.46	3.59	2533069	16756739.00
2012/08/06	3.56	3.71	3.54	3.69	3459196	23467100.00
2012/08/07	3.69	3.74	3.68	3.71	2431448	16782172.00
2012/08/08	3.71	3.81	3.70	3.74	2508217	17475370.00
2012/08/09	3.71	3.82	3.69	3.81	2862733	20073252.00
2012/08/10	3.82	3.83	3.75	3.77	2383550	16734720.00
2012/08/13	3.77	3.78	3.68	3.69	1749771	12143056.00
2012/08/14	3.66	3.74	3.63	3.74	1696574	11656324.00
2012/08/15	3.71	3.76	3.68	3.73	1304673	9042668.00
2012/08/16	3.74	3.74	3.69	3.70	769481	5313694.50
2012/08/17	3.70	3.71	3.63	3.66	987059	6742536.50
2012/08/20	3.64	3.68	3.59	3.67	911269	6177133.00
2012/08/21	3.64	3.78	3.64	3.76	1870573	13024460.00
2012/08/22	3.76	3.81	3.73	3.76	2059398	14440703.00
2012/08/23	3.74	3.94	3.74	3.90	6366036	45554812.00
2012/08/24	3.91	3.91	3.71	3.71	4157546	29206544.00
2012/08/27	3.73	3.82	3.68	3.68	3497950	24336416.00
2012/08/28	3.68	3.79	3.58	3.75	3187593	21957844.00
2012/08/29	3.74	3.85	3.66	3.77	3127541	21967924.00
2012/08/30	3.74	3.79	3.61	3.69	2336177	16156341.00
2012/08/31	3.70	3.73	3.64	3.71	1290201	8878432.00
2012/09/03	3.69	3.88	3.68	3.83	2537323	17879836.00
2012/09/04	3.83	3.91	3.78	3.89	3938813	28044042.00
2012/09/05	3.83	4.04	3.82	3.96	5456806	39741500.00
2012/09/06	3.93	4.07	3.92	4.01	3364590	24674296.00
2012/09/07	4.01	4.14	3.99	4.04	6612750	49364688.00
2012/09/10	4.03	4.09	3.99	4.04	3816688	28353808.00
2012/09/11	4.04	4.04	3.95	3.98	3144566	23114988.00
2012/09/12	3.99	4.13	3.99	4.06	3865689	28807584.00
2012/09/13	4.05	4.10	3.91	3.91	3291242	24315706.00
2012/09/14	3.97	3.99	3.91	3.93	2272130	16549330.00
2012/09/17	3.95	3.95	3.83	3.83	2241892	16088931.00
2012/09/18	3.81	3.87	3.79	3.83	1212592	8595640.00
2012/09/19	3.84	4.04	3.80	3.94	2399136	17397030.00
2012/09/20	3.91	3.93	3.76	3.76	1975451	14040923.00
2012/09/21	3.75	3.81	3.73	3.73	1072417	7510874.00
2012/09/24	3.71	3.81	3.69	3.76	968391	6743367.50
2012/09/25	3.74	3.78	3.69	3.72	834349	5784086.00
2012/09/26	3.71	3.74	3.59	3.61	830662	5642566.50
2012/09/27	3.61	3.75	3.61	3.69	1153261	7921587.50
2012/09/28	3.72	3.79	3.68	3.76	1231288	8553738.00
2012/10/08	3.77	3.78	3.72	3.74	898795	6258500.50
2012/10/09	3.73	3.89	3.73	3.88	1988485	14198667.00
2012/10/10	3.88	3.94	3.86	3.93	1769700	12765819.00
2012/10/11	3.91	3.91	3.83	3.84	1834168	13144199.00
2012/10/12	3.85	3.90	3.78	3.84	974175	6921854.50
2012/10/15	3.81	3.82	3.66	3.69	2166587	14998297.00
2012/10/16	3.68	3.74	3.66	3.68	1457962	10046481.00
2012/10/17	3.69	3.79	3.68	3.71	1271219	8796220.00
2012/10/18	3.71	3.81	3.71	3.78	1554041	10878937.00
2012/10/19	3.78	3.88	3.78	3.79	1159842	8183355.00
2012/10/22	3.78	3.88	3.76	3.83	1044831	7379126.50
2012/10/23	3.83	3.86	3.79	3.82	1156956	8183992.00
2012/10/24	3.78	3.81	3.76	3.78	1185529	8328567.50
2012/10/25	3.77	3.81	3.72	3.72	1031100	7216445.50
2012/10/26	3.71	3.89	3.66	3.67	1556935	10816377.00
2012/10/29	3.69	3.72	3.64	3.69	623509	4274463.50
2012/10/30	3.69	3.72	3.68	3.69	611880	4209699.50
2012/10/31	3.69	3.71	3.65	3.70	766115	5252514.00
2012/11/01	3.69	3.79	3.69	3.78	1205668	8413616.00
2012/11/02	3.78	3.80	3.74	3.78	941191	6590021.00
2012/11/05	3.78	3.79	3.74	3.76	578570	4047993.50
2012/11/06	3.76	3.78	3.66	3.72	1062659	7338162.50
2012/11/07	3.69	3.74	3.69	3.72	695131	4808462.50
2012/11/08	3.69	3.71	3.65	3.65	686000	4700440.50
2012/11/09	3.62	3.66	3.61	3.63	652410	4425073.50
2012/11/12	3.65	3.76	3.64	3.71	800943	5500220.50
2012/11/13	3.70	3.70	3.58	3.60	796671	5414493.00
2012/11/14	3.63	3.65	3.59	3.64	543109	3673426.50
2012/11/15	3.64	3.73	3.58	3.61	1672875	11419583.00
2012/11/16	3.64	3.64	3.52	3.54	802782	5334089.00
2012/11/19	3.57	3.57	3.46	3.54	690615	4537631.50
2012/11/20	3.54	3.59	3.54	3.55	738774	4920920.00
2012/11/21	3.58	3.61	3.48	3.60	1040150	6923540.00
2012/11/22	3.58	3.63	3.56	3.59	476174	3190481.00
2012/11/23	3.58	3.62	3.58	3.59	506751	3413331.25
2012/11/26	3.60	3.61	3.53	3.54	345936	2314681.25
2012/11/27	3.52	3.56	3.31	3.31	893690	5733858.50
2012/11/28	3.31	3.33	3.25	3.27	486069	3014751.75
2012/11/29	3.27	3.31	3.16	3.18	562280	3449429.50
2012/11/30	3.18	3.23	3.17	3.22	452343	2755438.00
2012/12/03	3.22	3.22	3.07	3.08	353100	2127901.00
2012/12/04	3.08	3.14	3.03	3.13	521632	3079293.00
2012/12/05	3.09	3.32	3.08	3.24	1206181	7434610.50
2012/12/06	3.23	3.26	3.23	3.24	625872	3851320.50
2012/12/07	3.24	3.33	3.19	3.29	1057652	6582990.00
2012/12/10	3.31	3.36	3.28	3.35	1094603	6883487.00
2012/12/11	3.35	3.35	3.29	3.29	948758	5959098.50
2012/12/12	3.29	3.33	3.26	3.29	597719	3727144.50
2012/12/13	3.29	3.30	3.23	3.24	611433	3776414.75
2012/12/14	3.22	3.50	3.22	3.46	2253667	14389347.00
2012/12/17	3.45	3.46	3.40	3.44	1503949	9720548.00
2012/12/18	3.44	3.48	3.39	3.43	1236370	7992829.00
2012/12/19	3.40	3.53	3.39	3.53	1927348	12561574.00
2012/12/20	3.54	3.74	3.49	3.74	6205265	42074492.00
2012/12/21	3.77	3.99	3.76	3.88	11741870	84144400.00
2012/12/24	3.94	3.99	3.79	3.81	5565463	39794500.00
2012/12/25	3.78	3.96	3.77	3.93	5678343	40508212.00
2012/12/26	3.93	4.13	3.89	4.12	11865915	87828816.00
2012/12/27	4.14	4.16	3.87	3.88	7835315	57873212.00
2012/12/28	3.89	3.96	3.79	3.88	4322470	31039164.00
2012/12/31	3.89	3.93	3.83	3.88	2873148	20547664.00
2013/01/04	3.92	3.93	3.82	3.89	2235408	16039834.00
2013/01/07	3.87	3.92	3.84	3.91	1870975	13450111.00
2013/01/08	3.89	4.05	3.85	3.94	4271307	31136794.00
2013/01/09	3.91	3.97	3.88	3.90	3191919	23079922.00
2013/01/10	3.89	3.94	3.86	3.89	1924608	13865853.00
2013/01/11	3.89	3.91	3.78	3.81	2464190	17592920.00
2013/01/14	3.78	3.98	3.78	3.96	3893552	28098898.00
2013/01/15	3.96	4.06	3.93	4.01	4459222	32906378.00
2013/01/16	4.01	4.06	3.91	3.98	3776662	27693076.00
2013/01/17	3.98	3.98	3.88	3.91	1991773	14414906.00
2013/01/18	3.91	4.00	3.89	3.99	2514066	18348190.00
2013/01/21	4.01	4.08	3.98	4.06	3431248	25442980.00
2013/01/22	4.04	4.07	3.88	3.93	2767608	20297480.00
2013/01/23	3.89	3.93	3.81	3.89	2307591	16522934.00
2013/01/24	3.88	3.94	3.73	3.78	2517186	17881660.00
2013/01/25	3.77	3.78	3.72	3.76	1112320	7761765.00
2013/01/28	3.74	3.87	3.74	3.87	1484974	10518112.00
2013/01/29	3.84	3.90	3.84	3.89	1208467	8669460.00
2013/01/30	3.90	3.91	3.81	3.90	1664948	11885800.00
2013/01/31	3.90	3.99	3.83	3.93	2685297	19463906.00
2013/02/01	3.87	3.95	3.87	3.95	1611809	11680910.00
2013/02/04	3.95	3.98	3.89	3.94	1681827	12212977.00
2013/02/05	3.92	4.05	3.89	4.04	3852011	28381906.00
2013/02/06	4.02	4.24	4.02	4.13	7208789	54713584.00
2013/02/07	4.07	4.16	4.05	4.15	3410753	25689642.00
2013/02/08	4.13	4.18	4.09	4.12	2298801	17432994.00
2013/02/18	4.12	4.13	4.06	4.10	2411170	18093264.00
2013/02/19	4.08	4.34	4.06	4.18	6465587	49405484.00
2013/02/20	4.17	4.49	4.14	4.41	12335204	98015184.00
2013/02/21	4.28	4.32	4.19	4.22	6070345	47065164.00
2013/02/22	4.21	4.24	4.09	4.12	3194999	24403618.00
2013/02/25	4.16	4.17	4.03	4.14	2058821	15531812.00
2013/02/26	4.11	4.19	4.04	4.06	2224408	16792886.00
2013/02/27	4.07	4.14	4.04	4.08	1407602	10561993.00
2013/02/28	4.10	4.15	4.08	4.13	2539576	19191436.00
2013/03/01	4.14	4.22	4.13	4.22	2591303	19812268.00
2013/03/04	4.19	4.19	4.03	4.04	2203388	16630099.00
2013/03/05	4.04	4.13	4.02	4.12	1298418	9771285.00
2013/03/06	4.14	4.21	4.11	4.19	2232708	17071604.00
2013/03/07	4.18	4.23	4.06	4.11	1967744	15015607.00
2013/03/08	4.11	4.14	4.09	4.10	1098050	8294125.50
2013/03/11	4.09	4.16	4.08	4.13	995152	7533691.50
2013/03/12	4.09	4.14	3.88	3.92	2220637	16376018.00
2013/03/13	3.91	3.94	3.81	3.85	1150042	8221936.50
2013/03/14	3.85	3.89	3.83	3.85	644637	4602908.50
2013/03/15	3.85	3.94	3.80	3.86	1156077	8298696.50
2013/03/18	3.84	3.88	3.79	3.79	649640	4609758.50
2013/03/19	3.78	3.81	3.67	3.78	1234614	8605560.00
2013/03/20	3.79	3.88	3.78	3.88	1533391	10914681.00
2013/03/21	3.88	3.91	3.86	3.89	1566242	11262279.00
2013/03/22	3.87	3.92	3.87	3.90	1034780	7454833.50
2013/03/25	3.90	4.06	3.87	3.95	1605185	11677272.00
2013/03/26	3.93	3.94	3.85	3.89	805136	5785613.00
2013/03/27	3.87	3.93	3.87	3.89	678900	4893523.50
2013/03/28	3.84	3.86	3.69	3.69	1099260	7661927.00
2013/03/29	3.71	3.76	3.68	3.71	506393	3505880.25
2013/04/01	3.71	3.79	3.69	3.74	665764	4644103.50
2013/04/02	3.74	3.79	3.71	3.73	584080	4057340.50
2013/04/03	3.73	3.76	3.66	3.66	696609	4791485.00
2013/04/08	3.60	3.67	3.56	3.66	623147	4205894.00
2013/04/09	3.63	3.72	3.63	3.70	435487	2996020.00
2013/04/10	3.68	3.71	3.66	3.69	425231	2920467.50
2013/04/11	3.72	3.72	3.64	3.65	531047	3631684.75
2013/04/12	3.64	3.67	3.59	3.60	403401	2733819.75
2013/04/15	3.57	3.58	3.50	3.51	510239	3385927.50
2013/04/16	3.52	3.59	3.48	3.59	433459	2877330.50
2013/04/17	3.59	3.61	3.55	3.60	436144	2923514.25
2013/04/18	3.60	3.68	3.57	3.68	846338	5742503.50
2013/04/19	3.68	3.76	3.67	3.75	1483028	10279903.00
2013/04/22	3.74	3.78	3.71	3.76	992570	6916006.00
2013/04/23	3.77	3.77	3.63	3.66	1022308	7011709.00
2013/04/24	3.66	3.77	3.65	3.73	1007454	6960634.50
2013/04/25	3.73	3.80	3.68	3.68	1149985	7984803.50
2013/04/26	3.69	3.71	3.62	3.62	720281	4930950.00
2013/05/02	3.61	3.66	3.59	3.63	560702	3790501.50
2013/05/03	3.65	3.76	3.63	3.73	944422	6534809.50
2013/05/06	3.75	3.84	3.74	3.84	1484199	10495140.00
2013/05/07	3.84	3.85	3.77	3.81	1222500	8620318.00
2013/05/08	3.81	3.86	3.80	3.84	1067708	7577129.50
2013/05/09	3.83	3.88	3.81	3.86	1417897	10092912.00
2013/05/10	3.86	3.89	3.83	3.88	1287828	9209819.00
2013/05/13	3.86	3.98	3.86	3.94	2112776	15284649.00
2013/05/14	3.92	3.96	3.84	3.88	1479839	10663855.00
2013/05/15	3.88	3.99	3.88	3.98	1697571	12377380.00
2013/05/16	3.98	4.07	3.98	3.99	2562373	18946694.00
2013/05/17	3.99	4.08	3.97	4.07	2121172	15806254.00
2013/05/20	4.11	4.20	4.08	4.18	2977396	22677362.00
2013/05/21	4.15	4.22	4.12	4.22	2460895	18836678.00
2013/05/22	4.22	4.23	4.08	4.11	2283166	17361626.00
2013/05/23	4.09	4.16	4.06	4.08	1940741	14623702.00
2013/05/24	4.11	4.18	4.06	4.17	1770534	13412217.00
2013/05/27	4.16	4.30	4.16	4.20	2342664	18103842.00
2013/05/28	4.18	4.22	4.09	4.21	2190787	16710452.00
2013/05/29	4.20	4.28	4.19	4.25	2551441	19828756.00
2013/05/30	4.23	4.33	4.20	4.31	2719894	21290712.00
2013/05/31	4.33	4.43	4.28	4.28	3874867	30723700.00
2013/06/03	4.25	4.36	4.21	4.25	2272911	17749780.00
2013/06/04	4.25	4.26	4.06	4.14	2476117	18850410.00
2013/06/05	4.13	4.33	4.12	4.32	4442232	34545568.00
2013/06/06	4.49	4.49	4.06	4.08	5756108	42960744.00
2013/06/07	4.04	4.11	3.93	3.94	2782090	19816296.00
2013/06/13	3.91	3.91	3.72	3.79	1470307	9987286.00
2013/06/14	3.80	3.94	3.79	3.90	1680471	11600280.00
2013/06/17	3.89	3.95	3.84	3.90	1042473	7246860.00
2013/06/18	3.93	3.93	3.83	3.88	976463	6756153.50
2013/06/19	3.86	3.86	3.74	3.84	1166167	7916173.50
2013/06/20	3.80	3.83	3.73	3.74	703500	4759785.00
2013/06/21	3.69	3.79	3.68	3.77	780356	5230340.50
2013/06/24	3.81	3.81	3.49	3.54	1058243	6945604.50
2013/06/25	3.53	3.61	3.24	3.55	1241965	7746811.00
2013/06/26	3.55	3.63	3.52	3.61	949423	6106186.50
2013/06/27	3.61	3.66	3.49	3.50	958226	6206474.00
2013/06/28	3.50	3.58	3.44	3.51	714333	4528414.50
2013/07/01	3.54	3.59	3.46	3.59	488362	3123543.00
2013/07/02	3.61	3.68	3.57	3.68	861583	5618522.00
2013/07/03	3.66	3.68	3.56	3.66	772853	5042520.00
2013/07/04	3.63	3.74	3.60	3.71	970359	6431596.00
2013/07/05	3.70	3.76	3.68	3.69	640893	4266231.00
2013/07/08	3.63	3.64	3.43	3.50	661413	4216307.00
2013/07/09	3.43	3.54	3.43	3.52	378469	2395674.75
2013/07/10	3.53	3.64	3.53	3.64	637302	4110567.25
2013/07/11	3.63	3.78	3.61	3.73	1397111	9329611.00
2013/07/12	3.71	3.76	3.64	3.67	1081581	7207961.50
2013/07/15	3.68	3.77	3.68	3.76	966500	6486901.50
2013/07/16	3.76	3.89	3.73	3.88	1573458	10753625.00
2013/07/17	3.96	4.13	3.81	3.82	3121082	22046854.00
2013/07/18	3.80	3.84	3.72	3.78	1241283	8384734.00
2013/07/19	3.79	3.84	3.71	3.72	988220	6671786.00
2013/07/22	3.68	3.79	3.67	3.79	815089	5464727.00
2013/07/23	3.79	3.88	3.79	3.88	1356440	9331773.00
2013/07/24	3.85	3.91	3.80	3.87	1835434	12620278.00
2013/07/25	3.87	3.88	3.75	3.77	1074129	7321960.00
2013/07/26	3.76	3.83	3.73	3.80	660600	4467796.50
2013/07/29	3.79	3.94	3.79	3.89	2515927	17403066.00
2013/07/30	3.89	3.94	3.78	3.88	1362359	9410451.00
2013/07/31	3.94	3.98	3.86	3.94	1811327	12638677.00
2013/08/01	3.95	4.04	3.90	4.01	2990514	21263178.00
2013/08/02	4.00	4.03	3.97	3.98	2037209	14517436.00
2013/08/05	3.99	4.06	3.96	4.05	1985993	14235331.00
2013/08/06	4.04	4.13	4.04	4.11	2660563	19346908.00
2013/08/07	4.10	4.11	3.98	3.99	2716464	19494970.00
2013/08/08	3.99	4.04	3.99	4.04	1245413	8912821.00
2013/08/09	4.06	4.14	4.04	4.11	2500761	18190318.00
2013/08/12	4.14	4.14	4.08	4.12	1846121	13445591.00
2013/08/13	4.11	4.12	4.08	4.11	1253967	9128804.00
2013/08/14	4.10	4.14	4.06	4.08	1666757	12137385.00
2013/08/15	4.09	4.09	3.99	4.00	1459800	10501746.00
2013/08/16	3.98	4.07	3.91	3.93	1654577	11777605.00
2013/08/19	3.93	4.05	3.93	4.04	1121083	8009753.50
2013/08/20	4.01	4.11	4.01	4.11	2086646	15139578.00
2013/08/21	4.11	4.20	4.09	4.18	2818289	20693770.00
2013/08/22	4.16	4.19	4.13	4.16	2159108	15899840.00
2013/08/23	4.18	4.19	4.04	4.10	2308072	16877010.00
2013/08/26	4.10	4.17	4.07	4.17	1548026	11358917.00
2013/08/27	4.17	4.19	4.14	4.18	1662363	12265837.00
2013/08/28	4.12	4.13	4.05	4.06	2459561	17853038.00
2013/08/29	4.06	4.09	4.02	4.08	1021945	7373160.00
2013/08/30	4.08	4.09	4.00	4.05	1794887	12920815.00
2013/09/02	4.04	4.10	4.00	4.09	981614	7092325.00
2013/09/03	4.08	4.17	4.08	4.16	1961613	14425661.00
2013/09/04	4.17	4.18	4.12	4.13	1010208	7421426.00
2013/09/05	4.11	4.14	4.06	4.08	1776279	12905485.00
2013/09/06	4.07	4.29	4.07	4.23	4839302	36074232.00
2013/09/09	4.22	4.27	4.19	4.23	2535414	18984100.00
2013/09/10	4.23	4.39	4.19	4.38	4604225	34971320.00
2013/09/11	4.34	4.48	4.32	4.41	5769477	44730720.00
2013/09/12	4.46	4.85	4.41	4.69	15981465	129827264.00
2013/09/13	4.74	4.79	4.56	4.56	9022088	73498544.00
2013/09/16	4.56	4.81	4.54	4.69	9819821	80467776.00
2013/09/17	4.75	4.78	4.56	4.62	7623126	62490104.00
2013/09/18	4.71	4.71	4.49	4.63	5836935	47062932.00
2013/09/23	4.64	4.66	4.55	4.62	5727988	46218068.00
2013/09/24	4.61	4.75	4.57	4.73	7589704	62027348.00
2013/09/25	4.71	4.74	4.60	4.71	5437010	44432840.00
2013/09/26	4.69	4.85	4.64	4.73	8548559	70985744.00
2013/09/27	4.74	4.96	4.69	4.95	9793026	83240472.00
2013/09/30	4.94	5.11	4.83	5.03	6787060	58513316.00
2013/10/08	5.04	5.28	4.93	5.08	5943796	52384896.00
2013/10/09	5.16	5.16	4.96	5.00	5491251	48092128.00
2013/10/10	5.00	5.01	4.85	4.87	6314192	53995836.00
2013/10/11	4.93	5.02	4.89	4.92	4821208	41584412.00
2013/10/14	4.96	5.00	4.90	4.98	5038570	43570516.00
2013/10/15	4.98	4.98	4.74	4.79	5875963	49484304.00
2013/10/16	4.81	4.83	4.58	4.63	4268404	35119196.00
2013/10/17	4.64	4.72	4.63	4.72	2615709	21456310.00
2013/10/18	4.82	4.85	4.73	4.84	4216402	35381592.00
2013/10/21	4.88	5.10	4.87	4.99	7338784	63695616.00
2013/10/22	5.02	5.16	4.88	5.16	9267483	81043792.00
2013/10/23	5.07	5.33	5.03	5.29	12826229	115835488.00
2013/10/24	5.25	5.33	5.14	5.19	5004259	45408228.00
2013/10/25	5.17	5.23	4.97	4.99	4275058	37713468.00
2013/10/28	4.96	5.03	4.91	4.99	2784493	24165332.00
2013/10/29	5.09	5.31	4.96	5.15	11119362	99579416.00
2013/10/30	5.11	5.67	5.08	5.60	14773904	137953520.00
2013/10/31	5.49	5.78	5.43	5.53	18654735	183022448.00
2013/11/01	5.43	5.80	5.33	5.77	10793382	105231464.00
2013/11/04	5.69	5.86	5.63	5.80	7927087	78805960.00
2013/11/05	5.80	5.80	5.57	5.68	7038279	68671584.00
2013/11/06	5.62	5.77	5.49	5.54	6373977	62015812.00
2013/11/07	5.49	5.71	5.46	5.64	5030100	48755108.00
2013/11/08	5.61	5.68	5.35	5.50	4924911	47079832.00
2013/11/11	5.48	5.68	5.24	5.65	3879045	37321772.00
2013/11/12	5.67	5.83	5.59	5.61	10028134	98569888.00
2013/11/13	5.59	5.63	5.36	5.43	5322384	50449040.00
2013/11/14	5.33	5.77	5.28	5.75	9722662	93147160.00
2013/11/15	5.71	6.04	5.66	5.93	11767490	119163896.00
2013/11/18	5.94	5.99	5.82	5.94	7697657	78299160.00
2013/11/19	5.89	6.16	5.88	6.04	6573746	68088072.00
2013/11/20	6.07	6.09	5.84	5.98	5211506	53174852.00
2013/11/21	5.91	5.94	5.80	5.86	5529144	55705524.00
2013/11/22	5.86	5.94	5.81	5.85	3231609	32663938.00
2013/11/25	5.81	6.14	5.81	6.09	7211973	74795544.00
2013/11/26	6.09	6.14	5.88	5.91	5670371	58625232.00
2013/11/27	5.94	6.08	5.84	6.06	5530084	56586000.00
2013/11/28	6.00	6.20	5.98	6.05	6717038	70306632.00
2013/11/29	6.05	6.51	6.03	6.43	10368334	112325224.00
2013/12/02	6.08	6.19	5.74	5.74	10443403	105926376.00
2013/12/03	5.58	5.84	5.30	5.80	7008439	67947304.00
2013/12/04	5.73	6.43	5.71	6.19	12303526	130537568.00
2013/12/05	6.14	6.39	6.03	6.21	8663366	92239456.00
2013/12/06	6.17	6.27	5.78	5.83	8908109	91453064.00
2013/12/09	5.85	6.41	5.83	6.35	9182336	96757800.00
2013/12/10	6.36	6.48	6.16	6.47	8879257	96133728.00
2013/12/11	6.36	6.43	6.21	6.36	6433427	69761152.00
2013/12/12	6.33	7.04	6.31	6.77	15739471	181128048.00
2013/12/13	6.71	7.49	6.63	7.49	20424404	250118816.00
2013/12/16	7.58	7.92	7.36	7.61	22605899	292417632.00
2013/12/17	7.50	7.58	6.81	6.86	17798945	217114496.00
2013/12/18	6.83	7.24	6.78	6.93	12191074	144826096.00
2013/12/19	6.93	7.16	6.65	6.69	9368514	110030464.00
2013/12/20	6.71	6.82	6.46	6.58	8589260	97185520.00
2013/12/23	6.58	6.65	6.39	6.60	5888441	65724660.00
2013/12/24	6.64	6.98	6.56	6.71	9994748	115567576.00
2013/12/25	6.75	7.13	6.69	7.09	12073080	142965744.00
2013/12/26	7.09	7.10	6.68	6.68	9891277	116038240.00
2013/12/27	6.60	7.02	6.58	6.93	7775024	90915976.00
2013/12/30	6.93	7.50	6.93	7.30	11208130	137878432.00
2013/12/31	7.17	7.41	7.09	7.21	8251271	101794344.00
2014/01/02	7.16	7.34	6.98	7.34	7348676	89527872.00
2014/01/03	7.29	7.41	7.13	7.30	6183115	76384176.00
2014/01/06	7.24	7.26	6.81	6.84	6203338	73795264.00
2014/01/07	6.77	6.98	6.62	6.96	4600394	53454076.00
2014/01/08	6.96	7.04	6.71	6.75	5884866	68753776.00
2014/01/09	6.69	6.89	6.36	6.38	5554365	63487760.00
2014/01/10	6.36	6.43	5.76	5.90	9295391	96768936.00
2014/01/13	5.89	6.03	5.74	6.02	4930973	50031276.00
2014/01/14	5.96	6.12	5.90	6.10	3987496	41362272.00
2014/01/15	6.08	6.24	6.05	6.14	4072273	42911164.00
2014/01/16	6.13	6.22	6.03	6.08	4083631	42828832.00
2014/01/17	6.04	6.05	5.79	5.86	4394189	44522200.00
2014/01/20	5.85	5.93	5.80	5.89	2489047	25218878.00
2014/01/21	5.89	5.98	5.80	5.96	4916043	49847296.00
2014/01/22	5.89	6.14	5.85	6.14	5618998	58262540.00
2014/01/23	6.11	6.19	6.06	6.13	4852946	51055108.00
2014/01/24	6.11	6.35	6.09	6.31	5859427	63056520.00
2014/01/27	6.31	6.34	6.20	6.24	3770441	40497736.00
2014/01/28	6.18	6.28	6.01	6.06	3447290	36134308.00
2014/01/29	6.07	6.29	6.05	6.29	2826197	29896928.00
2014/01/30	6.24	6.41	6.21	6.24	3209226	34701476.00
2014/02/07	6.23	6.46	6.11	6.44	3399887	36840780.00
2014/02/10	6.49	6.78	6.49	6.69	5952533	67984264.00
2014/02/11	6.69	6.83	6.56	6.73	5663702	64903956.00
2014/02/12	6.75	6.84	6.68	6.83	4750695	54818888.00
2014/02/13	6.79	6.80	6.51	6.52	4412162	50323048.00
2014/02/14	6.56	6.72	6.52	6.70	3332816	37882496.00
2014/02/17	6.69	7.10	6.69	7.06	6950441	81887192.00
2014/02/18	7.04	7.23	6.96	7.15	7684500	92854064.00
2014/02/19	7.16	7.19	6.99	7.13	5262753	63465140.00
2014/02/20	7.11	7.16	6.86	6.86	4291944	50938480.00
2014/02/21	6.86	6.96	6.64	6.74	3539763	40940328.00
2014/02/24	6.69	7.23	6.66	7.17	7724903	92630512.00
2014/02/25	7.23	7.34	6.84	6.92	11177095	135363312.00
2014/02/26	6.80	7.41	6.56	7.36	12545346	150403008.00
2014/02/27	7.24	7.41	7.11	7.24	10093846	124667024.00
2014/02/28	7.18	7.21	6.78	7.03	7305030	86642504.00
2014/03/03	6.99	7.21	6.91	7.20	6512015	78242912.00
2014/03/04	7.16	7.16	6.80	6.86	7468491	88080672.00
2014/03/05	6.86	6.87	6.62	6.62	6197632	71364904.00
2014/03/06	6.62	6.72	6.44	6.72	5961320	66875980.00
2014/03/07	6.68	6.73	6.46	6.49	3946494	44454720.00
2014/03/10	6.41	6.41	6.08	6.11	3664906	39149996.00
2014/03/11	6.11	6.19	5.99	6.18	2370386	24940016.00
2014/03/12	6.11	6.18	5.91	6.00	2691138	27930472.00
2014/03/13	6.01	6.13	5.99	6.13	2125075	22140542.00
2014/03/14	6.08	6.20	6.04	6.13	1639034	17198272.00
2014/03/17	6.13	6.29	6.13	6.29	2099648	22500568.00
2014/03/18	6.26	6.39	6.24	6.28	2261505	24412864.00
2014/03/19	6.25	6.26	6.04	6.12	2463791	25913742.00
2014/03/20	6.11	6.14	5.86	5.86	2312525	23960330.00
2014/03/21	5.79	6.00	5.78	5.98	2104457	21312624.00
2014/03/24	6.00	6.03	5.91	6.02	1631004	16786966.00
2014/03/25	6.02	6.06	5.96	6.01	1661793	17202110.00
2014/03/26	6.04	6.11	6.01	6.08	1336432	13931874.00
2014/03/27	6.07	6.07	5.83	5.84	2307061	23450810.00
2014/03/28	5.85	5.92	5.54	5.56	2616837	25880840.00
2014/03/31	5.58	5.63	5.43	5.54	1759747	16744066.00
2014/04/01	5.48	5.65	5.48	5.63	1261075	12194733.00
2014/04/02	5.63	5.65	5.51	5.53	1117954	10778591.00
2014/04/03	5.54	5.63	5.54	5.61	1086084	10485834.00
2014/04/04	5.61	5.78	5.53	5.77	1665227	16298454.00
2014/04/08	5.73	5.84	5.68	5.83	1667214	16595559.00
2014/04/09	5.82	5.88	5.80	5.84	1367873	13752743.00
2014/04/10	5.84	5.94	5.83	5.88	1961356	19909322.00
2014/04/11	5.86	5.86	5.71	5.76	1941945	19266616.00
2014/04/14	5.74	5.89	5.73	5.89	1263291	12694546.00
2014/04/15	5.90	5.91	5.80	5.81	991821	9998234.00
2014/04/16	5.76	5.84	5.76	5.81	845896	8470406.00
2014/04/17	5.83	5.95	5.82	5.86	1322815	13419783.00
2014/04/18	5.91	6.00	5.86	5.96	1733643	17749760.00
2014/04/21	5.93	5.96	5.77	5.78	1411764	14289035.00
2014/04/22	5.78	5.83	5.62	5.71	1471331	14527573.00
2014/04/23	5.71	5.74	5.62	5.64	1149564	11269090.00
2014/04/24	5.66	5.70	5.61	5.64	1233339	12053861.00
2014/04/25	5.61	5.66	5.49	5.50	1373420	13243305.00
2014/04/28	5.50	5.50	5.12	5.13	2190230	19942180.00
2014/04/29	5.13	5.21	5.10	5.20	1001249	9000112.00
2014/04/30	5.19	5.33	5.17	5.30	1119414	10235043.00
2014/05/05	5.26	5.34	5.24	5.34	1033657	9499133.00
2014/05/06	5.34	5.44	5.33	5.36	1334694	12465530.00
2014/05/07	5.33	5.42	5.18	5.28	1259196	11710584.00
2014/05/08	5.29	5.43	5.29	5.32	1075759	10003629.00
2014/05/09	5.32	5.35	5.24	5.29	809592	7444808.00
2014/05/12	5.31	5.46	5.31	5.46	1404516	13176616.00
2014/05/13	5.48	5.49	5.39	5.43	860196	8102733.00
2014/05/14	5.43	5.44	5.37	5.43	908147	8513733.00
2014/05/15	5.43	5.44	5.33	5.33	866701	8102883.50
2014/05/16	5.30	5.34	5.23	5.28	845611	7752875.50
2014/05/19	5.30	5.33	5.26	5.31	633578	5831239.00
2014/05/20	5.41	5.44	5.34	5.34	967811	9018156.00
2014/05/21	5.32	5.43	5.28	5.42	774775	7218119.00
2014/05/22	5.42	5.48	5.42	5.43	1537627	14516045.00
2014/05/23	5.47	5.47	5.41	5.46	1137964	10378346.00
2014/05/26	5.49	5.54	5.47	5.52	1479338	13662701.00
2014/05/27	5.53	5.57	5.50	5.52	1228176	11392570.00
2014/05/28	5.52	6.04	5.48	5.88	3290403	31224658.00
2014/05/29	5.80	5.98	5.64	5.68	3795524	36675416.00
2014/05/30	5.70	5.73	5.60	5.66	1699849	16128620.00
2014/06/03	5.65	5.74	5.65	5.67	1072060	10220882.00
2014/06/04	5.65	5.66	5.53	5.53	1171409	10922776.00
2014/06/05	5.51	5.66	5.51	5.65	1086071	10182814.00
2014/06/06	5.65	5.79	5.63	5.68	1324761	12640812.00
2014/06/09	5.68	5.74	5.65	5.69	1127149	10768440.00
2014/06/10	5.69	5.79	5.66	5.76	1553599	14940778.00
2014/06/11	5.77	5.83	5.74	5.83	1854962	17997870.00
2014/06/12	5.83	5.83	5.74	5.77	1186471	11468964.00
2014/06/13	5.77	5.87	5.75	5.87	1820706	17755704.00
2014/06/16	5.91	5.91	5.84	5.86	2062046	20212246.00
2014/06/17	5.87	5.89	5.76	5.76	1830029	17708480.00
2014/06/18	5.78	5.79	5.68	5.69	1463954	13990875.00
2014/06/19	5.68	5.72	5.51	5.55	1529916	14431853.00
2014/06/20	5.54	5.66	5.53	5.66	1381026	12946567.00
2014/06/23	5.86	5.86	5.64	5.79	2530804	24507566.00
2014/06/24	5.77	5.98	5.77	5.86	2702271	26488794.00
2014/06/25	5.83	5.84	5.75	5.78	1502227	14527713.00
2014/06/26	5.76	6.01	5.76	5.93	3417210	33826952.00
2014/06/27	5.91	6.09	5.90	6.06	3769748	37880504.00
2014/06/30	6.11	6.13	6.02	6.07	2823734	28636704.00
2014/07/01	6.08	6.11	5.99	6.06	2229140	22501620.00
2014/07/02	6.05	6.14	6.04	6.11	2546564	25914936.00
2014/07/03	6.09	6.14	6.08	6.09	2110439	21500984.00
2014/07/04	6.11	6.14	6.03	6.06	2291673	23284674.00
2014/07/07	6.06	6.10	6.02	6.06	1588520	16066071.00
2014/07/08	6.05	6.19	6.03	6.18	2436127	24867092.00
2014/07/09	6.18	6.21	6.01	6.01	3197424	32630508.00
2014/07/10	6.01	6.09	6.01	6.07	1672997	16900364.00
2014/07/11	6.07	6.21	6.05	6.20	2451146	25198968.00
2014/07/14	6.22	6.44	6.21	6.40	3631314	38483440.00
2014/07/15	6.36	6.39	6.28	6.32	2578830	27187872.00
2014/07/16	6.33	6.39	6.23	6.26	1766409	18528358.00
2014/07/17	6.27	6.28	6.14	6.21	1625510	16844804.00
2014/07/18	6.19	6.28	6.18	6.23	1490480	15489469.00
2014/07/21	6.22	6.24	6.12	6.18	1192780	12267906.00
2014/07/22	6.14	6.24	6.13	6.20	1740274	18001382.00
2014/07/23	6.20	6.25	6.03	6.06	1970259	20116174.00
2014/07/24	6.06	6.09	5.94	6.05	2130950	21436498.00
2014/07/25	6.04	6.13	6.04	6.13	1239680	12595796.00
2014/07/28	6.15	6.24	6.11	6.23	2353553	24307240.00
2014/07/29	6.26	6.32	6.22	6.26	2538786	26551310.00
2014/07/30	6.26	6.30	6.21	6.27	1851426	19294360.00
2014/07/31	6.24	6.35	6.24	6.33	1983845	20858640.00
2014/08/01	6.30	6.33	6.20	6.21	2285216	23887038.00
2014/08/04	6.23	6.36	6.23	6.34	2496711	26240382.00
2014/08/05	6.34	6.38	6.29	6.36	2406401	25408976.00
2014/08/06	6.36	6.38	6.31	6.36	1801688	19066838.00
2014/08/07	6.38	6.41	6.27	6.28	2222090	23503474.00
2014/08/08	6.30	6.38	6.29	6.34	1912347	20199412.00
2014/08/11	6.35	6.54	6.35	6.51	3881475	41802476.00
2014/08/12	6.52	6.61	6.48	6.54	2535997	27601698.00
2014/08/13	6.60	6.61	6.44	6.55	2693272	29196430.00
2014/08/14	6.47	6.60	6.47	6.49	2846208	30957214.00
2014/08/15	6.50	6.63	6.49	6.61	3148408	34509084.00
2014/08/18	6.69	6.92	6.65	6.89	5999762	67899040.00
2014/08/19	6.89	6.89	6.78	6.84	3914473	44336384.00
2014/08/20	6.81	6.99	6.81	6.85	4432943	50852968.00
2014/08/21	6.86	6.91	6.74	6.86	2994083	33932828.00
2014/08/22	6.85	6.99	6.85	6.97	3030781	34823312.00
2014/08/25	6.94	7.01	6.86	6.89	2470683	28405188.00
2014/08/26	6.89	6.91	6.63	6.67	3531155	39692736.00
2014/08/27	6.67	6.75	6.64	6.70	2253418	25075020.00
2014/08/28	6.68	6.73	6.58	6.59	1932919	21342722.00
2014/08/29	6.61	6.76	6.60	6.75	2021335	22495390.00
2014/09/01	6.78	6.90	6.76	6.89	2183097	24907710.00
2014/09/02	6.91	6.98	6.89	6.95	3190564	36803496.00
2014/09/03	6.96	7.01	6.86	6.96	3685339	42481640.00
2014/09/04	6.96	7.04	6.93	7.01	3329243	38679152.00
2014/09/05	7.02	7.05	6.96	7.04	2736773	31820344.00
2014/09/09	7.06	7.08	6.98	7.04	2942887	34389448.00
2014/09/10	7.02	7.06	6.93	7.05	3041206	35378104.00
2014/09/11	7.04	7.27	7.02	7.16	5749187	68227728.00
2014/09/12	7.16	7.35	7.12	7.34	5031291	60657724.00
2014/09/15	7.30	7.86	7.29	7.68	8081724	101350528.00
2014/09/16	7.63	8.04	7.52	7.56	10101324	130403272.00
2014/09/17	7.62	7.99	7.61	7.94	10082879	130314752.00
2014/09/18	7.94	8.36	7.74	8.36	9315712	124206120.00
2014/09/19	8.39	8.48	8.14	8.36	8728462	119521152.00
2014/09/22	8.29	8.38	7.91	8.08	5425883	73021816.00
2014/09/23	8.11	8.41	8.04	8.39	5526029	75032616.00
2014/09/24	8.33	8.73	8.32	8.67	6288364	88682072.00
2014/09/25	8.61	8.74	8.38	8.43	4837440	68599952.00
2014/09/26	8.46	8.76	8.25	8.75	4591918	64395548.00
2014/09/29	8.71	9.10	8.68	9.08	4846152	71036752.00
2014/09/30	9.01	9.15	8.93	9.08	3114466	46290696.00
2014/10/08	9.05	9.10	8.91	9.05	2240252	33181322.00
2014/10/09	9.07	9.08	8.64	8.79	5978261	86738760.00
2014/10/10	8.74	8.89	8.59	8.59	3551548	51031324.00
2014/10/13	8.60	8.60	8.27	8.46	3979131	54947848.00
2014/10/14	8.46	8.60	8.39	8.51	3792409	53237156.00
2014/10/15	8.54	8.54	8.26	8.46	4476055	61804260.00
2014/10/16	8.39	8.59	8.28	8.29	3552552	49534732.00
2014/10/17	8.24	8.38	8.00	8.32	4684611	63309972.00
2014/10/20	8.41	8.57	8.32	8.54	3356970	47006688.00
2014/10/21	8.54	8.63	8.46	8.54	3019844	42553088.00
2014/10/22	8.55	8.57	8.31	8.31	4514723	62959144.00
2014/10/23	8.27	8.39	8.16	8.33	2960431	40441240.00
2014/10/24	8.33	8.58	8.33	8.45	3420583	47776776.00
2014/10/27	8.44	8.74	8.41	8.69	3582845	50848872.00
2014/10/28	8.64	9.44	8.63	9.36	11220781	166808864.00
2014/10/29	9.28	9.93	9.23	9.62	14309181	227265424.00
2014/10/30	9.79	9.90	9.51	9.72	12776606	204008224.00
2014/10/31	9.73	10.04	9.61	9.84	9034261	146045440.00
2014/11/03	9.80	9.96	9.68	9.79	5556537	89124864.00
2014/11/04	9.80	9.92	9.61	9.67	4675409	74788264.00
2014/11/05	9.66	10.01	9.64	9.89	8258910	133904232.00
2014/11/06	9.76	9.96	9.68	9.93	6553143	105605496.00
2014/11/07	9.93	10.36	9.84	10.08	12264968	204144656.00
2014/11/10	10.02	10.35	10.01	10.28	5539693	92959632.00
2014/11/11	10.28	10.41	9.51	9.80	6333847	103384200.00
2014/11/12	9.81	9.99	9.51	9.65	6408017	101643392.00
2014/11/13	9.61	9.71	9.23	9.38	5118616	79476808.00
2014/11/14	9.33	9.51	9.03	9.43	4529232	68583768.00
2014/11/17	9.40	9.83	9.25	9.29	6583075	103101056.00
2014/11/18	9.29	9.29	8.98	9.12	6234024	93380656.00
2014/11/19	9.13	9.16	8.98	9.14	3927733	58632612.00
2014/11/20	9.10	9.22	9.05	9.18	2904494	43759624.00
2014/11/21	9.19	9.39	9.15	9.34	3422776	52479000.00
2014/11/24	9.49	9.56	9.35	9.48	4792682	74558016.00
2014/11/25	9.51	9.56	9.36	9.54	3660295	56964000.00
2014/11/26	9.54	9.56	9.38	9.46	3281352	50936436.00
2014/11/27	9.44	9.46	9.14	9.22	6403318	97888880.00
2014/11/28	9.18	9.30	9.12	9.23	3467889	52600336.00
2014/12/01	9.27	9.27	8.84	8.95	4430244	65538628.00
2014/12/02	8.93	9.16	8.89	9.11	2745857	41113104.00
2014/12/03	9.11	9.17	8.93	9.14	3669244	54515788.00
2014/12/04	9.16	9.25	9.07	9.16	3500879	52923488.00
2014/12/05	9.16	9.16	8.66	8.75	4437230	64737216.00
2014/12/08	8.71	8.85	8.58	8.69	2661266	38173340.00
2014/12/09	8.67	8.67	8.04	8.05	5504728	75683240.00
2014/12/10	8.04	8.43	8.00	8.36	2513573	34238580.00
2014/12/11	8.35	8.46	8.23	8.45	2968919	40793456.00
2014/12/12	8.44	8.55	8.38	8.51	2517429	35170512.00
2014/12/15	8.49	8.84	8.46	8.76	2804630	40268876.00
2014/12/16	8.77	8.85	8.64	8.67	1800014	25810204.00
2014/12/17	8.68	8.70	8.43	8.51	1961726	27514326.00
2014/12/18	8.43	8.50	8.30	8.36	1949990	27032634.00
2014/12/19	8.35	8.37	8.07	8.13	2333628	31465906.00
2014/12/22	8.05	8.16	7.55	7.73	2935338	37850628.00
2014/12/23	7.77	7.98	7.73	7.75	1357178	17644866.00
2014/12/24	7.83	8.29	7.81	8.20	2750122	36956628.00
2014/12/25	8.32	8.74	8.24	8.55	4127354	58154800.00
2014/12/26	8.54	8.71	8.40	8.68	3216909	45654392.00
2014/12/29	8.61	8.61	8.41	8.50	2487990	34843764.00
2014/12/30	8.58	8.58	8.24	8.36	1447107	20126760.00
2014/12/31	8.32	8.43	8.25	8.43	1543031	21223820.00
2015/01/05	8.49	8.54	8.36	8.51	1712065	23904036.00
2015/01/06	8.41	8.73	8.36	8.69	2650528	37485788.00
2015/01/07	8.71	8.80	8.49	8.69	1875599	26741888.00
2015/01/08	8.73	8.73	8.52	8.53	1373874	19433868.00
2015/01/09	8.51	8.56	8.39	8.43	1646617	23016504.00
2015/01/12	8.31	8.33	8.11	8.19	1468252	19905990.00
2015/01/13	8.18	8.40	8.18	8.36	1012682	13885555.00
2015/01/14	8.36	8.49	8.29	8.42	1342322	18593720.00
2015/01/15	8.46	8.61	8.41	8.55	1050469	14821730.00
2015/01/16	8.54	8.60	8.49	8.55	1282203	18056870.00
2015/01/19	8.48	8.72	8.30	8.48	2257024	31722942.00
2015/01/20	8.69	8.83	8.53	8.81	3107552	44685376.00
2015/01/21	8.81	9.04	8.77	8.97	3616272	53414696.00
2015/01/22	8.98	9.01	8.89	8.99	2810374	41444324.00
2015/01/23	9.11	9.14	8.81	8.91	2126550	31351904.00
2015/01/26	8.98	8.98	8.82	8.92	2355118	34475128.00
2015/01/27	8.91	9.01	8.81	8.94	2212816	32501310.00
2015/01/28	8.96	9.01	8.87	8.94	1790540	26423724.00
2015/01/29	8.92	8.93	8.71	8.71	1982422	28793260.00
2015/01/30	8.71	8.77	8.55	8.55	1923299	27300374.00
2015/02/02	8.49	8.56	8.41	8.53	1241336	17395784.00
2015/02/03	8.61	8.69	8.56	8.69	1530648	21751502.00
2015/02/04	8.73	8.73	8.44	8.48	1941744	27429218.00
2015/02/05	8.54	8.59	8.38	8.40	1540620	21538052.00
2015/02/06	8.39	8.46	8.14	8.22	1382339	18918126.00
2015/02/09	8.22	8.35	8.18	8.24	920056	12544666.00
2015/02/10	8.24	8.41	8.24	8.38	1017146	13989543.00
2015/02/11	8.44	8.47	8.38	8.40	727611	10105346.00
2015/02/12	8.41	8.52	8.40	8.49	947834	13259204.00
2015/02/13	8.54	8.74	8.53	8.69	1744125	24874180.00
2015/02/16	8.73	8.85	8.65	8.83	1497931	21661956.00
2015/02/17	8.86	8.88	8.71	8.80	1211121	17521434.00
2015/02/25	8.80	8.82	8.69	8.74	1186179	17133950.00
2015/02/26	8.80	8.90	8.73	8.89	1951641	28367032.00
2015/02/27	8.93	9.05	8.84	9.04	2869501	42372324.00
2015/03/02	8.98	8.99	8.80	8.98	3637484	53374564.00
2015/03/03	8.96	9.19	8.86	9.18	5232155	77950920.00
2015/03/04	9.11	9.23	9.09	9.19	3456513	52055908.00
2015/03/05	9.21	9.22	9.02	9.09	3538641	52918296.00
2015/03/06	9.04	9.11	8.91	9.08	3350508	49666908.00
2015/03/23	9.74	10.01	9.37	10.01	16565708	265226096.00
2015/03/24	9.74	10.28	9.54	10.21	14513313	234127984.00
2015/03/25	10.05	10.33	10.04	10.16	10296055	171963648.00
2015/03/26	10.11	10.11	9.71	9.73	6835541	110796832.00
2015/03/27	9.72	9.91	9.68	9.84	4198358	67705424.00
2015/03/30	9.87	10.11	9.80	9.94	6178940	101284328.00
2015/03/31	10.02	10.02	9.76	9.85	5350274	86589968.00
2015/04/01	9.88	10.34	9.85	10.25	8486398	141162192.00
2015/04/02	10.23	10.94	10.18	10.91	11200137	194562368.00
2015/04/03	10.76	11.09	10.64	10.89	7483530	133301024.00
2015/04/07	10.99	11.23	10.89	11.10	7454623	135221168.00
2015/04/08	11.10	11.14	10.47	10.93	8473509	150187696.00
2015/04/09	10.97	10.97	10.04	10.49	5643939	97124712.00
2015/04/10	10.47	11.49	10.39	11.43	8789873	157685184.00
2015/11/12	12.57	12.57	12.57	12.57	424727	8549755.00
2015/11/13	13.83	13.83	13.83	13.83	137504	3044338.50
2015/11/16	15.21	15.21	15.21	15.21	615215	14980485.00
2015/11/17	16.73	16.73	16.73	16.73	91387	2448257.75
2015/11/18	18.41	18.41	18.41	18.41	501011	14764794.00
2015/11/19	20.25	20.25	20.25	20.25	420892	13645319.00
2015/11/20	22.28	22.28	22.28	22.28	320230	11419402.00
2015/11/23	24.51	24.51	24.51	24.51	14056536	551437888.00
2015/11/24	24.36	26.96	23.86	25.54	41985864	1696063360.00
2015/11/25	24.18	25.83	24.15	25.43	23866858	949937024.00
2015/11/26	25.02	27.96	25.02	26.18	28107527	1183777664.00
2015/11/27	26.05	27.96	24.68	25.73	21782457	910124160.00
2015/11/30	26.24	26.64	23.24	24.61	17946269	712035392.00
2015/12/01	24.63	25.53	23.68	23.89	14871752	584360256.00
2015/12/02	23.14	23.24	21.51	22.49	19885007	699030592.00
2015/12/03	21.74	23.19	21.64	22.71	12672081	455455072.00
2015/12/04	22.39	23.47	22.39	22.54	9068111	331209504.00
2015/12/07	22.80	23.42	22.56	23.42	8348795	308978528.00
2015/12/08	23.11	25.30	22.61	24.13	11582659	437077696.00
2015/12/09	23.55	24.18	22.80	22.89	7688559	289554624.00
2015/12/10	22.48	24.52	22.28	23.03	7969707	298626976.00
2015/12/11	22.36	22.52	21.24	21.34	9311610	325627168.00
2015/12/14	20.61	22.36	20.30	22.18	7030218	241443984.00
2015/12/15	21.93	22.47	21.68	21.83	5836735	205575200.00
2015/12/16	21.94	23.11	21.94	22.43	6921714	250134880.00
2015/12/17	22.68	23.98	22.46	23.54	7996749	298389472.00
2015/12/18	23.11	23.43	22.88	23.06	4978267	184032624.00
2015/12/21	23.06	23.61	22.82	23.16	3777184	140151456.00
2015/12/22	23.21	24.72	23.15	24.09	7188871	277165440.00
2015/12/23	23.81	24.36	23.43	23.43	6581973	251485824.00
2015/12/24	23.11	23.35	21.68	22.06	6434428	230080608.00
2015/12/25	22.07	22.61	22.06	22.28	3447626	123374608.00
2015/12/28	22.29	23.29	22.18	22.26	4506676	163969824.00
2015/12/29	22.25	23.02	21.89	22.75	3785560	136232000.00
2015/12/30	23.11	23.16	22.49	22.93	2762250	101206216.00
2015/12/31	23.11	23.60	22.88	22.88	3732583	138389920.00
2016/01/04	22.86	22.86	20.59	20.59	4877159	163896368.00
2016/01/05	18.76	19.98	18.53	18.63	6203490	190726512.00
2016/01/06	19.03	19.29	18.02	19.25	5231653	157747056.00
2016/01/07	18.99	18.99	17.33	17.33	1078300	31515478.00
2016/01/08	17.99	18.11	15.93	17.34	6882444	190191152.00
2016/01/11	16.61	17.05	15.64	15.68	4504742	118286200.00
2016/01/12	15.72	16.60	15.55	16.41	3917865	101281640.00
2016/01/13	16.91	17.42	16.28	16.51	4313237	116929336.00
2016/01/14	15.64	18.16	15.61	17.94	4381008	121056216.00
2016/01/15	17.71	17.80	16.91	17.05	2841429	79177248.00
2016/01/26	18.69	18.69	16.44	16.65	6531919	184145200.00
2016/01/27	16.24	16.61	14.99	16.03	4198112	105163208.00
2016/01/28	15.61	17.17	15.61	15.61	4419674	116815128.00
2016/01/29	15.74	16.43	15.62	16.23	3494094	90284840.00
2016/02/01	16.08	16.19	14.99	15.18	2909887	72424040.00
2016/02/02	15.29	15.98	15.29	15.69	1716034	43033844.00
2016/02/03	15.48	15.73	14.99	15.62	1306685	32025966.00
2016/02/04	15.70	16.36	15.61	16.11	2215795	56905304.00
2016/02/05	15.99	17.11	15.94	16.94	3170595	84916432.00
2016/02/15	16.28	16.71	15.49	16.42	1567710	40728824.00
2016/02/16	16.43	17.74	16.43	17.26	2594756	71973448.00
2016/02/17	17.21	17.30	16.89	17.30	2696930	73626144.00
2016/02/18	17.48	17.71	17.00	17.01	2421165	67372304.00
2016/02/19	16.79	17.16	16.74	16.96	1492954	40498724.00
2016/02/22	17.18	18.11	16.98	17.69	3105818	87407776.00
2016/02/23	17.50	17.73	16.74	17.03	2861503	78463552.00
2016/02/24	16.99	17.21	16.77	17.20	1659784	45232200.00
2016/02/25	17.24	17.24	15.48	15.61	2676095	69141488.00
2016/02/26	16.23	16.23	14.68	15.10	2890525	70708760.00
2016/02/29	15.10	15.16	13.74	14.18	2239589	51603032.00
2016/03/01	14.36	14.96	13.91	14.68	1716207	39600132.00
2016/03/02	14.68	15.56	14.55	15.38	3078520	73957936.00
2016/03/03	15.09	15.54	15.09	15.38	2053015	50321856.00
2016/03/04	15.33	15.79	14.74	14.99	2149630	52758108.00
2016/03/07	15.30	15.61	15.11	15.46	1701113	41952520.00
2016/03/08	15.26	15.78	14.78	15.74	1661499	40636884.00
2016/03/09	15.49	16.21	15.33	15.93	2137759	54236644.00
2016/03/10	16.18	16.18	15.30	15.60	1880399	46930152.00
2016/03/11	15.31	15.72	15.31	15.61	894392	22257408.00
2016/03/14	15.61	16.29	15.61	16.05	2124187	54528768.00
2016/03/15	15.99	16.18	15.88	15.94	1696096	43385168.00
2016/03/16	16.10	16.24	15.63	15.93	1632233	41635868.00
2016/03/17	15.93	16.43	15.74	16.27	2121168	54916948.00
2016/03/18	16.22	17.29	16.13	16.99	2946863	79392280.00
2016/03/21	17.39	18.69	17.39	18.69	2230154	65854192.00
2016/03/22	19.68	20.54	19.36	19.54	8414002	266117008.00
2016/03/23	18.99	19.93	18.55	19.77	8008377	245058272.00
2016/03/24	19.12	19.36	18.79	18.80	4669384	142053792.00
2016/03/25	18.55	19.28	18.31	18.84	3511562	106398600.00
2016/03/28	19.05	19.27	17.98	18.03	3693305	110133160.00
2016/03/29	17.91	18.29	16.79	17.24	3963552	110948776.00
2016/03/30	17.64	17.90	17.27	17.74	5798802	162968688.00
2016/03/31	17.85	18.22	17.49	17.96	5560708	158816128.00
2016/04/01	17.74	17.90	17.21	17.56	2979228	83461888.00
2016/04/05	17.80	19.31	17.79	19.31	7124912	213990496.00
2016/04/06	19.68	19.76	18.71	18.83	6432073	196169792.00
2016/04/07	18.71	19.28	18.59	18.60	4208688	127052592.00
2016/04/08	18.32	18.55	17.76	18.10	3962566	114194784.00
2016/04/11	19.08	19.23	18.35	18.50	4081791	122675440.00
2016/04/12	18.18	18.40	17.80	18.16	2776149	80474480.00
2016/04/13	18.25	19.89	18.25	18.83	6634877	203404864.00
2016/04/14	18.78	19.04	18.53	18.88	3052316	91467088.00
2016/04/15	19.02	19.24	18.64	18.98	3179580	96432976.00
2016/04/18	18.80	18.80	17.89	18.09	3275357	95353880.00
2016/04/19	18.38	18.38	17.80	18.13	2084757	60212592.00
2016/04/20	18.33	18.36	16.33	17.02	3268189	90952128.00
2016/04/21	16.74	17.46	16.57	17.09	2183835	59975136.00
2016/04/22	17.09	17.48	16.74	17.48	1876953	52005496.00
2016/04/25	17.36	17.39	16.99	17.36	1886071	52110808.00
2016/04/26	17.36	17.72	17.12	17.68	1267809	35544320.00
2016/04/27	17.64	17.71	16.86	17.29	1032838	28996850.00
2016/04/28	17.46	17.66	17.25	17.49	1792189	49867460.00
2016/04/29	17.49	17.61	17.30	17.46	975622	27149258.00
2016/05/03	17.61	18.41	17.40	18.34	2586507	75180008.00
2016/05/04	18.30	18.60	17.99	18.13	2360622	68728696.00
2016/05/05	18.18	18.18	17.92	18.11	1259168	36348492.00
2016/05/06	18.26	18.26	16.86	17.03	2074810	58641104.00
2016/05/09	16.86	16.99	16.11	16.24	1930154	50656740.00
2016/05/10	16.24	16.73	16.18	16.39	999116	26171540.00
2016/05/11	16.60	16.73	16.11	16.18	718053	18722232.00
2016/05/12	16.03	16.35	15.62	16.28	970599	24861120.00
2016/05/13	16.36	17.78	15.94	17.61	2933775	77487400.00
2016/05/16	17.43	17.63	17.16	17.46	3772208	104991272.00
2016/05/17	17.30	17.49	16.76	16.96	2561946	69881360.00
2016/05/18	16.53	16.91	16.46	16.54	1569917	41737892.00
2016/05/19	16.38	16.83	16.28	16.36	1273850	33851424.00
2016/05/20	16.37	16.37	16.05	16.21	1320513	34292472.00
2016/05/23	16.27	16.49	16.18	16.34	1101787	28813040.00
2016/05/24	16.64	17.18	16.49	16.71	2784990	75406680.00
2016/05/25	16.53	16.72	16.28	16.33	1710137	45210608.00
2016/05/26	16.18	16.33	15.93	16.26	1246960	32113874.00
2016/05/27	16.36	16.73	16.35	16.38	1608791	42611360.00
2016/05/30	16.34	16.38	15.93	16.03	948773	24551002.00
2016/05/31	16.15	17.40	16.13	17.28	5761560	157255760.00
2016/06/01	17.33	17.43	16.99	17.11	3400179	93285192.00
2016/06/02	17.05	17.14	16.86	17.05	2266269	61699348.00
2016/06/03	17.04	17.98	16.96	17.41	4081006	113720376.00
2016/06/06	17.18	17.41	17.09	17.12	1971662	54255660.00
2016/06/07	17.14	17.38	16.99	17.16	1734249	47793860.00
2016/06/08	17.26	17.79	16.82	17.33	3007305	83232808.00
2016/06/13	16.93	17.24	16.14	16.17	2428430	65069448.00
2016/06/14	15.98	16.43	15.71	15.89	2603778	66410648.00
2016/06/15	15.83	16.36	15.68	16.19	3165540	81389904.00
2016/06/16	16.03	16.19	15.80	15.82	2099108	53465820.00
2016/06/17	15.94	16.36	15.89	16.02	2046431	52872820.00
2016/06/20	16.01	16.49	15.74	16.49	2829412	73577360.00
2016/06/21	16.49	17.32	16.31	16.36	4090800	110599776.00
2016/06/22	16.08	16.59	16.04	16.53	1475471	38584868.00
2016/06/23	16.55	16.55	16.07	16.13	1497749	38918760.00
2016/06/24	16.11	16.31	14.99	16.14	2220648	56772992.00
2016/06/27	15.98	16.74	15.98	16.74	3320243	87602776.00
2016/06/28	16.55	17.46	16.49	17.18	5123335	139608592.00
2016/06/29	17.21	17.27	16.68	16.86	2566135	69532296.00
2016/06/30	16.89	17.28	16.80	16.84	2213994	60287292.00
2016/07/01	16.89	17.02	16.63	16.69	1742594	46849280.00
2016/07/04	16.54	17.79	16.43	17.48	5945838	165693760.00
2016/07/05	17.40	18.39	17.40	18.24	6817119	197173408.00
2016/07/06	18.11	18.41	17.95	18.11	3260867	94631896.00
2016/07/07	18.11	18.23	17.63	17.99	2736243	78371344.00
2016/07/08	18.10	18.39	17.93	18.14	2761791	80310480.00
2016/07/11	18.04	18.41	17.60	18.05	4572888	132310264.00
2016/07/12	18.09	19.36	17.60	18.99	6328213	186301040.00
2016/07/13	18.93	19.98	18.93	19.13	6277848	195478848.00
2016/07/14	19.26	19.86	18.91	19.48	4073187	126530040.00
2016/07/15	19.53	19.71	19.04	19.08	2422296	74848376.00
2016/07/18	19.03	19.16	18.61	18.73	1865876	56064512.00
2016/07/19	18.69	19.47	18.63	19.36	2752061	84413760.00
2016/07/20	19.24	19.91	19.11	19.15	2595242	81095832.00
2016/07/21	19.10	19.55	19.07	19.09	2257966	69534736.00
2016/07/22	19.09	19.17	18.43	18.44	2021056	60510724.00
2016/07/25	18.44	18.80	18.39	18.48	1210153	36002516.00
2016/07/26	18.43	19.29	18.43	19.00	3229180	98354144.00
2016/07/27	19.11	19.16	17.61	17.75	2758263	80434360.00
2016/07/28	17.77	18.15	16.93	17.98	2761205	77617832.00
2016/07/29	17.85	18.03	17.49	17.58	1265949	35983236.00
2016/08/01	17.58	17.78	17.06	17.27	1297319	36169412.00
2016/08/02	17.48	17.67	17.30	17.60	1116305	31349998.00
2016/08/03	17.59	17.71	17.39	17.59	799210	22467270.00
2016/08/04	17.43	17.75	17.41	17.73	793882	22405436.00
2016/08/05	17.62	18.06	17.43	17.56	1551339	43955232.00
2016/08/08	17.51	17.95	17.27	17.95	1751384	49694888.00
2016/08/09	17.91	18.73	17.83	18.58	3155856	92668968.00
2016/08/10	18.73	18.84	18.23	18.53	1771714	52598064.00
2016/08/11	18.76	19.53	18.53	19.04	4835901	147960176.00
2016/08/12	18.74	19.34	18.57	19.20	2841706	86048432.00
2016/08/15	19.21	20.93	19.20	20.03	7093640	227603200.00
2016/08/16	19.99	20.77	19.85	20.49	5526457	180097280.00
2016/08/17	20.93	21.68	19.99	20.04	10243528	341465312.00
2016/08/18	19.69	19.86	19.36	19.46	4879112	152484064.00
2016/08/19	19.46	19.66	19.37	19.37	2680064	83622256.00
2016/08/22	19.31	19.39	18.75	18.93	2560469	78204672.00
2016/08/23	18.93	19.54	18.93	19.18	2546725	78842192.00
2016/08/24	19.12	19.34	18.68	18.83	2629157	79461712.00
2016/08/25	18.83	19.00	18.59	18.84	2669523	80309456.00
2016/08/26	18.80	19.67	18.80	19.26	3283013	101715736.00
2016/08/29	19.43	19.54	19.01	19.09	1754382	53812204.00
2016/08/30	19.09	19.21	18.74	18.94	2277558	68988032.00
2016/08/31	18.94	18.99	18.65	18.93	2129395	64143296.00
2016/09/01	18.96	18.98	18.61	18.61	1967274	58937912.00
2016/09/02	18.43	19.08	18.43	18.78	2305411	69543736.00
2016/09/05	18.87	19.02	18.71	18.80	2183708	65813160.00
2016/09/06	18.91	19.02	18.59	19.01	1778640	53695264.00
2016/09/07	18.92	19.07	18.80	18.84	1519059	46041536.00
2016/09/08	18.83	18.95	18.71	18.78	1099366	33106024.00
2016/09/09	18.73	18.91	18.73	18.74	985073	29683542.00
2016/09/12	18.34	18.39	17.15	17.43	4878822	138308912.00
2016/09/13	17.66	17.66	17.14	17.33	2121040	58792136.00
2016/09/14	16.99	17.46	16.86	17.29	1496530	41101424.00
2016/09/19	17.33	17.64	17.31	17.47	1218539	34129816.00
2016/09/20	17.40	17.55	17.34	17.45	946463	26471542.00
2016/09/21	17.46	17.86	17.46	17.73	1167960	33037456.00
2016/09/22	17.80	17.98	17.56	17.60	1304258	37223300.00
2016/09/23	17.49	17.71	17.49	17.60	897603	25362570.00
2016/09/26	17.51	17.68	17.36	17.36	832100	23285566.00
2016/09/27	17.36	17.55	17.25	17.44	1606197	44807252.00
2016/09/28	17.36	17.66	17.34	17.58	947708	26624202.00
2016/09/29	17.65	17.92	17.61	17.91	1622091	46264604.00
2016/09/30	17.69	17.97	17.68	17.79	1138091	32455032.00
2016/10/10	17.83	18.11	17.69	18.11	1536013	44095324.00
2016/10/11	18.14	18.29	17.99	18.24	2098995	60903808.00
2016/10/12	18.22	18.90	18.21	18.68	4373467	130628168.00
2016/10/13	18.46	18.64	18.12	18.29	2633971	77161336.00
2016/10/14	18.12	18.31	17.99	18.11	1484476	42943608.00
2016/10/17	18.11	18.32	17.50	17.74	1506314	43465828.00
2016/10/18	17.74	18.30	17.68	18.23	1656792	47871548.00
2016/10/19	18.13	18.28	17.99	18.05	1186253	34441216.00
2016/10/20	18.03	18.73	17.94	18.68	2807702	82575976.00
2016/10/21	18.49	19.10	18.43	18.71	3655988	109884200.00
2016/10/24	18.65	19.29	18.38	19.01	4614842	140231200.00
2016/10/25	18.89	18.89	18.50	18.65	3021513	90406784.00
2016/10/26	18.66	18.80	18.11	18.37	2529354	74613664.00
2016/10/27	18.36	18.48	18.21	18.36	1382440	40564516.00
2016/10/28	18.74	19.36	18.46	18.46	5749719	174538656.00
2016/10/31	18.12	18.36	18.03	18.24	2037448	59354892.00
2016/11/01	18.24	19.04	18.18	18.94	4745599	143178112.00
2016/11/02	18.88	19.42	18.74	18.80	5413402	165587680.00
2016/11/03	18.73	19.63	18.68	19.11	6357031	196010208.00
2016/11/04	19.16	19.54	18.99	19.21	4582670	141591680.00
2016/11/07	19.36	20.53	19.23	20.36	8450864	268941664.00
2016/11/08	20.43	20.60	19.79	19.99	7358067	236404224.00
2016/11/09	19.84	20.14	19.06	19.65	6771914	212952688.00
2016/11/10	19.89	20.27	19.71	19.98	4802092	153971856.00
2016/11/11	20.08	20.79	19.99	20.41	7107134	232455632.00
2016/11/14	19.99	20.99	19.88	20.06	7529726	246993888.00
2016/11/15	19.98	19.99	19.56	19.72	3649760	115631568.00
2016/11/16	19.85	20.24	19.76	19.94	3847611	123407408.00
2016/11/17	19.68	19.86	19.43	19.67	2270008	71372704.00
2016/11/18	19.61	19.96	19.49	19.68	2708910	85643640.00
2016/11/21	19.56	20.59	19.39	20.27	4733773	153684032.00
2016/11/22	20.64	22.30	20.64	22.30	10066911	346099776.00
2016/11/23	23.03	23.29	21.68	21.88	14174011	513164096.00
2016/11/24	22.04	24.06	21.39	23.27	13141471	478598496.00
2016/11/25	23.04	23.04	21.86	22.70	8134326	292155616.00
2016/11/28	22.58	23.76	22.13	22.18	8385448	309231712.00
2016/11/29	22.05	22.63	21.55	22.13	5211971	184324496.00
2016/11/30	22.07	23.16	21.87	22.70	6248797	227150352.00
2016/12/01	22.41	23.43	22.19	23.34	7395990	270121120.00
2016/12/02	23.36	24.36	22.93	23.17	10471414	395512000.00
2016/12/05	22.56	22.92	22.05	22.05	5707131	204908144.00
2016/12/06	21.99	22.65	21.74	22.41	4688361	166491776.00
2016/12/07	22.19	22.66	22.19	22.49	3551234	127351616.00
2016/12/08	22.41	22.54	21.77	21.79	3693413	130203240.00
2016/12/09	21.79	22.35	21.78	21.86	3245850	114490520.00
2016/12/12	22.08	22.16	19.67	19.83	5167072	171738128.00
2016/12/13	19.98	20.58	19.68	20.43	3293842	106618920.00
2016/12/14	20.33	20.57	20.06	20.24	2324246	75829456.00
2016/12/15	20.21	20.84	20.19	20.71	2367394	77828416.00
2016/12/16	20.71	21.24	20.61	20.74	2102686	69767608.00
2016/12/19	20.58	20.81	19.99	20.55	2842502	92663616.00
2016/12/20	20.55	20.72	20.41	20.52	1271700	41824248.00
2016/12/21	20.61	20.70	20.48	20.53	1179400	38832152.00
2016/12/22	20.39	20.59	20.13	20.19	1255589	40702168.00
2016/12/23	20.13	20.29	20.01	20.21	1094934	35354704.00
2016/12/26	20.16	21.23	19.53	20.61	3144226	101520128.00
2016/12/27	20.51	21.05	20.46	20.81	2093725	69969360.00
2016/12/28	20.78	21.01	20.61	20.98	1368383	45703932.00
2016/12/29	20.98	21.03	20.63	20.71	1138150	37908100.00
2016/12/30	20.59	21.03	20.46	20.99	1904267	63435816.00
2017/01/03	20.97	21.17	20.83	21.01	1677200	56413072.00
2017/01/04	20.85	21.05	20.81	20.96	1456354	48856668.00
2017/01/05	20.96	21.03	20.59	20.61	1408010	46781800.00
2017/01/06	20.48	20.70	19.83	19.83	2047578	66233672.00
2017/01/09	19.84	20.33	19.84	20.13	974776	31467470.00
2017/01/10	20.06	20.30	19.99	20.06	834032	26896714.00
2017/01/11	20.06	20.13	19.77	19.78	872777	27848300.00
2017/01/12	19.78	20.11	19.78	19.81	876635	27962164.00
2017/01/13	19.81	19.98	18.65	19.33	2709244	82663016.00
2017/03/31	17.49	18.74	17.40	17.40	4272099	120849632.00
2017/04/05	16.87	17.36	15.66	17.05	9081480	236027792.00
2017/04/06	16.54	17.09	16.38	16.63	4990322	133408008.00
2017/04/07	16.63	16.92	16.49	16.86	3072530	82394888.00
2017/04/10	16.88	17.07	16.30	16.48	3091508	82769824.00
2017/04/11	16.55	16.55	15.68	16.01	4491411	114583528.00
2017/04/12	15.89	16.19	15.73	15.93	2283218	58442272.00
2017/04/13	15.98	16.55	15.74	16.09	2826623	72884432.00
2017/04/14	16.04	16.04	15.77	15.96	1890092	48061448.00
2017/04/17	16.01	16.03	15.69	15.93	1835912	46554276.00
2017/04/18	15.86	16.23	15.71	16.11	2422815	61777864.00
2017/04/19	16.03	16.13	15.81	15.98	1885557	48123140.00
2017/04/20	16.01	16.32	15.86	16.18	2226598	57308588.00
2017/04/21	16.28	16.55	16.16	16.41	3044860	79999424.00
2017/04/24	16.54	16.66	16.21	16.46	3654915	96268496.00
2017/04/25	16.35	16.37	14.81	16.16	8335352	207149776.00
2017/04/26	15.52	15.91	15.27	15.91	3838650	95698184.00
2017/04/27	15.61	15.96	14.99	15.91	2700183	67818104.00
2017/04/28	15.78	16.00	15.40	15.90	5322787	83349992.00
2017/05/02	15.70	16.00	15.29	15.98	7297132	114044872.00
2017/05/03	15.71	16.02	15.60	15.97	4499680	71444064.00
2017/05/04	15.96	16.00	15.55	15.96	3917998	62211612.00
2017/05/05	15.95	15.95	15.42	15.89	5649908	88879112.00
2017/05/08	15.49	15.79	14.80	14.80	2849551	43744944.00
2017/05/09	14.55	14.81	13.55	14.81	4847446	69190792.00
2017/05/10	14.65	14.98	14.42	14.81	3242908	47812768.00
2017/05/11	14.50	14.82	14.32	14.80	4674573	68509544.00
2017/05/12	14.70	14.98	14.48	14.80	4760286	70336992.00
2017/05/15	14.63	14.70	14.30	14.40	3056002	44098716.00
2017/05/16	14.40	14.40	13.35	13.90	5330548	73404880.00
2017/05/17	13.55	14.15	13.55	13.90	4426789	61373452.00
2017/05/18	13.56	13.97	13.35	13.90	5476958	75200368.00
2017/05/19	13.91	14.06	13.77	13.88	2018638	28005898.00
2017/05/22	13.50	13.93	13.50	13.84	1693400	23367790.00
2017/05/23	13.80	13.94	13.64	13.80	1843306	25352052.00
2017/05/24	13.78	13.88	13.57	13.80	1615580	22242200.00
2017/05/25	13.90	14.19	13.58	13.97	6485135	90085200.00
2017/05/26	13.93	13.93	13.53	13.72	2985264	40980196.00
2017/05/31	13.85	14.17	13.69	13.73	4426382	61361044.00
2017/06/01	13.67	13.72	12.90	13.60	4033700	54375144.00
2017/06/02	13.42	13.80	13.29	13.63	4370700	59546712.00
2017/06/05	13.73	13.85	13.54	13.70	1867400	25604006.00
2017/06/06	13.67	13.85	13.62	13.82	1864000	25699722.00
2017/06/07	13.88	13.94	13.73	13.93	3680600	51144432.00
2017/06/08	13.90	15.25	13.82	14.76	6181200	90784144.00
2017/06/09	14.54	15.14	14.54	14.97	5561200	82823464.00
2017/06/12	14.77	15.77	14.76	15.40	5452416	84199192.00
2017/06/13	15.31	15.80	15.10	15.57	3535191	54782336.00
2017/06/14	15.46	16.57	15.36	16.12	6100451	97562808.00
2017/06/15	16.10	16.95	16.05	16.83	7938280	132244760.00
2017/06/16	16.86	16.86	16.40	16.47	4551922	75395528.00
2017/06/19	16.41	16.70	15.86	16.56	4488300	72854016.00
2017/06/20	16.50	16.56	16.02	16.20	3377369	54850648.00
2017/06/21	16.28	16.48	16.06	16.21	2587700	41971364.00
2017/06/22	16.35	16.35	16.00	16.20	3228300	52177940.00
2017/06/23	16.20	16.38	15.78	16.14	2914800	46919696.00
2017/06/26	16.14	16.25	15.94	16.16	2752000	44329380.00
2017/06/27	16.16	16.27	16.00	16.18	2941900	47538216.00
2017/06/28	16.20	16.50	16.06	16.40	4743880	77538160.00
2017/06/29	16.40	16.53	16.11	16.11	1709300	27761514.00
2017/06/30	16.00	16.10	15.80	15.90	1800200	28658582.00
2017/07/03	15.90	16.20	15.80	16.03	2013400	32171030.00
2017/07/04	15.96	16.04	15.60	15.83	1715800	27073476.00
2017/07/05	15.69	15.88	15.63	15.72	1326900	20866072.00
2017/07/06	15.73	16.15	15.73	15.99	2350000	37535880.00
2017/07/07	15.99	15.99	15.60	15.71	1876500	29606030.00
2017/07/10	15.70	15.84	15.50	15.50	2244000	35124348.00
2017/07/11	15.40	15.64	14.58	14.67	2693900	40578732.00
2017/07/12	14.70	14.93	14.03	14.72	2320000	33957480.00
2017/07/13	14.52	14.88	14.52	14.77	1631500	24133370.00
2017/07/14	14.94	15.24	14.65	15.14	1849100	27817022.00
2017/07/17	15.10	15.20	13.95	14.52	2088000	30939434.00
2017/07/18	14.40	14.85	14.31	14.74	1684300	24761142.00
2017/07/19	14.73	15.30	14.42	15.29	3587100	53838820.00
2017/07/20	15.17	15.58	14.99	14.99	6800800	104108560.00
2017/07/21	14.99	15.58	14.82	15.47	4330166	66381972.00
2017/07/24	15.40	15.74	15.10	15.52	4028600	62098072.00
2017/07/25	15.42	15.65	15.13	15.20	2915300	44776344.00
2017/07/26	15.03	15.28	14.97	15.06	2366500	35775808.00
2017/07/27	15.01	15.39	15.01	15.35	2777700	42396808.00
2017/07/28	15.34	15.50	15.13	15.20	1710200	26220530.00
2017/07/31	15.18	15.75	15.03	15.60	2974200	45943596.00
2017/08/01	15.58	15.99	15.46	15.88	3684600	58321280.00
2017/08/02	15.80	16.19	15.55	15.60	3415200	54223820.00
2017/08/03	15.52	16.12	15.52	16.08	3705700	58644788.00
2017/08/04	16.08	16.27	15.75	15.79	4563600	73184544.00
2017/08/07	15.69	16.15	15.58	16.14	2993200	47476000.00
2017/08/08	16.04	16.17	15.70	15.73	3134700	49612980.00
2017/08/09	15.78	15.97	15.58	15.60	2580600	40768560.00
2017/08/10	15.60	15.98	15.33	15.97	3773200	59587732.00
2017/08/11	15.90	15.90	15.36	15.37	2175100	34058552.00
2017/08/14	15.38	15.74	15.16	15.68	1431600	22208930.00
2017/08/15	15.69	15.89	15.41	15.50	1755500	27435224.00
2017/08/16	15.50	15.64	15.37	15.58	1254100	19431728.00
2017/08/17	15.44	15.59	15.18	15.27	3106300	47535516.00
2017/08/18	15.11	15.35	15.11	15.13	1733800	26437752.00
2017/08/21	15.22	15.75	15.03	15.64	3176300	48968240.00
2017/08/22	15.63	15.68	15.41	15.49	1529600	23741464.00
2017/08/23	15.50	15.65	15.30	15.51	1149300	17806224.00
2017/08/24	15.59	15.62	15.07	15.08	1623400	24935864.00
2017/08/25	15.23	15.55	15.18	15.33	1757400	27074912.00
2017/08/28	15.45	16.86	15.45	16.86	7607700	126625720.00
2017/08/29	17.51	18.55	17.39	18.55	19334500	352399936.00
2017/08/30	19.05	20.41	18.31	20.18	35995900	712738496.00
2017/08/31	19.60	22.12	19.58	21.38	35657600	729731392.00
2017/09/01	21.18	22.50	20.90	21.47	30574400	657815744.00
数据来源:通达信
