002508 老板电器 日线 前复权
      日期	    开盘	    最高	    最低	    收盘	    成交量	    成交额
2010/11/23	4.81	7.70	4.40	5.51	27732682	1005752448.00
2010/11/24	4.84	5.28	4.84	4.84	19322156	692489216.00
2010/11/25	4.94	5.45	4.86	5.45	16557794	611246912.00
2010/11/26	5.25	6.11	5.22	6.11	18414134	752120256.00
2010/11/29	6.13	6.71	5.94	6.38	14653228	645261440.00
2010/11/30	6.21	6.78	5.99	6.38	13691223	611878976.00
2010/12/01	6.16	6.85	6.14	6.75	11737494	534065856.00
2010/12/02	6.82	6.98	6.41	6.51	9836095	451280800.00
2010/12/03	6.35	6.40	5.75	5.79	10372287	435924992.00
2010/12/06	5.67	5.99	5.56	5.77	6694523	274248032.00
2010/12/07	5.74	5.74	5.22	5.51	6915332	267966544.00
2010/12/08	5.46	5.75	5.44	5.51	4919080	194295312.00
2010/12/09	5.43	5.43	5.07	5.11	5326157	199617424.00
2010/12/10	5.22	5.41	5.12	5.36	4327794	163015296.00
2010/12/13	5.42	5.70	5.26	5.57	5871152	229816176.00
2010/12/14	5.56	6.24	5.44	6.11	9813732	403141568.00
2010/12/15	6.00	6.23	5.79	5.84	7710864	324452544.00
2010/12/16	5.84	6.09	5.77	5.89	4382084	182624240.00
2010/12/17	5.82	5.95	5.78	5.82	3060499	125814296.00
2010/12/20	5.81	5.90	5.27	5.54	4083263	162128192.00
2010/12/21	5.51	5.59	5.41	5.55	2583544	101106360.00
2010/12/22	5.57	5.86	5.46	5.74	3704790	149121968.00
2010/12/23	5.67	6.06	5.64	5.98	6211275	259121456.00
2010/12/24	5.91	6.02	5.44	5.44	4409710	175585904.00
2010/12/27	5.49	5.56	5.09	5.20	3199202	121779928.00
2010/12/28	5.15	5.20	4.86	5.03	2040799	74071768.00
2010/12/29	5.05	5.25	4.97	5.22	1645315	60664668.00
2010/12/30	5.31	5.31	5.06	5.14	1651072	61218588.00
2010/12/31	5.11	5.23	5.09	5.20	1646869	61239016.00
2011/01/04	5.27	5.37	5.20	5.30	2056873	77836744.00
2011/01/05	5.26	5.27	5.13	5.14	2096250	78012032.00
2011/01/06	5.15	5.16	4.95	4.97	2109524	76518552.00
2011/01/07	4.92	5.10	4.91	4.98	1451452	52568540.00
2011/01/10	4.97	5.09	4.88	4.91	1166197	42139360.00
2011/01/11	4.89	5.00	4.56	4.68	1966175	67667000.00
2011/01/12	4.68	4.79	4.62	4.74	947795	32744632.00
2011/01/13	4.76	4.79	4.65	4.66	835875	28736616.00
2011/01/14	4.65	4.66	4.39	4.40	1372441	45328764.00
2011/01/17	4.45	4.68	4.44	4.50	1862561	62527232.00
2011/01/18	4.45	4.96	4.45	4.83	3464882	120269408.00
2011/01/19	4.81	4.86	4.66	4.85	2324904	81137112.00
2011/01/20	4.77	4.83	4.45	4.46	2059034	70390352.00
2011/01/21	4.41	4.62	4.41	4.53	1305343	43539204.00
2011/01/24	4.53	4.79	4.53	4.64	1866441	64136160.00
2011/01/25	4.57	4.62	4.23	4.39	1480433	48255684.00
2011/01/26	4.36	4.66	4.30	4.51	1251160	41933252.00
2011/01/27	4.45	4.66	4.37	4.63	1565116	52411696.00
2011/01/28	4.60	4.62	4.49	4.59	1217969	40944804.00
2011/01/31	4.55	4.68	4.52	4.59	1177228	39973508.00
2011/02/01	4.61	4.66	4.54	4.61	804144	27206906.00
2011/02/09	4.56	4.62	4.38	4.40	1335728	44270028.00
2011/02/10	4.40	4.76	4.34	4.73	1879625	63273964.00
2011/02/11	4.65	4.79	4.65	4.76	2252219	78020656.00
2011/02/14	4.72	4.93	4.72	4.88	2631234	93286040.00
2011/02/15	4.88	4.97	4.79	4.83	2280155	80958640.00
2011/02/16	4.83	5.05	4.82	4.99	2441859	87833352.00
2011/02/17	4.99	5.02	4.86	4.96	2073802	74040952.00
2011/02/18	4.91	4.91	4.78	4.78	1871620	65659768.00
2011/02/21	4.71	4.89	4.71	4.88	1589846	55841392.00
2011/02/22	4.88	4.88	4.53	4.54	2080122	71397088.00
2011/02/23	4.53	4.62	4.46	4.55	2836068	94805560.00
2011/02/24	4.55	4.62	4.49	4.61	2262695	76148376.00
2011/02/25	4.59	4.60	4.47	4.53	1527234	51054360.00
2011/02/28	4.54	4.76	4.54	4.74	2264153	77674712.00
2011/03/01	4.79	5.03	4.79	4.89	3709652	132631504.00
2011/03/02	4.82	4.89	4.76	4.85	2009520	70455976.00
2011/03/03	4.85	4.95	4.69	4.72	1963288	69187232.00
2011/03/04	4.74	4.86	4.73	4.86	1542440	54060256.00
2011/03/07	4.91	4.93	4.78	4.87	2284541	80688448.00
2011/03/08	4.87	4.87	4.77	4.81	1523899	53410472.00
2011/03/09	4.81	4.96	4.78	4.94	2536372	90175096.00
2011/03/10	4.94	5.05	4.86	4.87	2206036	78948464.00
2011/03/11	4.83	4.89	4.75	4.76	1843452	64582256.00
2011/03/14	4.73	4.82	4.68	4.80	1400685	48537988.00
2011/03/15	4.81	4.82	4.46	4.68	2081752	70878392.00
2011/03/16	4.66	4.76	4.65	4.70	1386907	47883680.00
2011/03/17	4.64	4.71	4.54	4.58	1306835	44329868.00
2011/03/18	4.66	4.68	4.57	4.60	868896	29505218.00
2011/03/21	4.60	4.62	4.50	4.53	983286	33057952.00
2011/03/22	4.55	4.59	4.47	4.57	783827	26198122.00
2011/03/23	4.57	4.66	4.56	4.62	1065977	36263396.00
2011/03/24	4.61	4.65	4.57	4.58	951438	32215584.00
2011/03/25	4.62	4.62	4.54	4.59	1011263	34101204.00
2011/03/28	4.59	4.62	4.48	4.49	1561797	52162384.00
2011/03/29	4.47	4.47	4.27	4.28	1968579	63524236.00
2011/03/30	4.30	4.35	4.28	4.29	876316	28181014.00
2011/03/31	4.29	4.37	4.29	4.34	862107	27838444.00
2011/04/01	4.32	4.35	4.25	4.33	783482	25170166.00
2011/04/06	4.32	4.41	4.32	4.40	1151159	37457584.00
2011/04/07	4.41	4.57	4.41	4.55	2026106	67629568.00
2011/04/08	4.55	4.58	4.48	4.54	1277935	42733148.00
2011/04/11	4.56	4.59	4.41	4.41	1695282	56019296.00
2011/04/12	4.41	4.41	4.32	4.36	778833	25289158.00
2011/04/13	4.31	4.45	4.31	4.44	669236	21945762.00
2011/04/14	4.45	4.50	4.40	4.47	885780	29299510.00
2011/04/15	4.47	4.50	4.40	4.44	622730	20505788.00
2011/04/18	4.44	4.48	4.40	4.46	622850	20490966.00
2011/04/19	4.45	4.57	4.40	4.50	1670287	55820180.00
2011/04/20	4.51	4.56	4.41	4.49	1138114	37635216.00
2011/04/21	4.50	4.54	4.44	4.54	1190866	39580916.00
2011/04/22	4.55	4.60	4.51	4.54	1349858	45375672.00
2011/04/25	4.52	4.54	4.36	4.37	1117304	36703112.00
2011/04/26	4.35	4.38	4.31	4.36	555932	17989044.00
2011/04/27	4.35	4.41	4.23	4.26	679778	21921258.00
2011/04/29	4.11	4.11	3.81	3.97	1209575	36318340.00
2011/05/03	3.97	3.99	3.88	3.97	479767	14408341.00
2011/05/04	3.94	3.94	3.74	3.75	741473	21833968.00
2011/05/05	3.75	3.78	3.66	3.75	521634	15014417.00
2011/05/06	3.77	4.15	3.74	4.03	1865623	56825332.00
2011/05/09	4.03	4.14	3.98	4.09	1009828	31081180.00
2011/05/10	4.05	4.11	4.01	4.07	476957	14583614.00
2011/05/11	4.09	4.21	4.01	4.17	950847	29530950.00
2011/05/12	4.16	4.20	4.02	4.02	950126	29509404.00
2011/05/13	3.95	4.03	3.81	3.91	812900	14921580.00
2011/05/16	3.90	3.92	3.81	3.81	813998	14826398.00
2011/05/17	3.82	3.86	3.76	3.85	996467	18094586.00
2011/05/18	3.85	3.87	3.80	3.84	489231	8899588.00
2011/05/19	3.86	3.86	3.52	3.70	1121512	20172990.00
2011/05/20	3.68	3.68	3.57	3.57	1025399	17762608.00
2011/05/23	3.57	3.57	3.32	3.33	1505225	25007148.00
2011/05/24	3.32	3.43	3.30	3.39	827464	13613012.00
2011/05/25	3.38	3.43	3.24	3.24	778629	12736234.00
2011/05/26	3.24	3.30	3.22	3.24	604245	9701437.00
2011/05/27	3.24	3.26	3.09	3.09	930460	14567480.00
2011/05/30	3.08	3.18	3.08	3.13	978753	15316739.00
2011/05/31	3.13	3.26	3.08	3.26	1001841	15923547.00
2011/06/01	3.26	3.28	3.19	3.26	840058	13406816.00
2011/06/02	3.21	3.23	3.10	3.17	1040002	16344150.00
2011/06/03	3.14	3.38	3.14	3.32	1362181	21975078.00
2011/06/07	3.29	3.36	3.27	3.31	826851	13429417.00
2011/06/08	3.33	3.33	3.22	3.27	732382	11773392.00
2011/06/09	3.27	3.29	3.09	3.11	937770	14826927.00
2011/06/10	3.11	3.14	3.05	3.12	567053	8766440.00
2011/06/13	3.10	3.15	3.06	3.12	534292	8285065.50
2011/06/14	3.13	3.19	3.13	3.19	700783	11048796.00
2011/06/15	3.19	3.27	3.14	3.15	913641	14507374.00
2011/06/16	3.11	3.11	3.02	3.03	651118	10008409.00
2011/06/17	3.04	3.06	3.00	3.01	474548	7234016.50
2011/06/20	3.02	3.05	2.94	2.99	652150	9839092.00
2011/06/21	3.02	3.12	2.97	3.08	727705	11207309.00
2011/06/22	3.08	3.10	2.99	3.02	534823	8152772.50
2011/06/23	3.03	3.44	3.00	3.27	2966039	48107220.00
2011/06/24	3.19	3.46	3.19	3.40	3673778	60370472.00
2011/06/27	3.38	3.75	3.38	3.62	4650311	80292200.00
2011/06/28	3.65	3.65	3.52	3.59	2080222	35772536.00
2011/06/29	3.58	3.66	3.53	3.54	1452741	25101294.00
2011/06/30	3.53	3.66	3.53	3.59	1924417	33387886.00
2011/07/01	3.60	3.65	3.54	3.57	1278986	22101922.00
2011/07/04	3.58	3.75	3.58	3.70	2081381	36680200.00
2011/07/05	3.69	3.72	3.63	3.69	1240491	21802204.00
2011/07/06	3.68	3.80	3.60	3.78	1789859	31681976.00
2011/07/07	3.76	3.95	3.72	3.81	3097811	56565932.00
2011/07/08	3.79	3.85	3.71	3.78	1184244	21227242.00
2011/07/11	3.75	3.80	3.68	3.76	1057059	18839612.00
2011/07/12	3.71	3.74	3.57	3.59	1352765	23657440.00
2011/07/13	3.62	3.75	3.59	3.72	1109383	19528438.00
2011/07/14	3.68	3.87	3.68	3.84	1899657	34330552.00
2011/07/15	3.88	4.06	3.84	4.00	3195355	59859208.00
2011/07/18	4.00	4.02	3.90	3.93	1752642	32533136.00
2011/07/19	3.92	3.92	3.82	3.85	1108839	20260018.00
2011/07/20	3.87	3.94	3.78	3.84	1453514	26629688.00
2011/07/21	3.86	3.88	3.67	3.68	1564383	27967014.00
2011/07/22	3.68	3.73	3.66	3.69	843110	14901869.00
2011/07/25	3.61	3.70	3.35	3.37	1654390	27980056.00
2011/07/26	3.38	3.48	3.38	3.46	1262324	21163712.00
2011/07/27	3.45	3.62	3.38	3.59	1230364	21015370.00
2011/07/28	3.52	4.05	3.52	3.86	3920953	71825008.00
2011/07/29	3.84	3.96	3.79	3.85	2981769	54763356.00
2011/08/01	3.85	3.94	3.73	3.88	2049022	37449452.00
2011/08/02	3.89	3.95	3.73	3.95	2008789	36560380.00
2011/08/03	3.88	4.09	3.82	4.01	3639125	68299136.00
2011/08/04	3.96	4.03	3.84	3.86	2385979	44114948.00
2011/08/05	3.65	3.77	3.52	3.69	1769207	31340196.00
2011/08/08	3.62	3.65	3.25	3.38	2101636	35320600.00
2011/08/09	3.24	3.53	3.17	3.53	2069341	34224772.00
2011/08/10	3.62	3.76	3.53	3.76	3180169	55712892.00
2011/08/11	3.64	3.91	3.61	3.88	4131294	74675824.00
2011/08/12	3.93	4.00	3.80	3.96	3434550	63213448.00
2011/08/15	3.90	4.14	3.90	4.13	4666542	88742824.00
2011/08/16	4.16	4.16	3.99	4.01	3876082	73595592.00
2011/08/17	4.02	4.10	3.99	4.01	2654802	50240848.00
2011/08/19	3.86	3.95	3.76	3.93	3316929	60458132.00
2011/08/22	3.83	4.19	3.83	4.11	5099650	97417192.00
2011/08/23	4.14	4.28	4.09	4.27	4992116	97492328.00
2011/08/24	4.25	4.37	4.14	4.19	3676026	72320408.00
2011/08/25	4.14	4.31	4.09	4.24	3474900	67929432.00
2011/08/26	4.21	4.31	4.14	4.25	2329571	45754228.00
2011/08/29	4.41	4.41	4.17	4.24	6446957	127554632.00
2011/08/30	4.30	4.57	4.18	4.41	11658606	232961024.00
2011/08/31	4.49	4.59	4.31	4.50	10747670	220239344.00
2011/09/01	4.54	4.66	4.31	4.32	10915257	223049648.00
2011/09/02	4.25	4.25	3.87	3.98	5598282	106135856.00
2011/09/05	3.84	3.91	3.76	3.78	2608663	47220664.00
2011/09/06	3.76	3.85	3.72	3.81	1684589	30442476.00
2011/09/07	3.86	3.93	3.82	3.90	2026135	37238788.00
2011/09/08	4.00	4.00	3.79	3.79	2050212	37551952.00
2011/09/09	3.77	3.87	3.55	3.63	2215785	39221524.00
2011/09/13	3.57	3.57	3.43	3.53	1668965	28324080.00
2011/09/14	3.56	3.65	3.48	3.63	1495829	25830604.00
2011/09/15	3.68	3.74	3.62	3.66	1613389	28455610.00
2011/09/16	3.70	3.70	3.63	3.67	1072560	18806942.00
2011/09/19	3.67	3.67	3.47	3.47	1177930	20100496.00
2011/09/20	3.47	3.55	3.45	3.49	1066543	18121788.00
2011/09/21	3.46	3.71	3.46	3.68	2133123	37247620.00
2011/09/22	3.61	3.68	3.50	3.51	1387574	23936510.00
2011/09/23	3.43	3.50	3.39	3.44	995872	16652436.00
2011/09/26	3.43	3.50	3.30	3.32	1005258	16716574.00
2011/09/27	3.35	3.40	3.33	3.37	647629	10658132.00
2011/09/28	3.40	3.47	3.27	3.28	771313	12707174.00
2011/09/29	3.24	3.29	3.08	3.08	900409	14178564.00
2011/09/30	3.08	3.17	3.02	3.02	641783	9891703.00
2011/10/10	3.05	3.10	3.01	3.02	722469	11062060.00
2011/10/11	3.14	3.17	3.00	3.03	762787	11753961.00
2011/10/12	3.03	3.21	2.94	3.20	1114033	17406782.00
2011/10/13	3.20	3.31	3.17	3.27	1244909	20042706.00
2011/10/14	3.24	3.32	3.21	3.25	907599	14590366.00
2011/10/17	3.26	3.33	3.18	3.20	1405265	22488004.00
2011/10/18	3.20	3.23	3.08	3.09	900719	14083001.00
2011/10/19	3.10	3.14	3.05	3.07	524500	8120001.50
2011/10/20	3.07	3.07	2.92	2.95	945000	14190934.00
2011/10/21	2.98	3.01	2.92	2.96	519928	7800175.00
2011/10/24	2.99	3.13	2.92	3.12	1175304	17945188.00
2011/10/25	3.11	3.23	3.05	3.21	1502982	23587594.00
2011/10/26	3.16	3.27	3.14	3.21	1691544	26940818.00
2011/10/27	3.22	3.24	3.16	3.18	965833	15303601.00
2011/10/28	3.23	3.27	3.20	3.27	1557299	24924818.00
2011/10/31	3.29	3.29	3.21	3.27	1186326	19050318.00
2011/11/01	3.24	3.28	3.18	3.24	1368843	21864278.00
2011/11/02	3.18	3.32	3.14	3.32	2016867	32163422.00
2011/11/03	3.38	3.49	3.37	3.37	3104023	51812388.00
2011/11/04	3.39	3.44	3.33	3.43	1811318	29979568.00
2011/11/07	3.42	3.43	3.36	3.36	1131354	18697734.00
2011/11/08	3.38	3.38	3.28	3.29	1122253	18303406.00
2011/11/09	3.30	3.38	3.27	3.38	1030793	16873710.00
2011/11/10	3.36	3.36	3.26	3.27	1098974	17874078.00
2011/11/11	3.26	3.32	3.25	3.27	601081	9718848.00
2011/11/14	3.31	3.40	3.30	3.40	1553327	25536618.00
2011/11/15	3.37	3.45	3.35	3.44	1421539	23614264.00
2011/11/16	3.43	3.47	3.27	3.28	1456731	23976030.00
2011/11/17	3.26	3.34	3.26	3.29	794633	12857411.00
2011/11/18	3.26	3.29	3.04	3.06	1334507	20899372.00
2011/11/21	3.08	3.10	3.01	3.09	547176	8371430.50
2011/11/22	3.04	3.09	2.99	3.06	705647	10784286.00
2011/11/23	3.07	3.10	3.03	3.05	543105	8324746.50
2011/11/24	3.03	3.09	2.97	3.09	567590	8656230.00
2011/11/25	3.06	3.09	3.02	3.04	439840	6733785.50
2011/11/28	3.04	3.09	3.02	3.06	344777	5271450.50
2011/11/29	3.13	3.13	3.08	3.11	718382	11128939.00
2011/11/30	3.11	3.12	2.83	2.86	1172132	17553356.00
2011/12/01	3.02	3.02	2.92	2.92	1228167	18415134.00
2011/12/02	2.89	2.95	2.85	2.87	749521	11033830.00
2011/12/05	2.86	2.97	2.82	2.97	1022252	15098424.00
2011/12/06	2.91	3.06	2.91	3.05	988056	14986577.00
2011/12/07	3.03	3.09	3.00	3.06	886328	13574866.00
2011/12/08	3.05	3.11	2.99	3.05	823627	12633422.00
2011/12/09	3.00	3.07	3.00	3.07	875539	13345097.00
2011/12/12	3.07	3.09	3.01	3.05	670433	10234080.00
2011/12/13	3.00	3.06	2.85	3.06	1126889	16788920.00
2011/12/14	3.01	3.09	3.00	3.07	821547	12559971.00
2011/12/15	3.03	3.13	2.85	3.13	1831375	27911304.00
2011/12/16	3.06	3.29	3.03	3.29	1854886	29149144.00
2011/12/19	3.27	3.28	3.10	3.28	2302195	36388728.00
2011/12/20	3.23	3.29	3.13	3.21	1916191	30343748.00
2011/12/21	3.19	3.23	3.05	3.12	1592862	24761228.00
2011/12/22	3.02	3.06	2.79	3.04	2038077	30386018.00
2011/12/23	2.96	3.10	2.94	3.09	1384880	21178666.00
2011/12/26	3.04	3.10	3.02	3.09	819438	12620347.00
2011/12/27	3.05	3.09	2.91	3.07	1075967	16365564.00
2011/12/28	3.05	3.14	2.97	3.13	930951	14267465.00
2011/12/29	3.13	3.23	3.11	3.22	1401194	22218672.00
2011/12/30	3.23	3.27	3.17	3.25	1256020	20034802.00
2012/01/04	3.29	3.32	3.10	3.19	1154183	18297792.00
2012/01/05	3.15	3.16	2.91	3.03	1279868	19406430.00
2012/01/06	2.98	3.21	2.91	3.21	1040810	16099241.00
2012/01/09	3.20	3.39	3.16	3.37	2641404	42718928.00
2012/01/10	3.34	3.51	3.30	3.50	3682474	61264832.00
2012/01/11	3.47	3.48	3.37	3.46	2769285	46257800.00
2012/01/12	3.40	3.47	3.37	3.44	2247216	37430240.00
2012/01/13	3.44	3.46	3.26	3.36	1745624	28536684.00
2012/01/16	3.29	3.32	3.21	3.31	1074802	17305338.00
2012/01/17	3.29	3.49	3.27	3.47	2901815	48088616.00
2012/01/18	3.47	3.48	3.32	3.40	1993899	33031276.00
2012/01/19	3.40	3.45	3.30	3.43	1586693	26254592.00
2012/01/20	3.45	3.51	3.43	3.47	2025091	34191492.00
2012/01/30	3.49	3.50	3.34	3.35	1258650	20924972.00
2012/01/31	3.32	3.35	3.18	3.25	1394727	22320808.00
2012/02/01	3.23	3.26	3.06	3.08	1292417	20327260.00
2012/02/02	3.05	3.17	3.03	3.17	1361077	21070548.00
2012/02/03	3.15	3.22	3.10	3.19	1727617	27122114.00
2012/02/06	3.20	3.20	3.12	3.19	1704143	26744552.00
2012/02/07	3.16	3.16	3.06	3.13	1120909	17339892.00
2012/02/08	3.10	3.23	3.10	3.23	1990388	31290586.00
2012/02/09	3.24	3.31	3.19	3.27	2503731	40205800.00
2012/02/10	3.26	3.29	3.20	3.29	2340606	37563564.00
2012/02/13	3.26	3.36	3.21	3.34	2157080	34993364.00
2012/02/14	3.34	3.37	3.29	3.34	1389957	22644198.00
2012/02/15	3.27	3.42	3.27	3.41	2535097	41611216.00
2012/02/16	3.39	3.44	3.29	3.33	2332611	38378908.00
2012/02/17	3.33	3.36	3.27	3.32	1339362	21730904.00
2012/02/20	3.35	3.42	3.32	3.39	2457862	40643308.00
2012/02/21	3.38	3.57	3.34	3.56	6015674	101940272.00
2012/02/22	3.56	3.59	3.52	3.55	5681030	97254656.00
2012/02/23	3.53	3.64	3.49	3.54	3764100	64605908.00
2012/02/24	3.54	3.57	3.50	3.55	2925576	49981996.00
2012/02/27	3.54	3.62	3.45	3.49	7546301	129041448.00
2012/02/28	3.45	3.47	3.37	3.41	3478908	57866444.00
2012/02/29	3.40	3.45	3.36	3.38	2228379	37004100.00
2012/03/01	3.35	3.42	3.35	3.38	1350538	22369104.00
2012/03/02	3.38	3.48	3.38	3.47	2183830	36665924.00
2012/03/05	3.46	3.58	3.46	3.50	3418018	58307392.00
2012/03/06	3.49	3.50	3.35	3.36	3483151	57731740.00
2012/03/07	3.30	3.40	3.26	3.28	3134392	51095020.00
2012/03/08	3.29	3.38	3.29	3.31	2399021	39181276.00
2012/03/09	3.34	3.42	3.34	3.42	2604972	43021756.00
2012/03/12	3.43	3.56	3.41	3.54	4237434	71761544.00
2012/03/13	3.52	3.90	3.52	3.77	9332091	165578128.00
2012/03/14	3.75	3.81	3.51	3.58	7489742	131707096.00
2012/03/15	3.59	3.79	3.59	3.77	7433968	131596568.00
2012/03/16	3.73	3.96	3.73	3.93	7336682	134774512.00
2012/03/19	3.94	4.00	3.85	3.96	5736216	106456944.00
2012/03/20	3.92	3.92	3.79	3.81	3589030	65402632.00
2012/03/21	3.83	3.87	3.68	3.72	3383327	60394992.00
2012/03/22	3.72	3.87	3.68	3.79	2701384	48526956.00
2012/03/23	3.77	3.77	3.64	3.73	2014403	35677480.00
2012/03/26	3.70	3.89	3.67	3.85	3843324	69739832.00
2012/03/27	3.87	3.96	3.73	3.75	3532041	64333276.00
2012/03/28	3.69	3.74	3.46	3.49	3411228	58976228.00
2012/03/29	3.50	3.62	3.30	3.57	2795172	47219496.00
2012/03/30	3.55	3.61	3.46	3.52	1455539	24815958.00
2012/04/05	3.56	3.66	3.48	3.65	2744897	47445940.00
2012/04/06	3.65	3.70	3.59	3.68	2431250	42486188.00
2012/04/09	3.67	3.67	3.49	3.49	1853576	32080034.00
2012/04/11	3.51	3.70	3.48	3.65	2825477	49186456.00
2012/04/12	3.63	3.75	3.63	3.72	2679974	47367152.00
2012/04/13	3.75	3.85	3.68	3.70	2660180	47645316.00
2012/04/16	3.68	3.70	3.62	3.69	1717308	30092174.00
2012/04/17	3.67	3.71	3.57	3.58	1475755	25666746.00
2012/04/18	3.58	3.75	3.58	3.73	2071495	36549276.00
2012/04/19	3.73	3.80	3.70	3.76	1724671	30791380.00
2012/04/20	3.76	3.82	3.71	3.73	2037263	36544664.00
2012/04/23	3.73	3.79	3.57	3.61	2016118	35329416.00
2012/04/24	3.58	3.66	3.40	3.57	1866254	31680364.00
2012/04/25	3.54	3.65	3.53	3.61	1291813	22317422.00
2012/04/26	3.64	3.64	3.46	3.50	1581808	26704770.00
2012/04/27	3.50	3.55	3.45	3.49	1216066	20337854.00
2012/05/02	3.57	3.61	3.51	3.56	1594041	27070366.00
2012/05/03	3.56	3.56	3.48	3.53	1198770	20208652.00
2012/05/04	3.54	3.61	3.53	3.59	1576105	26894392.00
2012/05/07	3.57	3.70	3.54	3.69	2167280	37359532.00
2012/05/08	3.68	3.70	3.63	3.66	1197454	20739656.00
2012/05/09	3.60	3.67	3.57	3.59	1518889	26107356.00
2012/05/10	3.59	3.65	3.54	3.56	1036481	17707312.00
2012/05/11	3.56	3.58	3.47	3.47	1328846	22340492.00
2012/05/14	3.49	3.56	3.47	3.47	873682	14607443.00
2012/05/15	3.47	3.56	3.46	3.51	1427494	24038532.00
2012/05/16	3.50	3.54	3.39	3.40	1449159	24144374.00
2012/05/17	3.40	3.46	3.34	3.43	1595357	26179870.00
2012/05/18	3.40	3.42	3.27	3.34	2011596	32488272.00
2012/05/21	3.32	3.37	3.28	3.32	805536	12965636.00
2012/05/22	3.33	3.40	3.33	3.38	791049	12868610.00
2012/05/23	3.38	3.51	3.38	3.49	1777864	29613672.00
2012/05/24	3.48	3.55	3.44	3.45	1408276	23672666.00
2012/05/25	3.45	3.48	3.34	3.35	843194	13779994.00
2012/05/28	3.34	3.41	3.08	3.39	1091637	17644536.00
2012/05/29	3.36	3.46	3.36	3.44	1028822	16944792.00
2012/05/30	3.46	3.55	3.44	3.49	1190883	19930434.00
2012/05/31	3.46	3.68	3.44	3.61	3131689	53724240.00
2012/06/01	3.67	3.68	3.61	3.66	2073882	35906664.00
2012/06/04	3.60	3.80	3.57	3.62	2302953	40159376.00
2012/06/05	3.62	3.67	3.61	3.64	913667	15761803.00
2012/06/06	3.65	3.68	3.61	3.63	1170521	20168718.00
2012/06/07	3.63	3.76	3.63	3.70	1504984	26294028.00
2012/06/08	3.75	3.75	3.59	3.67	1076530	18736976.00
2012/06/11	3.64	3.71	3.57	3.70	1049165	18199564.00
2012/06/12	3.68	3.71	3.62	3.67	684806	11873688.00
2012/06/13	3.65	3.78	3.64	3.77	2284487	40181860.00
2012/06/14	3.74	3.84	3.73	3.77	1782318	31823394.00
2012/06/15	3.72	3.83	3.72	3.79	841136	14944737.00
2012/06/18	3.77	3.85	3.77	3.82	1299898	23254466.00
2012/06/19	3.74	3.84	3.73	3.84	1163960	20666530.00
2012/06/20	3.81	3.84	3.78	3.81	921136	16495047.00
2012/06/21	3.79	3.82	3.71	3.80	2607692	46212936.00
2012/06/25	3.74	3.79	3.69	3.72	843438	14898639.00
2012/06/26	3.69	3.81	3.65	3.71	1518077	26677674.00
2012/06/27	3.71	3.80	3.68	3.73	670114	11860657.00
2012/06/28	3.71	3.78	3.68	3.68	495618	8698640.00
2012/06/29	3.68	3.78	3.64	3.76	486497	8524788.00
2012/07/02	3.78	3.91	3.74	3.90	3459000	62553716.00
2012/07/03	3.88	3.94	3.82	3.82	2248115	40790664.00
2012/07/04	3.84	3.85	3.70	3.73	1721698	30516440.00
2012/07/05	3.68	3.73	3.64	3.67	1921384	33452710.00
2012/07/06	3.67	3.83	3.64	3.81	1792608	31652246.00
2012/07/09	3.77	3.87	3.69	3.75	3479444	61999356.00
2012/07/10	3.70	3.80	3.69	3.76	2113373	37245864.00
2012/07/11	3.70	3.79	3.70	3.77	2873858	50688948.00
2012/07/12	3.76	3.82	3.71	3.75	1623687	28688734.00
2012/07/13	3.73	3.75	3.60	3.62	3441273	59648632.00
2012/07/16	3.62	3.69	3.50	3.63	6000961	103357160.00
2012/07/17	3.62	3.69	3.57	3.65	2724789	47299436.00
2012/07/18	3.65	3.71	3.62	3.68	4997302	87150816.00
2012/07/19	3.67	3.81	3.67	3.79	6740213	119148888.00
2012/07/20	3.77	3.86	3.75	3.78	4704481	84105120.00
2012/07/23	3.78	3.85	3.72	3.84	6837718	122485064.00
2012/07/24	3.84	3.87	3.79	3.80	3919299	70331256.00
2012/07/25	3.79	3.90	3.76	3.76	4359830	78617712.00
2012/07/26	3.76	3.78	3.63	3.64	3596195	62997452.00
2012/07/27	3.69	3.78	3.69	3.72	6037146	106398912.00
2012/07/30	3.68	3.79	3.60	3.66	5082138	88852168.00
2012/07/31	3.64	3.73	3.51	3.53	4842241	83047232.00
2012/08/01	3.53	3.57	3.45	3.56	1504807	25386058.00
2012/08/02	3.53	3.59	3.45	3.45	1200270	20174830.00
2012/08/03	3.45	3.50	3.41	3.50	1043439	17320470.00
2012/08/06	3.50	3.65	3.48	3.62	2197292	37364464.00
2012/08/07	3.62	3.67	3.59	3.64	1337564	23048660.00
2012/08/08	3.66	3.72	3.59	3.70	1728639	30030798.00
2012/08/09	3.69	3.84	3.67	3.72	3728626	65842740.00
2012/08/10	3.73	3.98	3.69	3.84	3736198	66583160.00
2012/08/13	3.87	3.92	3.73	3.78	1755381	31467928.00
2012/08/14	3.78	3.95	3.73	3.94	2438608	44017420.00
2012/08/15	3.98	4.26	3.90	4.12	11872837	223207600.00
2012/08/16	4.22	4.23	4.03	4.13	10410308	198774176.00
2012/08/17	4.13	4.13	3.92	4.01	7481980	139222784.00
2012/08/20	4.01	4.05	3.95	4.03	11306291	210276016.00
2012/08/21	4.04	4.11	3.95	4.05	10847257	203272880.00
2012/08/22	4.00	4.07	3.98	4.03	4965549	92820064.00
2012/08/23	4.05	4.05	4.01	4.03	4383336	81971248.00
2012/08/24	4.06	4.06	3.88	3.98	2602229	47860976.00
2012/08/27	3.98	4.07	3.87	4.02	8551862	159079648.00
2012/08/28	4.03	4.16	3.92	4.15	10007177	188586256.00
2012/08/29	4.15	4.30	4.06	4.22	12574475	240853280.00
2012/08/30	4.27	4.28	3.98	4.17	10821779	208116848.00
2012/08/31	4.06	4.24	4.02	4.18	12764256	245088768.00
2012/09/03	4.20	4.30	4.07	4.27	14407882	278801856.00
2012/09/04	4.30	4.33	4.14	4.26	15353717	299709440.00
2012/09/05	4.23	4.36	4.15	4.25	14450952	281976608.00
2012/09/06	4.25	4.30	4.18	4.25	13076923	254356496.00
2012/09/07	4.25	4.52	4.11	4.23	20642779	403024320.00
2012/09/10	4.11	4.20	3.93	3.99	15707492	293073344.00
2012/09/11	3.97	4.05	3.88	4.02	10219983	188265264.00
2012/09/12	4.02	4.02	3.84	3.88	9494887	173924336.00
2012/09/13	3.88	3.95	3.87	3.88	4543761	82865304.00
2012/09/14	3.91	3.91	3.82	3.87	3356183	60766748.00
2012/09/17	3.88	3.92	3.84	3.84	3202760	58160200.00
2012/09/18	3.84	3.84	3.76	3.77	2580041	46000164.00
2012/09/19	3.77	3.82	3.75	3.81	2505730	44678368.00
2012/09/20	3.81	3.86	3.57	3.57	3505410	61875480.00
2012/09/21	3.58	3.62	3.55	3.59	2086666	35616208.00
2012/09/24	3.57	3.69	3.54	3.69	2483813	42864332.00
2012/09/25	3.67	3.72	3.64	3.64	1323644	22988162.00
2012/09/26	3.62	3.67	3.56	3.57	1616385	27728060.00
2012/09/27	3.59	3.68	3.55	3.64	1592220	27405784.00
2012/09/28	3.62	3.73	3.61	3.71	1802380	31482484.00
2012/10/08	3.72	3.76	3.68	3.73	1294904	22757200.00
2012/10/09	3.73	3.80	3.73	3.79	1509691	26830976.00
2012/10/10	3.79	3.84	3.77	3.83	1948102	34940656.00
2012/10/11	3.75	3.87	3.75	3.81	2308050	41459460.00
2012/10/12	3.78	3.85	3.75	3.77	1157825	20632828.00
2012/10/15	3.78	3.84	3.76	3.82	1458541	26076352.00
2012/10/16	3.84	3.86	3.79	3.85	1375721	24747704.00
2012/10/17	3.85	3.85	3.76	3.76	1068333	19036782.00
2012/10/18	3.76	3.82	3.76	3.78	2552745	45441616.00
2012/10/19	3.78	3.80	3.74	3.80	1658408	29402874.00
2012/10/22	3.80	3.80	3.71	3.76	897979	15871025.00
2012/10/23	3.76	3.76	3.71	3.75	1061092	18712846.00
2012/10/24	3.74	3.74	3.53	3.58	1948145	33612680.00
2012/10/25	3.58	3.62	3.54	3.58	1109431	18960770.00
2012/10/26	3.59	3.65	3.59	3.60	2118613	36455748.00
2012/10/29	3.60	3.77	3.60	3.76	2091413	36723648.00
2012/10/30	3.80	3.80	3.72	3.75	486260	8590036.00
2012/10/31	3.75	3.86	3.73	3.76	1671765	29889564.00
2012/11/01	3.77	3.84	3.75	3.80	1192773	21324272.00
2012/11/02	3.79	3.82	3.76	3.77	963332	17149492.00
2012/11/05	3.77	3.85	3.75	3.76	1290326	23074384.00
2012/11/06	3.76	3.82	3.65	3.68	700440	12266725.00
2012/11/07	3.66	3.83	3.66	3.73	1683503	29928058.00
2012/11/08	3.70	3.80	3.69	3.77	1334303	23703828.00
2012/11/09	3.77	3.79	3.72	3.73	504813	8905365.00
2012/11/12	3.73	3.73	3.61	3.64	646801	11218787.00
2012/11/13	3.66	3.66	3.55	3.58	625207	10663970.00
2012/11/14	3.57	3.60	3.50	3.59	617033	10474012.00
2012/11/15	3.59	3.64	3.54	3.61	830899	14234822.00
2012/11/16	3.58	3.59	3.32	3.32	1562361	25591420.00
2012/11/19	3.35	3.49	3.34	3.47	1456643	23857082.00
2012/11/20	3.48	3.54	3.42	3.53	672670	11265562.00
2012/11/21	3.51	3.55	3.41	3.49	692424	11550958.00
2012/11/22	3.49	3.49	3.38	3.40	482797	7941896.50
2012/11/23	3.40	3.50	3.37	3.45	1235856	20518476.00
2012/11/26	3.45	3.50	3.42	3.42	736340	12268836.00
2012/11/27	3.42	3.43	3.33	3.36	621749	10115726.00
2012/11/28	3.36	3.38	3.30	3.31	676161	10905234.00
2012/11/29	3.29	3.38	3.25	3.36	596747	9656049.00
2012/11/30	3.36	3.53	3.36	3.51	1168109	19531712.00
2012/12/03	3.51	3.70	3.51	3.57	2028154	35005960.00
2012/12/04	3.58	3.65	3.52	3.63	639013	10915010.00
2012/12/05	3.63	3.78	3.57	3.68	1773476	31186708.00
2012/12/06	3.71	3.75	3.66	3.68	1544508	27075382.00
2012/12/07	3.69	3.73	3.63	3.69	944794	16471531.00
2012/12/10	3.70	3.85	3.70	3.80	1747633	31124762.00
2012/12/11	3.80	3.84	3.73	3.78	758732	13507461.00
2012/12/12	3.74	3.78	3.73	3.73	671075	11837850.00
2012/12/13	3.73	3.77	3.71	3.73	443944	7825103.50
2012/12/14	3.73	3.90	3.73	3.87	1642516	29607290.00
2012/12/17	3.87	4.03	3.83	3.99	3651527	67164336.00
2012/12/18	3.99	3.99	3.90	3.92	1285682	23619258.00
2012/12/19	3.89	3.99	3.89	3.91	659580	12124417.00
2012/12/20	3.86	3.94	3.82	3.91	971861	17614702.00
2012/12/21	3.92	4.11	3.87	4.02	2871825	53598636.00
2012/12/24	4.01	4.10	3.96	4.05	1323722	24938002.00
2012/12/25	4.05	4.21	4.05	4.15	2288848	43803352.00
2012/12/26	4.14	4.21	4.07	4.13	932372	17695604.00
2012/12/27	4.14	4.17	4.01	4.01	817006	15376987.00
2012/12/28	4.01	4.07	3.88	4.05	1461692	27109116.00
2012/12/31	4.05	4.08	3.89	3.94	2308590	42506312.00
2013/01/04	3.94	4.16	3.93	4.14	2912656	54622852.00
2013/01/07	4.09	4.31	4.07	4.28	3184092	61951424.00
2013/01/08	4.32	4.43	4.22	4.26	2327822	45775844.00
2013/01/09	4.23	4.37	4.23	4.28	1163149	22880080.00
2013/01/10	4.26	4.51	4.26	4.43	1442587	28952408.00
2013/01/11	4.43	4.46	4.28	4.31	1289467	25727650.00
2013/01/14	4.31	4.48	4.31	4.38	1912955	38486788.00
2013/01/15	4.39	4.60	4.38	4.54	1379154	28218766.00
2013/01/16	4.49	4.74	4.49	4.66	1818097	38025780.00
2013/01/17	4.95	5.23	4.95	5.23	8248643	189347504.00
2013/01/18	5.25	5.76	5.15	5.47	6806250	160293744.00
2013/01/21	5.37	5.72	5.35	5.46	3878087	93073824.00
2013/01/22	5.40	5.42	5.21	5.33	3149560	73686496.00
2013/01/23	5.26	5.29	4.98	5.24	2973192	67955792.00
2013/01/24	5.21	5.26	4.93	4.98	3875324	86833576.00
2013/01/25	4.96	5.24	4.91	5.16	2805077	63779972.00
2013/01/28	5.16	5.62	5.13	5.53	2803233	66566936.00
2013/01/29	5.49	5.56	5.43	5.48	1536610	36827176.00
2013/01/30	5.51	5.59	5.37	5.55	1694236	40680640.00
2013/01/31	5.55	5.57	5.43	5.54	1338564	32308478.00
2013/02/01	5.54	5.59	5.48	5.53	1641633	39795676.00
2013/02/04	5.51	5.70	5.27	5.32	2256221	53872516.00
2013/02/05	5.21	5.54	5.16	5.48	1674992	39356436.00
2013/02/06	5.49	5.72	5.47	5.67	1380979	33957528.00
2013/02/07	5.66	6.02	5.66	5.96	1863224	47446488.00
2013/02/08	6.02	6.27	5.88	6.06	1317693	34487136.00
2013/02/18	6.03	6.30	5.89	6.13	1438025	37814604.00
2013/02/19	6.13	6.13	5.48	5.97	3604144	92451280.00
2013/02/20	5.83	6.30	5.81	6.30	1285871	33989004.00
2013/02/21	6.17	6.33	5.95	6.03	3892481	102491032.00
2013/02/22	6.03	6.28	5.78	6.16	2582625	68442056.00
2013/02/25	6.17	6.39	6.13	6.37	2135664	57455400.00
2013/02/26	6.34	6.38	6.07	6.08	1668249	44684136.00
2013/02/27	6.08	6.11	5.86	5.89	1694666	43502360.00
2013/02/28	5.89	6.11	5.84	6.08	1626514	41905628.00
2013/03/01	6.02	6.19	5.92	6.17	976108	25456466.00
2013/03/04	6.04	6.11	5.45	5.45	6926567	170065600.00
2013/03/05	5.37	5.70	5.35	5.67	2386143	57927576.00
2013/03/06	5.64	5.86	5.57	5.79	1357433	33755368.00
2013/03/07	5.79	6.00	5.48	5.53	2945376	73187152.00
2013/03/08	5.50	5.68	5.49	5.59	1364853	33488444.00
2013/03/11	5.53	5.71	5.50	5.59	1036317	25249044.00
2013/03/12	5.59	5.67	5.37	5.40	1358665	32772070.00
2013/03/13	5.39	5.47	5.24	5.45	840567	20004838.00
2013/03/14	5.45	5.86	5.40	5.71	1429497	35570952.00
2013/03/15	5.78	5.80	5.62	5.70	782799	19507464.00
2013/03/18	5.70	5.71	5.57	5.64	557111	13690739.00
2013/03/19	5.52	5.70	5.52	5.68	788246	19365350.00
2013/03/20	5.71	5.97	5.68	5.93	1413615	35880968.00
2013/03/21	6.03	6.18	5.94	6.16	1120955	29480732.00
2013/03/22	6.16	6.27	5.98	6.14	1149957	30398870.00
2013/03/25	6.10	6.17	6.03	6.06	773973	20326622.00
2013/03/26	6.06	6.24	5.99	6.06	573167	14957076.00
2013/03/27	6.08	6.21	5.94	6.08	954570	24881652.00
2013/03/28	5.97	6.08	5.62	6.00	1491033	38291604.00
2013/03/29	6.06	6.06	5.85	5.91	441369	11298962.00
2013/04/01	5.89	6.00	5.83	5.90	435823	11128170.00
2013/04/02	5.91	5.94	5.52	5.65	1179569	29302630.00
2013/04/03	5.65	5.78	5.65	5.68	454440	11247344.00
2013/04/08	5.53	5.79	5.42	5.77	541315	13236439.00
2013/04/09	5.78	5.92	5.71	5.82	521604	13142806.00
2013/04/10	5.76	6.06	5.76	5.85	2615225	66777360.00
2013/04/11	5.80	6.21	5.80	6.13	1630591	42563500.00
2013/04/12	6.15	6.76	6.06	6.66	2897233	80275488.00
2013/04/15	6.65	6.65	6.14	6.43	3241647	88195000.00
2013/04/16	6.22	6.47	6.12	6.30	1889919	51198316.00
2013/04/17	6.28	6.79	6.28	6.78	2386908	66911960.00
2013/04/18	6.77	6.92	6.58	6.68	1290323	36722852.00
2013/04/19	6.61	6.96	6.61	6.68	2094285	60287964.00
2013/04/22	6.63	7.39	6.59	7.15	1876649	55754916.00
2013/04/23	7.21	7.31	7.07	7.21	1957918	59196124.00
2013/04/24	7.21	7.69	7.07	7.67	2337264	72809552.00
2013/04/25	7.52	8.03	7.28	7.48	4093907	130859960.00
2013/04/26	7.28	7.59	7.10	7.15	1616186	49382312.00
2013/05/02	7.10	7.53	6.58	7.45	1493802	45745840.00
2013/05/03	7.45	7.80	7.36	7.72	1547990	48965828.00
2013/05/06	7.75	7.75	7.48	7.66	1642127	52134004.00
2013/05/07	7.67	7.67	7.12	7.29	2088487	65197128.00
2013/05/08	7.31	7.57	7.13	7.46	1467979	45098160.00
2013/05/09	7.45	7.57	7.27	7.46	1060625	32974434.00
2013/05/10	7.46	7.48	7.12	7.42	1383217	42121980.00
2013/05/13	7.34	7.48	7.24	7.32	696396	21490296.00
2013/05/14	7.32	7.74	7.23	7.70	1145240	35617092.00
2013/05/15	7.64	7.78	7.37	7.69	1175943	37337332.00
2013/05/16	7.70	7.74	7.48	7.60	1249902	39838476.00
2013/05/17	7.59	8.08	7.53	8.07	1359527	44387708.00
2013/05/20	8.11	8.49	7.99	8.38	1536256	52105656.00
2013/05/21	8.41	8.46	8.08	8.35	1309244	44039692.00
2013/05/22	8.23	8.27	8.03	8.14	983598	32851850.00
2013/05/23	8.05	8.17	7.85	7.85	739574	24315814.00
2013/05/24	7.89	8.06	7.78	7.89	1170932	37943876.00
2013/05/27	7.86	8.16	7.86	7.97	776017	25572312.00
2013/05/28	7.97	7.97	7.62	7.64	3219534	102778528.00
2013/05/29	7.59	7.84	7.53	7.64	1244301	39470088.00
2013/05/30	7.54	7.64	7.49	7.54	1103203	34544112.00
2013/05/31	7.56	7.83	7.54	7.66	2289208	72918600.00
2013/06/03	7.66	7.80	7.33	7.48	1648245	51285080.00
2013/06/04	7.46	7.46	7.09	7.17	1321297	39658908.00
2013/06/05	7.22	7.41	7.06	7.29	1459500	44159688.00
2013/06/06	7.20	7.48	7.15	7.36	911904	27949376.00
2013/06/07	7.34	7.60	7.29	7.34	1718047	53039124.00
2013/06/13	7.31	7.56	6.91	7.50	1667544	49635756.00
2013/06/14	7.41	7.77	7.40	7.73	1626644	51384408.00
2013/06/17	7.77	7.88	7.57	7.82	1023412	32868404.00
2013/06/18	7.78	7.98	7.63	7.76	634264	20423210.00
2013/06/19	7.82	7.88	7.41	7.75	850892	26781948.00
2013/06/20	7.69	7.69	7.34	7.36	813905	25298012.00
2013/06/21	7.15	7.62	6.94	7.50	913687	27604196.00
2013/06/24	7.39	7.43	7.07	7.09	2178842	65357424.00
2013/06/25	7.09	7.28	6.44	7.24	2292998	65473852.00
2013/06/26	7.24	7.64	7.24	7.63	1213074	37783240.00
2013/06/27	7.63	7.97	7.57	7.71	893147	28617896.00
2013/06/28	7.71	8.05	7.62	7.92	1008847	32872088.00
2013/07/01	7.97	8.13	7.86	8.07	961726	31781500.00
2013/07/02	8.03	8.41	7.86	8.20	1595544	53097864.00
2013/07/03	8.18	8.54	8.03	8.43	1507730	51735060.00
2013/07/04	8.41	8.53	8.22	8.26	922857	31660776.00
2013/07/05	8.14	9.09	8.14	8.63	1777555	63009764.00
2013/07/08	8.55	8.80	8.44	8.53	943067	33231032.00
2013/07/09	8.33	8.58	8.33	8.45	348223	12008245.00
2013/07/10	8.52	8.52	8.27	8.41	381226	13100209.00
2013/07/11	8.29	9.26	8.29	9.25	1177911	42602924.00
2013/07/12	9.22	9.23	8.91	9.15	994205	36470380.00
2013/07/15	8.99	9.35	8.99	9.14	826423	30764718.00
2013/07/16	9.25	9.53	9.11	9.13	741934	27746166.00
2013/07/17	9.09	9.26	8.72	8.85	894737	32474152.00
2013/07/18	8.84	9.03	8.44	9.03	1371898	48904612.00
2013/07/19	8.98	9.11	8.63	8.78	960027	34618552.00
2013/07/22	9.28	9.28	8.71	8.82	541834	19692664.00
2013/07/23	8.71	9.04	8.71	8.99	1703114	61295492.00
2013/07/24	8.89	9.02	8.76	8.82	772741	27862210.00
2013/07/25	8.84	9.43	8.65	9.31	1515946	55856524.00
2013/07/26	9.12	9.46	8.71	9.26	1573177	58324552.00
2013/07/29	9.25	9.63	9.00	9.31	1517297	57796496.00
2013/07/30	9.22	9.53	8.98	8.99	1554458	57547464.00
2013/07/31	9.39	9.39	8.99	9.12	810496	30002506.00
2013/08/01	9.12	9.43	9.12	9.29	698068	26330408.00
2013/08/02	9.31	9.83	9.31	9.77	1756568	68465096.00
2013/08/05	9.75	10.02	9.57	9.79	1093251	43333364.00
2013/08/06	9.79	10.21	9.64	10.01	830892	33379344.00
2013/08/07	10.02	10.40	10.02	10.30	1505789	61983972.00
2013/08/08	10.27	10.37	10.01	10.20	950443	38776420.00
2013/08/09	10.21	10.27	9.91	10.00	658041	26596046.00
2013/08/12	10.00	10.10	9.54	9.85	1293022	50889768.00
2013/08/13	9.85	9.85	9.60	9.80	470599	18511920.00
2013/08/14	9.81	10.07	9.76	10.06	741828	29738146.00
2013/08/15	9.95	10.04	9.55	9.67	900326	35222428.00
2013/08/16	9.58	9.72	9.47	9.51	583886	22629462.00
2013/08/19	9.51	9.65	9.26	9.64	1100803	42155868.00
2013/08/20	9.66	9.73	9.34	9.37	1304228	50348048.00
2013/08/21	9.37	9.42	8.97	9.20	1287469	47599896.00
2013/08/22	9.02	9.25	8.98	9.11	762967	28327190.00
2013/08/23	9.17	9.20	8.72	8.87	1510640	54577072.00
2013/08/26	8.96	9.45	8.88	9.42	1448964	53649256.00
2013/08/27	9.42	9.54	9.26	9.47	1221085	46429628.00
2013/08/28	9.39	9.45	9.23	9.26	524397	19786308.00
2013/08/29	9.26	9.26	8.88	8.92	759543	27719116.00
2013/08/30	8.85	9.15	8.78	8.85	1065115	38831244.00
2013/09/02	8.90	9.19	8.44	9.17	1110962	40285420.00
2013/09/03	9.19	9.22	9.00	9.16	588420	21710252.00
2013/09/04	9.12	9.19	8.90	8.92	740128	27072730.00
2013/09/05	8.90	9.08	8.90	8.92	528050	19240782.00
2013/09/06	8.92	8.92	8.74	8.75	915998	32779706.00
2013/09/09	8.75	8.93	8.66	8.87	1264078	45220100.00
2013/09/10	8.85	8.92	8.72	8.77	739508	26571876.00
2013/09/11	8.77	9.20	8.30	9.20	1439617	51743004.00
2013/09/12	9.12	9.41	9.08	9.20	1104536	41374044.00
2013/09/13	9.20	9.36	9.12	9.26	694642	25977804.00
2013/09/16	9.22	9.45	9.15	9.28	575607	21650150.00
2013/09/17	9.28	9.60	9.07	9.55	1334716	50676516.00
2013/09/18	9.50	9.76	9.42	9.45	800070	30978618.00
2013/09/23	9.41	9.53	9.20	9.37	626110	23684690.00
2013/09/24	9.36	9.46	9.15	9.34	656897	24780050.00
2013/09/25	9.34	9.47	9.11	9.11	807475	30407248.00
2013/09/26	9.10	9.10	8.72	8.83	887893	32085156.00
2013/09/27	8.76	8.96	8.76	8.85	645430	23279120.00
2013/09/30	8.85	9.01	8.79	8.96	226929	8220503.00
2013/10/08	8.96	9.25	8.96	9.03	560484	20742942.00
2013/10/09	9.11	9.14	8.93	9.02	609913	22291444.00
2013/10/10	8.90	9.02	8.57	8.78	1247422	44391100.00
2013/10/11	8.71	8.90	8.71	8.74	693773	24821094.00
2013/10/14	8.71	8.84	8.50	8.82	1085436	38251704.00
2013/10/15	8.82	8.82	8.57	8.64	471872	16657765.00
2013/10/16	8.65	8.68	8.30	8.39	671041	23118786.00
2013/10/17	8.30	8.56	7.93	8.01	1194286	39940132.00
2013/10/18	8.00	8.54	7.95	8.46	1193926	40744168.00
2013/10/21	8.46	8.66	8.35	8.62	806603	28211436.00
2013/10/22	8.62	8.62	8.30	8.57	515867	17857984.00
2013/10/23	8.51	8.88	8.51	8.82	1181907	41989600.00
2013/10/24	8.79	8.90	8.64	8.65	344137	12235670.00
2013/10/25	8.97	9.62	8.97	9.14	2096404	78416144.00
2013/10/28	9.12	9.48	9.02	9.34	1987535	74908912.00
2013/10/29	9.30	9.35	8.87	8.96	1044872	38418832.00
2013/10/30	8.82	9.26	8.82	9.09	1390735	51428956.00
2013/10/31	9.09	9.26	8.82	9.12	789424	29209754.00
2013/11/01	8.99	9.12	8.58	8.85	940293	34019436.00
2013/11/04	8.79	9.12	8.74	8.91	777837	28241368.00
2013/11/05	8.82	8.96	8.81	8.89	283442	10226967.00
2013/11/06	8.88	8.89	8.44	8.70	350583	12506324.00
2013/11/07	8.55	8.60	8.10	8.22	873111	29890414.00
2013/11/08	8.28	8.34	8.12	8.14	357241	12030336.00
2013/11/11	8.14	8.27	8.04	8.22	453603	15224685.00
2013/11/12	8.17	8.57	8.17	8.47	611534	21143688.00
2013/11/13	8.56	8.56	8.37	8.45	378275	13062759.00
2013/11/14	8.36	8.67	8.33	8.52	217923	7579081.50
2013/11/15	8.52	8.82	8.44	8.69	425303	15049561.00
2013/11/18	8.74	8.85	8.66	8.73	427193	15232723.00
2013/11/19	8.73	8.81	8.71	8.74	505211	18017644.00
2013/11/20	8.74	8.84	8.60	8.76	294494	10482195.00
2013/11/21	8.76	8.76	8.55	8.70	581788	20570030.00
2013/11/22	8.66	9.06	8.66	8.99	849486	30753484.00
2013/11/25	8.98	9.43	8.71	9.43	1353268	50741128.00
2013/11/26	9.26	9.39	9.20	9.34	707109	26522150.00
2013/11/27	9.23	9.37	9.15	9.23	877559	32882578.00
2013/11/28	9.31	9.63	9.23	9.47	1507249	57825692.00
2013/11/29	9.50	9.50	9.24	9.34	1393103	52507760.00
2013/12/02	9.15	9.17	8.33	8.71	1611213	58918576.00
2013/12/03	8.57	9.15	8.57	8.94	1596191	57508236.00
2013/12/04	8.95	9.42	8.81	9.27	1588241	58656372.00
2013/12/05	9.22	9.53	9.00	9.38	1776421	66604224.00
2013/12/06	9.36	9.39	9.02	9.18	1243791	46233372.00
2013/12/09	9.34	9.94	9.19	9.63	3035910	118311680.00
2013/12/10	9.64	10.29	9.59	10.20	2174278	87464488.00
2013/12/11	10.18	10.40	9.91	10.21	912090	37155216.00
2013/12/12	10.21	10.24	9.90	10.19	803943	32622948.00
2013/12/13	10.13	10.48	9.95	10.43	760374	31278264.00
2013/12/16	10.43	10.70	9.99	10.10	1172957	48532268.00
2013/12/17	10.08	10.10	9.74	9.77	608101	24255492.00
2013/12/18	9.74	10.13	9.67	9.79	486266	19387164.00
2013/12/19	9.82	9.91	9.12	9.54	977986	37676656.00
2013/12/20	9.35	9.60	9.26	9.31	757938	28818232.00
2013/12/23	9.32	9.59	9.21	9.56	954969	36597780.00
2013/12/24	9.54	9.84	9.43	9.83	866867	34071860.00
2013/12/25	9.82	9.93	9.66	9.86	548433	21701602.00
2013/12/26	9.87	10.06	9.53	9.59	485598	18973304.00
2013/12/27	9.61	9.82	9.37	9.65	601459	23231704.00
2013/12/30	9.67	9.67	9.25	9.42	1450109	55086808.00
2013/12/31	9.42	9.87	9.26	9.80	1287052	49977052.00
2014/01/02	9.86	10.50	9.68	10.33	1097735	45083708.00
2014/01/03	10.34	10.49	9.90	10.25	712043	29046770.00
2014/01/06	10.10	10.10	9.68	9.89	807823	32163688.00
2014/01/07	9.87	9.87	9.43	9.58	1069004	41152456.00
2014/01/08	9.52	9.74	9.46	9.61	963376	37371972.00
2014/01/09	9.57	9.67	9.09	9.37	1427045	53916592.00
2014/01/10	9.56	9.89	9.53	9.58	2955557	115399856.00
2014/01/13	9.80	10.06	9.61	9.85	2641732	104696016.00
2014/01/14	9.97	10.04	9.66	10.01	670666	26617556.00
2014/01/15	10.02	10.05	9.82	9.93	755499	30213870.00
2014/01/16	9.91	9.93	9.67	9.77	835662	32895390.00
2014/01/17	9.77	9.85	9.31	9.34	1184878	45492076.00
2014/01/20	9.31	9.57	9.26	9.56	683242	25912916.00
2014/01/21	9.57	9.63	9.11	9.21	1050295	39350740.00
2014/01/22	9.23	9.47	9.12	9.38	866706	32690118.00
2014/01/23	9.38	9.48	9.17	9.42	1364180	51510144.00
2014/01/24	9.45	9.84	9.29	9.61	1574136	60656128.00
2014/01/27	9.62	10.08	9.53	9.94	1787944	70841992.00
2014/01/28	9.94	10.25	9.77	10.10	864714	34962200.00
2014/01/29	10.12	10.12	9.64	9.75	1048104	41655784.00
2014/01/30	9.78	9.86	9.30	9.31	816209	31401138.00
2014/02/07	9.23	9.66	9.23	9.63	515278	19896340.00
2014/02/10	9.63	9.78	9.42	9.75	1614638	62598124.00
2014/02/11	9.75	9.79	9.49	9.56	1024248	39779868.00
2014/02/12	9.57	9.65	9.35	9.48	1300233	49540040.00
2014/02/13	9.59	9.63	9.27	9.33	1223641	46411916.00
2014/02/14	9.33	9.85	9.33	9.69	2891467	113075864.00
2014/02/17	9.78	10.04	9.69	9.94	1444687	57290092.00
2014/02/18	10.02	10.07	9.53	9.68	1972596	76982616.00
2014/02/19	9.68	9.94	9.67	9.78	1343904	53110288.00
2014/02/20	9.89	10.30	9.78	10.29	3132096	127169176.00
2014/02/21	10.30	10.56	10.01	10.22	1698647	69862496.00
2014/02/24	10.13	10.17	9.21	9.43	3488271	135416432.00
2014/02/25	9.41	9.52	8.38	8.54	5348683	194175984.00
2014/02/26	8.60	8.75	8.14	8.41	3145987	108240472.00
2014/02/27	8.42	8.68	8.30	8.33	2110891	73512880.00
2014/02/28	8.31	8.48	8.03	8.44	2293617	77601152.00
2014/03/03	8.44	8.58	8.27	8.56	1436696	49754848.00
2014/03/04	8.58	8.65	8.41	8.50	1686329	58534852.00
2014/03/05	8.50	8.54	8.11	8.16	2271380	76431920.00
2014/03/06	8.19	8.20	7.79	8.19	3863362	126003472.00
2014/03/07	8.19	8.48	8.14	8.36	2293577	78107960.00
2014/03/10	8.46	8.50	8.19	8.23	1836113	62798792.00
2014/03/11	8.27	8.29	7.90	8.04	2145343	71004088.00
2014/03/12	8.02	8.09	7.86	7.91	1466117	47952200.00
2014/03/13	7.91	8.07	7.89	7.94	596744	19603112.00
2014/03/14	7.95	7.98	7.80	7.89	708563	23016158.00
2014/03/17	7.89	8.35	7.89	8.17	1544001	51517040.00
2014/03/18	8.16	8.43	8.14	8.16	1243719	42151424.00
2014/03/19	8.17	8.22	7.97	8.03	784554	25923288.00
2014/03/20	8.03	8.44	8.03	8.27	1358128	46132956.00
2014/03/21	8.16	8.44	8.14	8.29	1958780	66953860.00
2014/03/24	8.41	8.71	8.38	8.56	2313871	81126912.00
2014/03/25	8.63	8.70	8.44	8.67	896634	31574234.00
2014/03/26	8.65	8.78	8.55	8.71	735993	26032772.00
2014/03/27	8.72	8.82	8.50	8.65	1037061	36616032.00
2014/03/28	8.65	8.67	8.40	8.40	750755	26100008.00
2014/03/31	8.39	8.51	8.19	8.32	970254	33042514.00
2014/04/01	8.32	8.43	8.13	8.27	890545	30257528.00
2014/04/02	8.26	8.32	8.00	8.15	1685141	56587424.00
2014/04/03	8.15	8.60	8.03	8.44	1338764	45772096.00
2014/04/04	8.30	8.49	8.27	8.44	1076020	37044360.00
2014/04/08	8.43	8.65	8.37	8.60	804924	28215732.00
2014/04/09	8.63	8.81	8.57	8.74	769872	27361898.00
2014/04/10	8.85	9.06	8.84	8.96	2272159	82816776.00
2014/04/11	8.93	9.32	8.85	9.21	1667394	62230832.00
2014/04/14	9.21	9.32	9.11	9.28	927905	34716760.00
2014/04/15	9.23	9.38	9.23	9.35	1180315	44588244.00
2014/04/16	9.35	9.38	8.85	9.19	1362684	50202196.00
2014/04/17	9.00	9.20	8.98	9.14	509790	18880294.00
2014/04/18	9.12	9.17	9.01	9.08	208287	7690919.50
2014/04/21	9.05	9.35	8.93	9.33	833183	31183410.00
2014/04/22	9.33	9.37	9.07	9.20	470101	17545010.00
2014/04/23	9.11	9.28	8.98	9.00	589837	21704440.00
2014/04/24	9.04	9.28	9.00	9.03	649308	24019024.00
2014/04/25	9.03	9.25	9.03	9.11	638789	23795340.00
2014/04/28	9.11	9.11	8.79	8.81	714727	25796284.00
2014/04/29	8.79	9.48	8.57	9.41	1625116	60470916.00
2014/04/30	9.42	9.91	9.32	9.86	1830190	72018128.00
2014/05/05	9.72	9.86	9.45	9.78	1318901	51453952.00
2014/05/06	9.75	9.76	9.59	9.62	848985	33085244.00
2014/05/07	9.58	9.83	9.45	9.71	835532	32526802.00
2014/05/08	9.39	9.67	9.39	9.54	641867	24826442.00
2014/05/09	9.58	9.99	9.40	9.50	838972	32631046.00
2014/05/12	9.58	9.79	9.40	9.69	662709	25597908.00
2014/05/13	9.67	9.80	9.58	9.71	492602	19294028.00
2014/05/14	9.67	9.74	9.53	9.62	230449	8957493.00
2014/05/15	9.64	9.64	9.27	9.42	571914	21777684.00
2014/05/16	9.39	9.46	8.42	9.05	542171	15923735.00
2014/05/19	8.98	9.34	8.77	9.28	875019	25041548.00
2014/05/20	9.28	9.36	9.09	9.19	459314	13505427.00
2014/05/21	9.14	9.30	9.10	9.26	224097	6596099.50
2014/05/22	9.25	9.77	9.19	9.50	843111	25695428.00
2014/05/23	9.50	9.66	9.43	9.51	433501	13155344.00
2014/05/26	9.46	9.62	9.46	9.54	358430	10902360.00
2014/05/27	9.51	9.61	9.32	9.36	326772	9828316.00
2014/05/28	9.39	9.56	9.32	9.53	366836	11137269.00
2014/05/29	9.55	9.69	9.50	9.53	338648	10332556.00
2014/05/30	9.63	9.63	9.36	9.39	313783	9454331.00
2014/06/03	9.36	9.46	9.29	9.32	230381	6886071.00
2014/06/04	9.35	9.37	9.28	9.33	236348	7035045.50
2014/06/05	9.32	9.39	9.26	9.38	229400	6859282.50
2014/06/06	9.38	9.44	9.22	9.24	452381	13432869.00
2014/06/09	9.25	9.25	8.95	8.96	576793	16845906.00
2014/06/10	8.95	9.27	8.95	9.25	322241	9467627.00
2014/06/11	9.22	9.28	9.12	9.23	201296	5931414.00
2014/06/12	9.16	9.26	9.13	9.23	207885	6116326.00
2014/06/13	9.22	9.26	9.18	9.25	354843	10481300.00
2014/06/16	9.25	9.44	9.25	9.32	535940	16022993.00
2014/06/17	9.32	9.32	9.05	9.12	439536	12856835.00
2014/06/18	9.08	9.24	9.01	9.02	382462	11138332.00
2014/06/19	8.98	9.06	8.39	8.54	609360	17008930.00
2014/06/20	8.63	8.63	8.35	8.43	667652	18123152.00
2014/06/23	8.43	8.62	8.43	8.47	636320	17505436.00
2014/06/24	8.47	8.47	8.24	8.38	1413831	38232316.00
2014/06/25	8.44	8.44	8.16	8.31	748367	20005218.00
2014/06/26	8.37	8.44	8.31	8.36	848297	22890304.00
2014/06/27	8.36	8.43	8.32	8.40	1531649	41489400.00
2014/06/30	8.44	8.81	8.39	8.80	1037981	28740140.00
2014/07/01	8.80	8.80	8.61	8.64	985596	27443266.00
2014/07/02	8.67	8.71	8.51	8.58	690119	19046880.00
2014/07/03	8.61	8.75	8.58	8.73	1025947	28608638.00
2014/07/04	8.71	8.71	8.50	8.54	885477	24394712.00
2014/07/07	8.57	8.57	8.39	8.43	407536	11108848.00
2014/07/08	8.43	8.48	8.33	8.43	685343	18541804.00
2014/07/09	8.47	8.48	8.37	8.37	350383	9504608.00
2014/07/10	8.34	8.37	8.16	8.17	789847	21047986.00
2014/07/11	8.18	8.25	8.01	8.05	1148386	30070824.00
2014/07/14	8.04	8.04	7.86	7.95	1315806	33911032.00
2014/07/15	7.95	8.19	7.95	8.18	1510726	39605852.00
2014/07/16	8.18	8.27	8.10	8.25	967349	25585996.00
2014/07/17	8.32	8.33	8.10	8.15	450936	11904730.00
2014/07/18	8.15	8.56	8.06	8.39	1518771	40999192.00
2014/07/21	8.54	8.71	8.43	8.60	2298548	63564696.00
2014/07/22	8.54	8.61	8.42	8.53	1260803	34432576.00
2014/07/23	8.49	8.50	8.20	8.33	1552649	41768216.00
2014/07/24	8.25	8.43	8.20	8.26	1198359	32025178.00
2014/07/25	8.60	9.18	8.58	9.18	5503843	158393344.00
2014/07/28	9.28	9.72	9.18	9.49	4473306	135647088.00
2014/07/29	9.51	9.56	9.31	9.50	3038942	91515952.00
2014/07/30	9.47	9.55	9.39	9.44	1082745	32666466.00
2014/07/31	9.50	9.55	9.22	9.28	2168028	64534980.00
2014/08/01	9.29	9.41	9.18	9.39	2385416	70936840.00
2014/08/04	9.36	9.82	9.23	9.80	2349677	71798600.00
2014/08/05	9.84	9.90	9.54	9.83	2102137	65088680.00
2014/08/06	9.74	9.74	9.28	9.43	4610724	138728784.00
2014/08/07	9.35	9.68	9.35	9.47	1428764	43366536.00
2014/08/08	9.48	9.57	9.41	9.46	760679	23020830.00
2014/08/11	9.48	9.97	9.39	9.97	1986547	61313088.00
2014/08/12	9.77	9.90	9.55	9.73	3561790	109501856.00
2014/08/13	9.58	9.69	9.39	9.62	1639208	49690304.00
2014/08/14	9.56	9.63	9.43	9.51	878303	26729502.00
2014/08/15	9.50	9.59	9.44	9.56	1108996	33727672.00
2014/08/18	9.53	9.79	9.53	9.76	1773557	54875260.00
2014/08/19	9.69	9.78	9.59	9.62	846187	26031106.00
2014/08/20	9.62	9.69	9.43	9.47	1045653	31867500.00
2014/08/21	9.43	9.56	9.34	9.39	959803	28832716.00
2014/08/22	9.44	9.55	9.40	9.46	742728	22446890.00
2014/08/25	9.45	9.48	9.24	9.27	1025406	30617582.00
2014/08/26	9.30	9.35	9.16	9.26	907644	26822926.00
2014/08/27	9.25	9.41	9.23	9.32	798728	23716322.00
2014/08/28	9.34	9.34	9.00	9.26	587081	17237350.00
2014/08/29	9.21	9.29	9.15	9.21	705572	20780522.00
2014/09/01	9.20	9.45	9.20	9.38	1138782	34120296.00
2014/09/02	9.46	9.49	9.36	9.47	1143923	34449316.00
2014/09/03	9.53	9.53	9.38	9.43	1857235	55823968.00
2014/09/04	9.39	9.46	9.39	9.44	1348272	40597276.00
2014/09/05	9.49	9.49	9.39	9.45	1475861	44420292.00
2014/09/10	9.91	9.94	9.53	9.79	3191733	98529160.00
2014/09/11	9.74	9.84	9.61	9.70	2096602	64903088.00
2014/09/12	9.68	9.90	9.64	9.89	1932330	60433128.00
2014/09/15	9.97	10.19	9.90	9.94	2514091	80087544.00
2014/09/16	9.94	10.05	9.63	9.64	2009647	62945100.00
2014/09/17	9.64	9.70	9.37	9.51	1103824	33471212.00
2014/09/18	9.51	9.59	9.41	9.52	1590586	48298808.00
2014/09/19	9.56	9.56	9.29	9.42	2080791	62311248.00
2014/09/22	9.41	9.44	9.09	9.16	2469112	72511656.00
2014/09/23	9.14	9.26	9.09	9.26	1808855	53054468.00
2014/09/24	9.23	9.46	9.17	9.40	1790618	53488528.00
2014/09/25	9.40	9.44	9.28	9.36	1511438	45189272.00
2014/09/26	9.34	9.44	9.31	9.40	1276528	38298284.00
2014/09/29	9.39	9.44	9.31	9.32	1315810	39295220.00
2014/09/30	9.32	9.48	9.32	9.39	1443701	43357364.00
2014/10/08	9.41	9.71	9.41	9.70	2043382	62541720.00
2014/10/09	9.73	9.73	9.56	9.63	1426013	43697716.00
2014/10/10	9.63	9.93	9.53	9.79	3520132	109738784.00
2014/10/13	9.74	9.99	9.56	9.95	3019128	94837936.00
2014/10/14	10.01	10.01	9.62	9.75	1769026	55185600.00
2014/10/15	9.79	10.08	9.61	10.06	2390113	75392360.00
2014/10/16	9.97	10.25	9.91	9.93	1890109	60392544.00
2014/10/17	9.93	9.97	9.56	9.78	1384600	43058380.00
2014/10/20	9.79	9.83	9.57	9.66	1656770	50824672.00
2014/10/21	9.65	9.72	9.53	9.67	1766149	54188832.00
2014/10/22	9.69	9.69	9.50	9.62	1313535	40196268.00
2014/10/23	9.61	9.87	9.52	9.83	1700502	52734316.00
2014/10/24	9.98	10.18	9.62	9.68	2192580	69104808.00
2014/10/27	9.58	9.90	9.45	9.80	1699079	52772012.00
2014/10/28	9.90	10.87	9.81	10.87	5373711	178379776.00
2014/10/29	11.12	11.71	11.05	11.61	7022524	251667904.00
2014/10/30	11.44	11.62	11.25	11.27	3215852	115399472.00
2014/10/31	11.37	11.62	11.16	11.48	3189430	114225496.00
2014/11/03	11.47	11.49	11.11	11.26	2548000	90451984.00
2014/11/04	11.27	11.36	10.88	11.06	2774905	96600192.00
2014/11/05	11.05	11.20	10.89	11.05	2471706	85745896.00
2014/11/06	11.05	11.42	10.97	11.34	2956198	104666896.00
2014/11/07	11.34	11.51	11.04	11.05	2937075	103628216.00
2014/11/10	11.00	11.25	10.76	11.24	2408696	83687536.00
2014/11/11	11.21	11.21	10.79	10.83	2027577	69746400.00
2014/11/12	10.77	10.98	10.73	10.84	1604311	54820404.00
2014/11/13	10.88	10.90	10.39	10.76	1999791	67175552.00
2014/11/14	10.63	10.86	10.41	10.61	1955816	65461812.00
2014/11/17	10.62	10.79	10.43	10.68	1356307	45628364.00
2014/11/18	10.66	10.68	10.45	10.48	1647688	55068828.00
2014/11/19	10.49	10.83	10.44	10.82	1781533	59898684.00
2014/11/20	10.71	10.77	10.51	10.55	1478805	49606932.00
2014/11/21	10.56	10.59	10.46	10.49	1119628	37244184.00
2014/11/24	10.66	10.98	10.55	10.83	4272351	145907648.00
2014/11/25	10.82	10.99	10.69	10.92	2028283	69551128.00
2014/11/26	10.92	10.93	10.63	10.75	2114459	71840984.00
2014/11/27	10.77	10.77	10.34	10.43	4384810	145214208.00
2014/11/28	10.42	10.57	10.23	10.55	4107321	135808096.00
2014/12/01	10.58	11.27	10.52	10.62	6136142	210701600.00
2014/12/02	10.67	10.88	10.62	10.74	3448974	116826496.00
2014/12/03	10.69	10.99	10.60	10.73	4307533	146567088.00
2014/12/04	10.87	11.44	10.87	11.31	6082551	214495680.00
2014/12/05	11.27	11.27	10.60	10.83	4685553	161552352.00
2014/12/08	10.81	10.81	10.45	10.50	4206074	140881696.00
2014/12/09	10.50	10.50	9.97	10.23	4424277	143545792.00
2014/12/10	10.22	10.66	9.98	10.58	4310129	141298672.00
2014/12/11	10.59	10.96	10.59	10.76	3637230	124196360.00
2014/12/12	10.76	11.26	10.76	11.11	3242695	113087808.00
2014/12/15	11.20	11.54	11.14	11.27	4541634	162755456.00
2014/12/16	11.35	11.35	10.77	10.90	2931267	101108504.00
2014/12/17	10.90	10.90	10.50	10.57	2824450	94858720.00
2014/12/18	10.57	10.71	10.45	10.49	2691093	89866112.00
2014/12/19	10.47	10.50	10.28	10.35	1964103	64540484.00
2014/12/22	10.38	10.38	10.01	10.04	2875145	92329792.00
2014/12/23	10.05	10.28	9.84	9.97	2864382	91668152.00
2014/12/24	10.00	10.38	10.00	10.22	2929798	94898568.00
2014/12/25	10.25	10.64	10.25	10.47	3251830	108399536.00
2014/12/26	10.44	10.55	10.28	10.45	1759057	58094348.00
2014/12/29	10.38	10.38	9.97	10.10	3454622	110767816.00
2014/12/30	10.13	10.15	9.73	9.87	2421492	76089784.00
2014/12/31	9.87	10.44	9.66	10.28	3036578	96169696.00
2015/01/05	10.76	11.40	10.35	11.40	7109376	250780176.00
2015/01/06	11.75	12.62	11.68	12.62	4950118	191549248.00
2015/01/07	12.77	12.77	12.05	12.36	7147751	275499264.00
2015/01/08	12.31	12.63	12.13	12.23	4684378	182241184.00
2015/01/09	11.96	12.60	11.92	12.33	4275552	165564256.00
2015/01/12	12.19	13.65	11.99	13.20	3846110	157905280.00
2015/01/13	13.26	13.37	12.77	13.31	2334604	95813440.00
2015/01/14	13.16	13.32	12.48	12.78	2246010	90303536.00
2015/01/15	12.68	13.26	12.51	12.78	1916745	76728504.00
2015/01/16	12.80	12.85	12.40	12.62	2970589	117225632.00
2015/01/19	12.13	12.68	12.06	12.26	2662332	102808248.00
2015/01/20	12.41	12.85	12.09	12.83	2721821	107135040.00
2015/01/21	12.83	13.36	12.68	13.05	2250861	91433984.00
2015/01/22	13.05	13.64	12.74	13.57	2540910	106656192.00
2015/01/23	13.39	13.50	12.84	13.35	1909035	79131592.00
2015/01/26	13.46	13.60	12.98	13.21	1694670	69439064.00
2015/01/27	13.16	13.32	12.61	12.81	2298534	91869544.00
2015/01/28	12.81	12.98	12.50	12.87	1772954	70931176.00
2015/01/29	12.47	13.19	12.44	13.12	1191639	48305056.00
2015/01/30	13.08	13.22	12.30	12.47	2128742	84451808.00
2015/02/02	12.38	12.81	12.27	12.32	2172607	85368392.00
2015/02/03	12.33	12.59	12.33	12.44	1716017	66744228.00
2015/02/04	12.54	12.56	11.89	12.01	4462228	169586608.00
2015/02/05	12.20	12.47	12.03	12.46	3820301	147557920.00
2015/02/06	12.46	12.57	12.15	12.37	1370533	53177892.00
2015/02/09	12.13	12.33	11.90	12.06	2532849	95565080.00
2015/02/10	11.96	12.19	11.92	12.14	1008327	38229892.00
2015/02/11	12.21	12.60	12.14	12.39	2387379	92734696.00
2015/02/12	12.37	12.74	12.18	12.74	2145156	83497000.00
2015/02/13	13.16	13.97	13.15	13.35	3239654	135678096.00
2015/02/16	13.38	13.63	13.19	13.43	1931191	80497104.00
2015/02/17	13.43	13.94	13.22	13.86	2943800	124247392.00
2015/02/25	13.86	13.90	13.19	13.38	2016398	84878976.00
2015/02/26	13.35	13.48	13.17	13.34	1782381	73728760.00
2015/02/27	13.36	13.42	12.81	13.24	2595204	106395848.00
2015/03/02	13.23	13.59	13.16	13.58	2494784	103896768.00
2015/03/03	13.58	13.79	13.26	13.29	2021898	84690080.00
2015/03/04	13.26	13.70	12.95	13.37	2068680	86100304.00
2015/03/05	13.33	13.55	13.19	13.29	1330796	55280868.00
2015/03/06	13.32	13.49	13.01	13.09	1589532	65507144.00
2015/03/09	13.09	13.39	12.75	13.22	1280186	52132300.00
2015/03/10	13.15	13.38	13.15	13.30	803470	33273550.00
2015/03/11	13.29	13.82	13.26	13.50	1810974	76392488.00
2015/03/12	14.04	14.84	13.66	13.67	2424710	106731152.00
2015/03/13	13.50	14.62	13.46	14.54	2494192	110385312.00
2015/03/16	14.79	14.84	14.18	14.54	2454316	110456616.00
2015/03/17	14.55	14.69	14.37	14.52	1685877	75881696.00
2015/03/18	14.62	14.64	14.40	14.60	1986167	89389184.00
2015/03/19	14.62	14.79	14.45	14.68	2095073	94749056.00
2015/03/20	14.67	14.67	14.18	14.45	3591184	159106624.00
2015/03/23	14.40	14.44	13.98	14.25	6028598	265025824.00
2015/03/24	14.18	14.38	14.08	14.33	3119010	137764368.00
2015/03/25	14.31	14.35	13.84	14.28	4804236	209916192.00
2015/03/26	14.05	14.79	14.05	14.60	6231089	280511840.00
2015/03/27	14.62	14.69	14.20	14.46	3177224	142219904.00
2015/03/30	14.47	15.53	14.46	15.35	5121261	238068416.00
2015/03/31	15.82	16.57	15.54	15.77	6396684	316508704.00
2015/04/01	15.55	17.42	15.41	16.68	3257494	165429664.00
2015/04/02	16.61	16.74	16.13	16.30	3427065	172787440.00
2015/04/03	16.23	16.57	15.89	16.30	2445253	122591312.00
2015/04/07	16.31	16.98	16.31	16.73	3096876	158904960.00
2015/04/08	16.70	17.25	16.54	16.64	3300986	170486064.00
2015/04/09	16.91	17.22	15.89	17.12	3971971	201450176.00
2015/04/10	17.43	17.60	16.64	16.91	5058811	264237440.00
2015/04/13	17.05	17.26	16.57	16.87	3901658	201987200.00
2015/04/14	16.87	17.05	16.68	16.79	3513594	181958992.00
2015/04/15	16.79	16.83	15.94	16.33	2725147	137543696.00
2015/04/16	15.98	16.57	15.78	16.20	3393041	168419056.00
2015/04/17	16.33	16.44	16.17	16.29	2770114	139153952.00
2015/04/20	16.15	16.30	15.94	16.03	3919123	194190704.00
2015/04/21	16.03	16.74	15.78	16.55	3219575	161571952.00
2015/04/22	16.58	17.43	16.58	17.02	2654870	139445184.00
2015/04/23	17.16	18.22	17.09	17.97	4274946	232076832.00
2015/04/24	17.61	17.97	16.83	17.08	3240810	170922496.00
2015/04/27	17.07	17.26	16.74	17.12	2647594	137678256.00
2015/04/28	17.07	17.22	16.13	16.20	4709209	239875040.00
2015/04/29	16.21	17.00	16.06	16.54	2173743	110959072.00
2015/04/30	16.56	16.84	16.01	16.15	3436977	172967328.00
2015/05/04	16.27	16.64	16.27	16.54	2271256	115225320.00
2015/05/05	16.77	17.87	16.64	16.94	6632668	352084064.00
2015/05/06	17.05	17.77	16.64	16.83	3119423	164188864.00
2015/05/07	16.83	16.93	16.20	16.56	1925692	97747448.00
2015/05/08	16.74	17.87	16.73	17.81	4513055	238885648.00
2015/05/11	18.04	19.14	17.64	18.99	4980015	284107776.00
2015/05/12	18.87	19.41	18.62	18.94	3679619	213167184.00
2015/05/13	18.97	19.13	18.29	18.79	3270399	186755456.00
2015/05/14	18.78	18.78	17.77	18.54	5362894	197678944.00
2015/05/15	18.53	18.99	18.07	18.43	5250091	197397040.00
2015/05/18	18.69	18.72	17.64	17.79	7602427	277959840.00
2015/05/19	17.90	18.53	17.69	18.44	6587473	243034992.00
2015/05/20	18.44	19.25	18.30	18.84	7718761	294499552.00
2015/05/21	18.79	20.79	18.74	20.79	10805732	438509856.00
2015/05/22	21.36	21.62	19.84	20.70	8342067	347442688.00
2015/05/25	20.33	21.62	20.08	20.59	8965166	375454432.00
2015/05/26	20.79	21.61	20.55	21.21	7188362	305549056.00
2015/05/27	21.18	21.18	20.38	20.85	6279069	264337520.00
2015/05/28	20.84	21.35	20.36	20.36	6977327	294502976.00
2015/05/29	20.36	20.89	18.65	19.72	6418568	255193616.00
2015/06/01	19.82	20.85	19.46	20.74	7964242	328034400.00
2015/06/02	21.00	21.43	20.64	21.03	7520492	317831136.00
2015/06/03	21.07	21.35	19.76	20.33	9690027	399265120.00
2015/06/04	20.16	20.16	18.23	19.56	8502441	330251136.00
2015/06/05	19.70	20.33	19.35	20.33	10276278	411533600.00
2015/06/08	19.99	20.31	19.47	19.92	7535587	300129184.00
2015/06/09	19.82	20.33	19.71	19.91	6040629	243089664.00
2015/06/10	19.82	20.44	19.72	20.24	7440898	303091648.00
2015/06/11	20.25	21.36	20.25	21.36	11471893	483223520.00
2015/06/12	21.38	22.10	21.16	21.37	11803721	510716416.00
2015/06/15	21.36	22.47	21.15	22.17	11794010	518793600.00
2015/06/16	22.23	22.23	20.34	20.85	8034848	347869376.00
2015/06/17	21.15	21.18	19.46	21.05	6713260	277999744.00
2015/06/18	21.06	21.62	20.49	20.54	7006505	296669824.00
2015/06/19	20.84	21.52	19.57	19.67	12021788	500615744.00
2015/06/23	19.82	20.44	18.15	19.77	6381850	249056976.00
2015/06/24	19.97	20.31	19.36	20.10	4963902	199067264.00
2015/06/25	20.11	21.41	19.90	20.59	8623222	362537664.00
2015/06/26	19.82	20.55	18.46	18.46	8049948	310608704.00
2015/06/29	19.03	19.09	16.55	17.46	11857809	430856032.00
2015/06/30	17.19	19.04	16.74	18.98	7973593	291468832.00
2015/07/01	18.95	19.72	18.03	18.65	7808500	301432064.00
2015/07/02	18.65	19.14	17.82	18.28	7313347	275293152.00
2015/07/03	18.14	19.10	17.46	18.20	10551239	391680928.00
2015/07/06	18.12	20.07	16.31	18.13	12656510	449015616.00
2015/07/07	17.25	18.21	16.25	16.25	8234236	279483776.00
2015/07/14	17.94	17.94	17.94	17.94	468701	17027908.00
2015/07/15	19.80	19.80	16.74	17.46	13088638	491082112.00
2015/07/16	17.10	19.21	16.33	18.90	10570332	387736000.00
2015/07/17	18.83	20.25	18.80	19.95	8121646	321897984.00
2015/07/20	19.82	20.46	19.44	19.74	8583566	348120352.00
2015/07/21	19.41	20.60	19.25	20.60	5581681	226741232.00
2015/07/22	20.39	20.85	19.97	20.51	5534341	228372384.00
2015/07/23	20.90	21.33	20.28	21.00	6658469	280168064.00
2015/07/24	21.15	21.36	19.97	20.32	5918396	247322736.00
2015/07/27	19.85	20.35	18.54	18.77	9050567	357052832.00
2015/07/28	18.38	19.72	18.38	19.36	8645940	332484064.00
2015/07/29	19.56	19.79	18.29	19.31	5931134	228574992.00
2015/07/30	19.30	19.70	18.54	18.55	4360177	168703408.00
2015/07/31	18.18	19.29	18.18	19.24	5874563	225355600.00
2015/08/03	18.83	20.74	18.83	20.73	7920994	318193312.00
2015/08/04	20.57	21.06	20.14	20.96	8801081	366058976.00
2015/08/05	20.79	20.85	20.19	20.58	5358434	221445648.00
2015/08/06	20.15	20.63	20.08	20.13	3337810	136767472.00
2015/08/07	20.14	20.58	20.02	20.19	3126263	127899024.00
2015/08/10	20.26	21.53	20.24	21.26	6937411	291037952.00
2015/08/11	21.30	22.08	21.10	21.17	6256618	271331424.00
2015/08/12	20.79	22.37	20.59	20.69	6160534	264624720.00
2015/08/13	20.60	20.97	20.16	20.77	6613797	272686560.00
2015/08/14	20.77	20.92	20.26	20.33	4592892	189671744.00
2015/08/17	20.33	20.77	20.19	20.59	4282842	176836752.00
2015/08/18	20.46	20.99	18.79	19.15	6432976	261813504.00
2015/08/19	18.69	19.85	18.29	19.63	5766947	220809840.00
2015/08/20	19.31	20.85	19.31	19.58	5983396	241169088.00
2015/08/21	19.05	19.56	18.22	18.25	6794181	256506064.00
2015/08/24	17.31	17.76	16.35	16.74	9808949	335445568.00
2015/08/25	15.77	17.31	15.70	15.97	7844552	264343920.00
2015/08/26	16.67	17.41	15.28	16.79	6964101	236424816.00
2015/08/27	17.26	17.51	16.26	17.32	5349713	185202592.00
2015/08/28	17.36	18.18	17.00	18.01	6462782	228235696.00
2015/08/31	17.74	17.74	16.74	17.00	5476858	190530816.00
2015/09/01	16.74	17.14	16.23	16.62	4007919	135261088.00
2015/09/02	16.22	17.05	16.00	17.05	4228323	143089376.00
2015/09/07	17.09	17.92	16.90	17.05	3432028	121214000.00
2015/09/08	17.05	18.05	16.79	18.05	3344508	119403864.00
2015/09/09	18.08	18.53	17.83	18.27	3887101	144124608.00
2015/09/10	17.87	18.33	17.87	17.95	1545325	56571044.00
2015/09/11	17.95	18.14	17.62	17.73	1765609	63720488.00
2015/09/14	17.76	17.86	16.61	16.88	3356541	116300160.00
2015/09/15	16.70	17.10	16.57	16.97	1500747	51434652.00
2015/09/16	17.00	18.57	16.83	18.03	2544358	90888008.00
2015/09/17	18.03	18.88	17.83	17.83	2740884	101391648.00
2015/09/18	17.85	18.22	17.62	17.87	1024382	37039180.00
2015/09/21	17.77	18.45	17.55	18.35	2035323	75019688.00
2015/09/22	18.49	18.51	18.01	18.13	1393415	51487184.00
2015/09/23	18.17	18.38	17.92	18.10	1383739	50787196.00
2015/09/24	18.13	18.28	17.93	18.03	1248144	45773988.00
2015/09/25	18.02	18.12	17.28	17.49	2005461	72036200.00
2015/09/28	17.54	17.75	17.06	17.44	2333382	81682888.00
2015/09/29	17.19	18.41	17.15	18.03	3110283	112167344.00
2015/09/30	17.99	18.17	17.42	17.79	2826200	101769896.00
2015/10/08	18.27	18.44	17.87	18.36	5622876	207509792.00
2015/10/09	18.13	18.27	17.67	18.14	3621992	131648424.00
2015/10/12	17.89	18.82	17.88	18.72	8266499	308122880.00
2015/10/13	18.54	18.64	18.32	18.44	2932284	109615920.00
2015/10/14	18.31	18.85	18.12	18.13	3446031	129298192.00
2015/10/15	18.24	18.62	18.18	18.55	2980245	111221304.00
2015/10/16	18.59	18.79	18.33	18.61	3479265	130654096.00
2015/10/19	18.78	18.78	18.24	18.44	3365269	125706312.00
2015/10/20	18.38	18.51	18.18	18.48	3403818	126189728.00
2015/10/21	18.62	18.79	17.90	18.08	5765263	214395872.00
2015/10/22	18.28	19.55	18.04	19.36	8696714	328390336.00
2015/10/23	19.31	19.76	18.97	19.36	7220861	283843232.00
2015/10/26	19.59	19.73	19.18	19.66	4423423	174119712.00
2015/10/27	19.51	19.77	19.10	19.76	5022720	196621232.00
2015/10/28	19.66	19.87	18.86	18.97	3098320	121433864.00
2015/10/29	19.29	19.54	18.80	19.46	2772092	107314008.00
2015/10/30	19.31	20.29	19.15	19.80	3945837	157836672.00
2015/11/02	18.80	19.95	18.79	19.50	3188916	126620248.00
2015/11/03	19.40	19.72	19.07	19.26	1783102	69945264.00
2015/11/04	19.31	20.12	19.31	19.91	3057356	121742672.00
2015/11/05	19.67	19.82	19.36	19.51	4760692	188187888.00
2015/11/06	19.57	20.03	19.52	19.83	3545514	141627280.00
2015/11/09	19.82	20.64	19.78	20.50	5318187	217555632.00
2015/11/10	20.38	20.49	20.18	20.27	2570359	105254112.00
2015/11/11	20.18	20.62	20.18	20.59	3050885	126133344.00
2015/11/12	20.58	20.70	20.22	20.44	2029189	83443536.00
2015/11/13	20.33	20.68	20.28	20.33	1674452	68993080.00
2015/11/16	20.23	20.83	20.08	20.81	2341267	96336184.00
2015/11/17	20.84	20.90	20.27	20.28	4006571	165269232.00
2015/11/18	20.33	20.41	19.96	20.02	2918931	119390408.00
2015/11/19	20.00	20.45	19.72	20.43	2681171	107911080.00
2015/11/20	20.18	20.50	20.08	20.28	3108251	126717104.00
2015/11/23	20.08	21.00	19.98	20.22	7956696	328732768.00
2015/11/24	20.07	20.07	19.65	19.81	3979201	158825040.00
2015/11/25	19.65	20.01	19.36	19.77	4811775	192212384.00
2015/11/26	19.82	19.92	19.65	19.79	4056617	162055968.00
2015/11/27	19.78	19.80	19.05	19.22	4028134	158218640.00
2015/11/30	19.56	19.82	19.22	19.49	2939223	115788216.00
2015/12/01	19.49	20.41	19.31	20.06	3035844	121958568.00
2015/12/02	19.87	22.08	19.85	20.69	7906780	329231456.00
2015/12/03	20.69	20.79	19.87	20.33	4390627	179543904.00
2015/12/04	20.26	20.26	19.76	19.86	2689860	107925520.00
2015/12/07	19.82	19.82	19.36	19.58	3563079	140359744.00
2015/12/08	19.51	19.86	19.38	19.72	3170800	125954528.00
2015/12/09	19.77	20.19	19.66	19.82	2625893	105746216.00
2015/12/10	19.85	20.25	19.33	19.33	2194153	87538616.00
2015/12/11	19.56	19.76	19.33	19.41	1666287	65730604.00
2015/12/14	19.31	19.92	19.22	19.84	1703110	67677488.00
2015/12/15	19.77	19.97	19.76	19.89	1493191	59831124.00
2015/12/16	19.89	20.25	19.85	20.13	2910625	117824520.00
2015/12/17	20.26	20.51	20.07	20.44	2957999	121191144.00
2015/12/18	20.33	20.56	20.18	20.38	3012566	123201904.00
2015/12/21	20.33	21.36	20.13	20.85	4963273	207763424.00
2015/12/22	20.95	21.92	20.74	21.16	3652473	157035728.00
2015/12/23	21.01	21.72	20.78	21.61	3735452	160865472.00
2015/12/24	21.62	22.04	21.42	22.04	4189097	183536400.00
2015/12/25	22.18	23.00	21.62	21.81	3601484	161620976.00
2015/12/28	21.77	23.24	21.77	22.74	5206477	236649152.00
2015/12/29	22.61	23.51	22.32	22.87	4084565	188782128.00
2015/12/30	22.90	23.14	22.33	22.85	4355935	197909120.00
2015/12/31	22.77	22.89	22.04	22.36	3021165	135565408.00
2016/01/04	22.26	22.26	20.95	20.99	2119891	91544936.00
2016/01/05	20.68	22.04	20.34	21.76	5027182	217749744.00
2016/01/06	21.57	22.33	21.36	22.22	4634298	203788800.00
2016/01/07	21.68	21.87	20.30	20.43	700265	29767430.00
2016/01/08	20.91	21.87	20.45	21.47	4616450	197142752.00
2016/01/11	20.85	21.63	19.82	19.82	3682153	154874144.00
2016/01/12	20.18	20.33	19.41	19.45	4251321	169847632.00
2016/01/13	20.34	20.93	19.52	19.81	6508213	265644112.00
2016/01/14	19.31	20.85	19.19	20.74	4321888	174456480.00
2016/01/15	20.59	20.59	19.65	19.97	3923549	159077696.00
2016/01/18	19.70	20.33	19.48	19.85	3394553	136671904.00
2016/01/19	19.90	20.33	19.72	20.14	5248882	212241696.00
2016/01/20	20.13	20.23	19.72	19.90	2167447	87395696.00
2016/01/21	19.56	19.95	19.34	19.36	2395395	95137320.00
2016/01/22	19.48	19.82	19.01	19.37	2535392	99408304.00
2016/01/25	19.56	20.03	19.36	19.85	4116323	164329792.00
2016/01/26	19.76	19.90	18.73	18.80	2963920	116102000.00
2016/01/27	19.31	19.31	17.18	18.80	4246929	156185136.00
2016/01/28	18.37	19.25	18.37	18.54	3880568	148163104.00
2016/01/29	18.56	19.62	18.46	19.13	2369654	92027328.00
2016/02/01	19.26	19.51	19.14	19.38	1872528	73152328.00
2016/02/02	19.36	19.81	19.31	19.65	1457496	57819936.00
2016/02/03	19.72	20.69	19.65	20.18	3346380	135528736.00
2016/02/04	20.18	20.56	19.93	20.17	2005412	81959408.00
2016/02/05	20.23	21.26	20.23	20.67	3357392	140978816.00
2016/02/15	19.82	21.47	19.74	21.26	3966978	168772992.00
2016/02/16	21.35	21.56	21.18	21.46	3024878	130402808.00
2016/02/17	21.46	21.46	20.59	20.79	2810437	118339264.00
2016/02/18	20.79	20.89	20.44	20.58	2589572	107710176.00
2016/02/19	20.59	20.78	20.39	20.68	2136611	88439200.00
2016/02/22	20.89	21.97	20.89	21.36	6180031	265879856.00
2016/02/23	21.34	21.62	20.97	21.53	2800213	119785104.00
2016/02/24	21.49	21.65	21.11	21.62	3997395	172596192.00
2016/02/25	21.56	21.61	20.59	20.59	3203620	136313216.00
2016/02/26	20.65	21.30	20.56	20.85	3924363	165710432.00
2016/02/29	20.72	20.98	19.77	20.54	4998784	206299712.00
2016/03/01	20.52	21.41	20.08	21.41	4218418	178170416.00
2016/03/02	21.42	23.21	21.36	21.97	11990707	529275808.00
2016/03/03	21.66	22.08	21.36	21.42	4827865	210236368.00
2016/03/04	21.31	22.38	21.27	22.07	4699309	206631120.00
2016/03/07	22.14	22.33	21.82	22.15	3510689	155649184.00
2016/03/08	21.91	22.26	21.14	21.68	5323453	231685392.00
2016/03/09	21.39	21.62	20.94	21.21	2239290	95988504.00
2016/03/10	21.22	22.10	21.22	21.81	4837010	211853136.00
2016/03/11	21.55	22.28	21.55	22.23	3272907	144587728.00
2016/03/14	22.57	23.19	22.22	22.41	5804940	263279136.00
2016/03/15	22.18	22.74	22.02	22.64	2900276	130841904.00
2016/03/16	22.62	22.77	22.10	22.35	2518289	113187872.00
2016/03/17	22.33	22.59	22.07	22.58	3093524	138981216.00
2016/03/18	22.49	23.02	22.39	22.85	4147729	189625120.00
2016/03/21	22.90	23.23	22.58	22.77	4682366	213930240.00
2016/03/22	22.75	22.75	21.95	22.19	3901586	174542208.00
2016/03/23	22.19	22.36	22.03	22.26	1709759	76262216.00
2016/03/24	22.23	22.26	21.87	22.00	2754458	122021224.00
2016/03/25	21.99	22.16	21.92	22.10	1528656	67851864.00
2016/03/28	22.10	22.38	21.75	21.83	2663309	118299944.00
2016/03/29	21.78	22.22	21.62	22.14	2959461	130503872.00
2016/03/30	22.17	23.15	22.16	23.15	5391901	246292368.00
2016/03/31	23.36	23.36	22.73	22.89	3506658	161510432.00
2016/04/01	22.79	22.81	22.44	22.53	2374167	107752800.00
2016/04/05	22.38	23.15	22.38	22.97	1986501	91551112.00
2016/04/06	22.98	23.08	22.48	22.74	3782402	172540160.00
2016/04/07	22.69	24.68	22.52	23.95	6972666	329336384.00
2016/04/08	23.41	24.68	23.08	23.98	5858434	280868832.00
2016/04/11	23.97	25.19	23.71	24.69	6129171	301300032.00
2016/04/12	24.45	25.90	24.08	24.95	6153487	309296832.00
2016/04/13	24.95	25.59	24.37	24.44	6002986	301052672.00
2016/04/14	24.28	24.68	24.14	24.55	2833041	138577712.00
2016/04/15	24.37	24.57	24.03	24.22	2530142	122676664.00
2016/04/18	24.21	24.48	23.96	24.33	2246198	109021808.00
2016/04/19	24.43	25.04	24.15	24.94	3617024	178712800.00
2016/04/20	24.97	25.18	23.67	24.23	5438888	263000224.00
2016/04/21	24.08	24.91	24.01	24.33	3436637	168791968.00
2016/04/22	24.24	26.72	24.22	26.39	7844618	399866784.00
2016/04/25	26.04	26.07	25.04	25.31	6956355	354247392.00
2016/04/26	25.26	25.59	24.95	25.06	4075101	205190208.00
2016/04/27	25.25	25.72	24.95	25.21	4369518	221927632.00
2016/04/28	25.11	25.72	24.95	25.53	3281818	166576656.00
2016/04/29	25.51	26.13	25.31	25.69	4456495	230681760.00
2016/05/03	25.62	26.74	25.47	26.64	4801807	253837856.00
2016/05/04	26.94	26.94	26.17	26.36	2756197	145612768.00
2016/05/05	26.18	26.79	26.18	26.58	2071239	109698624.00
2016/05/06	26.49	26.58	25.21	25.45	5859825	301300192.00
2016/05/09	25.19	25.45	24.68	25.08	3422120	171975488.00
2016/05/10	24.95	26.00	24.90	25.73	3375126	172381456.00
2016/05/11	25.72	26.48	25.54	25.60	3527970	184091184.00
2016/05/12	25.10	25.61	24.95	25.54	2206408	111888944.00
2016/05/13	25.61	26.15	25.50	25.98	2768605	143489696.00
2016/05/16	25.85	26.16	25.45	26.12	2806543	145144176.00
2016/05/17	25.98	26.12	25.72	25.83	1956784	101311864.00
2016/05/18	25.72	25.72	24.97	25.25	2238557	113515168.00
2016/05/19	25.41	25.55	24.75	24.78	2780051	140188496.00
2016/05/20	24.44	24.92	24.28	24.59	3120404	153483376.00
2016/05/23	24.59	25.06	24.54	24.62	1844148	91569632.00
2016/05/24	24.64	24.69	24.00	24.38	2338870	114104224.00
2016/05/25	24.48	24.69	24.08	24.19	2736280	133697592.00
2016/05/26	24.40	24.78	24.18	24.78	3289342	161275424.00
2016/05/27	24.77	25.08	24.61	24.71	1726677	85968840.00
2016/05/30	24.59	25.06	24.22	24.95	2301514	114361512.00
2016/05/31	24.90	25.56	24.90	25.55	2850387	145089520.00
2016/06/01	25.77	26.23	25.51	25.62	3550652	184207008.00
2016/06/02	25.35	25.77	25.01	25.23	4305229	143644128.00
2016/06/03	25.31	26.00	25.16	25.58	4891423	165538880.00
2016/06/06	25.75	26.29	25.47	26.15	4880889	167324992.00
2016/06/07	26.22	26.35	25.82	25.93	3531705	121293512.00
2016/06/08	25.93	26.76	25.77	26.58	5442602	189615008.00
2016/06/13	26.18	27.39	26.18	26.81	7046214	250357296.00
2016/06/14	26.66	28.08	26.46	28.01	8812859	321567456.00
2016/06/15	27.75	28.36	27.46	28.16	9715600	358350464.00
2016/06/16	27.86	28.12	26.89	27.08	10899048	393995872.00
2016/06/17	27.13	27.27	26.73	27.15	5719459	203984848.00
2016/06/20	27.15	27.75	26.83	27.53	5725762	206006288.00
2016/06/21	27.68	28.31	27.45	27.58	5339183	196592448.00
2016/06/22	27.50	27.50	26.62	27.05	9454369	334901408.00
2016/06/23	26.83	27.15	26.42	27.02	7318062	257328288.00
2016/06/24	26.99	27.58	26.54	27.15	5698232	203536768.00
2016/06/27	27.15	28.12	27.01	27.93	5927943	216911216.00
2016/06/28	27.69	28.12	27.35	27.67	5409299	196909968.00
2016/06/29	27.62	27.78	27.18	27.51	3271498	118380792.00
2016/06/30	27.52	27.98	27.23	27.90	4211589	153119184.00
2016/07/01	27.98	28.06	27.41	27.52	2334918	84973632.00
2016/07/04	27.38	27.88	27.34	27.55	3665063	133291448.00
2016/07/05	27.54	27.60	27.13	27.23	4203729	151232880.00
2016/07/06	27.26	27.98	27.26	27.75	5086615	185671856.00
2016/07/07	27.77	28.00	27.54	27.97	4452177	163129568.00
2016/07/08	27.97	28.98	27.78	28.63	6240986	234876592.00
2016/07/11	28.85	29.12	28.25	28.97	4954367	187422640.00
2016/07/12	28.91	31.91	28.69	31.30	14033356	567703872.00
2016/07/13	30.95	31.58	30.29	30.65	8119221	329201952.00
2016/07/14	30.38	30.93	30.38	30.71	4467101	180166064.00
2016/07/15	30.77	31.52	30.61	31.22	4276553	175598672.00
2016/07/18	30.82	31.31	30.65	30.92	3462692	141178208.00
2016/07/19	30.70	30.85	29.73	29.96	5145521	203754288.00
2016/07/20	30.07	30.38	29.77	29.99	2491478	98436360.00
2016/07/21	29.88	30.34	29.77	29.84	3287394	129800840.00
2016/07/22	29.76	29.90	29.15	29.35	3433166	133026992.00
2016/07/25	29.35	30.13	29.05	29.30	3463207	134753856.00
2016/07/26	29.38	30.44	29.15	30.41	4844319	190896112.00
2016/07/27	30.54	30.62	28.85	29.70	9483219	372480928.00
2016/07/28	29.59	30.85	29.46	30.85	9491186	380174752.00
2016/07/29	30.88	31.53	30.62	30.98	6010445	245590016.00
2016/08/01	30.62	30.96	29.88	30.13	4418911	175722736.00
2016/08/02	30.23	30.58	29.62	30.04	3983930	157070784.00
2016/08/03	29.92	30.28	29.64	30.09	2534068	100344088.00
2016/08/04	30.17	30.18	29.66	29.98	2080646	81837400.00
2016/08/05	29.99	30.06	29.35	29.47	4653413	181194144.00
2016/08/08	29.31	29.62	28.89	29.54	4450456	171034768.00
2016/08/09	29.38	30.00	29.38	29.93	4044460	158825328.00
2016/08/10	29.96	30.03	29.73	29.78	2428936	95421928.00
2016/08/11	29.79	30.74	29.78	30.13	5096974	203396368.00
2016/08/12	30.12	30.15	29.62	30.04	3674486	144306640.00
2016/08/15	30.05	30.53	29.42	30.38	6864113	271713984.00
2016/08/16	30.25	30.78	30.08	30.24	5704243	228403424.00
2016/08/17	30.34	30.49	30.00	30.15	3512054	139375824.00
2016/08/18	30.08	30.23	29.46	29.53	5397054	211191280.00
2016/08/19	29.52	29.69	29.22	29.27	5322659	206001088.00
2016/08/22	29.49	29.68	28.95	29.06	4055558	156004592.00
2016/08/23	29.08	29.50	29.06	29.29	3976981	153547376.00
2016/08/24	29.24	29.37	28.92	29.02	4540508	174045856.00
2016/08/25	28.93	28.98	28.62	28.64	4457398	168906896.00
2016/08/26	28.71	28.88	28.52	28.62	5173063	195386672.00
2016/08/29	28.65	28.81	28.06	28.12	6134604	227923280.00
2016/08/30	28.12	28.60	28.12	28.37	4489172	168087008.00
2016/08/31	28.31	28.72	28.28	28.52	3899441	146580128.00
2016/09/01	28.68	29.06	28.62	28.83	5387796	205065552.00
2016/09/02	29.02	29.04	28.21	28.36	4135273	155445936.00
2016/09/05	28.57	28.76	28.33	28.51	4462006	167734800.00
2016/09/06	28.68	28.98	28.23	28.91	4801053	181493232.00
2016/09/07	29.03	29.03	28.66	28.75	3853380	146343360.00
2016/09/08	28.89	28.97	28.67	28.82	2671557	101453160.00
2016/09/09	28.88	29.00	28.39	28.42	3590232	136132944.00
2016/09/12	28.18	28.82	27.85	28.50	4158773	156086240.00
2016/09/13	28.50	29.08	28.50	29.00	3449095	131153440.00
2016/09/14	29.04	29.22	28.55	28.92	3738009	142569952.00
2016/09/19	29.10	29.69	28.93	29.67	4800142	185517920.00
2016/09/20	29.75	29.77	29.38	29.65	2376089	92611136.00
2016/09/21	29.68	29.88	29.38	29.73	2120904	82806136.00
2016/09/22	29.69	30.23	29.63	30.12	3659680	144691376.00
2016/09/23	30.12	30.23	29.62	29.62	2280262	89554264.00
2016/09/26	29.38	29.78	29.35	29.41	2128756	82828232.00
2016/09/27	29.42	30.22	29.41	30.14	3881344	152917344.00
2016/09/28	30.35	30.62	30.19	30.49	4008294	160716736.00
2016/09/29	30.52	30.77	30.25	30.48	2743288	110024856.00
2016/09/30	30.48	31.62	30.14	31.36	4743528	194629584.00
2016/10/10	31.35	31.35	29.51	30.43	10918451	432379008.00
2016/10/11	30.08	30.12	29.76	29.91	5307920	209023840.00
2016/10/12	29.88	30.21	29.76	29.95	2998250	118415208.00
2016/10/13	30.02	30.08	29.40	29.48	4977321	194383424.00
2016/10/14	29.43	29.62	28.74	28.96	6328590	242079008.00
2016/10/17	28.97	29.45	28.77	28.92	3750962	143940592.00
2016/10/18	29.00	29.62	28.92	29.62	4530179	175637984.00
2016/10/19	29.62	29.62	29.23	29.33	2394167	92535032.00
2016/10/20	29.39	29.42	28.85	29.31	2524771	96893232.00
2016/10/21	29.73	29.76	29.25	29.61	4821557	187495312.00
2016/10/24	29.65	29.85	29.47	29.56	3531252	137812448.00
2016/10/25	29.58	29.62	29.16	29.30	5035712	194293664.00
2016/10/26	29.30	29.42	28.86	29.10	3635075	139701072.00
2016/10/27	29.08	29.23	29.01	29.20	2541935	97492296.00
2016/10/28	29.12	29.30	28.93	29.05	3145889	120369296.00
2016/10/31	28.85	28.99	28.61	28.72	3972671	150268720.00
2016/11/01	28.69	28.85	28.62	28.82	2659070	100634920.00
2016/11/02	28.84	28.89	28.62	28.67	2856298	107976744.00
2016/11/03	28.68	29.03	28.58	28.69	2749194	104361152.00
2016/11/04	28.64	28.89	28.62	28.73	1515804	57418412.00
2016/11/07	28.47	29.01	28.47	28.56	2630970	99627576.00
2016/11/08	28.62	28.90	28.55	28.87	2389837	90382424.00
2016/11/09	28.87	28.88	28.38	28.65	2588910	97738400.00
2016/11/10	28.79	28.99	28.65	28.80	3081205	117253688.00
2016/11/11	28.90	28.92	28.40	28.44	4525091	170252000.00
2016/11/14	28.54	28.60	28.05	28.22	7190540	267565392.00
2016/11/15	28.23	28.42	28.08	28.30	2707512	100841760.00
2016/11/16	28.34	28.46	28.28	28.38	2663110	99584856.00
2016/11/17	28.27	28.40	28.16	28.35	2870909	106886176.00
2016/11/18	28.38	28.38	28.07	28.18	3209434	119144896.00
2016/11/21	28.20	28.53	28.08	28.34	2710046	101117720.00
2016/11/22	28.43	28.49	28.20	28.28	2516473	93760088.00
2016/11/23	28.38	28.51	28.26	28.51	3810722	142621744.00
2016/11/24	28.47	29.50	28.20	29.12	9135456	348413088.00
2016/11/25	28.90	29.35	28.85	29.20	6629491	254814112.00
2016/11/28	29.42	29.76	29.23	29.61	7431976	289232128.00
2016/11/29	29.48	30.45	29.27	29.34	9988738	392593216.00
2016/11/30	29.19	29.45	29.01	29.31	5295393	203434048.00
2016/12/01	29.31	29.92	28.77	29.08	6146033	236841344.00
2016/12/02	28.88	29.29	28.69	29.11	4330196	165465648.00
2016/12/05	28.91	29.52	28.70	28.70	4077667	155749872.00
2016/12/06	28.69	28.95	28.54	28.84	2848006	107837608.00
2016/12/07	28.83	28.94	28.58	28.86	1541823	58501840.00
2016/12/08	28.88	29.51	28.88	29.38	4257846	163871728.00
2016/12/09	29.38	29.38	29.00	29.15	2688680	103383744.00
2016/12/12	29.17	29.32	28.00	28.26	4499401	169869024.00
2016/12/13	28.18	28.52	27.85	27.99	4121544	152517488.00
2016/12/14	28.01	28.38	27.38	28.15	6140974	224698784.00
2016/12/15	27.95	28.13	27.37	27.45	3113440	113547784.00
2016/12/16	27.42	27.78	27.14	27.26	3046149	109917304.00
2016/12/19	27.31	27.81	27.31	27.50	3219238	117065984.00
2016/12/20	27.46	27.92	27.38	27.61	3976979	145265728.00
2016/12/21	27.69	28.18	27.62	27.85	2857887	105163344.00
2016/12/22	27.90	28.35	27.90	28.15	2616819	97095152.00
2016/12/23	28.46	28.54	27.89	28.47	4180701	155701024.00
2016/12/26	28.38	28.55	28.02	28.48	2930658	109387904.00
2016/12/27	28.63	28.63	28.08	28.44	2111279	78795024.00
2016/12/28	28.48	28.48	27.94	28.06	2946264	108942352.00
2016/12/29	27.92	28.00	27.77	27.86	1315557	48406332.00
2016/12/30	28.00	28.28	27.85	27.92	2225339	82335064.00
2017/01/03	27.77	28.27	27.76	28.03	2399886	89027704.00
2017/01/04	28.15	28.60	27.92	28.49	2893966	107840376.00
2017/01/05	28.35	28.64	28.35	28.52	1856135	69797016.00
2017/01/06	28.60	28.85	28.42	28.46	3370552	127312648.00
2017/01/09	28.54	29.12	28.39	29.05	3256753	123825136.00
2017/01/10	29.54	29.85	29.02	29.08	4598963	178018928.00
2017/01/11	29.30	29.30	28.73	28.98	2085467	79419184.00
2017/01/12	28.95	28.95	28.63	28.74	1481488	56113688.00
2017/01/13	28.52	28.90	28.52	28.67	3267354	123667640.00
2017/01/16	28.62	28.82	27.75	28.28	4510092	167047104.00
2017/01/17	28.09	28.46	27.92	28.36	2122070	78792232.00
2017/01/18	28.38	28.71	28.34	28.45	2232492	84038544.00
2017/01/19	28.45	28.91	28.32	28.79	2282390	86284328.00
2017/01/20	28.94	29.12	28.51	28.95	2077122	79186392.00
2017/01/23	29.00	29.19	28.86	29.00	2337440	89278080.00
2017/01/24	29.23	29.81	29.08	29.31	4544854	176112448.00
2017/01/25	29.60	29.62	29.19	29.48	2103925	81804568.00
2017/01/26	29.36	29.81	29.36	29.62	2952203	115371352.00
2017/02/03	29.63	29.92	29.54	29.56	1191702	46552456.00
2017/02/06	29.56	30.22	29.46	30.05	2768348	109292784.00
2017/02/07	30.05	30.35	29.94	30.00	3209282	127319248.00
2017/02/08	29.93	30.06	29.52	29.94	1955096	76874080.00
2017/02/09	29.97	31.05	29.97	30.99	6052480	244659008.00
2017/02/10	31.29	31.29	30.54	30.85	2601677	105323000.00
2017/02/13	30.65	31.08	30.52	30.59	5054745	204974704.00
2017/02/14	30.60	30.91	30.58	30.72	1932745	78170056.00
2017/02/15	30.67	30.91	30.36	30.58	2189947	88547312.00
2017/02/16	30.55	31.59	30.41	31.42	3790647	155607888.00
2017/02/17	31.48	32.29	31.25	31.55	4307025	180313728.00
2017/02/20	31.83	33.31	31.83	33.26	9028099	389755136.00
2017/02/21	33.35	33.52	32.85	32.95	3946107	172269408.00
2017/02/22	33.15	33.43	32.60	32.87	4355383	188820432.00
2017/02/23	32.80	33.54	32.78	33.54	4212446	184571264.00
2017/02/24	33.37	33.37	32.27	32.53	7143522	306764544.00
2017/02/27	32.58	32.83	32.01	32.15	5145846	218781728.00
2017/02/28	32.29	32.65	31.70	32.15	4646770	196456448.00
2017/03/01	32.12	32.42	31.78	32.12	3310002	139880272.00
2017/03/02	32.28	32.44	31.92	31.96	2568800	108329696.00
2017/03/03	31.99	32.68	31.82	32.62	2812323	119868872.00
2017/03/06	32.45	33.92	32.45	33.40	5539449	243654288.00
2017/03/07	33.08	33.38	32.78	32.88	4858636	211488640.00
2017/03/08	33.12	33.12	32.29	32.49	6155691	263189840.00
2017/03/09	32.42	33.10	32.16	32.68	3476870	148837056.00
2017/03/10	32.81	34.22	32.62	33.88	8880513	394483424.00
2017/03/13	33.88	35.35	33.51	34.54	5852606	266526512.00
2017/03/14	34.78	35.38	34.32	34.88	3971959	182178112.00
2017/03/15	34.92	35.62	34.63	35.06	2946430	136238704.00
2017/03/16	35.00	35.58	34.60	34.78	4751593	217930096.00
2017/03/17	34.65	34.92	34.17	34.26	3526792	160083408.00
2017/03/20	34.17	34.42	33.64	33.92	6874021	306055840.00
2017/03/21	33.95	35.73	33.77	35.62	5884840	269187808.00
2017/03/22	35.23	36.40	35.08	35.98	4760335	224328560.00
2017/03/23	35.95	36.46	35.30	35.97	4247576	200008736.00
2017/03/24	35.91	36.63	35.84	36.15	3717356	177562448.00
2017/03/27	36.13	36.69	36.07	36.08	4156839	198648480.00
2017/03/28	36.02	36.12	34.78	35.08	6554822	303221568.00
2017/03/29	35.08	35.68	34.96	35.29	3141259	145806160.00
2017/03/30	35.28	36.45	35.15	35.72	5616496	264032192.00
2017/03/31	36.00	38.08	35.82	37.77	8612644	419559360.00
2017/04/05	37.92	37.98	36.95	37.31	9176599	450312736.00
2017/04/06	37.23	37.49	36.94	37.48	4630027	226466080.00
2017/04/07	37.54	39.22	37.54	38.69	6227496	315245376.00
2017/04/10	38.69	39.15	38.05	38.23	4014218	202839536.00
2017/04/11	38.26	38.44	37.12	38.16	6764583	334909312.00
2017/04/12	38.12	39.17	37.73	38.90	3837702	195001744.00
2017/04/13	38.92	40.52	38.31	40.36	5282794	275953600.00
2017/04/14	40.33	41.32	39.91	40.28	5511680	293626368.00
2017/04/17	40.04	41.54	39.78	41.19	5145646	275376928.00
2017/04/18	41.19	43.85	40.95	43.63	8284521	465114528.00
2017/04/19	43.65	43.85	42.47	43.58	8290339	468898432.00
2017/04/20	43.58	45.22	43.06	43.23	11417543	656880768.00
2017/04/21	42.46	43.65	41.85	42.78	8373355	467205984.00
2017/04/24	42.31	43.42	40.70	42.28	8285792	458947200.00
2017/04/25	42.29	44.19	42.28	43.91	7689667	435048640.00
2017/04/26	44.23	44.38	42.12	42.42	14180482	804314368.00
2017/04/27	41.92	42.31	41.08	41.77	8135931	442837696.00
2017/04/28	41.69	41.91	40.62	41.54	6703542	361570592.00
2017/05/02	41.12	42.64	40.83	42.58	6012557	332445184.00
2017/05/03	42.42	42.83	41.43	41.70	5732420	314876096.00
2017/05/04	41.91	42.28	41.58	41.62	3233946	177518928.00
2017/05/05	41.63	42.59	41.43	41.96	3759162	207085344.00
2017/05/08	42.04	42.19	39.62	40.45	6202746	333232800.00
2017/05/09	39.77	41.05	39.23	40.92	5458147	287952384.00
2017/05/10	40.99	41.96	40.41	40.50	6159096	253505568.00
2017/05/11	40.43	41.94	40.20	41.94	6673954	275222464.00
2017/05/12	42.39	42.40	41.61	41.93	6200656	260159584.00
2017/05/15	42.00	42.75	41.70	42.11	4709039	198683632.00
2017/05/16	41.48	42.83	41.00	42.76	9674524	404965696.00
2017/05/17	42.00	42.17	39.95	40.90	26965552	1103964416.00
2017/05/18	40.00	40.60	38.90	39.20	17991039	714688576.00
2017/05/19	39.25	40.18	39.25	39.78	7803595	310946976.00
2017/05/22	39.99	40.81	39.33	40.50	7758600	313878304.00
2017/05/23	40.52	41.17	40.31	40.40	7327323	297804896.00
2017/05/24	40.36	40.75	39.30	40.40	7566832	303380192.00
2017/05/25	40.50	41.55	40.50	41.54	9253420	380580640.00
2017/05/26	41.71	42.18	41.18	41.30	5678402	236640352.00
2017/05/31	41.50	41.88	40.81	41.28	5007863	205924832.00
2017/06/01	40.81	42.80	40.81	42.30	9743200	412423968.00
2017/06/02	42.30	42.68	41.84	42.45	4565700	193250256.00
2017/06/05	42.45	43.80	42.45	42.60	7546300	326697760.00
2017/06/06	42.57	44.19	42.57	44.18	8374700	364797024.00
2017/06/07	44.18	45.10	43.81	45.08	9371200	417478976.00
2017/06/08	45.05	45.48	44.71	45.45	6296500	284244736.00
2017/06/09	45.20	45.88	44.52	45.20	9458400	427460672.00
2017/06/12	45.00	45.33	44.31	44.74	6706506	300836416.00
2017/06/13	44.73	45.34	44.33	45.01	4842587	217848592.00
2017/06/14	44.95	45.00	42.80	43.25	11606338	507241920.00
2017/06/15	43.30	43.70	42.60	43.00	6713999	288858784.00
2017/06/16	42.93	43.30	42.77	43.10	3967934	170754384.00
2017/06/19	43.10	43.95	43.10	43.65	4893300	213487536.00
2017/06/20	43.90	43.91	42.80	43.20	6757921	291809056.00
2017/06/21	43.48	44.25	43.25	44.25	8857900	386484832.00
2017/06/22	44.25	44.90	43.61	43.62	8396100	371070336.00
2017/06/23	43.53	44.00	42.60	43.90	8348400	360320000.00
2017/06/26	43.74	44.24	42.90	43.44	12801000	555571456.00
2017/06/27	43.44	43.44	42.51	42.88	8418400	360443008.00
2017/06/28	42.87	43.49	42.53	42.90	7413723	319268128.00
2017/06/29	42.78	43.20	42.28	42.65	7121700	304077856.00
2017/06/30	42.60	43.65	42.50	43.48	7812600	338540288.00
2017/07/03	43.48	43.76	42.53	42.60	6805900	292236128.00
2017/07/04	42.60	42.68	40.68	40.74	12857300	530167488.00
2017/07/05	40.35	41.82	40.35	41.68	7065400	292584480.00
2017/07/06	41.66	42.36	41.23	41.65	4608400	192148256.00
2017/07/07	41.65	42.28	41.00	41.00	5123900	213123472.00
2017/07/10	41.09	41.50	40.90	41.32	4020700	165559232.00
2017/07/11	41.38	42.74	41.13	42.41	7029400	296569024.00
2017/07/12	42.51	42.97	42.31	42.90	6571600	280625344.00
2017/07/13	42.80	43.37	42.52	42.98	5583300	240058224.00
2017/07/14	42.90	43.16	42.25	42.50	4488200	191458576.00
2017/07/17	42.38	42.75	40.99	42.17	4559300	191047696.00
2017/07/18	41.70	42.00	40.80	41.38	5161000	212798704.00
2017/07/19	41.38	41.99	41.02	41.85	3517400	146312176.00
2017/07/20	41.83	42.26	41.01	42.00	5749500	238985536.00
2017/07/21	42.00	42.37	41.52	41.88	4919683	206635072.00
2017/07/24	41.98	43.43	41.81	42.98	6961900	298899552.00
2017/07/25	43.30	43.30	42.70	42.90	4085200	175751504.00
2017/07/26	42.80	42.98	41.58	41.85	4655800	196047072.00
2017/07/27	41.80	41.85	39.97	40.60	12033400	486820032.00
2017/07/28	40.60	40.95	40.11	40.60	8044300	326369088.00
2017/07/31	40.91	40.94	40.05	40.31	5658700	228162352.00
2017/08/01	40.17	40.41	39.30	39.73	10954800	434932480.00
2017/08/02	39.81	39.81	39.13	39.36	6771300	266780240.00
2017/08/03	39.30	39.74	38.91	39.07	7104300	278892224.00
2017/08/04	39.01	39.33	38.46	38.49	5516300	213500272.00
2017/08/07	38.46	39.32	37.65	39.16	7397100	285044608.00
2017/08/08	39.09	39.46	38.81	39.01	3714000	145210224.00
2017/08/09	39.00	40.00	38.65	39.62	12513100	493882016.00
2017/08/10	39.63	40.07	39.54	40.00	6103900	243482384.00
2017/08/11	40.07	40.18	39.36	39.46	4812100	191388672.00
2017/08/14	39.30	40.21	39.30	40.03	6108300	244066848.00
2017/08/15	40.00	40.22	39.30	39.46	6674500	263793344.00
2017/08/16	39.46	39.89	39.11	39.24	5280400	207632656.00
2017/08/17	39.11	39.23	38.60	38.92	5423000	210550480.00
2017/08/18	38.85	38.88	38.40	38.80	3908500	150933616.00
2017/08/21	38.80	39.34	38.80	39.07	3523200	137741808.00
2017/08/22	39.19	39.42	39.00	39.14	3457500	135612432.00
2017/08/23	39.30	39.33	39.00	39.06	2446700	95706864.00
2017/08/24	39.06	40.06	38.85	40.04	6261200	248269104.00
2017/08/25	40.00	40.56	39.92	40.21	5169200	208037216.00
数据来源:通达信
