002815 崇达技术 日线 前复权
      日期	    开盘	    最高	    最低	    收盘	    成交量	    成交额
2016/10/12	20.77	23.04	20.77	23.04	20009	469911.44
2016/10/13	25.39	25.39	25.39	25.39	4500	116280.00
2016/10/14	27.97	27.97	27.97	27.97	7400	210308.00
2016/10/17	30.81	30.81	30.81	30.81	8100	253206.00
2016/10/18	33.94	33.94	33.94	33.94	7118	244788.02
2016/10/19	37.38	37.38	37.38	37.38	11045	417832.34
2016/10/20	41.16	41.16	41.16	41.16	28344	1179393.88
2016/10/21	45.32	45.32	45.32	45.32	85696	3922306.00
2016/10/24	49.90	49.90	46.80	47.88	22962185	1113163648.00
2016/10/25	48.35	52.71	47.89	52.71	13161366	672567424.00
2016/10/26	52.55	57.43	52.23	54.48	23335922	1279634432.00
2016/10/27	53.56	57.21	52.43	56.23	18956692	1064350848.00
2016/10/28	55.55	61.87	55.35	60.55	20855559	1232104832.00
2016/10/31	58.73	58.85	55.75	55.85	15210225	871005312.00
2016/11/01	55.03	58.55	54.81	57.24	13402971	772998784.00
2016/11/02	56.45	60.55	55.55	58.70	16230513	952392576.00
2016/11/03	57.82	60.70	57.07	57.36	15795905	937214656.00
2016/11/04	56.57	58.63	56.56	57.85	9742901	565286144.00
2016/11/07	58.25	63.15	57.50	60.35	15256918	929540288.00
2016/11/08	59.90	60.74	58.73	60.11	10343102	621354368.00
2016/11/09	60.10	64.33	59.13	62.46	17481373	1087785344.00
2016/11/10	62.68	68.75	61.87	67.65	20390787	1366829056.00
2016/11/11	67.55	71.35	65.70	66.63	21462348	1478847104.00
2016/11/14	65.30	66.53	63.85	64.77	10624345	697824384.00
2016/11/15	65.21	65.52	62.30	63.06	8928248	570494848.00
2016/11/16	63.05	63.43	60.14	60.39	8804704	543707072.00
2016/11/17	59.94	61.36	59.94	60.47	5395846	330633568.00
2016/11/18	60.35	62.32	60.16	60.88	6579097	406965056.00
2016/11/21	61.05	61.15	58.15	60.98	7500790	451436064.00
2016/11/22	60.55	63.47	60.55	63.43	9973680	626024384.00
2016/11/23	63.05	63.05	60.57	60.85	6528412	406735424.00
2016/11/24	60.83	61.47	58.05	58.56	6448988	387032224.00
2016/11/25	58.35	59.14	55.87	59.03	4978615	289595392.00
2016/11/28	58.77	58.83	57.05	57.12	3304572	192023504.00
2016/11/29	56.75	58.03	56.04	56.05	3264501	187346592.00
2016/11/30	55.70	56.51	55.56	56.13	2410807	136149680.00
2016/12/01	56.35	57.51	56.13	57.48	3451017	198172864.00
2016/12/02	57.25	57.54	55.21	55.22	3871278	218720320.00
2016/12/05	54.35	55.00	53.58	53.66	2740222	149412288.00
2016/12/06	53.96	54.93	53.96	54.20	2149983	118091896.00
2016/12/07	54.33	54.85	53.65	54.84	2190359	120134256.00
2016/12/08	54.97	55.43	54.06	54.09	2672881	147668336.00
2016/12/09	53.93	53.93	51.93	52.05	3593692	191185600.00
2016/12/12	52.14	52.14	46.87	47.11	4357767	216057776.00
2016/12/13	46.35	48.02	46.24	47.51	2808452	133687592.00
2016/12/14	47.25	47.53	46.15	46.33	2385232	112800504.00
2016/12/15	46.40	48.43	46.40	47.53	3063855	147194384.00
2016/12/16	47.53	48.60	47.25	48.35	2656108	128701336.00
2016/12/19	48.54	48.54	47.40	47.58	1805578	87135040.00
2016/12/20	47.58	48.22	47.45	47.62	1594062	76867888.00
2016/12/21	47.90	48.02	47.06	47.94	1869820	89868504.00
2016/12/22	47.84	48.62	47.27	48.30	2363671	114477424.00
2016/12/23	48.30	48.50	46.27	46.27	2446007	116697408.00
2016/12/26	45.55	46.50	44.21	46.34	2281388	104160008.00
2016/12/27	46.29	46.49	45.76	45.79	1211153	56289588.00
2016/12/28	45.93	46.00	45.05	45.10	1206974	55481996.00
2016/12/29	45.15	45.50	44.55	44.79	1298274	59048076.00
2016/12/30	44.85	45.21	44.56	44.83	1149528	52098192.00
2017/01/03	45.23	48.43	45.06	47.05	2712145	127912552.00
2017/01/04	46.65	47.49	46.38	47.23	2322320	110219208.00
2017/01/05	47.26	47.26	46.39	46.43	1604839	75705392.00
2017/01/06	46.41	46.41	44.41	44.54	2276211	103868696.00
2017/01/09	44.40	44.90	43.98	44.55	1248068	56017952.00
2017/01/10	44.73	44.83	44.06	44.10	1083156	48639476.00
2017/01/11	44.05	44.10	42.00	42.05	2595683	112326592.00
2017/01/12	42.00	42.49	40.43	40.64	2067265	86476288.00
2017/01/13	40.25	40.75	38.66	38.82	2603923	104210640.00
2017/01/16	38.35	38.92	35.03	36.14	2812654	105257160.00
2017/01/17	35.73	38.55	35.35	38.06	3205412	120314840.00
2017/01/18	37.80	37.80	36.39	36.51	1780458	66982444.00
2017/01/19	36.20	38.05	35.57	37.08	2254995	84664104.00
2017/01/20	37.20	38.38	36.80	38.12	2489301	95751416.00
2017/01/23	38.31	38.80	38.11	38.37	1740823	67722272.00
2017/01/24	38.54	38.54	37.28	37.31	1462467	55737956.00
2017/01/25	37.14	38.34	37.05	38.05	1455030	55782556.00
2017/01/26	38.24	38.49	37.96	38.29	1118941	43247232.00
2017/02/03	38.15	38.37	37.58	37.92	912644	35067328.00
2017/02/06	38.02	39.56	38.02	39.53	2829127	111705424.00
2017/02/07	39.37	39.37	38.58	38.87	1784914	70367264.00
2017/02/08	38.75	39.65	38.56	39.50	2203670	87559968.00
2017/02/09	39.35	40.31	39.20	39.63	2773609	111610584.00
2017/02/10	39.40	39.70	38.74	38.76	2098298	83132312.00
2017/02/13	38.65	40.00	38.45	39.71	2330478	93034872.00
2017/02/14	39.60	39.92	39.26	39.69	1731116	69306504.00
2017/02/15	39.68	41.00	39.48	40.06	3739341	152671984.00
2017/02/16	39.58	40.70	39.43	40.63	2390623	96633168.00
2017/02/17	40.54	42.22	40.39	40.70	4429520	184469792.00
2017/02/20	40.57	40.57	39.05	39.95	2470117	99297104.00
2017/02/21	40.20	40.80	39.85	40.74	1971363	80599104.00
2017/02/22	40.81	41.34	40.61	41.24	2832608	117462992.00
2017/02/23	41.43	41.44	40.56	41.27	2504479	103910872.00
2017/02/24	41.24	42.39	40.80	42.01	3272239	138102192.00
2017/02/27	42.06	42.90	41.35	41.35	3165918	134651824.00
2017/02/28	41.08	42.03	40.86	41.92	2339277	98055608.00
2017/03/01	41.85	42.20	41.45	41.52	1895453	79992912.00
2017/03/02	41.52	42.54	40.73	41.98	3930673	166055120.00
2017/03/03	41.75	43.98	41.36	43.50	6625460	287364544.00
2017/03/06	43.65	46.37	43.45	46.26	6911418	312604800.00
2017/03/07	46.52	46.71	45.35	45.51	5661706	261103392.00
2017/03/08	45.37	47.04	45.36	45.48	4930294	229724224.00
2017/03/09	45.37	46.35	44.64	44.65	4040231	185265008.00
2017/03/10	43.91	43.93	42.85	43.15	5701240	249685248.00
2017/03/13	43.17	44.39	42.42	44.35	4129698	181020224.00
2017/03/14	44.32	45.15	44.13	44.43	3859818	173903696.00
2017/03/15	44.43	44.45	43.24	43.78	2582122	114451712.00
2017/03/16	43.83	45.73	43.83	45.51	4783253	217383088.00
2017/03/17	45.40	46.36	44.16	44.20	4632675	211610496.00
2017/03/20	44.20	45.11	44.05	45.03	2547840	114821440.00
2017/03/21	45.03	45.35	44.65	45.28	2944906	133948920.00
2017/03/22	45.02	45.70	43.99	45.46	4102427	186021600.00
2017/03/23	45.47	46.55	44.85	46.48	7084961	327850240.00
2017/03/24	46.40	46.52	45.71	46.08	3905535	181893856.00
2017/03/27	46.10	46.23	45.06	45.29	2675550	122940424.00
2017/03/28	45.29	45.92	44.91	44.92	2508557	115109512.00
2017/03/29	44.65	45.13	40.55	40.92	5770600	248661856.00
2017/03/30	40.95	40.96	38.90	39.10	3566863	142277840.00
2017/03/31	39.14	39.92	39.05	39.34	1598551	63762728.00
2017/04/05	39.35	40.40	39.35	40.20	1510653	61143896.00
2017/04/06	40.23	40.76	40.05	40.32	1462172	59779204.00
2017/04/07	40.33	40.40	39.45	39.50	1606851	64519804.00
2017/04/10	39.48	39.48	37.26	37.42	2671831	102528392.00
2017/04/11	37.42	38.24	37.25	38.20	1656536	63491864.00
2017/04/12	38.20	38.24	37.39	37.54	1321276	50408860.00
2017/04/13	37.54	38.02	37.31	37.65	1038936	39669956.00
2017/04/14	37.56	37.73	36.91	36.92	1142559	42938528.00
2017/04/17	36.23	36.25	34.56	35.58	1419077	50893400.00
2017/04/18	35.50	36.15	35.50	35.65	1004158	36430860.00
2017/04/19	35.64	36.67	35.47	36.67	1518983	55556916.00
2017/04/20	36.67	36.83	35.96	36.23	1050329	38737984.00
2017/04/21	36.26	36.72	36.15	36.43	723872	26693590.00
2017/04/24	36.55	36.55	34.80	36.05	891180	32159938.00
2017/04/25	36.05	36.83	36.05	36.72	1258420	46572260.00
2017/04/26	36.75	37.05	36.55	36.62	983272	36581036.00
2017/04/27	36.51	37.45	35.15	37.26	2134222	78831384.00
2017/04/28	36.98	37.51	36.96	37.19	1268416	47777508.00
2017/05/02	37.31	37.51	37.05	37.15	1162100	43837036.00
2017/05/03	37.25	37.49	36.60	37.10	1067564	39975168.00
2017/05/04	37.05	37.05	36.30	36.34	1218697	45164088.00
2017/05/05	36.05	36.74	36.05	36.15	794340	29225550.00
2017/05/08	35.55	36.30	35.40	35.45	698233	25374614.00
2017/05/09	35.37	36.57	35.37	36.43	1026661	37383728.00
2017/05/10	36.49	36.93	35.55	35.85	1143039	42169508.00
2017/05/11	35.35	36.23	34.95	36.19	1121445	40413136.00
2017/05/12	36.11	36.26	35.71	35.77	876836	31561156.00
2017/05/15	35.78	36.14	35.10	35.11	1110050	39432492.00
2017/05/16	35.05	35.49	33.88	35.44	2260699	78234752.00
2017/05/17	35.45	35.88	35.25	35.51	1408456	50077344.00
2017/05/18	35.20	35.46	34.95	35.16	850920	29987740.00
2017/05/19	35.15	35.26	34.34	34.39	1131087	39246304.00
2017/05/22	34.43	34.68	32.70	32.75	1534400	51505976.00
2017/05/23	32.70	32.98	30.80	30.94	1528457	48471496.00
2017/05/24	30.95	31.45	30.27	31.20	928236	28687912.00
2017/05/25	31.18	31.35	30.00	30.99	1174860	36126752.00
2017/05/26	31.07	31.39	30.71	31.16	960004	29842040.00
2017/05/31	32.08	32.44	31.18	31.18	1448804	46193572.00
2017/06/01	31.41	31.41	29.90	29.97	1303700	39879708.00
2017/06/02	29.51	30.83	29.07	30.63	1426600	43034072.00
2017/06/05	30.85	31.38	30.63	31.05	1066200	33093090.00
2017/06/06	30.81	31.35	30.65	31.19	919400	28543814.00
2017/06/07	31.09	32.18	30.91	32.01	1810500	57600868.00
2017/06/08	31.99	32.44	31.76	31.97	1676000	53941600.00
2017/06/09	31.71	32.17	31.71	32.08	995800	31864304.00
2017/06/12	31.80	31.80	30.66	30.74	1184019	36858824.00
2017/06/13	30.85	31.80	30.65	31.64	1138562	35809516.00
2017/06/14	31.64	32.07	31.38	31.82	1198703	38056756.00
2017/06/15	31.82	32.78	31.82	32.49	1721442	55921240.00
2017/06/16	32.52	32.70	32.01	32.13	1082994	34946924.00
2017/06/19	32.13	32.87	31.85	32.87	1487800	48582812.00
2017/06/20	33.19	33.19	32.51	32.63	1197266	39230760.00
2017/06/21	32.30	32.78	32.02	32.20	940400	30387654.00
2017/06/22	32.20	32.21	31.40	31.40	1144900	36498128.00
2017/06/23	31.20	32.10	31.06	32.10	1614700	51064344.00
2017/06/26	32.10	32.49	31.20	32.42	1132500	36245528.00
2017/06/27	32.70	32.70	32.06	32.19	865500	27971706.00
2017/06/28	31.91	32.22	31.68	31.85	747400	23857220.00
2017/06/29	32.01	32.39	31.51	32.12	683500	21967252.00
2017/06/30	31.90	33.68	31.80	33.04	2410700	79320224.00
2017/07/03	32.82	32.95	32.54	32.86	1363900	44673908.00
2017/07/04	32.80	33.25	32.80	32.98	1145100	37814360.00
2017/07/05	32.81	33.17	32.70	33.14	1327000	43772704.00
2017/07/06	33.23	33.45	32.81	32.89	1452800	48073508.00
2017/07/07	32.70	33.65	32.52	33.50	2232100	74406080.00
2017/07/10	33.25	33.48	32.55	32.55	1557600	51310292.00
2017/07/11	32.50	32.64	32.25	32.36	1037100	33605640.00
2017/07/12	32.16	32.49	31.75	32.47	1099400	35291464.00
2017/07/13	32.21	32.53	31.91	32.16	700600	22546658.00
2017/07/14	32.00	32.23	31.42	31.50	923200	29247962.00
2017/07/17	31.09	31.09	28.40	28.40	1854100	54426400.00
2017/07/18	28.48	28.95	28.35	28.84	738000	21141346.00
2017/07/19	28.60	29.18	28.54	29.06	786000	22689288.00
2017/07/20	29.23	29.48	28.95	29.00	795500	23230936.00
2017/07/21	29.00	29.25	28.62	28.63	655300	18910896.00
2017/07/24	28.64	28.94	28.42	28.85	782500	22444630.00
2017/07/25	28.57	29.16	28.57	29.02	655500	18971864.00
2017/07/26	29.02	29.02	28.55	28.72	531800	15277766.00
2017/07/27	28.72	30.15	28.72	29.81	1523600	44947472.00
2017/07/28	29.77	29.98	29.35	29.39	789400	23311262.00
2017/07/31	29.28	29.85	29.27	29.61	674900	19961232.00
2017/08/01	29.61	29.88	29.17	29.63	868200	25623308.00
2017/08/02	29.63	29.71	29.17	29.25	701700	20597782.00
2017/08/03	29.25	29.85	29.03	29.52	768400	22671422.00
2017/08/04	29.31	29.56	29.26	29.26	828300	24286308.00
2017/08/07	29.48	29.83	29.25	29.54	521600	15427155.00
2017/08/08	29.57	31.08	29.42	30.79	1522800	45690044.00
2017/08/09	30.48	30.52	30.00	30.06	1558800	47130236.00
2017/08/10	30.00	30.20	29.12	29.17	1130500	33464748.00
2017/08/11	29.16	29.28	28.90	28.93	774200	22484692.00
2017/08/14	28.94	29.58	28.94	29.58	732800	21573446.00
数据来源:通达信
