002558 巨人网络 日线 前复权
      日期	    开盘	    最高	    最低	    收盘	    成交量	    成交额
2011/03/02	9.40	9.98	9.28	9.31	9432453	369605600.00
2011/03/03	9.14	10.03	9.03	9.71	6382202	251208640.00
2011/03/04	9.28	9.36	8.99	9.19	3801463	142969872.00
2011/03/07	9.03	9.32	9.03	9.11	2753678	103227904.00
2011/03/08	9.05	9.12	8.78	8.85	2791537	101731800.00
2011/03/09	8.87	8.99	8.81	8.90	1510928	55230552.00
2011/03/10	8.91	9.00	8.82	8.92	1522724	55663532.00
2011/03/11	8.91	8.99	8.79	8.83	1436260	52249056.00
2011/03/14	8.77	8.90	8.55	8.90	1905759	68047720.00
2011/03/15	8.81	9.66	8.81	9.29	4263794	161405584.00
2011/03/16	9.16	9.49	9.03	9.21	1899259	71506752.00
2011/03/17	9.16	9.16	8.81	8.84	1301983	47811052.00
2011/03/18	8.88	8.99	8.84	8.87	658886	24046520.00
2011/03/21	8.85	9.02	8.80	8.92	602517	21975908.00
2011/03/22	8.97	9.19	8.83	9.08	1369796	50812304.00
2011/03/23	9.03	9.09	8.93	9.00	906594	33412078.00
2011/03/24	9.00	9.21	9.00	9.14	1321108	49492160.00
2011/03/25	9.09	9.09	8.89	8.94	1264179	46356192.00
2011/03/28	8.94	9.10	8.87	8.93	1058628	38979608.00
2011/03/29	8.86	8.99	8.56	8.57	1259535	44917196.00
2011/03/30	8.57	8.60	8.28	8.29	793933	27384486.00
2011/03/31	8.32	8.41	8.31	8.38	475832	16331327.00
2011/04/01	8.38	8.52	8.34	8.44	481869	16698518.00
2011/04/06	8.41	8.52	8.33	8.36	443989	15315528.00
2011/04/07	8.37	8.42	8.32	8.39	413824	14212876.00
2011/04/08	8.42	8.46	8.34	8.43	433977	14991697.00
2011/04/11	8.44	8.47	8.20	8.22	627671	21478246.00
2011/04/12	8.14	8.21	8.12	8.13	541890	18174656.00
2011/04/13	8.13	8.69	8.13	8.56	1345248	46767224.00
2011/04/14	8.52	8.52	8.36	8.37	586333	20285586.00
2011/04/15	8.37	8.37	8.22	8.27	354951	12084278.00
2011/04/18	8.29	8.51	8.27	8.36	429211	14792547.00
2011/04/19	8.32	8.34	8.22	8.26	344765	11713269.00
2011/04/20	8.26	8.39	8.26	8.35	269735	9242756.00
2011/04/21	8.38	8.40	8.33	8.35	307396	10575388.00
2011/04/25	8.26	8.26	7.77	7.77	950843	31195956.00
2011/04/26	7.78	7.87	7.53	7.57	492435	15435527.00
2011/04/27	7.59	7.60	7.30	7.38	447213	13681259.00
2011/04/28	7.37	7.45	7.18	7.18	372489	11292183.00
2011/04/29	7.21	7.25	7.04	7.24	225108	6666546.50
2011/05/03	7.20	7.33	7.17	7.33	297046	8943583.00
2011/05/04	7.28	7.31	7.04	7.05	305318	9019103.00
2011/05/05	7.00	7.05	6.94	7.05	261189	7557648.00
2011/05/06	7.02	7.02	6.91	6.97	219149	6320826.50
2011/05/09	6.98	7.13	6.98	7.01	270584	7873084.00
2011/05/10	7.06	7.06	6.96	7.01	158974	4599967.50
2011/05/11	7.03	7.74	7.01	7.27	517364	15625926.00
2011/05/12	7.23	7.31	7.11	7.11	299425	8867446.00
2011/05/13	7.08	7.48	7.01	7.46	494440	14819445.00
2011/05/16	7.48	7.50	7.25	7.46	423593	12963763.00
2011/05/17	7.46	7.46	7.31	7.33	298827	9091111.00
2011/05/18	7.33	7.36	7.26	7.29	163765	4930168.50
2011/05/19	7.26	7.34	7.25	7.28	122106	3675202.00
2011/05/20	7.26	7.30	7.13	7.14	108101	3215351.50
2011/05/23	7.13	7.13	6.76	6.76	333406	9488466.00
2011/05/24	6.76	6.76	6.53	6.71	225696	6232001.00
2011/05/25	6.63	6.70	6.63	6.63	90566	2499545.75
2011/05/26	6.75	6.75	6.59	6.59	116491	3201440.75
2011/05/27	6.97	6.97	6.56	6.61	189507	5244370.50
2011/05/30	6.61	6.61	6.44	6.46	164845	4442798.50
2011/05/31	6.47	6.59	6.47	6.56	125896	3419889.00
2011/06/01	6.56	6.63	6.53	6.60	90385	2473819.25
2011/06/02	6.55	6.60	6.44	6.48	199118	5369744.50
2011/06/03	6.48	6.62	6.48	6.60	522116	14215846.00
2011/06/07	6.60	6.60	6.52	6.57	334552	9118716.00
2011/06/08	6.60	6.63	6.46	6.51	256181	6917020.50
2011/06/09	6.47	6.47	6.26	6.26	320353	8477276.00
2011/06/10	6.26	6.32	5.99	6.13	289945	7394150.50
2011/06/13	6.07	6.12	6.01	6.07	110740	2797161.00
2011/06/14	6.05	6.16	6.02	6.15	230738	5887805.50
2011/06/15	6.15	6.19	6.07	6.09	200600	5126336.00
2011/06/16	6.05	6.08	5.92	5.92	245539	6161253.50
2011/06/17	5.92	5.97	5.84	5.85	216982	5349034.50
2011/06/20	5.79	6.03	5.79	5.97	392710	9712357.00
2011/06/21	5.98	6.06	5.97	6.06	287707	7208797.00
2011/06/22	6.06	6.06	5.96	6.05	248750	6242071.00
2011/06/23	6.05	6.50	5.96	6.41	509330	13296024.00
2011/06/24	6.37	6.44	6.28	6.40	987904	26204972.00
2011/06/27	6.39	6.50	6.39	6.43	459766	12315087.00
2011/06/28	6.41	6.43	6.30	6.39	276707	7320792.50
2011/06/29	6.39	6.48	6.31	6.31	206548	5496337.50
2011/06/30	6.37	6.52	6.32	6.43	379992	10180772.00
2011/07/01	6.47	6.47	6.40	6.43	316532	8464001.00
2011/07/04	6.43	6.60	6.43	6.56	376141	10224008.00
2011/07/05	6.57	6.60	6.51	6.55	333384	9069208.00
2011/07/06	6.51	6.56	6.43	6.56	315765	8513308.00
2011/07/07	6.55	6.75	6.55	6.65	637795	17643870.00
2011/07/08	6.66	6.66	6.54	6.62	305277	8354533.00
2011/07/11	6.62	6.74	6.55	6.73	325737	9026023.00
2011/07/12	6.67	6.70	6.50	6.53	303396	8336681.00
2011/07/13	6.51	6.67	6.51	6.65	305720	8402179.00
2011/07/14	6.65	6.87	6.65	6.78	594247	16669619.00
2011/07/15	6.78	6.99	6.71	6.98	630604	17971998.00
2011/07/18	6.95	6.99	6.86	6.87	335665	9597244.00
2011/07/19	6.87	6.87	6.71	6.74	301553	8454933.00
2011/07/20	6.75	6.82	6.70	6.78	225768	6335555.50
2011/07/21	6.78	6.81	6.64	6.65	259252	7196327.50
2011/07/22	6.61	6.75	6.61	6.65	215249	5985504.00
2011/07/25	6.65	6.82	6.45	6.46	375820	10377927.00
2011/07/26	6.47	6.59	6.47	6.53	161152	4373044.00
2011/07/27	6.47	6.73	6.43	6.72	218225	6010234.00
2011/07/28	6.66	6.96	6.65	6.95	727829	20695250.00
2011/07/29	6.96	7.04	6.78	7.03	766313	22006468.00
2011/08/01	7.01	7.25	6.98	7.20	1012931	30086812.00
2011/08/02	7.18	7.18	6.93	7.13	624785	18252342.00
2011/08/03	7.01	7.16	6.98	7.13	523836	15341690.00
2011/08/04	7.11	7.15	6.88	6.93	714955	20644728.00
2011/08/05	6.50	6.65	6.37	6.53	729844	19813534.00
2011/08/08	6.45	6.48	5.89	6.04	619221	15971691.00
2011/08/09	5.89	6.15	5.81	6.06	392038	9793868.00
2011/08/10	6.16	6.30	6.13	6.15	443324	11505483.00
2011/08/11	6.02	6.34	6.00	6.32	459251	11825165.00
2011/08/12	6.32	6.47	6.31	6.39	631139	16732151.00
2011/08/15	6.38	6.62	6.32	6.53	796429	21468030.00
2011/08/16	6.53	6.57	6.45	6.49	357213	9644094.00
2011/08/17	6.51	6.54	6.42	6.47	256045	6911049.00
2011/08/18	6.48	6.59	6.48	6.55	418164	11355448.00
2011/08/19	6.39	6.55	6.38	6.48	367944	9905042.00
2011/08/22	6.48	6.86	6.46	6.68	558832	15510725.00
2011/08/23	6.70	6.98	6.58	6.94	1170455	33105306.00
2011/08/24	6.94	7.10	6.83	6.88	1037916	29953086.00
2011/08/25	6.85	6.98	6.73	6.87	918266	25977462.00
2011/08/26	6.88	7.13	6.83	7.05	968974	28143784.00
2011/08/29	7.06	7.23	6.91	7.11	1156917	34114736.00
2011/08/30	7.10	7.31	6.91	6.95	961984	28345534.00
2011/08/31	6.93	7.08	6.85	6.94	465942	13394581.00
2011/09/01	6.94	7.06	6.92	7.04	663458	19224238.00
2011/09/02	7.02	7.05	6.51	6.82	553095	15689852.00
2011/09/05	6.74	6.85	6.63	6.75	232803	6512453.00
2011/09/06	6.67	6.77	6.65	6.69	224381	6240985.50
2011/09/07	6.74	6.99	6.70	6.93	612523	17462918.00
2011/09/08	6.93	6.99	6.78	6.81	419017	11973231.00
2011/09/09	6.81	7.07	6.78	6.94	559389	16100255.00
2011/09/13	6.93	6.94	6.68	6.77	381527	10751623.00
2011/09/14	6.79	6.83	6.50	6.68	542609	14944127.00
2011/09/15	6.73	6.76	6.61	6.61	265747	7372633.00
2011/09/16	6.71	6.72	6.58	6.59	239696	6597251.00
2011/09/19	6.54	6.60	6.39	6.40	195764	5256990.00
2011/09/20	6.38	6.63	6.26	6.49	257318	6891901.00
2011/09/21	6.50	6.67	6.42	6.63	386055	10581011.00
2011/09/22	6.64	6.64	6.33	6.43	218190	5914081.00
2011/09/23	6.30	6.41	6.27	6.34	198862	5242601.00
2011/09/26	6.34	6.49	6.27	6.34	252260	6683384.50
2011/09/27	6.41	6.41	6.25	6.36	215418	5662815.50
2011/09/28	6.36	6.38	6.12	6.18	178343	4657717.00
2011/09/29	6.18	6.18	5.92	5.96	246272	6189782.50
2011/09/30	5.92	6.08	5.92	6.03	121549	3048183.75
2011/10/10	6.05	6.23	5.98	6.03	123729	3116031.00
2011/10/11	6.20	6.22	5.96	6.01	225561	5726748.50
2011/10/12	6.00	6.19	5.89	6.17	256802	6563534.50
2011/10/13	6.12	6.32	6.12	6.26	316189	8216809.00
2011/10/14	6.21	6.27	6.13	6.19	153823	3958676.25
2011/10/17	6.19	6.23	6.13	6.20	309953	7981081.00
2011/10/18	6.17	6.36	6.13	6.19	339099	8765623.00
2011/10/19	6.14	6.22	6.06	6.07	216761	5548431.50
2011/10/20	6.05	6.05	5.53	5.57	539569	13103587.00
2011/10/21	5.63	5.63	5.52	5.55	171644	4008592.75
2011/10/24	5.62	5.80	5.34	5.64	254922	5991311.00
2011/10/25	5.71	5.85	5.55	5.84	407020	9751872.00
2011/10/26	5.77	5.98	5.72	5.88	426135	10458428.00
2011/10/27	5.88	6.04	5.85	5.88	357900	8857727.00
2011/10/28	5.91	6.14	5.91	5.99	344130	8591687.00
2011/10/31	6.11	6.12	5.92	6.01	273055	6828280.00
2011/11/01	5.99	6.17	5.95	6.10	383756	9713033.00
2011/11/02	6.00	6.27	5.97	6.27	522033	13360969.00
2011/11/03	6.27	6.62	6.21	6.37	852903	22844136.00
2011/11/04	6.45	6.50	6.37	6.44	319230	8554425.00
2011/11/07	6.45	6.51	6.30	6.45	349683	9320932.00
2011/11/08	6.41	6.45	6.30	6.40	211400	5627753.00
2011/11/09	6.39	6.70	6.39	6.52	347279	9400798.00
2011/11/10	6.45	6.57	6.41	6.44	219073	5882113.00
2011/11/11	6.46	6.56	6.43	6.46	307352	8284639.50
2011/11/14	6.51	6.87	6.47	6.73	819900	22774820.00
2011/11/15	6.73	6.73	6.63	6.67	290487	8040564.00
2011/11/16	6.70	6.71	6.27	6.45	376400	10214975.00
2011/11/17	6.40	6.62	6.40	6.48	253612	6861445.50
2011/11/18	6.50	6.50	6.32	6.37	235873	6260551.00
2011/11/21	6.37	6.63	6.35	6.46	236205	6363753.00
2011/11/22	6.34	6.51	6.33	6.47	170398	4564044.50
2011/11/23	6.57	6.69	6.49	6.50	481827	13146399.00
2011/11/24	6.42	6.52	6.35	6.48	244886	6557507.00
2011/11/25	6.48	6.58	6.45	6.54	360152	9771802.00
2011/11/28	6.56	6.67	6.53	6.66	589683	16167137.00
2011/11/29	6.72	6.78	6.60	6.67	568980	15771142.00
2011/11/30	6.67	6.72	6.30	6.37	515906	13898598.00
2011/12/01	6.50	6.59	6.42	6.43	414749	11238857.00
2011/12/02	6.40	6.40	6.20	6.24	351980	9220225.00
2011/12/05	6.15	6.24	5.87	5.99	191876	4836385.00
2011/12/06	5.95	6.02	5.90	5.95	178400	4426624.00
2011/12/07	5.94	6.11	5.92	5.99	125380	3144595.75
2011/12/08	6.05	6.07	5.89	6.00	204521	5103230.00
2011/12/09	5.98	6.02	5.92	5.94	126428	3145286.00
2011/12/12	5.91	5.98	5.76	5.78	185497	4555249.50
2011/12/13	5.76	5.76	5.56	5.62	232612	5483007.00
2011/12/14	5.62	5.66	5.54	5.55	115168	2702393.50
2011/12/15	5.52	5.61	5.50	5.51	174026	4057490.75
2011/12/16	5.51	5.71	5.50	5.70	211689	4973545.50
2011/12/19	5.69	5.85	5.60	5.81	168671	4028039.00
2011/12/20	5.79	5.86	5.77	5.77	165681	4029839.75
2011/12/21	5.88	5.88	5.62	5.64	115480	2798005.75
2011/12/22	5.68	5.68	5.33	5.55	172528	3983481.50
2011/12/23	5.51	5.65	5.51	5.60	101261	2377147.50
2011/12/26	5.60	5.73	5.59	5.63	80510	1909247.25
2011/12/27	5.59	5.59	5.38	5.44	108900	2512122.50
2011/12/28	5.36	5.48	5.21	5.35	130606	2930614.50
2011/12/29	5.29	5.46	5.29	5.36	69500	1572698.00
2011/12/30	5.37	5.57	5.37	5.53	130388	2989512.75
2012/01/04	5.54	5.61	5.39	5.39	114000	2635805.00
2012/01/05	5.49	5.51	4.82	5.20	211856	4742062.50
2012/01/06	5.14	5.16	4.93	5.15	154168	3273790.00
2012/01/09	5.15	5.32	5.11	5.31	139307	3070044.75
2012/01/10	5.30	5.75	5.25	5.56	160446	3675363.75
2012/01/11	5.56	5.59	5.49	5.57	105089	2443664.25
2012/01/12	5.51	5.60	5.51	5.53	87979	2042442.63
2012/01/13	5.51	5.55	5.29	5.32	154327	3506169.25
2012/01/16	5.23	5.29	5.06	5.15	61086	1332203.38
2012/01/17	5.14	5.49	5.14	5.41	174206	3885997.00
2012/01/18	5.43	5.48	5.31	5.31	128757	2918515.00
2012/01/19	5.31	5.42	5.28	5.34	71358	1594056.75
2012/01/20	5.33	5.40	5.32	5.36	72905	1640766.25
2012/01/30	5.41	5.41	5.34	5.37	80519	1815767.75
2012/01/31	5.38	5.38	5.30	5.33	51785	1157990.75
2012/02/01	5.38	5.42	5.32	5.41	125225	2829842.25
2012/02/02	5.41	5.59	5.41	5.53	163197	3771906.25
2012/02/03	5.54	5.58	5.52	5.57	144003	3346660.75
2012/02/06	5.57	5.73	5.52	5.63	174669	4093000.00
2012/02/07	5.56	5.62	5.48	5.49	105875	2454360.75
2012/02/08	5.51	5.65	5.46	5.64	150140	3510472.25
2012/02/09	5.64	5.79	5.62	5.66	357826	8503737.00
2012/02/10	5.66	5.72	5.60	5.64	163788	3875712.25
2012/02/13	5.57	5.76	5.57	5.74	270628	6454437.00
2012/02/14	5.72	5.74	5.64	5.70	126228	2998301.75
2012/02/15	5.67	5.83	5.64	5.78	309143	7419964.00
2012/02/16	5.77	5.80	5.70	5.73	166535	3999864.25
2012/02/17	5.79	5.91	5.73	5.84	334400	8120257.00
2012/02/20	5.93	5.93	5.79	5.81	204881	4981685.50
2012/02/21	5.81	5.86	5.73	5.83	185066	4479244.50
2012/02/22	5.80	6.09	5.80	5.98	329844	8166433.00
2012/02/23	5.98	6.12	5.95	5.97	285254	7150420.00
2012/02/24	6.06	6.06	5.96	5.99	279704	6985698.50
2012/02/27	5.99	6.12	5.97	6.03	357470	9005042.00
2012/02/28	6.02	6.04	5.90	5.97	300275	7468265.50
2012/02/29	5.93	5.97	5.89	5.92	212678	5271962.50
2012/03/01	5.98	6.01	5.90	5.98	156222	3886115.25
2012/03/02	6.02	6.20	5.99	6.10	379015	9568062.00
2012/03/05	6.10	6.12	6.02	6.03	230982	5842036.00
2012/03/06	6.02	6.04	5.93	5.97	191335	4774758.00
2012/03/07	5.90	6.06	5.90	5.96	215708	5383720.50
2012/03/08	6.03	6.13	5.96	6.04	279615	7066421.50
2012/03/09	6.10	6.17	6.05	6.16	371133	9462620.00
2012/03/12	6.17	6.75	6.17	6.54	1294886	35060956.00
2012/03/13	6.47	6.94	6.47	6.86	1812325	50967352.00
2012/03/14	6.93	6.96	6.55	6.66	1344984	38017656.00
2012/03/15	6.55	6.70	6.31	6.55	827089	22411884.00
2012/03/16	6.55	6.75	6.51	6.75	814209	22466434.00
2012/03/19	6.75	7.21	6.75	6.85	1121637	32140402.00
2012/03/20	6.85	6.85	6.58	6.77	792901	21993206.00
2012/03/21	6.75	6.81	6.39	6.57	795114	21826324.00
2012/03/22	6.55	6.62	6.45	6.50	462078	12489571.00
2012/03/23	6.08	6.17	5.91	5.92	1600890	40230204.00
2012/03/26	5.87	5.96	5.82	5.91	450391	11045899.00
2012/03/27	5.96	5.98	5.82	5.84	457972	11269790.00
2012/03/28	5.86	5.86	5.59	5.66	535076	12755330.00
2012/03/29	5.63	5.72	5.57	5.59	363884	8598003.00
2012/03/30	5.59	5.65	5.58	5.61	232168	5447427.00
2012/04/05	5.64	5.75	5.53	5.72	417903	9903097.00
2012/04/06	5.72	5.79	5.68	5.73	389102	9313083.00
2012/04/09	5.69	5.78	5.66	5.66	226440	5418293.50
2012/04/10	5.62	5.71	5.57	5.69	234196	5534842.50
2012/04/11	5.67	5.72	5.61	5.70	345067	8205448.00
2012/04/12	5.69	5.83	5.67	5.82	565700	13663469.00
2012/04/13	5.82	5.99	5.78	5.96	787571	19364112.00
2012/04/17	5.87	5.87	5.77	5.79	456155	11090745.00
2012/04/18	5.83	5.96	5.80	5.92	494907	12189077.00
2012/04/19	5.94	5.95	5.88	5.95	341613	8439266.00
2012/04/20	5.97	6.12	5.95	5.97	568407	14251327.00
2012/04/23	5.96	6.06	5.79	5.81	442768	10816004.00
2012/04/24	5.83	5.83	5.52	5.62	333561	7900807.50
2012/04/25	5.54	5.67	5.54	5.63	239880	5631671.00
2012/04/26	5.63	5.71	5.43	5.54	305301	7153410.00
2012/04/27	5.16	5.57	5.16	5.45	174859	3998642.50
2012/05/02	5.49	5.59	5.45	5.50	241939	5581632.50
2012/05/03	5.47	5.52	5.44	5.49	199796	4575237.50
2012/05/04	5.49	5.66	5.47	5.56	312712	7247802.50
2012/05/07	5.56	5.74	5.56	5.68	312379	7356183.00
2012/05/08	5.68	5.82	5.62	5.78	461105	11040459.00
2012/05/09	5.75	5.76	5.64	5.65	223796	5324613.00
2012/05/10	5.70	5.74	5.63	5.68	198748	4713067.00
2012/05/11	5.75	5.75	5.54	5.57	151538	3516390.00
2012/05/14	5.60	5.70	5.60	5.61	149201	3459625.75
2012/05/15	5.55	5.66	5.40	5.56	126576	2895241.75
2012/05/16	5.59	5.60	5.47	5.47	119319	2711418.50
2012/05/17	5.52	5.59	5.47	5.55	127401	2899713.50
2012/05/18	5.49	5.55	5.45	5.47	138251	3132999.00
2012/05/21	5.47	5.52	5.42	5.46	109716	2469945.00
2012/05/22	5.45	5.54	5.45	5.52	174036	3939665.75
2012/05/23	5.49	5.52	5.27	5.40	180360	4034478.00
2012/05/24	5.37	5.41	5.29	5.29	352222	7736946.00
2012/05/25	5.28	5.32	5.23	5.25	126903	2760237.00
2012/05/28	5.22	5.46	5.12	5.26	288460	6233922.50
2012/05/29	5.30	5.34	5.27	5.31	281886	6151658.50
2012/05/30	5.31	5.59	5.29	5.52	596018	13316785.00
2012/05/31	5.45	5.58	5.40	5.47	256833	5778673.50
2012/06/01	5.48	5.50	5.40	5.41	203044	4557062.50
2012/06/04	5.37	5.39	5.25	5.28	206303	4504152.00
2012/06/05	5.31	5.48	5.29	5.34	233628	5142548.00
2012/06/06	5.38	5.41	5.29	5.32	66730	1463745.63
2012/06/07	5.41	5.41	5.28	5.30	114083	2505321.00
2012/06/08	5.31	5.46	5.29	5.39	177403	3913275.50
2012/06/11	5.35	5.44	5.34	5.44	138200	3078454.75
2012/06/12	5.44	5.59	5.35	5.44	183284	4115963.25
2012/06/13	5.45	5.59	5.44	5.54	246652	5598465.50
2012/06/14	5.52	5.56	5.48	5.49	151639	3441755.25
2012/06/15	5.49	5.69	5.49	5.59	462616	10606254.00
2012/06/18	5.58	5.63	5.57	5.59	250767	5770897.50
2012/06/19	5.56	5.62	5.54	5.55	161948	3713315.00
2012/06/20	5.59	5.78	5.57	5.63	334249	7786860.50
2012/06/21	5.62	5.63	5.52	5.57	212076	4853227.50
2012/06/25	5.53	5.57	5.46	5.47	155228	3516995.50
2012/06/26	5.46	5.46	5.34	5.40	136441	3025405.50
2012/06/27	5.42	5.45	5.38	5.42	93284	2084088.50
2012/06/28	5.44	5.52	5.43	5.43	217952	4915789.00
2012/06/29	5.35	5.51	5.35	5.51	73023	1633408.75
2012/07/02	5.52	5.71	5.49	5.64	409619	9440402.00
2012/07/03	5.70	5.75	5.62	5.69	534747	12545254.00
2012/07/04	5.73	5.76	5.63	5.65	245451	5734234.00
2012/07/05	5.64	5.64	5.52	5.53	212586	4855855.50
2012/07/06	5.58	5.68	5.53	5.68	229389	5285105.50
2012/07/09	5.66	5.88	5.64	5.71	830408	19746066.00
2012/07/10	5.68	5.72	5.54	5.69	397112	9196527.00
2012/07/11	5.66	5.72	5.55	5.65	289089	6688136.50
2012/07/12	5.61	5.83	5.59	5.79	624855	14790438.00
2012/07/13	5.76	5.82	5.69	5.70	302324	7136734.00
2012/07/16	5.69	5.74	5.48	5.48	455761	10495247.00
2012/07/17	5.44	5.54	5.30	5.46	291045	6457421.50
2012/07/18	5.42	5.46	5.34	5.44	240729	5341706.00
2012/07/19	5.40	5.55	5.39	5.48	208051	4704454.50
2012/07/20	5.44	5.84	5.44	5.67	641233	14996437.00
2012/07/23	5.65	5.65	5.54	5.60	249129	5728378.00
2012/07/24	5.59	5.77	5.56	5.65	325559	7611455.00
2012/07/25	5.65	5.69	5.54	5.55	276270	6366282.00
2012/07/26	5.56	5.60	5.44	5.46	180011	4073632.00
2012/07/27	5.46	5.53	5.40	5.53	156547	3520539.50
2012/07/30	5.51	5.54	5.39	5.45	144049	3235104.75
2012/07/31	5.43	5.43	5.31	5.35	102458	2262208.25
2012/08/01	5.33	5.42	5.29	5.36	95049	2105934.75
2012/08/02	5.35	5.38	5.29	5.31	166778	3663100.25
2012/08/03	5.29	5.42	5.29	5.42	182940	4060727.75
2012/08/06	5.37	5.50	5.37	5.48	171659	3850160.50
2012/08/07	5.46	5.73	5.46	5.59	276901	6359722.00
2012/08/08	5.58	5.63	5.52	5.59	172449	3956833.00
2012/08/09	5.61	5.64	5.55	5.64	177979	4109968.00
2012/08/10	5.62	5.68	5.59	5.65	220007	5105500.00
2012/08/13	5.65	5.70	5.60	5.65	384805	8965374.00
2012/08/14	5.62	5.76	5.60	5.74	452570	10607169.00
2012/08/15	5.73	5.74	5.63	5.65	378835	8848006.00
2012/08/16	5.66	5.67	5.57	5.65	433077	10011706.00
2012/08/17	5.62	5.66	5.57	5.58	180788	4162804.25
2012/08/20	5.57	5.68	5.57	5.66	160535	3722354.00
2012/08/21	5.65	5.79	5.65	5.76	318321	7504775.50
2012/08/22	5.79	5.79	5.72	5.75	200934	4748731.00
2012/08/23	5.72	5.87	5.70	5.82	365455	8725928.00
2012/08/24	5.82	5.84	5.69	5.69	297350	7023756.50
2012/08/27	5.76	5.76	5.62	5.62	112749	2619960.25
2012/08/28	5.61	5.68	5.59	5.63	161674	3743499.75
2012/08/29	5.62	5.67	5.58	5.66	112281	2606454.75
2012/08/30	5.66	5.67	5.49	5.53	127201	2917290.25
2012/08/31	5.49	5.84	5.46	5.83	449770	10607345.00
2012/09/03	5.86	6.13	5.80	6.02	1183298	29173986.00
2012/09/04	5.97	6.08	5.92	5.99	538073	13234496.00
2012/09/05	5.99	6.04	5.93	5.96	409086	10035913.00
2012/09/06	5.96	6.05	5.96	6.02	302206	7448502.50
2012/09/07	6.11	6.13	6.02	6.03	787667	19596408.00
2012/09/10	5.99	6.09	5.97	6.01	430064	10592459.00
2012/09/11	6.01	6.30	5.99	6.06	1007230	25204376.00
2012/09/12	6.03	6.17	6.00	6.10	539345	13456529.00
2012/09/13	6.11	6.22	6.03	6.03	675615	17070448.00
2012/09/14	6.04	6.14	5.87	5.95	476307	11691799.00
2012/09/17	5.99	6.06	5.87	5.89	237720	5790097.00
2012/09/18	5.90	5.97	5.84	5.89	238020	5752357.50
2012/09/19	5.95	5.97	5.87	5.94	239363	5821023.50
2012/09/20	5.92	5.93	5.72	5.72	328503	7827348.50
2012/09/21	5.68	5.71	5.57	5.64	250222	5807337.00
2012/09/24	5.64	5.66	5.54	5.65	116465	2687387.25
2012/09/25	5.63	5.68	5.56	5.56	113001	2600985.25
2012/09/26	5.55	5.57	5.41	5.49	98851	2239387.00
2012/09/27	5.44	5.57	5.40	5.54	227194	5162557.00
2012/09/28	5.54	5.60	5.50	5.58	175666	4011141.75
2012/10/08	5.61	5.66	5.55	5.57	280295	6456906.00
2012/10/09	5.57	5.65	5.55	5.65	442314	10209744.00
2012/10/10	5.65	5.65	5.57	5.63	466529	10753080.00
2012/10/11	5.59	5.62	5.48	5.48	318714	7270764.50
2012/10/12	5.54	5.54	5.42	5.47	243209	5479323.50
2012/10/15	5.46	5.51	5.43	5.51	189004	4249983.00
2012/10/16	5.52	5.57	5.49	5.51	209187	4766205.50
2012/10/17	5.51	5.55	5.45	5.51	178696	4039000.00
2012/10/18	5.52	5.59	5.52	5.58	284508	6512365.50
2012/10/19	5.57	5.59	5.55	5.57	217851	4994848.00
2012/10/22	5.56	5.73	5.54	5.63	162577	3757481.00
2012/10/23	5.62	5.76	5.62	5.71	461140	10794397.00
2012/10/24	5.68	5.74	5.68	5.74	248642	5840846.50
2012/10/25	5.74	5.76	5.69	5.71	292450	6892890.00
2012/10/26	5.65	5.69	5.58	5.61	246380	5703807.00
2012/10/29	5.59	5.66	5.56	5.62	165599	3807067.00
2012/10/30	5.59	5.64	5.59	5.61	35209	811228.94
2012/10/31	5.62	5.64	5.58	5.64	90017	2075909.75
2012/11/01	5.60	5.76	5.60	5.71	301001	7029006.00
2012/11/02	5.71	5.94	5.69	5.82	1619675	38761264.00
2012/11/05	5.79	5.91	5.79	5.89	1916605	46072580.00
2012/11/06	5.87	5.96	5.74	5.92	1674176	40375172.00
2012/11/07	5.88	5.99	5.79	5.82	1023179	24774230.00
2012/11/08	5.82	5.82	5.63	5.63	610256	14317031.00
2012/11/09	5.62	5.65	5.52	5.54	382125	8751796.00
2012/11/12	5.52	5.62	5.52	5.55	245735	5615668.50
2012/11/13	5.55	5.55	5.43	5.44	278339	6270587.50
2012/11/14	5.42	5.47	5.37	5.45	134258	2990950.75
2012/11/15	5.44	5.44	5.29	5.31	242429	5333567.00
2012/11/16	5.31	5.35	5.18	5.30	196350	4240142.00
2012/11/19	5.30	5.33	5.24	5.33	142873	3109829.00
2012/11/20	5.39	5.39	5.21	5.22	273401	5952629.00
2012/11/21	5.23	5.25	5.06	5.19	358011	7596343.50
2012/11/22	5.19	5.19	5.07	5.09	200020	4215682.00
2012/11/23	5.09	5.15	5.09	5.12	166719	3525932.25
2012/11/26	5.08	5.13	5.03	5.09	194339	4066378.50
2012/11/27	5.07	5.07	4.92	5.02	328422	6735718.00
2012/11/28	4.96	5.07	4.95	4.98	134144	2761676.50
2012/11/29	4.93	5.04	4.88	4.89	107109	2184962.50
2012/11/30	4.91	4.96	4.88	4.94	93909	1912905.25
2012/12/03	4.92	4.96	4.81	4.81	143610	2907661.25
2012/12/04	4.80	4.83	4.48	4.82	302000	5841874.00
2012/12/05	4.73	5.03	4.73	5.03	357649	7302868.50
2012/12/06	5.07	5.07	4.94	4.98	155907	3214264.50
2012/12/07	5.02	5.06	4.96	5.02	247286	5125164.00
2012/12/10	5.06	5.08	5.01	5.06	214941	4486869.50
2012/12/11	5.05	5.21	5.05	5.07	381680	8061061.00
2012/12/12	5.11	5.13	4.97	5.08	315506	6575037.50
2012/12/13	5.10	5.13	5.00	5.05	107271	2241518.00
2012/12/14	5.07	5.19	5.02	5.19	765079	16244802.00
2012/12/17	5.18	5.20	5.14	5.16	332252	7084378.50
2012/12/18	5.18	5.23	5.16	5.16	352750	7560545.50
2012/12/19	5.16	5.21	5.15	5.18	167082	3567988.75
2012/12/20	5.18	5.32	5.15	5.21	522907	11325756.00
2012/12/21	5.23	5.39	5.20	5.37	782506	17182264.00
2012/12/24	5.33	5.44	5.31	5.40	441693	9767970.00
2012/12/25	5.39	5.53	5.34	5.52	632773	14243232.00
2012/12/26	5.52	5.75	5.52	5.72	982250	22878454.00
2012/12/27	5.74	5.78	5.52	5.53	682573	15765779.00
2012/12/28	5.54	5.90	5.47	5.85	984484	23241864.00
2012/12/31	5.85	5.94	5.72	5.84	544668	12983803.00
2013/01/04	5.86	5.87	5.63	5.74	641463	15098666.00
2013/01/07	5.72	5.77	5.64	5.77	387683	9102215.00
2013/01/08	5.72	5.89	5.71	5.83	527990	12607279.00
2013/01/09	5.81	5.81	5.64	5.68	517433	12155941.00
2013/01/10	5.72	5.78	5.59	5.74	407821	9584431.00
2013/01/11	5.77	5.99	5.77	5.84	1072193	26016360.00
2013/01/14	5.90	6.03	5.80	5.99	894739	21800650.00
2013/01/15	5.99	6.07	5.96	5.99	755558	18633942.00
2013/01/16	5.96	6.01	5.82	5.91	687815	16630914.00
2013/01/17	5.91	5.91	5.74	5.77	408046	9710603.00
2013/01/18	5.76	5.87	5.75	5.86	308730	7384000.00
2013/01/21	5.87	6.02	5.87	5.96	535912	13118137.00
2013/01/22	5.99	6.04	5.77	5.78	521486	12650301.00
2013/01/23	5.74	5.93	5.69	5.81	360369	8561804.00
2013/01/24	5.80	5.89	5.48	5.57	549884	12867851.00
2013/01/25	5.59	5.68	5.52	5.62	189292	4367376.50
2013/01/28	5.64	5.84	5.64	5.80	362138	8558904.00
2013/01/29	5.81	5.87	5.78	5.85	291768	6993573.00
2013/01/30	5.85	5.89	5.73	5.80	264611	6317622.00
2013/01/31	5.73	5.82	5.67	5.79	250819	5919979.50
2013/02/01	5.72	6.37	5.72	6.14	1430736	36066732.00
2013/02/04	6.10	6.25	6.02	6.20	766441	19261986.00
2013/02/05	6.10	6.24	6.09	6.19	432552	10928661.00
2013/02/06	6.20	6.20	6.11	6.15	262875	6622137.50
2013/02/07	6.04	6.14	5.98	6.05	474764	11767242.00
2013/02/08	6.09	6.17	6.02	6.14	452640	11319006.00
2013/02/18	6.15	6.21	6.10	6.20	474831	12000730.00
2013/02/19	6.20	6.36	6.13	6.13	905288	23217714.00
2013/02/20	6.12	6.20	6.05	6.17	536438	13488282.00
2013/02/21	6.16	6.19	6.03	6.17	641693	16036560.00
2013/02/22	6.13	6.31	6.13	6.30	716234	18341378.00
2013/02/25	6.30	6.57	6.30	6.39	1005267	26325568.00
2013/02/26	6.39	6.39	6.07	6.10	862784	21769780.00
2013/02/27	6.10	6.14	5.91	5.98	578060	14232622.00
2013/02/28	5.97	6.12	5.85	6.12	598930	14664936.00
2013/03/01	6.12	6.15	6.00	6.07	450941	11187545.00
2013/03/04	6.06	6.06	5.79	5.81	609046	14714982.00
2013/03/05	5.77	5.94	5.77	5.93	234805	5678276.00
2013/03/06	5.99	6.07	5.94	6.01	282085	6957573.00
2013/03/07	5.99	6.08	5.97	6.03	362308	8967401.00
2013/03/08	6.05	6.07	6.00	6.00	294978	7309111.00
2013/03/11	5.97	6.04	5.96	6.01	115923	2855942.75
2013/03/12	6.00	6.08	5.77	5.83	410648	9996802.00
2013/03/13	5.89	5.89	5.65	5.74	167196	3940739.50
2013/03/14	5.73	5.77	5.67	5.70	142545	3350486.25
2013/03/15	5.68	5.78	5.59	5.67	189438	4437704.00
2013/03/18	5.67	5.75	5.63	5.70	79445	1862181.75
2013/03/19	5.75	5.82	5.72	5.76	213701	5071085.50
2013/03/20	5.76	5.99	5.76	5.98	402451	9819581.00
2013/03/21	6.04	6.04	5.94	5.99	238162	5850611.50
2013/03/22	5.99	6.12	5.99	6.05	297096	7392442.00
2013/03/25	6.05	6.12	6.03	6.03	175286	4356226.00
2013/03/26	6.05	6.05	5.89	5.96	242699	5921278.00
2013/03/27	5.96	6.09	5.96	6.05	284817	7049592.00
2013/03/28	6.02	6.02	5.84	5.84	229399	5564762.00
2013/03/29	5.89	5.94	5.85	5.94	122213	2958918.00
2013/04/01	5.92	6.05	5.92	6.01	216433	5334629.50
2013/04/02	6.02	6.16	6.02	6.12	502824	12558337.00
2013/04/03	6.14	6.15	5.99	6.08	413778	10261884.00
2013/04/08	5.92	6.06	5.86	6.01	317185	7806294.00
2013/04/09	5.78	5.79	5.48	5.54	1099933	25260566.00
2013/04/10	5.55	5.60	5.42	5.48	419353	9486050.00
2013/04/11	5.50	5.54	5.45	5.47	193941	4380106.00
2013/04/12	5.47	5.49	5.44	5.46	188224	4239537.50
2013/04/15	5.41	5.44	5.30	5.31	283847	6246899.50
2013/04/16	5.32	5.49	5.26	5.40	181870	4009889.00
2013/04/17	5.41	5.41	5.34	5.37	162580	3593686.00
2013/04/18	5.33	5.40	5.31	5.37	93691	2072145.75
2013/04/19	5.39	5.51	5.36	5.48	402410	9053473.00
2013/04/22	5.40	5.49	5.32	5.41	405656	8993359.00
2013/04/23	5.40	5.40	5.29	5.29	198748	4361885.50
2013/04/24	5.29	5.39	5.26	5.36	329290	7238830.50
2013/04/25	5.36	5.36	5.29	5.29	178029	3905279.50
2013/04/26	5.26	5.30	5.21	5.21	127820	2776101.00
2013/05/02	5.30	5.30	5.18	5.21	97576	2097794.75
2013/05/03	5.21	5.32	5.21	5.30	126491	2756312.50
2013/05/06	5.34	5.36	5.30	5.36	236155	5195673.00
2013/05/07	5.38	5.54	5.34	5.49	378892	8533740.00
2013/05/08	5.47	5.56	5.44	5.56	323850	7346139.00
2013/05/09	5.56	5.74	5.49	5.68	830965	19331860.00
2013/05/10	5.67	5.67	5.59	5.63	243640	5627291.00
2013/05/13	5.63	5.63	5.57	5.59	180250	4153032.25
2013/05/14	5.58	5.61	5.49	5.52	189599	4334874.50
2013/05/15	5.52	5.84	5.49	5.67	292574	6776919.50
2013/05/16	5.67	5.81	5.61	5.72	287170	6745757.50
2013/05/17	5.75	5.78	5.65	5.67	398810	9356216.00
2013/05/20	5.72	5.80	5.67	5.77	410978	9707083.00
2013/05/21	5.77	5.80	5.73	5.78	296310	7016888.50
2013/05/22	5.78	5.92	5.72	5.72	396662	9426491.00
2013/05/23	5.68	5.84	5.68	5.73	277935	6573448.00
2013/05/24	5.70	5.81	5.70	5.80	291726	6916529.50
2013/05/27	5.81	5.94	5.81	5.94	525849	12716309.00
2013/05/28	5.94	5.95	5.85	5.88	334485	8070320.00
2013/05/29	5.88	6.07	5.87	5.95	404123	9888209.00
2013/05/30	5.94	5.99	5.93	5.96	286175	7001811.00
2013/05/31	5.98	6.04	5.93	5.93	356152	8742751.00
2013/06/03	5.93	5.99	5.84	5.96	412664	10035451.00
2013/06/04	5.93	5.97	5.87	5.90	366865	8907595.00
2013/06/05	5.90	6.04	5.85	6.01	448095	10979570.00
2013/06/06	6.00	6.13	5.99	6.01	473974	11773494.00
2013/06/07	6.02	6.22	5.93	6.21	2107542	53096468.00
2013/06/13	6.09	6.09	5.59	5.70	694749	16535907.00
2013/06/14	5.69	5.91	5.66	5.88	520681	12359532.00
2013/06/17	5.90	6.01	5.79	6.00	448548	10872526.00
2013/06/18	5.98	6.12	5.89	6.05	431070	10646748.00
2013/06/19	6.04	6.58	5.93	6.40	1100261	28389670.00
2013/06/20	6.41	6.47	6.20	6.30	713530	18486450.00
2013/06/21	6.22	6.49	6.12	6.38	786350	20477888.00
2013/06/24	6.37	6.40	6.04	6.16	568882	14460784.00
2013/06/25	6.05	6.12	5.62	5.94	637766	15386674.00
2013/06/26	5.87	6.12	5.77	6.11	472371	11611791.00
2013/06/27	6.12	6.15	5.78	5.79	608138	14755966.00
2013/06/28	5.66	5.82	5.49	5.61	414111	9564327.00
2013/07/01	5.57	5.72	5.56	5.70	231356	5332024.50
2013/07/02	5.70	5.81	5.65	5.78	296973	6964000.00
2013/07/03	5.74	5.93	5.69	5.91	305986	7280978.00
2013/07/04	5.87	5.98	5.82	5.88	244308	5922388.50
2013/07/05	5.89	5.95	5.78	5.80	174200	4174937.50
2013/07/08	5.75	5.75	5.57	5.61	224034	5167863.00
2013/07/09	5.62	5.68	5.59	5.64	113111	2601907.00
2013/07/10	5.60	5.74	5.60	5.74	280478	6498240.50
2013/07/11	5.74	5.90	5.66	5.86	376319	8951123.00
2013/07/12	5.85	5.97	5.79	5.86	279758	6725882.50
2013/07/15	5.42	5.84	5.41	5.69	798527	18346476.00
2013/07/16	5.65	5.70	5.59	5.68	408209	9437597.00
2013/07/17	5.66	5.70	5.60	5.61	248641	5739461.00
2013/07/18	5.55	5.63	5.55	5.57	199185	4561948.50
2013/07/19	5.57	5.68	5.57	5.57	210982	4845996.50
2013/07/22	5.54	5.65	5.54	5.61	166447	3811613.50
2013/07/23	5.62	5.76	5.61	5.74	265599	6190711.50
2013/07/24	5.67	5.80	5.67	5.78	321823	7588581.00
2013/07/25	5.78	5.82	5.60	5.63	281042	6512783.50
2013/07/26	5.63	5.65	5.57	5.61	103295	2374429.50
2013/07/29	5.58	5.64	5.57	5.62	167624	3857803.00
2013/07/30	5.64	5.67	5.56	5.62	163242	3752354.25
2013/07/31	5.57	5.66	5.57	5.65	140470	3245731.25
2013/08/01	5.60	5.73	5.60	5.73	198438	4634289.50
2013/08/02	5.71	5.80	5.70	5.72	205930	4845677.00
2013/08/05	5.69	5.78	5.69	5.76	256533	6024018.00
2013/08/06	5.71	5.98	5.71	5.89	468635	11224938.00
2013/08/07	5.87	5.97	5.79	5.82	367823	8814506.00
2013/08/08	5.80	5.86	5.72	5.77	329158	7807039.50
2013/08/09	5.77	5.85	5.72	5.81	229700	5440068.00
2013/08/12	5.81	5.87	5.77	5.84	323383	7700690.00
2013/08/13	5.86	5.86	5.79	5.83	361260	8600570.00
2013/08/14	5.82	5.85	5.76	5.81	254040	6036710.00
2013/08/15	5.77	5.82	5.73	5.75	186821	4407772.00
2013/08/16	5.74	5.78	5.54	5.54	361617	8459070.00
2013/08/19	5.52	5.60	5.49	5.58	167479	3816417.00
2013/08/20	5.57	5.64	5.52	5.53	249987	5706321.50
2013/08/21	5.50	5.57	5.48	5.57	183169	4142720.25
2013/08/22	5.57	5.60	5.53	5.60	221485	5062136.50
2013/08/23	5.60	5.63	5.50	5.52	308991	7053686.00
2013/08/26	5.54	5.63	5.51	5.63	229478	5253745.50
2013/08/27	5.63	5.66	5.56	5.64	338174	7767513.00
2013/08/28	5.62	5.64	5.54	5.58	163717	3744412.00
2013/08/29	5.63	5.85	5.63	5.72	672600	15873373.00
2013/08/30	5.67	5.67	5.56	5.60	444289	10210396.00
2013/09/02	5.60	5.61	5.43	5.53	270525	6088876.00
2013/09/03	5.49	5.59	5.49	5.58	206103	4685813.50
2013/09/04	5.59	5.59	5.55	5.58	167221	3818390.00
2013/09/05	5.58	5.60	5.55	5.59	171939	3928235.00
2013/09/06	5.60	5.67	5.56	5.66	230838	5321726.00
2013/09/09	5.69	5.71	5.63	5.68	314844	7322422.50
2013/09/10	5.69	5.70	5.62	5.68	197044	4579839.00
2013/09/11	5.68	5.72	5.62	5.67	317951	7364639.00
2013/09/12	5.68	5.70	5.65	5.67	265969	6182173.00
2013/09/13	5.68	5.79	5.66	5.74	339891	7953247.00
2013/09/16	5.74	5.86	5.72	5.81	503659	11974130.00
2013/09/17	5.82	5.84	5.65	5.67	293161	6882644.00
2013/09/18	5.64	5.73	5.59	5.73	293575	6804333.00
2013/09/23	5.74	5.75	5.67	5.75	335587	7851804.00
2013/09/24	5.76	5.85	5.75	5.80	630731	14989980.00
2013/09/25	5.80	5.80	5.69	5.69	382155	8964075.00
2013/09/26	5.67	5.96	5.65	5.83	1105798	26454968.00
2013/09/27	5.83	5.88	5.72	5.84	537194	12685639.00
2013/09/30	5.84	6.22	5.80	5.97	1002778	24741894.00
2013/10/08	5.94	5.94	5.82	5.90	797749	19103464.00
2013/10/09	5.88	5.92	5.82	5.87	509141	12193744.00
2013/10/10	5.87	5.90	5.78	5.81	444295	10602976.00
2013/10/11	5.82	5.89	5.81	5.86	366400	8761631.00
2013/10/14	5.89	5.99	5.84	5.95	477619	11549928.00
2013/10/15	5.99	6.09	5.91	6.09	821020	20192180.00
2013/10/16	6.09	6.19	5.87	6.05	782364	19309310.00
2013/10/17	6.01	6.07	5.94	6.04	495108	12115568.00
2013/10/18	6.09	6.09	5.98	6.00	425504	10470882.00
2013/10/21	6.00	6.06	5.95	6.05	451926	11075877.00
2013/10/22	6.06	6.08	5.99	5.99	353601	8713477.00
2013/10/23	5.99	6.12	5.86	5.92	436546	10673959.00
2013/10/24	5.92	5.93	5.80	5.86	317242	7608529.00
2013/10/25	5.82	5.89	5.74	5.80	283560	6748003.00
2013/10/28	5.80	5.85	5.77	5.82	176596	4190577.25
2013/10/29	5.79	5.84	5.49	5.59	356452	8221023.50
2013/10/30	5.59	5.68	5.53	5.67	190962	4387607.50
2013/10/31	5.67	5.99	5.66	5.94	978557	23632122.00
2013/11/01	5.87	5.91	5.76	5.82	365928	8732962.00
2013/11/04	5.82	6.12	5.81	6.08	823435	20271214.00
2013/11/05	6.05	6.15	5.94	6.08	514151	12687387.00
2013/11/06	6.07	6.07	5.92	5.96	572077	14031537.00
2013/11/07	5.92	6.01	5.90	5.91	327107	7963642.50
2013/11/08	5.91	5.95	5.74	5.77	316128	7524461.00
2013/11/11	5.77	6.36	5.70	6.36	2177538	55432672.00
2013/11/12	6.36	6.49	6.30	6.32	2161337	56283680.00
2013/11/13	6.28	6.46	6.15	6.33	1574693	40548944.00
2013/11/14	6.22	6.81	6.20	6.58	2314139	61472560.00
2013/11/15	6.51	6.78	6.49	6.60	1909622	51563088.00
2013/11/18	6.65	6.75	6.47	6.54	1570560	42208780.00
2013/11/19	6.49	6.64	6.40	6.58	1308976	34730452.00
2013/11/20	6.54	6.58	6.41	6.56	907729	24043542.00
2013/11/21	6.56	6.65	6.46	6.59	1160844	31099182.00
2013/11/22	6.66	7.26	6.66	6.79	2699685	76242248.00
2013/11/25	6.74	7.03	6.68	7.03	1791313	50410556.00
2013/11/26	6.92	7.20	6.83	6.95	1588770	45520092.00
2013/11/27	6.97	7.03	6.78	6.83	1538359	43130164.00
2013/11/28	6.85	7.10	6.79	7.03	1195992	33895972.00
2013/11/29	7.03	7.71	7.01	7.46	2943491	88399448.00
2013/12/02	6.88	7.12	6.70	6.70	2278745	63379092.00
2013/12/03	6.60	6.74	6.01	6.48	1589746	41675488.00
2013/12/04	6.42	6.73	6.32	6.63	1072668	28946144.00
2013/12/05	6.59	6.69	6.52	6.61	677796	18201392.00
2013/12/06	6.61	7.25	6.61	6.96	1892168	53684348.00
2013/12/09	6.97	7.65	6.91	7.41	1840506	53882568.00
2013/12/10	7.38	7.61	7.24	7.28	1486587	44594568.00
2013/12/11	7.18	7.64	7.18	7.36	1385934	41745840.00
2013/12/12	7.37	7.56	7.19	7.24	1071264	31863196.00
2013/12/13	7.24	7.28	7.03	7.09	990296	28744058.00
2013/12/16	7.09	7.13	6.68	6.81	1028499	28898830.00
2013/12/17	6.83	6.94	6.74	6.85	577547	16104014.00
2013/12/18	6.88	6.88	6.76	6.78	330331	9153818.00
2013/12/19	6.72	6.82	6.61	6.69	685800	18689042.00
2013/12/20	6.64	6.73	6.58	6.58	385989	10479933.00
2013/12/23	6.60	6.75	6.38	6.73	521091	13924189.00
2013/12/24	6.73	6.93	6.68	6.89	715339	19986316.00
2013/12/25	7.03	7.18	6.94	7.12	1055741	30451748.00
2013/12/26	7.07	7.12	6.78	6.80	811477	22909734.00
2013/12/27	6.75	6.95	6.63	6.88	653194	18258642.00
2013/12/30	6.85	7.08	6.85	6.96	514860	14623332.00
2013/12/31	6.92	7.03	6.78	6.78	580478	16213257.00
2014/01/02	6.80	6.97	6.69	6.97	554144	15506287.00
2014/01/03	6.95	6.96	6.82	6.88	534715	14949585.00
2014/01/06	6.85	6.85	6.55	6.56	598729	16163744.00
2014/01/07	6.55	6.68	6.50	6.53	417261	11158863.00
2014/01/08	6.60	6.64	6.52	6.58	483782	12970480.00
2014/01/09	6.60	6.65	6.15	6.23	970271	25309572.00
2014/01/10	6.17	6.28	6.00	6.04	638711	15898625.00
2014/01/13	6.09	6.09	5.89	5.96	380860	9363664.00
2014/01/14	5.96	6.16	5.96	6.16	480295	11925147.00
2014/01/15	6.19	6.20	6.07	6.16	358464	8985686.00
2014/01/16	6.19	6.26	6.13	6.15	300718	7611595.50
2014/01/17	6.17	6.17	6.01	6.05	321481	7946553.50
2014/01/20	6.05	6.12	6.00	6.07	290062	7190812.00
2014/01/21	6.08	6.28	6.07	6.23	487945	12316678.00
2014/01/22	6.22	6.37	6.21	6.34	532430	13688594.00
2014/01/23	6.30	6.42	6.27	6.40	642280	16568656.00
2014/01/24	6.35	6.41	6.33	6.36	454942	11815816.00
2014/01/27	6.36	6.36	6.12	6.32	457488	11692763.00
2014/01/28	6.28	6.37	6.27	6.37	444577	11466352.00
2014/01/29	6.37	6.46	6.37	6.38	379213	9898637.00
2014/01/30	6.41	6.41	6.20	6.31	278020	7131900.50
2014/02/07	6.29	6.37	6.21	6.37	349016	8981561.00
2014/02/10	6.37	6.57	6.33	6.54	826626	21840736.00
2014/02/11	6.54	6.61	6.37	6.47	994706	26387076.00
2014/02/12	6.47	7.10	6.45	6.93	1550550	42709244.00
2014/02/13	6.81	6.91	6.70	6.73	1165238	32267658.00
2014/02/14	6.74	6.93	6.72	6.85	706474	19682634.00
2014/02/17	6.90	7.02	6.84	6.88	710218	19930636.00
2014/02/18	6.87	6.91	6.72	6.72	868778	23976804.00
2014/02/19	6.73	6.90	6.73	6.87	1007398	28102150.00
2014/02/20	6.89	6.94	6.69	6.71	582481	16055690.00
2014/02/21	6.68	6.78	6.53	6.64	415272	11214189.00
2014/02/24	6.60	6.74	6.56	6.72	418552	11355615.00
2014/02/25	6.81	6.97	6.47	6.49	1159145	32227850.00
2014/02/26	6.45	6.47	6.10	6.36	779114	19858460.00
2014/02/27	6.32	6.42	6.22	6.23	528462	13672457.00
2014/02/28	6.18	6.41	6.15	6.33	462614	11877248.00
2014/03/03	6.37	6.44	6.31	6.41	390106	10135366.00
2014/03/04	6.43	6.43	6.27	6.32	346753	8981316.00
2014/03/05	6.37	6.44	6.34	6.36	283837	7396026.00
2014/03/06	6.35	6.40	6.22	6.38	363092	9371826.00
2014/03/07	6.33	6.42	6.30	6.34	247208	6425003.50
2014/03/10	6.34	6.34	6.10	6.15	340443	8625644.00
2014/03/11	6.12	6.18	6.05	6.17	189463	4737782.00
2014/03/12	6.13	6.19	6.02	6.16	285374	7128439.50
2014/03/13	6.12	6.22	6.11	6.18	151944	3838869.25
2014/03/14	6.18	6.27	6.17	6.22	171611	4362232.00
2014/03/17	6.20	6.31	6.20	6.31	241463	6172229.50
2014/03/18	6.30	6.38	6.30	6.33	211847	5469203.00
2014/03/19	6.29	6.43	6.27	6.42	328964	8575940.00
2014/03/20	6.44	6.44	6.13	6.18	359308	9261659.00
2014/03/21	6.20	6.41	6.12	6.32	247888	6342280.00
2014/03/24	6.30	6.49	6.29	6.47	352061	9220719.00
2014/03/25	6.42	6.46	6.32	6.35	272826	7103745.00
2014/03/26	6.40	6.42	6.33	6.36	184424	4783626.50
2014/03/27	6.37	6.57	6.30	6.40	733114	19171940.00
2014/03/28	6.41	6.50	6.15	6.17	390048	10037700.00
2014/03/31	6.17	6.20	6.10	6.12	230629	5795060.50
2014/04/01	6.11	6.24	6.11	6.23	150487	3806512.50
2014/04/02	6.22	6.22	6.14	6.15	154684	3895901.75
2014/04/03	6.19	6.19	6.14	6.18	123981	3119302.75
2014/04/04	6.18	6.24	6.17	6.23	119472	3023112.25
2014/04/08	6.22	6.29	6.16	6.26	221553	5626196.00
2014/04/09	6.26	6.39	6.24	6.34	366481	9437758.00
2014/04/10	6.31	6.38	6.28	6.31	280694	7247356.00
2014/04/11	6.29	6.34	6.26	6.28	108668	2790464.50
2014/04/14	6.28	6.35	6.28	6.34	149175	3848920.50
2014/04/15	6.35	6.35	6.28	6.30	137266	3531392.75
2014/04/16	6.29	6.31	6.20	6.28	80732	2068488.25
2014/04/17	6.30	6.33	6.28	6.31	131222	3380397.50
2014/04/18	6.29	6.36	6.28	6.35	151388	3907617.50
2014/04/21	6.31	6.40	6.24	6.36	306700	7954369.50
2014/04/22	6.35	6.35	6.15	6.21	264238	6722406.50
2014/04/23	6.20	6.82	6.19	6.60	566156	15143367.00
2014/04/24	6.42	6.58	6.33	6.35	530771	13863567.00
2014/04/25	6.34	6.43	6.15	6.15	259078	6637305.00
2014/04/28	6.12	6.19	5.76	5.82	351216	8704866.00
2014/04/29	5.63	5.86	5.62	5.76	323403	7621497.50
2014/04/30	5.73	6.02	5.72	5.90	270726	6548577.00
2014/05/05	5.91	5.99	5.76	5.97	179422	4352324.00
2014/05/06	5.97	6.00	5.90	5.93	137450	3344871.75
2014/05/07	5.91	5.99	5.71	5.93	239681	5818168.50
2014/05/08	5.88	6.03	5.88	5.96	177082	4338401.50
2014/05/09	5.96	5.99	5.84	5.91	106210	2567091.75
2014/05/12	5.98	6.06	5.82	6.02	189724	4597275.50
2014/05/13	6.02	6.05	5.97	6.02	134267	3303874.50
2014/05/14	5.97	6.08	5.97	6.07	152459	3758152.00
2014/05/15	6.02	6.08	5.92	5.94	121274	2970104.25
2014/05/16	5.94	5.98	5.77	5.85	180947	4337434.50
2014/05/19	5.82	5.85	5.25	5.81	188800	4475514.50
2014/05/20	5.78	5.90	5.75	5.79	115639	2751048.00
2014/05/21	5.76	5.83	5.58	5.79	122987	2891293.00
2014/05/22	5.78	5.82	5.74	5.74	86602	2050031.00
2014/05/23	5.69	5.84	5.69	5.80	115780	2736456.75
2014/05/26	5.78	5.89	5.78	5.88	228890	5477244.00
2014/05/27	5.88	5.96	5.85	5.87	99101	2387715.00
2014/05/28	5.87	5.92	5.86	5.91	115521	2786448.00
2014/05/29	5.95	5.95	5.86	5.86	140408	3380405.25
2014/05/30	5.87	5.91	5.84	5.89	192876	4627590.00
2014/06/03	5.89	5.90	5.85	5.87	194301	4660905.50
2014/06/04	5.82	5.87	5.66	5.74	169015	3990719.25
2014/06/05	5.74	5.87	5.74	5.87	162775	3876899.50
2014/06/06	5.83	5.89	5.82	5.87	184662	4432341.50
2014/06/09	5.86	5.96	5.83	5.89	347892	8424457.00
2014/06/10	5.89	5.95	5.85	5.95	186611	4507657.00
2014/06/11	5.97	6.02	5.91	5.99	221710	5420836.50
2014/06/12	5.99	6.05	5.89	5.98	220566	5406696.50
2014/06/13	5.94	6.04	5.93	6.02	205843	5047555.00
2014/06/16	6.02	6.15	6.02	6.12	515735	12846591.00
2014/06/17	6.08	6.13	6.05	6.12	351039	8746003.00
2014/06/18	6.08	6.15	6.08	6.14	242006	6052227.00
2014/06/19	6.14	6.17	5.87	5.92	339324	8346133.00
2014/06/20	5.93	6.03	5.92	5.99	268086	6555860.50
2014/06/23	6.01	6.37	5.99	6.25	561195	14265574.00
2014/06/24	6.23	6.24	6.11	6.17	620196	15590515.00
2014/06/25	6.18	6.19	6.09	6.13	436426	10939876.00
2014/06/26	6.13	6.23	6.13	6.20	466734	11778256.00
2014/06/27	6.19	6.30	6.16	6.28	431083	11011595.00
2014/06/30	6.26	6.35	6.13	6.28	507525	12967472.00
2014/07/01	6.30	6.55	6.24	6.43	879607	22971490.00
2014/07/02	6.43	6.47	6.38	6.47	432798	11336162.00
2014/07/03	6.49	6.62	6.43	6.47	808946	21546138.00
2014/07/04	6.47	6.57	6.35	6.55	621999	16326510.00
2014/07/07	6.62	6.70	6.48	6.50	582482	15585301.00
2014/07/08	6.46	6.54	6.35	6.50	332185	8752077.00
2014/07/09	6.47	6.48	6.32	6.39	410538	10730253.00
2014/07/10	6.37	6.69	6.37	6.65	533587	14217835.00
2014/07/11	6.62	6.93	6.56	6.78	831465	22912200.00
2014/07/14	6.81	6.83	6.63	6.72	392579	10744850.00
2014/07/15	6.73	6.76	6.63	6.67	278032	7563861.50
2014/07/16	6.72	6.72	6.49	6.50	609550	14747576.00
2014/07/17	6.44	6.63	6.42	6.56	242784	5801859.00
2014/07/18	6.56	6.58	6.46	6.56	338073	8128154.50
2014/07/21	6.50	6.53	6.39	6.44	214982	5118008.00
2014/07/22	6.39	6.48	6.31	6.48	403384	9575623.00
2014/07/23	6.47	6.47	6.39	6.40	220678	5237230.00
2014/07/24	6.44	6.49	6.36	6.48	212069	5043732.00
2014/07/25	6.46	6.57	6.46	6.52	211205	5076913.50
2014/07/28	6.54	6.63	6.49	6.60	386529	9363817.00
2014/07/29	6.57	6.69	6.54	6.65	314490	7682088.50
2014/07/30	6.67	6.78	6.63	6.71	337937	8337060.00
2014/07/31	6.71	6.74	6.64	6.71	311055	7645200.00
2014/08/01	6.68	6.76	6.66	6.70	721518	17856254.00
2014/08/04	6.72	6.75	6.69	6.71	392251	9716386.00
2014/08/05	6.71	6.85	6.69	6.81	649975	16279930.00
2014/08/06	6.79	6.80	6.73	6.76	377009	9398272.00
2014/08/07	6.76	6.78	6.64	6.64	421742	10447075.00
2014/08/08	6.62	6.69	6.61	6.66	391588	9607345.00
2014/08/11	6.66	6.71	6.63	6.69	305655	7540836.50
2014/08/12	6.69	6.76	6.69	6.73	317933	7881743.50
2014/08/13	6.73	6.74	6.67	6.73	411848	10174392.00
2014/08/14	6.72	6.74	6.68	6.72	302417	7490220.00
2014/08/15	6.70	6.93	6.68	6.84	787774	19799478.00
2014/08/18	6.86	7.11	6.82	7.10	1289119	33104106.00
2014/08/19	7.08	7.10	6.94	7.01	1106223	28552826.00
2014/08/20	7.00	7.04	6.96	6.97	445004	11480932.00
2014/08/21	7.02	7.03	6.93	6.99	441944	11356404.00
2014/08/22	7.19	7.26	7.11	7.13	1107395	29247298.00
2014/08/25	7.12	7.12	6.96	7.03	582545	15083109.00
2014/08/26	7.04	7.04	6.90	6.93	443037	11382057.00
2014/08/27	6.92	7.05	6.89	6.99	531508	13698797.00
2014/08/28	6.99	7.00	6.83	6.85	419555	10674530.00
2014/08/29	6.79	6.97	6.79	6.95	280566	7146302.50
2014/09/01	6.99	7.39	6.88	7.32	1878192	50441408.00
2014/09/02	7.33	7.38	7.23	7.35	1303971	35065596.00
2014/09/03	7.34	7.44	7.31	7.41	944310	25660120.00
2014/09/04	7.44	7.50	7.35	7.40	788258	21536250.00
2014/09/05	7.38	7.53	7.33	7.43	893248	24520912.00
2014/09/09	7.44	7.53	7.31	7.50	924751	25300132.00
2014/09/10	7.47	7.65	7.41	7.58	699448	19392170.00
2014/09/11	7.58	8.06	7.53	7.72	1123420	32207526.00
2014/09/12	7.72	7.94	7.61	7.90	871615	25090240.00
2014/09/15	7.86	8.25	7.86	8.11	723135	21340650.00
2014/09/16	8.11	8.29	7.99	8.07	1065476	31678194.00
2014/09/17	8.02	8.19	7.76	8.15	647227	19021082.00
2014/09/18	8.11	8.33	8.05	8.29	511953	15461522.00
2014/09/19	8.25	8.41	8.14	8.22	324970	9822471.00
2014/09/22	8.22	8.22	7.83	7.95	450710	13235381.00
2014/09/23	7.99	8.16	7.95	8.09	279108	8263222.50
2014/09/24	8.09	8.38	8.04	8.29	590087	17851170.00
2014/09/25	8.40	8.71	8.28	8.55	734599	22813370.00
2014/09/26	8.51	8.74	8.51	8.72	426052	13502029.00
2014/09/29	8.72	8.87	8.68	8.83	519500	16679063.00
2014/09/30	8.77	9.38	8.77	9.29	585325	19542322.00
2014/10/08	9.29	9.29	8.75	9.23	813436	27026912.00
2014/10/09	9.12	9.17	8.92	9.00	545688	18069672.00
2014/10/10	8.95	9.04	8.87	9.03	407232	13364587.00
2014/10/13	9.00	9.35	9.00	9.34	674114	22769630.00
2014/10/14	9.28	9.46	8.98	9.06	586191	19805050.00
2014/10/15	9.06	9.24	9.01	9.19	463761	15538193.00
2014/10/16	9.27	9.83	9.22	9.24	989103	34557272.00
2014/10/17	9.15	9.39	8.83	9.36	1011374	34110300.00
2014/10/20	9.40	9.67	9.30	9.44	944102	32677588.00
2014/10/21	9.38	9.47	8.99	9.00	1033902	34696708.00
2014/10/22	8.99	8.99	8.70	8.70	779567	25375878.00
2014/10/23	8.72	8.72	8.48	8.59	447806	14137026.00
2014/10/24	8.64	8.71	8.51	8.63	281586	8884757.00
2015/11/11	9.51	9.51	9.51	9.51	45942	1599700.50
2015/11/12	10.47	10.47	10.47	10.47	14832	568065.63
2015/11/13	11.54	11.54	11.54	11.54	8420	354734.59
2015/11/16	12.71	12.71	12.71	12.71	6131	284110.53
2015/11/17	13.99	13.99	13.99	13.99	59260	3020482.25
2015/11/18	15.41	15.41	15.41	15.41	8931	500761.16
2015/11/19	16.97	16.97	16.97	16.97	3404	209958.72
2015/11/20	18.68	18.68	18.68	18.68	23820	1616187.00
2015/11/23	20.57	20.57	20.57	20.57	7060	526958.38
2015/11/24	22.64	22.64	22.64	22.64	10896	894561.63
2015/11/25	24.92	24.92	24.92	24.92	14395	1300012.50
2015/11/26	27.43	27.43	27.43	27.43	106166	10546530.00
2015/11/27	30.19	30.19	30.19	30.19	75069	8202789.50
2015/11/30	33.22	33.22	33.22	33.22	43388	5215237.50
2015/12/01	36.56	36.56	36.56	36.56	33392	4415090.00
2015/12/02	40.23	40.23	40.23	40.23	127167	18495168.00
2015/12/03	44.27	44.27	44.27	44.27	172233	27553836.00
2015/12/04	48.72	48.72	48.72	48.72	245567	43214880.00
2015/12/07	53.61	53.61	53.61	53.61	4897737	948103936.00
2015/12/08	58.98	58.98	57.45	58.98	6759502	1437833728.00
2015/12/14	58.44	63.21	56.22	57.38	7364954	1580179328.00
2015/12/15	54.28	63.14	53.17	62.97	7309589	1503071360.00
2015/12/16	60.94	64.03	57.61	58.93	6318982	1375406464.00
2015/12/17	58.17	60.49	58.06	59.00	4263788	910643904.00
2015/12/18	57.89	60.81	57.64	58.13	4681360	999889408.00
2015/12/21	57.03	57.58	52.43	54.25	4565778	901125824.00
2015/12/22	54.00	55.61	52.60	54.43	2864594	559728128.00
2015/12/23	54.28	54.74	50.46	51.25	3787422	721433280.00
2015/12/24	51.08	52.61	50.75	51.31	2954532	551125440.00
2015/12/25	50.94	52.33	50.12	51.10	2772450	511779040.00
2015/12/28	51.78	53.50	50.89	51.05	3445028	646280320.00
2015/12/29	51.43	51.43	46.92	47.80	3781560	658850432.00
2015/12/30	47.61	48.35	46.28	47.78	2467061	421880384.00
2015/12/31	47.61	48.30	44.70	44.86	2731852	454566944.00
2016/01/04	44.83	44.83	40.36	40.36	2215289	337933408.00
2016/01/05	37.58	41.48	37.58	41.30	3302291	473036608.00
2016/01/06	41.16	45.45	40.12	44.08	4193215	649562624.00
2016/01/07	42.47	42.49	39.65	39.65	901480	132212432.00
2016/01/08	40.37	42.04	36.47	39.56	3281946	475644320.00
2016/01/11	38.17	41.17	37.61	38.32	2531846	358215744.00
2016/01/12	38.44	40.67	38.17	39.18	2680887	382892352.00
2016/01/13	39.00	39.00	35.25	35.25	3205949	425346176.00
2016/01/14	32.89	37.06	32.61	36.17	3195319	404994592.00
2016/01/15	35.31	35.94	32.61	32.92	3184123	397408704.00
2016/01/18	32.61	36.22	31.93	34.90	3033471	380511264.00
2016/01/19	34.50	35.94	33.89	35.78	2760647	349814720.00
2016/01/20	35.67	38.17	34.86	36.51	3764684	496338112.00
2016/01/21	35.39	36.58	33.17	33.17	2960893	375613344.00
2016/01/22	33.56	36.50	32.64	36.50	3304228	417065760.00
2016/01/25	37.27	38.03	35.66	36.58	3605163	480247296.00
2016/01/26	35.82	35.99	33.13	33.17	2977128	374283744.00
2016/01/27	32.61	36.50	32.34	36.50	3562331	445358400.00
2016/01/28	35.39	36.22	33.17	33.49	3141086	391154272.00
2016/01/29	32.86	35.22	31.94	34.12	2678380	328768928.00
2016/02/01	33.97	34.97	32.76	33.75	2257352	275141024.00
2016/02/02	33.44	37.14	33.44	37.14	2202082	287418240.00
2016/02/03	37.52	39.44	37.33	38.22	4224512	583207808.00
2016/02/04	38.04	40.39	37.65	38.60	3102859	437483488.00
2016/02/05	38.20	39.82	37.37	38.03	2667487	372188832.00
2016/02/15	35.92	37.65	35.67	37.04	1936943	257417504.00
2016/02/16	37.60	39.39	37.58	38.46	2480285	344163808.00
2016/02/17	37.92	42.14	37.92	40.72	3448065	501501248.00
2016/02/18	40.67	41.69	39.33	39.69	2805323	410136544.00
2016/02/19	39.01	39.69	38.31	39.28	2084824	293954304.00
2016/02/22	40.08	40.08	38.85	39.53	1737731	247251440.00
2016/02/23	39.51	39.51	37.47	38.03	1886177	261240592.00
2016/02/24	38.04	38.85	37.62	38.71	1762142	245040640.00
2016/03/03	37.06	39.56	36.64	36.79	2936525	402784608.00
2016/03/04	35.53	38.72	33.44	35.11	2494336	315748800.00
2016/03/07	35.35	36.49	34.58	36.22	1778241	229383920.00
2016/03/08	35.44	35.72	32.97	35.39	1654136	206056416.00
2016/03/09	35.08	35.53	34.06	34.14	1051986	131671904.00
2016/03/10	34.28	34.55	32.39	32.70	1295698	155971040.00
2016/03/11	32.43	32.61	31.05	31.26	1429854	164710208.00
2016/03/14	31.83	32.93	31.39	32.14	1704021	199280576.00
2016/03/15	32.44	33.15	31.82	31.91	1361659	159765168.00
2016/03/16	32.33	32.55	30.39	30.99	1396479	158442912.00
2016/03/17	31.21	32.61	30.96	32.29	1895183	219126688.00
2016/03/18	32.47	34.83	32.47	34.01	2119434	257873760.00
2016/03/21	34.33	35.63	34.00	35.08	2156210	270155360.00
2016/03/22	34.39	36.08	34.04	35.93	2074183	263395872.00
2016/03/23	35.35	35.88	34.58	35.17	1878614	238988656.00
2016/03/24	34.64	35.75	34.01	34.59	1690965	212963088.00
2016/03/25	34.51	35.11	34.11	34.47	1088434	135839488.00
2016/03/28	34.97	35.44	33.86	34.00	1135430	142247488.00
2016/03/29	33.35	33.89	31.97	32.33	1338701	158005824.00
2016/03/30	32.60	33.33	32.38	33.32	1178692	140547328.00
2016/03/31	33.67	36.22	33.18	34.80	2788028	351479744.00
2016/04/01	34.50	34.56	33.17	33.59	1637037	200009744.00
2016/04/05	33.69	35.11	33.21	35.11	1436198	178361248.00
2016/04/06	34.59	35.92	34.42	35.56	1582668	200218768.00
2016/04/07	37.34	38.03	35.22	36.22	3117176	412007136.00
2016/04/08	35.66	35.66	33.89	35.11	1605565	201952368.00
2016/04/11	35.39	35.67	34.56	35.25	1462283	186382560.00
2016/04/12	35.09	35.10	33.83	33.83	1364058	169169744.00
2016/04/13	34.14	35.11	34.08	34.08	1458747	183468000.00
2016/04/14	34.34	35.27	34.22	34.90	1597507	201561152.00
2016/04/15	34.94	35.24	34.50	34.92	1001306	126126160.00
2016/04/18	35.66	36.49	35.00	36.03	1992617	256275120.00
2016/04/19	36.64	36.65	35.11	35.36	1474492	189739696.00
2016/04/20	34.84	35.21	31.81	32.33	2248979	271635744.00
2016/04/21	32.17	32.33	31.50	31.51	1283119	148011952.00
2016/04/22	30.53	32.06	30.44	31.92	647053	74073104.00
2016/04/25	32.02	32.33	30.96	32.11	637026	73156792.00
2016/04/26	32.06	32.39	31.78	32.30	626909	72857528.00
2016/04/27	32.33	34.00	32.06	33.14	1188399	142764368.00
2016/04/28	33.06	33.19	31.53	32.44	880695	103178488.00
2016/04/29	33.17	33.17	32.06	32.34	877959	103589648.00
2016/05/03	31.83	33.15	30.39	32.92	1031674	120661144.00
2016/05/04	32.61	33.44	32.37	32.92	1017477	121374144.00
2016/05/05	32.92	36.23	32.89	35.94	3183212	409269344.00
2016/05/06	35.66	35.67	34.36	34.82	2151084	272823328.00
2016/05/09	34.22	36.71	34.00	35.64	3034469	393906272.00
2016/05/10	35.57	36.08	34.08	34.66	1446393	181919456.00
2016/05/11	35.14	35.33	31.50	32.33	2062422	244941808.00
2016/05/12	31.36	31.86	30.70	31.69	1035863	117817408.00
2016/05/13	31.69	32.36	31.22	31.47	840054	96226632.00
2016/05/16	31.50	32.04	31.45	31.91	607913	69884168.00
2016/05/17	31.91	32.88	31.50	32.11	1043397	121170944.00
2016/05/18	31.66	31.78	30.81	31.18	887873	100180768.00
2016/05/19	31.27	31.83	30.97	31.29	685393	78168984.00
2016/05/20	31.02	31.50	30.90	31.47	601788	68142960.00
2016/05/23	32.25	33.69	32.25	32.60	1180918	139919664.00
2016/05/24	32.50	33.38	31.50	32.65	1171336	139041648.00
2016/05/25	32.76	33.06	32.20	32.28	824968	97030256.00
2016/05/26	31.50	32.61	31.22	32.39	686317	79293904.00
2016/05/27	32.47	32.74	32.18	32.39	643226	75660504.00
2016/05/30	32.39	32.39	31.61	31.78	541102	62466844.00
2016/05/31	32.00	33.08	31.78	32.98	1109451	131451992.00
2016/06/01	33.03	34.08	32.89	33.94	1465941	177840304.00
2016/06/02	33.89	34.50	33.25	34.27	1217222	148675568.00
2016/06/03	34.27	34.27	33.44	33.70	933971	114141224.00
2016/06/06	33.78	35.32	33.70	34.83	1429180	178971744.00
2016/06/07	34.83	34.83	34.01	34.20	845517	104823936.00
2016/06/08	34.25	34.53	33.25	33.51	842328	102563784.00
2016/06/13	32.96	34.00	32.07	33.28	1028944	121833896.00
2016/06/14	32.61	33.16	32.35	32.73	430770	50948916.00
2016/06/15	32.37	33.88	32.20	33.67	903519	109301112.00
2016/06/16	33.44	34.52	32.96	33.17	1010070	123522680.00
2016/06/17	33.11	33.91	32.74	33.11	723043	87048008.00
2016/06/20	33.25	35.64	32.92	35.09	2119725	265208064.00
2016/06/21	34.83	35.83	33.92	34.03	1577231	198555312.00
2016/06/22	33.53	34.99	33.53	34.83	1121806	139459632.00
2016/06/23	34.67	37.77	34.58	36.60	3019454	402047040.00
2016/06/24	36.21	38.03	34.08	37.33	3089663	407915392.00
2016/06/27	36.78	41.08	36.56	41.08	3729411	538243648.00
2016/06/28	40.94	45.19	40.11	43.44	4196505	647378176.00
2016/06/29	42.97	46.17	42.33	44.84	3546497	564351552.00
2016/06/30	43.86	45.39	43.49	43.50	2067126	330260704.00
2016/07/01	43.17	45.08	43.17	43.72	1790203	284703360.00
2016/07/04	42.62	43.88	42.40	43.43	1667426	259516720.00
2016/07/05	43.44	45.11	43.03	43.58	1834946	293161344.00
2016/07/06	43.70	45.05	43.18	44.35	1618633	257850448.00
2016/07/07	44.27	44.78	43.01	43.51	1672303	263283776.00
2016/07/08	43.17	43.30	40.66	41.03	2198188	330534016.00
2016/07/11	41.47	42.19	40.94	41.25	1438052	215971840.00
2016/07/12	41.63	41.78	39.64	41.27	1534993	226759824.00
2016/11/01	45.41	45.41	45.41	45.41	238008	13016658.00
2016/11/02	49.97	49.97	49.97	49.97	1713259	103069664.00
2016/11/03	54.98	54.98	53.98	54.98	5695265	376785792.00
2016/11/04	60.25	60.25	52.67	54.83	27189865	1870521984.00
2016/11/07	52.33	54.00	51.51	51.82	11394466	717006464.00
2016/11/08	51.52	57.02	51.52	55.44	16921970	1130151424.00
2016/11/09	53.98	58.08	52.34	56.17	15519431	1016727360.00
2016/11/10	56.93	58.32	54.88	56.03	13187896	900831616.00
2016/11/11	54.90	56.50	54.00	54.87	9351949	619219456.00
2016/11/14	54.43	55.15	53.17	53.51	6181207	399532352.00
2016/11/15	53.51	56.93	52.48	55.66	10675547	710917440.00
2016/11/16	55.67	56.75	54.76	55.82	7770816	521971328.00
2016/11/17	55.83	55.92	54.00	54.92	5244275	346814848.00
2016/11/18	54.42	55.83	54.06	54.85	5881678	388713184.00
2016/11/21	54.83	54.99	53.58	53.88	5593508	365305664.00
2016/11/22	54.09	54.50	53.58	54.17	3536529	230044576.00
2016/11/23	53.79	54.67	53.42	53.45	3711557	240767920.00
2016/11/24	53.00	53.67	52.59	52.91	3179590	203187744.00
2016/11/25	52.91	53.04	50.83	51.83	3791890	237482256.00
2016/11/28	51.79	51.83	47.42	48.50	6427081	387376160.00
2016/11/29	48.50	49.50	47.90	47.93	3246638	189898272.00
2016/11/30	47.83	47.83	46.60	47.75	2470927	141222592.00
2016/12/01	47.75	51.29	47.74	50.51	4722851	282792960.00
2016/12/02	50.51	51.47	49.93	50.30	3277856	199824848.00
2016/12/05	48.53	49.83	48.00	48.17	2492839	145974064.00
2016/12/06	48.18	50.00	48.18	48.70	2429803	143729024.00
2016/12/07	48.70	49.17	47.82	48.83	1969683	114947344.00
2016/12/08	48.83	49.00	48.00	48.11	1674694	97291376.00
2016/12/09	48.50	49.30	48.17	48.28	1623470	95106960.00
2016/12/12	48.91	48.94	44.42	44.44	3311112	184213616.00
2016/12/13	44.68	45.25	42.38	43.59	2447349	128434288.00
2016/12/14	43.96	44.29	42.54	42.88	1884953	98350208.00
2016/12/15	43.05	43.42	42.46	43.14	1657836	86114248.00
2016/12/16	43.24	43.73	42.90	43.25	1520854	79225176.00
2016/12/19	43.17	43.58	42.98	43.42	1487861	77520576.00
2016/12/20	43.46	47.78	42.59	47.78	5347916	296605824.00
2016/12/21	49.07	52.57	48.85	52.57	10316156	641130688.00
2016/12/22	55.12	55.50	51.52	51.92	10526727	675278656.00
2016/12/23	52.75	53.59	50.03	53.17	9557662	605607680.00
2016/12/26	51.21	52.64	51.21	51.46	4921983	305724224.00
2016/12/27	51.79	51.88	49.56	50.48	3883075	235564768.00
2016/12/28	50.00	51.07	49.42	49.65	2971303	179415456.00
2016/12/29	50.00	50.04	49.17	49.25	2634356	157129792.00
2016/12/30	49.25	49.83	45.96	49.74	5458740	314973280.00
2017/01/03	48.98	52.98	48.24	51.55	4861780	297874624.00
2017/01/04	51.50	52.73	50.56	50.97	3479831	215448512.00
2017/01/05	51.09	51.50	49.88	50.42	2484969	150748160.00
2017/01/06	49.96	50.67	49.17	50.64	2495775	149998880.00
2017/01/09	50.58	51.50	50.19	50.33	1959089	119706544.00
2017/01/10	50.02	51.11	48.90	51.08	3563978	215159408.00
2017/01/11	50.66	51.50	50.05	50.25	2893462	177479904.00
2017/01/12	50.24	51.05	49.33	50.21	1973851	119387624.00
2017/01/13	50.04	50.50	48.85	50.11	2300180	137142720.00
2017/01/16	49.42	50.38	45.66	50.33	2887260	171267152.00
2017/01/17	49.52	50.88	49.49	50.63	1496206	90288056.00
2017/01/18	50.50	51.08	50.04	50.41	1282549	77928168.00
2017/01/19	50.17	51.63	49.83	50.71	2726529	167073888.00
2017/01/20	51.08	51.08	50.42	50.53	2519327	153635952.00
2017/01/23	50.48	50.58	49.54	49.78	1541448	92751640.00
2017/01/24	49.45	50.00	47.83	48.02	1996440	117600112.00
2017/01/25	48.17	52.33	47.15	50.69	2942735	174762656.00
2017/01/26	50.24	51.67	50.00	51.38	2656380	163318000.00
2017/02/03	51.38	52.49	51.17	51.50	1475862	92065424.00
2017/02/06	51.52	52.15	50.91	51.08	1455607	89811560.00
2017/02/07	51.08	52.18	50.93	51.49	2789602	172924736.00
2017/02/08	51.50	51.91	50.16	51.51	3945524	241486080.00
2017/02/09	50.84	51.99	50.84	51.52	2637431	163868432.00
2017/02/10	51.40	51.90	51.15	51.43	1482867	91941904.00
2017/02/13	51.50	54.83	51.15	53.89	4133493	263723472.00
2017/02/14	53.76	54.73	52.75	53.83	2673066	173126736.00
2017/02/15	53.73	53.98	53.17	53.23	2137710	137447664.00
2017/02/16	52.88	53.57	52.57	53.07	2935426	187612656.00
2017/02/17	53.17	58.39	53.06	58.39	9132931	623202624.00
2017/02/20	58.83	64.09	58.83	60.92	7943670	590863936.00
2017/02/21	62.42	63.17	58.55	61.53	4646526	340028672.00
2017/02/22	61.73	67.70	61.73	67.70	12195267	972028032.00
2017/02/23	68.17	72.91	66.14	69.58	8899426	743475328.00
2017/02/24	67.33	70.67	65.71	69.05	4733876	388285184.00
2017/02/27	69.08	72.50	66.94	71.07	6277121	528542112.00
2017/02/28	71.17	73.67	67.73	69.63	5832278	498132800.00
2017/03/01	67.24	70.67	66.18	68.17	4797847	392213408.00
2017/03/02	68.17	69.41	67.48	68.13	3182714	261879088.00
2017/03/03	67.34	68.17	66.33	66.91	2235558	179890416.00
2017/03/06	67.93	67.93	66.50	67.33	1827337	147548320.00
2017/03/07	67.91	67.95	66.21	66.50	2597338	208384992.00
2017/03/08	66.73	67.58	66.33	66.85	1793976	144028384.00
2017/03/09	67.41	67.41	65.83	66.50	1538346	122943456.00
2017/03/10	66.98	67.08	65.17	66.71	2885372	229797216.00
2017/03/13	66.48	67.33	66.08	66.69	1933620	155272432.00
2017/03/14	66.69	67.07	65.93	65.96	1248489	99642648.00
2017/03/15	65.92	65.93	61.92	65.13	3724243	289840992.00
2017/03/16	64.83	65.41	63.02	63.59	2559626	196744816.00
2017/03/17	62.68	68.88	62.68	66.49	4610366	371074848.00
2017/03/20	66.49	67.33	64.94	66.73	2824616	225161392.00
2017/03/21	66.73	71.06	66.08	67.71	3844396	318064672.00
2017/03/22	68.17	68.83	66.53	67.74	2169228	176597568.00
2017/03/23	67.76	68.43	66.69	67.00	1544400	124953928.00
2017/03/24	66.09	69.00	66.09	68.17	2568590	209987392.00
2017/03/27	68.15	69.15	67.50	67.79	1525292	125050360.00
2017/03/28	67.12	67.78	66.09	66.38	1613551	129508408.00
2017/03/29	66.09	71.08	66.09	69.83	7835756	653257216.00
2017/03/30	69.66	75.78	68.17	74.83	7214426	621119232.00
2017/03/31	74.43	78.07	72.79	73.21	5760476	519959008.00
2017/04/05	73.21	74.53	71.08	72.75	3452004	301671136.00
2017/04/06	73.17	76.74	72.67	72.73	5430436	487271264.00
2017/04/07	72.02	72.84	65.57	67.89	7130351	597378688.00
2017/04/10	66.92	69.83	64.67	69.68	3994980	324947872.00
2017/04/11	69.56	70.14	67.17	68.46	3072828	252676256.00
2017/04/12	67.33	68.41	66.08	66.13	2422285	194783408.00
2017/04/13	65.33	66.07	62.26	62.70	4411384	337256928.00
2017/04/14	62.43	63.65	60.00	63.16	3811691	284138912.00
2017/04/17	62.33	62.99	59.83	61.33	2750001	202853840.00
2017/04/18	61.23	62.73	60.67	61.21	1388237	102621256.00
2017/04/19	62.25	62.25	58.27	61.53	4704530	340961216.00
2017/04/20	63.58	63.58	61.13	61.71	2116648	157378928.00
2017/04/21	61.65	62.13	60.82	61.38	1536118	113743272.00
2017/04/24	61.42	61.83	58.14	59.00	2068762	147851024.00
2017/04/25	58.99	59.67	58.17	59.43	2752491	195972272.00
2017/04/26	59.08	60.17	58.63	59.17	1964104	140150144.00
2017/04/27	59.00	59.39	56.42	59.24	2402041	168281088.00
2017/04/28	59.28	59.87	58.92	59.45	2317226	165519744.00
2017/05/02	59.46	59.46	58.19	58.60	1129083	79816432.00
2017/05/03	58.29	59.83	56.98	57.83	1955302	136401072.00
2017/05/04	57.66	58.58	52.03	58.16	6572578	431941888.00
2017/05/05	55.38	57.57	55.38	55.46	2269588	153510816.00
2017/05/08	53.74	56.40	53.42	53.46	1989381	131696104.00
2017/05/09	53.46	54.10	51.48	53.04	1712240	109285624.00
2017/05/10	51.53	53.29	51.53	51.67	1369837	86418360.00
2017/05/11	51.81	52.31	48.32	48.92	2747593	164089184.00
2017/05/12	48.79	49.50	46.48	48.26	3617542	208000064.00
2017/05/15	48.11	48.90	46.50	46.66	2182126	124725472.00
2017/05/16	46.05	46.05	44.73	45.54	2861970	156236352.00
2017/05/17	45.63	49.00	45.63	47.02	3608089	206486144.00
2017/05/18	47.08	48.00	45.93	47.33	2648383	151039584.00
2017/05/19	47.42	47.93	46.63	47.48	2282873	130160608.00
2017/05/22	49.04	49.83	47.48	47.51	4808800	282865120.00
2017/05/23	46.27	46.78	43.18	45.25	3940593	214270480.00
2017/05/24	44.57	46.92	43.23	46.43	2453256	134024608.00
2017/05/25	46.75	47.23	45.33	45.83	2788081	155497280.00
2017/05/26	45.72	46.23	44.83	45.67	2039862	111990728.00
2017/05/31	46.07	46.40	42.17	43.23	5400311	285578976.00
2017/06/01	42.79	43.66	40.79	42.25	3361100	170859232.00
2017/06/02	41.98	42.75	40.67	42.24	3523000	177590224.00
2017/06/05	42.24	42.92	41.60	42.19	2970100	151512528.00
2017/06/06	42.74	42.74	41.93	42.32	1720000	87517696.00
2017/06/07	42.27	43.57	42.04	43.29	5304600	274293536.00
2017/06/08	42.99	43.50	42.76	43.30	3448100	179291936.00
2017/06/09	46.50	47.65	44.00	47.65	13200100	741954944.00
2017/06/12	47.33	47.33	45.33	45.65	7624077	425717952.00
2017/06/13	44.67	46.46	44.45	45.82	4561508	249427520.00
2017/06/14	45.00	46.43	44.97	45.60	3628592	199831920.00
2017/06/15	45.26	46.50	45.21	45.66	4247800	234884656.00
2017/06/16	46.16	46.63	45.24	45.66	4279930	237406384.00
2017/06/19	45.68	46.08	44.50	44.82	3603500	195668224.00
2017/06/20	44.82	45.54	44.51	44.86	3567109	193047440.00
2017/06/21	44.64	45.24	44.53	44.92	1938700	104707832.00
2017/06/22	45.10	46.50	44.30	44.36	4374800	199384864.00
2017/06/23	43.90	44.36	41.00	44.36	3893500	166547520.00
2017/06/26	44.00	44.35	43.26	43.95	2082200	91345216.00
2017/06/27	43.52	45.80	43.52	44.26	5424200	243070704.00
2017/06/28	44.23	46.40	43.32	46.00	6485266	291679232.00
2017/06/29	45.95	46.70	45.40	45.97	5426700	249265712.00
2017/06/30	45.50	46.40	45.45	46.22	5004100	230610448.00
2017/07/03	46.10	46.90	45.78	46.16	3321200	153580128.00
2017/07/04	46.00	46.45	45.80	45.89	3376000	155399312.00
2017/07/05	45.71	45.95	45.51	45.75	2277000	104126240.00
2017/07/06	45.78	46.02	45.15	45.83	2925800	133594680.00
2017/07/07	45.50	46.15	45.50	45.91	2651900	121848008.00
2017/07/10	45.89	46.08	45.60	45.70	2384400	109505080.00
2017/07/11	45.59	46.28	45.20	45.80	3632700	166836032.00
2017/07/12	45.74	46.00	45.50	45.55	1873600	85647600.00
2017/07/13	45.56	45.86	44.88	44.91	2028900	92154808.00
2017/07/14	44.89	45.80	43.30	45.61	2118500	95583064.00
2017/07/17	45.07	45.50	42.50	44.10	3059600	134970640.00
2017/07/18	44.59	44.59	42.66	43.21	2180700	94396472.00
2017/07/19	43.18	44.30	41.88	43.20	3016800	129171120.00
2017/07/20	42.73	43.70	42.73	43.35	1740000	75489968.00
2017/07/21	43.34	43.43	42.56	42.80	1786930	76665488.00
2017/07/24	42.83	42.83	42.02	42.13	1581400	66882408.00
2017/07/25	42.49	42.80	42.10	42.46	1602500	67915336.00
2017/07/26	42.50	43.28	41.69	43.05	2659000	113347184.00
2017/07/27	42.98	44.09	42.60	43.55	2977900	129374872.00
2017/07/28	43.46	43.97	43.06	43.30	1637500	71123256.00
2017/07/31	43.30	43.42	42.56	42.66	1677700	71762952.00
2017/08/01	42.64	43.34	42.23	42.78	1439600	61570500.00
2017/08/02	43.11	43.14	42.16	42.71	1363600	58086852.00
2017/08/03	42.20	42.88	42.20	42.86	1196700	50968576.00
2017/08/04	42.70	43.01	42.50	42.54	1384800	59066448.00
2017/08/07	42.20	42.74	42.20	42.61	992300	42240704.00
2017/08/08	42.60	42.61	42.27	42.29	1107700	46917960.00
2017/08/09	42.21	42.58	42.20	42.24	916200	38790036.00
2017/08/10	42.25	42.59	41.70	41.78	1255600	52681296.00
2017/08/11	41.38	45.96	41.38	44.00	6635200	294291328.00
2017/08/14	44.13	45.90	43.27	44.00	5876000	261154160.00
数据来源:通达信
