002299 圣农发展 日线 前复权
      日期	    开盘	    最高	    最低	    收盘	    成交量	    成交额
2009/10/21	12.66	12.86	12.07	12.08	21884443	593695360.00
2009/10/22	11.96	13.21	11.86	13.15	15902598	430918240.00
2009/10/23	12.81	13.00	12.55	12.69	11731281	324209280.00
2009/10/26	12.60	12.66	12.13	12.26	5692261	151767648.00
2009/10/27	12.20	12.54	11.91	12.29	5496975	145888336.00
2009/10/28	12.11	12.53	11.97	12.49	4671504	124453496.00
2009/10/29	12.31	12.34	11.76	11.76	4381506	114410528.00
2009/10/30	11.95	12.20	11.59	11.76	5758326	148956816.00
2009/11/02	11.42	11.85	11.36	11.71	4013602	101361328.00
2009/11/03	11.70	11.91	11.63	11.77	3494535	89492208.00
2009/11/04	11.77	11.90	11.63	11.70	3272874	83920024.00
2009/11/05	11.75	11.90	11.61	11.86	3510270	89770960.00
2009/11/06	11.90	11.92	11.78	11.79	2910970	74983912.00
2009/11/09	11.73	11.90	11.61	11.90	3056649	78115120.00
2009/11/10	11.95	12.00	11.82	11.83	2871789	74358704.00
2009/11/11	11.81	11.81	11.58	11.66	2118512	53794512.00
2009/11/12	11.66	11.77	11.61	11.65	1796523	45806992.00
2009/11/13	11.71	11.91	11.65	11.89	2692328	69079408.00
2009/11/16	11.88	12.13	11.83	12.07	4110963	107254744.00
2009/11/17	12.07	12.08	11.86	11.95	2884551	74849592.00
2009/11/18	11.96	11.99	11.84	11.95	2611806	67654376.00
2009/11/19	11.98	12.26	11.92	12.16	4251194	111747024.00
2009/11/23	12.15	12.65	12.15	12.56	5212327	140279648.00
2009/11/24	12.59	12.61	11.66	11.71	4900025	129667648.00
2009/11/25	11.66	12.20	11.63	12.11	3267847	84895328.00
2009/11/26	12.13	12.15	11.61	11.63	3580449	92247944.00
2009/11/27	11.64	12.07	11.63	11.98	4176337	107622464.00
2009/11/30	12.02	12.35	11.86	12.30	3898709	102687208.00
2009/12/01	12.30	12.34	12.06	12.31	3548272	93904384.00
2009/12/02	12.35	12.42	12.16	12.23	3908909	104220280.00
2009/12/03	12.26	12.80	12.17	12.62	6515427	177773504.00
2009/12/04	12.61	12.61	11.72	12.07	5207550	138045328.00
2009/12/07	12.01	12.29	11.96	12.10	2518559	66441148.00
2009/12/08	12.11	12.18	11.73	11.95	2500534	64829892.00
2009/12/09	11.91	12.13	11.76	12.01	2137512	55796408.00
2009/12/10	12.02	12.17	12.01	12.11	1820915	47863800.00
2009/12/11	12.17	12.36	12.06	12.09	2081929	55146360.00
2009/12/14	12.05	12.14	11.71	11.90	1646814	42461652.00
2009/12/15	11.90	12.08	11.81	11.95	1250204	32422948.00
2009/12/16	11.95	12.03	11.73	11.80	1646775	42393376.00
2009/12/17	11.78	11.88	11.36	11.36	1942871	48860888.00
2009/12/18	11.38	11.43	10.83	10.83	1588115	38411472.00
2009/12/21	10.91	11.20	10.76	11.11	1326719	32033630.00
2009/12/22	11.01	11.15	10.75	10.85	1042445	24939914.00
2009/12/23	10.89	11.13	10.77	11.08	1108784	26610826.00
2009/12/24	11.01	11.40	11.01	11.28	1435873	35226780.00
2009/12/25	11.26	11.26	11.06	11.16	1103535	26879898.00
2009/12/28	11.16	11.39	11.10	11.33	1213709	29910700.00
2009/12/30	11.47	11.67	11.40	11.41	2281041	57285572.00
2009/12/31	11.30	11.49	11.30	11.47	1101232	27456976.00
2010/01/04	11.64	12.45	11.64	11.83	4319131	112682360.00
2010/01/05	11.81	12.12	11.66	12.08	2767920	71867696.00
2010/01/06	12.19	12.19	11.81	12.01	1596351	41598580.00
2010/01/07	12.01	12.06	11.67	11.71	1568890	40354080.00
2010/01/08	11.75	12.05	11.61	11.96	1636328	42185392.00
2010/01/11	11.96	12.15	11.67	11.99	1668183	43020820.00
2010/01/12	11.96	12.58	11.80	12.51	5423993	145197216.00
2010/01/13	12.21	13.86	12.16	13.26	8134505	227180112.00
2010/01/14	13.08	13.56	12.76	13.46	5468884	155868480.00
2010/01/15	13.43	13.58	12.86	13.02	3093876	87588672.00
2010/01/18	12.90	13.22	12.77	13.17	2612358	73679240.00
2010/01/19	13.16	13.17	12.72	12.86	2047431	57147676.00
2010/01/20	12.90	13.11	12.29	12.35	2331505	64274684.00
2010/01/21	12.18	12.58	11.87	12.43	6302325	166417408.00
2010/01/22	12.16	12.86	12.13	12.54	5971758	162918320.00
2010/01/25	12.71	12.81	12.06	12.17	2677423	71748104.00
2010/01/26	12.16	12.31	11.91	12.20	2022000	53337224.00
2010/01/27	12.22	12.66	12.06	12.37	3047536	82158024.00
2010/01/28	12.34	12.64	12.16	12.52	2440861	65993444.00
2010/01/29	12.46	13.02	12.35	12.88	4435074	122412952.00
2010/02/01	13.00	13.06	12.23	12.30	2943236	80354016.00
2010/02/02	12.41	12.63	12.15	12.54	2572439	69644096.00
2010/02/03	12.56	12.93	12.24	12.86	3112495	85277568.00
2010/02/04	12.76	13.01	12.66	12.84	2672297	73963176.00
2010/02/05	12.46	12.83	12.22	12.53	2329393	63083384.00
2010/02/08	12.90	13.26	12.76	12.82	4106420	115227912.00
2010/02/09	12.94	12.95	12.13	12.36	2625918	70516560.00
2010/02/10	12.31	12.45	11.89	12.13	2148416	56406372.00
2010/02/11	12.09	12.13	11.64	11.80	2118980	54564960.00
2010/02/12	11.88	12.08	11.81	11.97	892598	23210564.00
2010/02/22	12.00	12.25	11.97	12.16	1121143	29648258.00
2010/02/23	12.16	12.26	11.83	12.02	949400	24635236.00
2010/02/24	12.03	12.63	11.86	12.47	2965670	79433352.00
2010/02/25	12.45	13.02	12.36	12.96	3431606	95078696.00
2010/02/26	12.96	13.09	12.68	12.85	1762200	48809844.00
2010/03/01	12.91	13.10	12.77	13.01	2499895	70205376.00
2010/03/02	13.01	13.01	12.80	12.91	1889039	52582592.00
2010/03/03	12.85	13.58	12.66	13.30	6365722	180936208.00
2010/03/04	13.36	13.36	12.36	12.42	2650545	73803784.00
2010/03/05	12.60	12.70	12.23	12.51	1818549	48899336.00
2010/03/08	12.51	12.87	12.31	12.87	1879032	51783432.00
2010/03/09	12.81	13.15	12.73	13.11	2404353	67317664.00
2010/03/10	13.11	13.25	12.67	12.86	3159083	88780304.00
2010/03/11	12.85	13.15	12.76	13.14	2059174	57856280.00
2010/03/12	13.14	13.48	12.81	12.96	3654648	104395224.00
2010/03/15	12.83	12.95	12.49	12.52	1331992	36497356.00
2010/03/16	12.54	12.96	12.54	12.91	1539592	42770796.00
2010/03/17	13.02	13.25	12.78	13.20	1663308	46917172.00
2010/03/18	13.13	13.26	12.96	13.18	1223472	34546356.00
2010/03/19	13.06	13.36	13.01	13.33	1001561	28509128.00
2010/03/22	13.33	13.54	13.23	13.29	1738008	50106592.00
2010/03/23	13.23	13.65	13.23	13.60	2153878	62563792.00
2010/03/24	13.61	14.19	13.54	13.86	2986929	89189416.00
2010/03/25	13.71	13.81	13.35	13.36	1726754	50316520.00
2010/03/26	13.03	13.96	13.03	13.76	1937149	56657992.00
2010/03/29	13.78	14.35	13.42	13.96	2012050	60142860.00
2010/03/30	13.84	14.05	13.76	13.95	1221738	36477688.00
2010/03/31	13.95	14.21	13.81	13.94	1195184	35975736.00
2010/04/01	13.94	14.55	13.94	14.35	2298546	70745336.00
2010/04/02	14.34	14.58	13.93	14.19	2353296	71280336.00
2010/04/06	14.21	14.51	13.86	14.46	1920541	58571056.00
2010/04/07	14.40	14.50	14.21	14.46	974488	30021968.00
2010/04/08	14.56	15.07	14.38	14.96	2703237	85649504.00
2010/04/09	14.91	15.19	14.76	15.04	1230296	39532492.00
2010/04/12	15.21	15.35	14.87	15.25	1012243	32630128.00
2010/04/13	15.31	15.31	13.96	14.69	2360527	73408544.00
2010/04/14	14.66	14.81	14.26	14.66	1316977	40947328.00
2010/04/15	14.57	14.66	14.16	14.55	1660856	51305256.00
2010/04/19	14.10	14.61	13.97	14.29	2311792	71238528.00
2010/04/20	14.29	14.78	14.21	14.73	1516939	47306064.00
2010/04/21	14.73	15.57	14.63	15.49	1870853	60666648.00
2010/04/22	15.61	16.46	15.46	16.39	2129471	72621056.00
2010/04/23	16.35	16.51	15.99	16.39	1359156	47097720.00
2010/04/26	16.38	16.51	16.01	16.05	962046	33255872.00
2010/04/27	16.15	16.27	15.09	16.14	1940228	64323404.00
2010/04/28	15.73	16.47	15.63	16.14	672536	22973316.00
2010/04/29	15.72	16.28	15.40	15.40	584063	19554014.00
2010/04/30	15.10	15.71	14.80	15.29	894138	29059302.00
2010/05/04	15.29	16.20	15.20	15.85	531703	17844218.00
2010/05/05	15.71	17.27	15.61	17.18	1723286	60750444.00
2010/05/06	17.06	17.17	16.62	17.05	1207583	43199648.00
2010/05/07	16.73	17.30	16.40	17.08	2595328	92768872.00
2010/05/10	17.30	17.30	15.88	15.90	1965059	67675992.00
2010/05/11	16.12	16.49	14.21	14.47	2599109	82560432.00
2010/05/12	14.30	15.05	14.12	14.51	1263549	39465468.00
2010/05/13	14.59	14.94	13.55	14.90	1016354	31283226.00
2010/05/14	14.80	15.22	14.57	14.75	1128988	35738216.00
2010/05/17	14.30	14.99	14.05	14.05	654931	20328360.00
2010/05/18	13.88	14.75	13.88	14.74	1270002	38457108.00
2010/05/19	14.67	15.13	14.16	14.95	875312	27545390.00
2010/05/20	14.93	15.23	14.45	14.80	480283	15271494.00
2010/05/21	14.55	15.29	14.35	15.18	454839	14475386.00
2010/05/24	15.18	16.10	15.18	15.60	1219433	40607628.00
2010/05/25	15.58	15.77	15.35	15.56	859920	28525064.00
2010/05/26	15.40	15.84	15.20	15.21	784298	25778140.00
2010/05/27	15.13	15.62	14.95	15.49	798275	25966648.00
2010/05/28	15.56	15.85	14.97	15.11	901756	29304848.00
2010/05/31	15.05	15.35	14.80	14.80	1068343	34312532.00
2010/06/01	14.63	15.15	14.42	14.65	819885	25653700.00
2010/06/02	14.65	14.83	14.47	14.77	539132	16774732.00
2010/06/03	14.77	15.64	14.77	15.52	1147457	37408468.00
2010/06/04	15.50	15.64	15.20	15.46	450736	14768407.00
2010/06/07	15.21	15.78	15.05	15.45	740380	24364602.00
2010/06/08	15.62	15.70	15.27	15.29	866752	28436482.00
2010/06/09	15.44	16.70	15.27	16.45	2783675	94243368.00
2010/06/10	16.40	16.65	16.20	16.48	981245	34234832.00
2010/06/11	16.45	16.78	16.35	16.64	929946	32530124.00
2010/06/17	16.81	16.88	15.85	15.88	624964	21625832.00
2010/06/18	15.76	16.13	15.45	15.62	730881	24335734.00
2010/06/21	15.10	15.15	14.49	14.86	1530561	48468996.00
2010/06/22	14.68	14.90	14.39	14.52	1887839	58668828.00
2010/06/23	14.38	14.64	14.02	14.16	1536212	46766124.00
2010/06/24	14.18	14.67	14.15	14.62	1529717	47111400.00
2010/06/25	14.39	14.51	14.12	14.19	841588	25704644.00
2010/06/28	14.13	14.16	13.30	13.40	1278517	37416428.00
2010/06/29	13.42	13.54	12.17	12.47	1150623	31573698.00
2010/06/30	12.50	12.50	11.85	11.97	1186878	30766122.00
2010/07/01	11.95	12.72	11.77	12.33	1686224	44935584.00
2010/07/02	12.15	12.72	12.06	12.56	1097486	29431262.00
2010/07/05	12.59	12.79	12.33	12.49	717464	19438842.00
2010/07/06	12.53	12.75	12.51	12.64	871488	23694292.00
2010/07/07	12.74	12.74	12.40	12.61	845502	22828112.00
2010/07/08	12.64	12.86	12.44	12.63	1021300	27840848.00
2010/07/09	12.54	12.80	11.98	12.74	2290319	60968348.00
2010/07/12	12.72	12.78	12.17	12.34	2545612	67896424.00
2010/07/13	12.24	12.33	12.00	12.12	2148677	56227836.00
2010/07/14	12.05	12.24	11.77	11.92	1651555	42858528.00
2010/07/15	11.94	11.99	11.59	11.65	1044519	26497796.00
2010/07/16	11.62	12.29	11.14	12.17	2634997	66157812.00
2010/07/19	12.05	12.30	11.90	12.27	2381071	62488888.00
2010/07/20	12.30	13.26	12.30	12.93	3187737	87081720.00
2010/07/21	12.80	13.05	12.80	12.81	1967638	54578440.00
2010/07/22	12.82	13.30	12.75	13.21	1713771	48253124.00
2010/07/23	13.21	13.22	12.95	13.10	1250233	35071852.00
2010/07/26	13.11	13.85	13.02	13.64	2146466	61536856.00
2010/07/27	13.55	13.64	13.37	13.64	1412282	40896700.00
2010/07/28	13.64	14.00	13.40	13.78	1364843	40272552.00
2010/07/29	13.80	13.93	13.27	13.57	1443757	41853328.00
2010/07/30	13.50	13.55	13.23	13.33	847315	24249890.00
2010/08/02	13.45	13.98	13.39	13.68	1704348	50055556.00
2010/08/04	13.40	14.25	13.20	14.18	2034457	59545164.00
2010/08/05	14.19	14.65	14.05	14.48	1818353	55933432.00
2010/08/06	14.48	15.12	14.23	14.70	1870112	58956576.00
2010/08/09	14.80	15.35	14.71	15.25	3168348	101761168.00
2010/08/10	15.25	15.30	14.95	14.97	2216338	71097496.00
2010/08/11	14.95	15.05	14.65	14.88	939528	29662736.00
2010/08/12	14.84	14.92	14.33	14.34	1117173	34776304.00
2010/08/13	14.33	14.49	14.04	14.37	1573991	47725336.00
2010/08/16	14.38	14.60	14.20	14.49	1669696	51584464.00
2010/08/17	14.50	14.78	14.10	14.32	2023566	61769552.00
2010/08/18	14.34	14.34	14.05	14.10	1846147	55771452.00
2010/08/19	14.20	14.55	14.20	14.45	2865494	88089632.00
2010/08/20	14.45	14.45	13.59	13.61	2593794	77542560.00
2010/08/23	13.61	13.73	13.25	13.55	2114397	60784560.00
2010/08/24	13.55	14.32	13.35	14.09	2057605	61416796.00
2010/08/25	13.97	14.24	13.55	13.59	874436	25852020.00
2010/08/26	13.80	14.10	13.32	14.06	1633067	47520944.00
2010/08/27	13.96	14.15	13.80	13.97	1351362	40375868.00
2010/08/30	13.98	14.39	13.86	14.23	3333700	101642048.00
2010/08/31	14.05	14.53	14.05	14.37	1938556	59060692.00
2010/09/01	14.47	14.85	13.70	13.70	2758306	83662024.00
2010/09/02	13.83	13.95	13.42	13.68	2139124	62384868.00
2010/09/03	13.65	14.16	13.55	13.85	1799175	53417820.00
2010/09/06	13.90	14.55	13.90	14.37	3386016	103273736.00
2010/09/07	14.42	15.04	14.25	14.80	3658390	114163528.00
2010/09/08	14.84	15.48	14.70	15.25	4175841	134736624.00
2010/09/09	15.22	15.24	14.61	14.70	1864777	58942920.00
2010/09/10	14.70	14.84	14.35	14.78	1381449	43023632.00
2010/09/13	15.05	15.26	14.67	14.87	1861915	58986780.00
2010/09/14	14.80	14.86	14.46	14.47	1473287	45758532.00
2010/09/15	14.44	14.70	13.80	13.85	3013363	90816296.00
2010/09/16	13.84	14.00	13.50	13.60	2481994	73045664.00
2010/09/17	13.67	13.67	13.40	13.47	2645422	76731856.00
2010/09/20	13.52	13.67	13.15	13.23	1114424	32088168.00
2010/09/21	13.23	13.34	12.80	12.84	1306928	36276872.00
2010/09/27	13.20	13.79	13.20	13.68	1911914	55680016.00
2010/09/28	13.72	13.72	13.34	13.45	1400071	40293484.00
2010/09/29	13.44	13.44	12.92	12.95	1126141	31525768.00
2010/09/30	12.79	13.03	12.70	12.97	1119811	30978270.00
2010/10/08	13.13	13.35	12.97	13.27	1019556	28915374.00
2010/10/11	13.40	14.27	13.40	14.06	4748381	142527552.00
2010/10/12	14.07	14.09	13.67	13.77	1734130	51579428.00
2010/10/13	13.76	14.25	13.61	14.20	1634379	49057480.00
2010/10/14	14.25	14.27	13.55	13.64	1066002	31743256.00
2010/10/15	13.65	13.85	12.82	13.15	2460925	69185624.00
2010/10/18	13.08	13.20	12.47	13.06	1661721	45312760.00
2010/10/19	13.01	13.30	12.60	13.24	1477067	41237932.00
2010/10/20	12.95	13.98	12.70	13.88	2239950	64898232.00
2010/10/21	13.87	14.12	13.68	13.80	2770848	81948640.00
2010/10/22	13.75	13.91	13.53	13.79	2635290	77088152.00
2010/10/25	13.79	14.10	13.64	14.00	5469874	162826048.00
2010/10/26	13.57	13.84	13.22	13.30	7393666	212816672.00
2010/10/27	13.27	13.49	12.99	13.45	2802261	79927352.00
2010/10/28	13.50	13.50	13.20	13.28	1739970	49581156.00
2010/10/29	13.28	13.51	13.28	13.40	2285233	65733820.00
2010/11/01	13.45	13.80	13.45	13.75	5278757	153946096.00
2010/11/02	13.66	13.75	12.99	13.04	17668479	499434720.00
2010/11/03	13.00	13.67	12.89	13.26	8045571	229980976.00
2010/11/04	13.27	13.67	13.15	13.56	7858634	226560432.00
2010/11/05	13.71	15.01	13.57	15.01	20409746	628390272.00
2010/11/10	15.04	16.42	14.30	16.30	22680288	749774976.00
2010/11/11	15.97	16.29	15.97	15.98	7903251	269435648.00
2010/11/12	15.98	16.07	14.70	14.98	8181343	266133568.00
2010/11/15	15.05	15.99	15.05	15.79	6379419	210753392.00
2010/11/16	15.70	16.07	14.71	15.15	7505242	248276704.00
2010/11/17	14.97	15.37	14.45	14.48	5332941	170119440.00
2010/11/18	14.60	15.05	14.05	14.45	3859091	118484232.00
2010/11/19	14.74	14.97	14.30	14.97	5347864	166055392.00
2010/11/22	14.77	15.45	14.77	14.94	3226082	103546072.00
2010/11/23	14.80	14.99	14.30	14.80	3291469	102989480.00
2010/11/24	14.77	15.07	14.75	14.97	2861228	90690552.00
2010/11/25	15.02	15.50	14.99	15.26	3697458	120297480.00
2010/11/29	15.30	15.44	14.70	15.25	2653548	84899648.00
2010/11/30	15.15	15.87	14.78	14.93	5431821	176669600.00
2010/12/01	14.94	15.15	14.80	15.00	2448554	78043432.00
2010/12/02	15.29	15.43	14.87	14.96	3387751	108391432.00
2010/12/03	15.07	15.77	15.02	15.25	6950209	227313296.00
2010/12/07	15.97	15.98	15.40	15.66	12117809	403722048.00
2010/12/08	15.86	16.25	15.75	15.85	10139624	344908544.00
2010/12/09	15.65	16.22	15.47	15.66	5599357	189534448.00
2010/12/10	15.47	15.54	14.81	15.22	3765228	121468608.00
2010/12/13	15.28	15.69	15.05	15.55	4446867	145226352.00
2010/12/14	15.54	16.23	15.34	16.20	8946340	301338208.00
2010/12/15	16.10	16.67	16.10	16.27	8104499	281228736.00
2010/12/16	16.27	16.59	16.15	16.47	4657217	161752704.00
2010/12/17	16.55	16.59	16.15	16.33	2857426	98988400.00
2010/12/20	16.43	17.39	16.27	17.17	9989320	354088448.00
2010/12/21	17.09	17.99	16.90	17.35	8973553	331234752.00
2010/12/22	17.13	18.10	17.13	17.90	7395956	277418592.00
2010/12/23	17.90	17.90	16.95	17.10	4869206	177707136.00
2010/12/24	16.90	17.21	16.55	16.82	2655121	94295200.00
2010/12/27	16.99	17.14	15.38	16.30	3395631	117263712.00
2010/12/28	16.05	16.43	15.70	16.05	2724503	92776664.00
2010/12/29	16.05	16.30	15.80	16.25	2885762	98868696.00
2010/12/30	16.25	16.30	15.55	16.05	6229840	208492256.00
2010/12/31	16.15	17.12	15.90	17.02	3665378	128118552.00
2011/01/04	17.55	17.55	16.89	17.01	4869078	175355264.00
2011/01/05	16.90	17.16	16.85	17.02	2736429	98473352.00
2011/01/06	17.15	17.73	17.03	17.05	3657770	133739448.00
2011/01/07	17.20	17.55	16.65	17.52	3184592	116582936.00
2011/01/10	17.38	18.07	17.02	17.45	5209609	193630544.00
2011/01/11	17.10	17.30	16.40	16.55	4187804	149200976.00
2011/01/12	16.87	17.42	16.58	17.41	3417438	123380864.00
2011/01/13	17.50	18.10	17.32	17.83	4221332	158415344.00
2011/01/14	17.75	18.05	17.23	17.54	4477880	165794800.00
2011/01/17	17.32	17.68	16.45	16.65	3895914	139895744.00
2011/01/18	16.57	16.58	16.05	16.40	2837931	98279368.00
2011/01/19	16.32	17.09	16.32	16.90	2495200	88525952.00
2011/01/20	16.95	17.32	16.70	17.12	4739706	169891616.00
2011/01/21	17.21	18.30	17.05	18.25	11781872	441075616.00
2011/01/24	18.45	18.63	17.14	17.35	12835452	477641120.00
2011/01/25	16.55	16.55	15.52	15.52	5583317	185756368.00
2011/01/26	14.84	15.75	14.84	15.43	8279590	270577696.00
2011/01/27	15.35	15.73	14.99	15.53	4839224	159381792.00
2011/01/28	15.55	16.55	15.35	16.22	5322080	180411088.00
2011/01/31	16.11	16.53	15.55	16.14	4495299	152343584.00
2011/02/01	16.00	16.38	15.92	15.96	3082136	104987848.00
2011/02/09	15.82	16.77	15.70	16.15	5653244	196542640.00
2011/02/10	16.44	17.70	16.30	17.54	10371448	374068800.00
2011/02/11	17.80	17.80	17.09	17.40	8076945	296390336.00
2011/02/14	17.40	17.99	17.22	17.59	9994303	371280480.00
2011/02/16	17.74	18.28	17.59	18.15	10946088	413723072.00
2011/02/17	18.33	18.59	17.94	18.34	9939734	381676832.00
2011/02/18	18.80	18.99	17.33	17.55	20444309	770646336.00
2011/02/21	17.55	18.39	17.55	18.38	10802578	409182976.00
2011/02/22	18.44	18.52	17.56	18.15	12334381	470249856.00
2011/02/23	18.02	18.48	17.62	18.09	12834835	485885472.00
2011/02/24	17.77	18.09	16.68	17.47	18181951	333272992.00
2011/02/25	17.37	17.96	16.77	17.69	13437354	246094272.00
2011/02/28	17.71	18.53	17.71	18.14	20984543	399204672.00
2011/03/01	18.17	18.21	17.47	17.76	26243441	486158976.00
2011/03/02	17.56	17.66	17.07	17.30	14881973	269767776.00
2011/03/03	17.30	17.54	16.90	17.18	13904797	250644464.00
2011/03/04	17.14	17.25	17.05	17.17	8600372	154779280.00
2011/03/07	17.27	17.44	17.15	17.18	16645207	300349120.00
2011/03/08	17.22	17.96	17.10	17.81	30328382	558763328.00
2011/03/09	17.86	19.54	17.86	19.34	60613905	1190101248.00
2011/03/10	19.29	19.29	18.41	18.61	34755925	681098240.00
2011/03/11	18.43	19.44	18.33	18.82	36143343	719973952.00
2011/03/14	18.62	19.17	18.42	18.86	19222319	378109792.00
2011/03/15	18.77	18.77	17.75	18.40	20315929	388148576.00
2011/03/16	18.40	18.51	17.97	18.40	13504046	258289520.00
2011/03/17	18.25	18.66	17.92	18.26	14663855	279851200.00
2011/03/18	18.42	18.61	18.17	18.27	10738616	205560736.00
2011/03/21	18.23	18.34	17.69	17.77	13072325	244885824.00
2011/03/22	17.77	18.05	17.35	17.57	11409460	209750432.00
2011/03/23	17.59	17.97	17.41	17.95	10758197	199057664.00
2011/03/24	17.98	18.53	17.67	18.23	16160130	305561216.00
2011/03/25	18.16	18.16	17.82	17.88	15089714	283082560.00
2011/03/28	17.98	18.00	17.37	17.52	16005983	294390784.00
2011/03/29	17.52	17.52	16.97	17.03	12779298	229770128.00
2011/03/30	17.03	17.26	16.43	16.62	11885459	208679904.00
2011/03/31	16.68	16.99	16.63	16.70	6074536	107022544.00
2011/04/01	16.73	16.90	16.42	16.62	7231454	125844648.00
2011/04/06	16.63	16.84	16.46	16.51	7065254	122929096.00
2011/04/07	16.50	16.94	16.49	16.92	8206152	144500816.00
2011/04/08	16.93	17.02	16.77	16.97	6493512	115123232.00
2011/04/11	16.97	17.09	16.63	16.67	9030391	159058128.00
2011/04/12	16.68	16.91	16.57	16.82	6200672	109258752.00
2011/04/13	16.97	17.31	16.81	17.26	14029883	251498992.00
2011/04/14	17.77	18.61	17.72	18.03	41176955	782015360.00
2011/04/15	17.77	17.77	17.37	17.56	16572585	304746624.00
2011/04/18	17.42	17.42	16.99	17.12	12809838	230323744.00
2011/04/19	17.00	17.57	16.78	17.27	10509060	190122192.00
2011/04/20	17.22	17.38	16.99	17.10	7365974	132656968.00
2011/04/21	17.13	17.27	16.97	17.08	6604319	118153728.00
2011/04/22	17.06	17.06	16.77	16.82	7127068	126210136.00
2011/04/25	16.82	16.91	16.42	16.64	6307679	109895968.00
2011/04/26	16.57	16.59	16.13	16.15	7323811	125419096.00
2011/04/27	16.17	16.27	15.37	15.49	8041310	134254784.00
2011/04/29	15.07	15.59	14.87	15.57	6297988	101557168.00
2011/05/03	15.57	16.16	15.40	16.06	5438092	91405208.00
2011/05/04	16.07	16.07	15.67	15.68	4289185	71584368.00
2011/05/05	15.67	15.95	15.56	15.79	2690172	44753600.00
2011/05/06	15.67	15.86	15.57	15.84	3132328	51880560.00
2011/05/09	15.82	16.09	15.82	15.95	4039658	67773144.00
2011/05/10	15.94	16.21	15.87	16.21	4783667	80768992.00
2011/05/11	16.21	16.34	16.08	16.18	3956860	67458232.00
2011/05/12	16.00	16.24	15.79	16.10	5342919	90010560.00
2011/05/13	16.02	16.22	15.92	16.19	3853344	65006300.00
2011/05/16	16.27	16.67	16.16	16.62	7098097	123162800.00
2011/05/17	16.66	16.79	16.22	16.53	5721778	99342800.00
2011/05/18	16.53	16.74	16.42	16.72	6567865	114749016.00
2011/05/19	16.79	16.79	16.37	16.39	4403850	76742304.00
2011/05/20	16.30	16.55	16.30	16.35	2368575	40830108.00
2011/05/23	16.41	16.41	15.55	15.56	4859702	81823592.00
2011/05/24	15.47	15.97	15.44	15.79	3781757	62673452.00
2011/05/25	15.77	16.03	15.55	15.58	2618763	43458564.00
2011/05/26	15.67	16.67	15.67	16.00	5092476	86617040.00
2011/05/27	16.11	16.11	15.33	15.66	3816044	62792696.00
2011/05/30	15.49	15.65	15.19	15.28	2447235	39689820.00
2011/05/31	15.29	15.52	15.18	15.46	2331124	37722820.00
2011/06/01	15.47	16.02	15.43	15.91	4564456	76096568.00
2011/06/02	15.80	16.16	15.63	16.03	7146849	120317640.00
2011/06/03	16.08	16.40	16.08	16.21	5083398	86839952.00
2011/06/07	16.16	16.35	15.95	16.17	4011149	68189688.00
2011/06/08	16.17	16.17	15.99	16.09	2569122	43398548.00
2011/06/09	16.02	16.14	15.64	15.64	3967493	65946420.00
2011/06/10	15.62	15.83	15.37	15.83	3007121	49580504.00
2011/06/13	15.66	15.90	15.57	15.74	2057773	34078356.00
2011/06/14	15.77	15.90	15.73	15.82	2243800	37346824.00
2011/06/15	15.77	16.12	15.72	15.74	2643097	44251152.00
2011/06/16	15.54	15.71	15.12	15.14	4225779	68262176.00
2011/06/17	15.07	15.43	14.92	14.95	3265162	52126188.00
2011/06/20	14.93	15.05	14.24	14.30	4192482	64261900.00
2011/06/21	14.34	14.47	14.24	14.46	2080752	31660180.00
2011/06/22	14.52	14.60	14.42	14.47	1609330	24665432.00
2011/06/23	14.42	14.66	14.37	14.64	2053500	31531212.00
2011/06/27	15.06	15.42	15.06	15.29	6996667	112278088.00
2011/06/28	15.17	15.30	15.04	15.15	3624172	57832228.00
2011/06/29	15.16	15.59	15.15	15.16	6534272	106084288.00
2011/06/30	15.17	15.49	15.07	15.38	4571478	73892168.00
2011/07/01	15.42	15.56	15.29	15.46	4002331	65185964.00
2011/07/04	15.49	15.99	15.49	15.97	6293308	104797680.00
2011/07/05	15.99	16.02	15.70	15.85	4293005	71453672.00
2011/07/06	15.77	16.10	15.69	16.09	6119686	102908616.00
2011/07/07	16.05	16.20	15.97	16.04	5156637	87333608.00
2011/07/08	16.03	16.12	15.87	15.92	2809912	47232812.00
2011/07/11	15.84	15.84	15.65	15.78	3969383	65731200.00
2011/07/12	15.67	16.35	15.55	16.22	9269440	156522400.00
2011/07/13	16.31	16.58	16.07	16.47	11296090	193992192.00
2011/07/14	16.54	16.63	16.23	16.37	6320674	109025232.00
2011/07/15	16.47	16.78	16.24	16.78	9509016	165033744.00
2011/07/18	16.92	16.94	16.52	16.60	5362928	93996368.00
2011/07/19	16.69	16.77	15.95	16.13	7319735	125489288.00
2011/07/20	16.07	16.25	15.96	16.07	5469906	92593016.00
2011/07/21	16.17	16.36	15.97	16.18	5625217	95807072.00
2011/07/22	16.25	16.31	16.07	16.13	2907718	49326296.00
2011/07/25	16.17	16.17	15.27	15.37	5577908	91508440.00
2011/07/26	15.31	15.44	14.92	15.09	3682727	58742948.00
2011/07/27	15.07	15.47	14.97	15.37	2787905	44986000.00
2011/07/28	15.27	15.73	15.17	15.65	4573289	74419696.00
2011/07/29	15.65	16.27	15.50	15.93	11869763	200958432.00
2011/08/01	15.77	16.24	15.77	15.97	4208994	71127560.00
2011/08/02	16.01	16.27	15.82	16.18	4886739	82581792.00
2011/08/03	16.08	16.47	15.89	16.32	5786761	98991072.00
2011/08/04	16.32	16.40	15.95	15.98	4177957	70801840.00
2011/08/05	15.47	15.72	15.28	15.45	4632542	75827488.00
2011/08/08	15.26	16.54	14.88	16.52	22951708	385702528.00
2011/08/09	16.58	17.27	15.94	16.99	29176005	512678048.00
2011/08/10	17.09	17.62	16.85	16.90	29404283	532201888.00
2011/08/11	16.72	17.26	16.67	17.14	15587998	277529728.00
2011/08/12	17.27	17.35	16.97	17.15	14236657	256240352.00
2011/08/15	17.17	18.09	17.12	17.79	22702578	421496288.00
2011/08/16	17.83	17.91	17.31	17.67	16084690	295548480.00
2011/08/17	17.49	17.71	17.07	17.26	9099831	165301568.00
2011/08/18	17.15	17.28	16.47	16.47	9106209	161404976.00
2011/08/19	16.20	16.46	16.06	16.36	6155312	105169808.00
2011/08/22	16.40	16.56	15.89	16.00	5725989	97837992.00
2011/08/23	16.01	16.33	15.97	16.27	3976145	67544600.00
2011/08/24	16.36	16.62	16.07	16.16	5404546	92990800.00
2011/08/25	16.17	16.82	16.17	16.71	8596864	149845504.00
2011/08/26	16.67	16.70	16.41	16.50	5878097	102022808.00
2011/08/29	16.57	17.30	16.45	16.97	11052479	196349408.00
2011/08/30	16.99	17.19	16.70	16.72	5436749	96460208.00
2011/08/31	16.73	16.91	16.19	16.27	5598518	96393776.00
2011/09/01	16.29	16.54	16.09	16.19	3625935	62081500.00
2011/09/02	16.15	16.26	15.76	16.08	4185589	70311360.00
2011/09/05	15.88	15.91	15.67	15.73	2561963	42545620.00
2011/09/06	15.57	15.69	15.08	15.17	4383729	70893008.00
2011/09/07	15.32	15.77	15.26	15.70	3243331	52779716.00
2011/09/08	15.81	16.47	15.72	16.08	7102704	120301816.00
2011/09/09	16.09	16.32	15.99	16.21	3337729	56676656.00
2011/09/13	16.11	16.11	15.67	15.74	2437054	40508396.00
2011/09/14	15.79	15.93	15.51	15.84	1682959	27860800.00
2011/09/15	15.83	16.32	15.83	16.11	2951730	50135592.00
2011/09/16	16.22	16.24	15.88	15.97	1774513	29955694.00
2011/09/19	15.88	16.29	15.70	15.93	2526548	42664092.00
2011/09/20	15.87	16.58	15.79	16.52	7056191	121294840.00
2011/09/21	16.42	16.73	16.25	16.72	6372884	110824536.00
2011/09/22	16.55	16.64	16.12	16.12	4083841	70272784.00
2011/09/23	15.67	16.11	15.67	15.82	2614875	43581124.00
2011/09/26	15.73	16.00	15.55	15.55	2193566	36261228.00
2011/09/27	15.78	15.83	15.58	15.67	2812986	46440116.00
2011/09/28	15.87	15.92	15.05	15.10	4666229	75267680.00
2011/09/29	15.17	15.30	14.47	14.50	2696257	42145036.00
2011/09/30	14.57	14.76	14.46	14.72	1399267	21620240.00
2011/10/10	14.94	14.98	14.58	14.61	1352838	21119442.00
2011/10/11	14.92	15.26	14.54	14.69	1336139	20912526.00
2011/10/12	14.67	15.12	14.49	15.11	1974585	31224062.00
2011/10/13	15.07	15.79	14.98	15.42	3302822	53826948.00
2011/10/14	15.44	15.52	15.27	15.39	2001506	32399728.00
2011/10/17	15.52	15.69	15.36	15.45	2177001	35534632.00
2011/10/18	15.44	15.67	15.22	15.24	3791538	61955412.00
2011/10/19	15.31	15.40	15.07	15.07	1660189	26630620.00
2011/10/20	14.86	15.07	14.60	14.74	1717721	26760368.00
2011/10/21	14.92	14.96	14.23	14.51	1388306	21422764.00
2011/10/24	14.58	14.85	14.50	14.78	2125393	33018900.00
2011/10/25	14.80	15.11	14.59	15.04	2914799	45817376.00
2011/10/26	14.80	15.43	14.80	15.15	4199950	67331904.00
2011/10/27	15.02	15.52	15.02	15.32	4137831	67135360.00
2011/10/28	15.47	15.72	15.43	15.52	5714195	93860576.00
2011/10/31	15.51	15.87	15.39	15.66	3998299	65979392.00
2011/11/01	15.65	15.77	15.43	15.64	3529000	58048180.00
2011/11/02	15.42	15.79	15.28	15.77	3862032	63496548.00
2011/11/03	15.83	16.12	15.72	15.73	5363282	89929208.00
2011/11/04	15.77	16.17	15.68	16.03	4346776	73063512.00
2011/11/07	15.95	16.26	15.89	15.97	3073824	51959052.00
2011/11/08	15.97	15.97	15.67	15.67	2958905	49212600.00
2011/11/09	15.67	16.54	15.67	16.54	12040989	204723344.00
2011/11/10	16.27	17.22	16.17	16.67	20885191	368498496.00
2011/11/11	16.44	16.82	16.02	16.67	11616983	200378272.00
2011/11/14	16.57	16.91	16.57	16.80	7454623	131207600.00
2011/11/15	16.80	17.12	16.68	16.71	5980429	105815152.00
2011/11/16	16.69	16.69	15.97	16.17	7636093	130501528.00
2011/11/17	16.18	16.42	15.97	16.17	2911456	49499140.00
2011/11/18	16.10	16.10	15.42	15.49	5067867	83848384.00
2011/11/21	15.45	15.70	15.28	15.70	3092911	50690924.00
2011/11/22	15.62	15.89	15.50	15.85	2247957	37296528.00
2011/11/23	15.87	16.14	15.87	16.00	2450792	41265564.00
2011/11/24	15.87	16.12	15.77	16.04	2383752	40012552.00
2011/11/25	15.97	16.33	15.68	15.70	2436971	41164824.00
2011/11/28	15.64	16.02	15.55	16.02	2884061	48050208.00
2011/11/30	16.33	16.43	15.54	15.80	5208179	87881440.00
2011/12/01	16.27	16.37	15.88	16.19	4921023	83677608.00
2011/12/02	16.17	16.22	15.74	15.77	2157745	36207784.00
2011/12/05	15.85	15.96	15.58	15.69	2232158	37156488.00
2011/12/06	15.62	15.69	15.48	15.52	1855082	30394202.00
2011/12/07	15.52	15.96	15.47	15.92	1882368	31234938.00
2011/12/08	15.92	16.18	15.47	16.08	3440116	57397536.00
2011/12/09	15.97	16.01	15.43	15.76	2871026	47465664.00
2011/12/12	15.73	15.94	15.57	15.81	2047623	34141280.00
2011/12/13	15.77	15.92	15.46	15.46	2315283	38103140.00
2011/12/14	15.37	15.65	15.19	15.33	1789977	29096226.00
2011/12/15	15.35	15.45	14.77	15.11	2343124	37199540.00
2011/12/16	15.07	15.53	15.05	15.51	1607329	25870760.00
2011/12/19	15.61	15.67	15.33	15.57	1857523	30311548.00
2011/12/20	15.65	15.75	15.48	15.50	1444570	23732176.00
2011/12/21	15.50	15.81	15.27	15.29	1999467	32928932.00
2011/12/22	15.15	15.15	14.47	14.47	5038830	77665128.00
2011/12/23	14.47	14.84	14.39	14.55	2791356	43144892.00
2011/12/26	14.48	14.77	14.37	14.62	963495	14889089.00
2011/12/27	14.62	14.77	14.35	14.41	1452887	22231878.00
2011/12/28	14.37	14.47	12.97	14.12	5459727	79241584.00
2011/12/29	13.97	13.97	13.55	13.68	3235249	47213876.00
2011/12/30	13.68	14.05	13.68	14.00	1664568	24603872.00
2012/01/04	14.11	14.32	13.97	13.97	2521515	37723300.00
2012/01/05	13.97	13.97	13.18	13.18	2242245	32230430.00
2012/01/06	13.17	13.37	12.69	13.28	1537391	21257224.00
2012/01/09	13.32	13.53	13.18	13.51	5279063	74635896.00
2012/01/10	13.52	14.16	13.47	14.05	4369946	64524788.00
2012/01/11	13.97	14.16	13.70	13.99	2816686	41632824.00
2012/01/12	13.92	14.11	13.85	13.86	1967325	29097154.00
2012/01/13	13.88	13.96	13.05	13.22	2923477	41436020.00
2012/01/16	13.17	13.37	12.54	12.58	2072819	28453618.00
2012/01/17	12.62	13.41	12.57	13.22	3171715	44090204.00
2012/01/18	13.35	13.42	12.55	12.66	3125361	43153772.00
2012/01/19	12.85	12.93	12.42	12.60	2384949	32111860.00
2012/01/20	12.57	13.05	12.57	13.02	2888619	39697220.00
2012/01/30	13.02	13.15	12.68	12.98	2854168	39351328.00
2012/01/31	13.01	13.08	12.69	12.92	2736065	37392948.00
2012/02/01	12.92	13.12	12.77	12.99	2546031	35202680.00
2012/02/02	13.17	13.56	13.05	13.21	5365359	75490536.00
2012/02/03	13.22	13.36	13.08	13.34	3895646	54813476.00
2012/02/06	13.34	13.40	13.22	13.29	3352239	47314988.00
2012/02/07	13.24	13.24	12.87	12.96	2491518	34498220.00
2012/02/08	12.93	13.24	12.88	13.21	2515745	35056660.00
2012/02/09	13.17	13.43	13.13	13.32	4031967	57125424.00
2012/02/10	13.17	13.60	13.17	13.51	4275822	61059536.00
2012/02/13	13.39	13.61	13.33	13.44	3906844	55954844.00
2012/02/14	13.44	13.64	13.37	13.63	3726285	53486376.00
2012/02/15	13.63	13.82	13.52	13.66	4510718	65458544.00
2012/02/16	13.66	13.81	13.59	13.76	4748383	68991640.00
2012/02/17	13.97	14.13	13.75	13.76	6548304	96303632.00
2012/02/20	14.02	14.09	13.77	13.79	4667090	68648336.00
2012/02/21	13.82	13.83	13.58	13.78	3110326	45204264.00
2012/02/22	13.80	14.08	13.80	14.03	5222180	77285400.00
2012/02/23	14.04	14.15	13.94	14.10	4829935	71897080.00
2012/02/24	14.16	14.69	14.10	14.53	8383210	127887040.00
2012/02/27	14.57	14.86	14.42	14.53	7675607	118749824.00
2012/02/28	14.50	14.87	14.32	14.71	6177317	95154016.00
2012/02/29	14.70	14.70	14.38	14.40	3439146	52897400.00
2012/03/01	14.40	14.62	14.37	14.41	2619878	39994212.00
2012/03/02	14.39	14.66	14.39	14.64	3611591	55657184.00
2012/03/05	14.72	15.09	14.72	14.93	6998597	110221976.00
2012/03/06	14.97	15.03	14.52	14.60	3880168	60192872.00
2012/03/07	14.48	14.73	14.35	14.45	3108572	47702888.00
2012/03/08	14.46	14.89	14.46	14.77	3986173	61870788.00
2012/03/09	14.92	14.93	14.70	14.82	3410959	53329216.00
2012/03/12	14.74	14.86	14.65	14.78	3803607	59235988.00
2012/03/14	15.16	15.24	14.27	14.34	8118675	127196048.00
2012/03/15	14.32	14.52	13.78	13.96	5947165	88787112.00
2012/03/16	13.96	15.10	13.96	15.10	7871130	121184288.00
2012/03/19	15.07	15.09	14.69	15.03	6026884	95031440.00
2012/03/20	14.98	14.98	14.54	14.57	3900217	60610444.00
2012/03/21	14.67	14.82	14.37	14.57	2879215	44423720.00
2012/03/22	14.56	14.71	14.33	14.41	1753477	26772112.00
2012/03/23	14.37	14.45	14.03	14.14	2567959	38803340.00
2012/03/26	14.03	14.36	14.03	14.17	1672470	25093028.00
2012/03/27	14.27	14.33	14.02	14.03	2001380	30003280.00
2012/03/28	14.03	14.12	13.27	13.35	3189162	46055148.00
2012/03/29	13.23	13.54	12.91	13.08	2260667	31772470.00
2012/03/30	13.19	13.54	13.05	13.35	1736124	24540422.00
2012/04/05	13.29	13.73	13.18	13.63	2910220	41829512.00
2012/04/06	13.63	13.77	13.57	13.64	3072659	44506780.00
2012/04/09	13.65	13.72	13.17	13.31	2133173	30591168.00
2012/04/10	13.31	13.52	13.03	13.49	2136453	30076684.00
2012/04/11	13.39	13.47	13.19	13.34	2200603	31076026.00
2012/04/12	13.42	13.67	13.28	13.65	4177524	59863500.00
2012/04/13	13.68	13.93	13.62	13.75	5690501	83078824.00
2012/04/16	13.81	14.17	13.67	13.92	5151755	75752296.00
2012/04/17	13.97	14.02	13.64	13.84	4354327	63694340.00
2012/04/18	13.89	14.24	13.88	14.24	4987244	74387496.00
2012/04/19	14.38	14.38	13.79	13.86	6034539	87542456.00
2012/04/20	13.86	14.13	13.80	14.02	4189846	60777720.00
2012/04/23	14.11	14.14	13.75	14.03	6584229	94930520.00
2012/04/24	13.92	14.22	13.58	14.06	6130012	87958016.00
2012/04/25	14.15	14.17	13.96	14.12	5517044	80413000.00
2012/04/26	14.22	14.34	13.90	14.21	7142861	104447856.00
2012/04/27	14.10	14.13	13.69	13.76	5506406	79149688.00
2012/05/02	13.87	14.16	13.75	14.05	8106683	117164696.00
2012/05/03	14.02	14.35	13.96	14.19	7298675	107019288.00
2012/05/04	14.12	14.90	14.12	14.84	14322175	214973216.00
2012/05/07	14.70	15.10	14.59	15.05	10034130	154888592.00
2012/05/08	15.00	15.15	14.85	15.05	6740929	104333728.00
2012/05/09	14.91	14.95	14.57	14.78	5110250	77989152.00
2012/05/10	14.94	15.09	14.79	14.90	3442241	53069348.00
2012/05/11	14.81	15.06	14.81	14.89	3857698	59595252.00
2012/05/14	15.10	15.18	14.87	14.96	5797763	89946696.00
2012/05/15	14.80	15.14	14.78	15.06	6073082	94307528.00
2012/05/16	15.20	15.30	14.90	15.03	5372210	83754368.00
2012/05/17	15.03	15.20	14.70	15.05	4147016	64130148.00
2012/05/18	14.95	15.24	14.84	15.02	3669509	57062384.00
2012/05/21	15.02	15.36	14.90	15.09	2720446	42412928.00
2012/05/22	15.27	15.27	14.80	14.98	3834895	59468560.00
2012/05/23	14.99	15.05	14.41	14.66	5524908	83838472.00
2012/05/24	14.60	14.97	14.59	14.71	2450241	37348888.00
2012/05/25	14.78	14.78	14.32	14.44	2108346	31558822.00
2012/05/28	14.42	14.70	14.30	14.59	3444204	51633988.00
2012/05/29	14.55	14.95	14.48	14.80	3793455	57837536.00
2012/05/30	14.80	14.95	14.62	14.63	2231149	33957044.00
2012/05/31	14.58	14.74	14.46	14.47	2811984	42366656.00
2012/06/01	14.50	14.56	14.18	14.22	2590666	38449812.00
2012/06/04	14.23	14.35	14.08	14.15	2308480	33946032.00
2012/06/05	14.22	14.34	14.10	14.12	1129207	16561741.00
2012/06/06	14.12	14.18	13.90	13.96	1398351	20309566.00
2012/06/07	14.11	14.15	13.82	13.83	2091879	30215408.00
2012/06/08	13.88	13.98	13.71	13.90	1227825	17650440.00
2012/06/11	13.91	14.23	13.91	14.21	1726578	25241808.00
2012/06/12	14.10	14.57	14.07	14.37	2594727	38444476.00
2012/06/13	14.37	14.69	14.12	14.53	2582284	38653420.00
2012/06/14	14.61	14.78	14.42	14.51	3194966	48240488.00
2012/06/15	14.69	14.80	14.30	14.70	2632084	39776392.00
2012/06/18	14.58	14.67	14.47	14.53	2018137	30429460.00
2012/06/19	14.53	14.68	14.45	14.62	2068856	31242528.00
2012/06/20	14.68	14.89	14.56	14.69	2703047	41081776.00
2012/06/21	14.73	14.73	14.42	14.58	1303542	19563434.00
2012/06/25	14.56	14.56	13.95	14.05	3992191	58475324.00
2012/06/26	14.00	14.18	13.69	14.03	1941392	27940576.00
2012/06/27	14.03	14.08	13.75	13.88	1844847	26462462.00
2012/06/28	14.07	14.29	13.89	13.94	2777623	40454948.00
2012/07/02	14.27	14.60	14.00	14.31	4740951	70259464.00
2012/07/03	14.37	14.56	13.98	14.25	4082363	60373064.00
2012/07/04	14.12	14.49	14.12	14.45	3614690	53736056.00
2012/07/05	14.34	14.38	13.97	14.10	3179707	46669928.00
2012/07/06	14.10	14.22	13.96	14.04	3870913	56393476.00
2012/07/09	14.00	14.28	13.91	14.04	7178266	105169776.00
2012/07/10	14.19	14.19	13.48	13.76	4832452	69041896.00
2012/07/11	13.70	13.79	13.34	13.50	3934714	54976392.00
2012/07/12	13.49	13.90	13.35	13.65	6664155	94033376.00
2012/07/13	13.55	13.68	13.36	13.45	2869906	40125884.00
2012/07/16	13.50	13.50	12.06	12.17	10033475	129976488.00
2012/07/17	12.13	12.59	12.08	12.20	3567647	45587472.00
2012/07/18	12.19	12.41	11.91	12.35	3553871	44865284.00
2012/07/19	12.30	12.75	12.19	12.61	5444420	71277344.00
2012/07/20	12.60	12.80	12.27	12.38	3077527	39888420.00
2012/07/23	12.29	12.67	12.01	12.55	4053265	52861916.00
2012/07/24	12.50	12.85	12.35	12.67	3367696	44378876.00
2012/07/25	12.68	12.97	12.62	12.82	4906300	65444556.00
2012/07/26	12.83	12.84	12.62	12.63	2685069	35475800.00
2012/07/27	12.65	12.92	12.10	12.43	3452428	44763428.00
2012/07/30	12.32	12.69	12.32	12.43	3221956	41946556.00
2012/07/31	12.40	12.61	12.35	12.41	2472134	32060594.00
2012/08/01	12.46	12.68	12.40	12.60	2223198	29018534.00
2012/08/02	12.53	12.65	12.39	12.50	2405268	31229346.00
2012/08/03	12.55	12.84	12.47	12.75	4058630	53371304.00
2012/08/06	12.68	12.95	12.67	12.90	3429913	45791228.00
2012/08/07	12.88	13.13	12.79	13.02	3308500	44548588.00
2012/08/08	12.91	13.10	12.71	12.90	2801062	37374980.00
2012/08/09	12.91	13.52	12.81	13.37	4425743	60753132.00
2012/08/10	13.37	13.90	13.37	13.49	4490019	63021664.00
2012/08/13	13.33	13.58	13.21	13.35	3061458	42708348.00
2012/08/14	13.40	13.53	12.84	13.29	4278847	58102688.00
2012/08/15	13.26	13.33	12.97	13.11	1896537	25805282.00
2012/08/16	13.10	13.29	13.00	13.00	1205708	16410575.00
2012/08/17	12.95	12.95	11.71	12.28	6253474	79491544.00
2012/08/20	12.08	12.20	11.97	12.08	1952336	24560836.00
2012/08/21	12.15	12.29	11.98	12.17	3487907	44028680.00
2012/08/22	12.14	12.24	11.89	11.94	3047038	38229844.00
2012/08/23	11.94	12.36	11.91	12.20	4378965	55299556.00
2012/08/24	12.33	12.33	11.98	11.98	3068104	38709724.00
2012/08/27	11.92	12.15	11.80	11.86	2122486	26495520.00
2012/08/28	11.80	11.98	11.61	11.80	2700753	33162014.00
2012/08/29	11.70	11.93	11.60	11.69	2620370	32055180.00
2012/08/30	11.79	11.79	10.91	11.08	2791051	33135156.00
2012/08/31	11.08	11.26	11.02	11.18	1873718	21784014.00
2012/09/03	11.20	11.49	11.07	11.43	2807401	33314718.00
2012/09/04	11.50	11.53	11.35	11.36	2297166	27376420.00
2012/09/05	11.40	11.43	11.14	11.34	1866283	21997820.00
2012/09/06	11.38	11.69	11.38	11.45	1873263	22501168.00
2012/09/07	11.51	11.95	11.50	11.79	4769570	58370724.00
2012/09/10	11.80	11.96	11.66	11.79	4810467	58849896.00
2012/09/11	11.75	12.05	11.66	11.97	5068171	62697112.00
2012/09/12	12.04	12.05	11.80	11.86	2474339	30661074.00
2012/09/13	11.89	11.90	11.51	11.51	2408816	29437844.00
2012/09/14	11.57	11.78	11.37	11.63	3361582	40607196.00
2012/09/17	11.56	11.59	11.16	11.17	1757487	20788840.00
2012/09/18	11.18	11.20	10.89	11.00	2228170	25628544.00
2012/09/19	11.00	11.28	10.85	11.16	3467236	39957928.00
2012/09/20	11.03	11.09	10.85	10.91	1981397	22639752.00
2012/09/21	10.91	11.15	10.78	10.92	2005642	22933568.00
2012/09/24	10.90	11.07	10.58	10.91	3785231	42970684.00
2012/09/25	10.90	11.02	10.79	11.01	3503943	40141008.00
2012/09/26	10.98	11.16	10.68	10.70	2650469	30155450.00
2012/09/27	10.70	11.77	10.70	11.08	3765371	44173264.00
2012/09/28	11.19	11.25	10.91	11.19	5306402	61673220.00
2012/10/08	11.19	11.35	11.07	11.27	2538976	29687864.00
2012/10/09	11.27	11.49	11.21	11.42	3447737	41025944.00
2012/10/10	11.40	11.54	11.35	11.47	2143222	25633898.00
2012/10/11	11.40	11.47	10.98	11.00	3155127	36807868.00
2012/10/12	11.05	11.36	10.75	10.94	3069600	35106408.00
2012/10/15	10.70	10.70	10.00	10.21	5691964	61141572.00
2012/10/16	10.22	10.29	10.12	10.20	2446762	26210984.00
2012/10/17	10.25	10.28	9.58	9.68	9388110	95994368.00
2012/10/18	9.60	9.81	9.60	9.74	10498633	107424552.00
2012/10/19	9.74	9.95	9.63	9.87	10536834	107837352.00
2012/10/22	9.80	9.86	9.70	9.78	7287896	74796824.00
2012/10/23	9.79	9.80	9.64	9.65	7612572	77498256.00
2012/10/24	9.59	9.77	9.47	9.51	8610182	86977416.00
2012/10/25	9.50	9.57	9.25	9.31	7166333	71024184.00
2012/10/26	9.31	9.32	8.65	8.72	8573704	80121696.00
2012/10/29	8.69	8.69	8.55	8.60	4128371	37553012.00
2012/10/30	8.62	8.95	8.56	8.90	6389129	59088932.00
2012/10/31	8.89	9.14	8.76	8.99	5304636	50037052.00
2012/11/01	8.97	9.15	8.88	8.94	6480388	61385552.00
2012/11/02	8.93	8.97	8.69	8.79	6068411	56433040.00
2012/11/05	8.76	8.94	8.76	8.86	4353742	40753824.00
2012/11/06	8.86	8.93	8.70	8.77	3659748	34017916.00
2012/11/07	8.77	8.88	8.75	8.80	2980816	27763190.00
2012/11/08	8.77	8.77	8.52	8.58	3506733	31932120.00
2012/11/09	8.67	9.06	8.66	8.91	11092784	104181120.00
2012/11/12	8.92	8.94	8.78	8.85	5032717	47084056.00
2012/11/13	8.85	8.87	8.54	8.59	3915257	35715676.00
2012/11/14	8.59	8.59	8.31	8.38	4047915	36017988.00
2012/11/15	8.37	8.56	8.23	8.26	3686044	32656172.00
2012/11/16	8.25	8.25	7.95	8.02	3675582	31358642.00
2012/11/19	8.02	8.02	7.83	7.95	1946036	16368992.00
2012/11/20	8.01	8.45	7.96	8.14	11248202	98001096.00
2012/11/21	8.07	8.20	7.85	8.14	5912498	50348524.00
2012/11/22	8.09	8.35	8.03	8.27	9378341	81845896.00
2012/11/23	8.22	8.50	8.21	8.38	6103562	54010988.00
2012/11/26	8.30	8.55	8.23	8.39	6513731	57779820.00
2012/11/27	8.43	8.49	8.12	8.23	5732544	50363904.00
2012/11/28	8.30	8.30	7.85	7.89	3911934	33384094.00
2012/11/29	7.99	8.02	7.63	7.84	4557697	38064588.00
2012/11/30	7.73	7.97	7.69	7.87	2805913	23398186.00
2012/12/03	7.88	7.90	7.65	7.75	2742570	22666436.00
2012/12/04	7.75	7.77	7.49	7.77	5309108	43081340.00
2012/12/05	7.70	8.27	7.59	8.18	12148160	103583320.00
2012/12/06	8.11	8.35	8.06	8.21	7903011	68641528.00
2012/12/07	8.19	8.99	8.16	8.71	21015728	191973504.00
2012/12/10	8.68	9.04	8.61	8.93	14941869	139806064.00
2012/12/11	8.88	8.89	8.70	8.72	8185718	75989344.00
2012/12/12	8.68	8.79	8.51	8.73	6964846	63725140.00
2012/12/13	8.70	8.92	8.60	8.73	7172085	66328704.00
2012/12/14	8.71	9.27	8.65	9.24	16460482	156452448.00
2012/12/17	9.24	9.55	8.98	9.06	12415041	119417112.00
2012/12/18	9.04	9.25	8.78	8.87	15384032	146804976.00
2012/12/19	8.52	8.95	8.40	8.87	13337726	122641744.00
2012/12/20	8.90	9.14	8.74	9.11	13169129	125252904.00
2012/12/21	9.10	9.92	9.06	9.83	27112219	272521952.00
2012/12/24	9.73	10.04	9.56	10.03	16037803	165928672.00
2012/12/25	9.96	10.24	9.73	10.20	13897969	146792640.00
2012/12/26	10.17	10.20	9.86	10.08	11700906	123498648.00
2012/12/27	10.18	10.18	9.81	9.84	7415242	77539536.00
2012/12/28	9.83	10.14	9.83	10.02	7568974	79371304.00
2012/12/31	9.92	10.49	9.92	10.18	7698249	82451232.00
2013/01/04	10.20	10.50	9.86	10.00	5879239	62061384.00
2013/01/07	9.90	10.06	9.87	9.98	4656303	48762968.00
2013/01/08	10.04	10.21	9.89	10.14	7178777	76128744.00
2013/01/09	10.15	10.68	10.07	10.56	14805481	161827312.00
2013/01/10	10.58	11.14	10.41	11.00	14771380	167852272.00
2013/01/11	11.00	11.28	10.80	11.07	15404146	178967504.00
2013/01/14	11.07	11.77	10.92	11.75	12120093	145240320.00
2013/01/15	11.79	12.30	11.76	12.21	11793686	148954816.00
2013/01/16	12.20	12.33	11.82	11.92	9855880	123174880.00
2013/01/17	11.85	11.93	11.51	11.69	7808655	95241208.00
2013/01/18	11.73	12.27	11.73	11.97	7679633	95714232.00
2013/01/21	12.17	12.29	11.76	12.22	9101126	114195784.00
2013/01/22	12.27	12.80	11.72	12.07	7872829	99030696.00
2013/01/23	12.23	12.23	11.11	11.42	6596434	79002040.00
2013/01/24	11.22	11.70	10.68	11.23	10937700	127965384.00
2013/01/25	11.23	11.23	10.78	10.93	8661969	99069232.00
2013/01/28	10.93	11.29	10.78	11.11	7745441	89390144.00
2013/01/29	11.03	11.60	11.03	11.15	10968493	128755312.00
2013/01/30	11.22	11.33	11.01	11.16	5583532	64993096.00
2013/01/31	11.29	11.47	11.11	11.31	8793426	103370200.00
2013/02/01	11.57	11.80	11.38	11.44	10812661	130421432.00
2013/02/04	11.31	11.65	10.70	10.70	10794392	124113528.00
2013/02/05	10.74	10.89	10.48	10.73	6879680	76414488.00
2013/02/06	10.68	11.00	10.60	10.90	6419523	72887176.00
2013/02/07	11.00	11.25	10.81	11.05	5320305	61305204.00
2013/02/08	11.05	11.27	10.99	11.16	7113332	82642256.00
2013/02/18	11.30	11.70	11.18	11.41	8374788	99624240.00
2013/02/19	11.50	11.64	11.16	11.45	7357236	87610280.00
2013/02/20	11.53	11.53	11.10	11.45	7553796	89271960.00
2013/02/21	11.30	11.60	11.15	11.34	7919109	94119512.00
2013/02/22	11.33	11.44	11.16	11.28	3880036	45771712.00
2013/02/25	11.37	11.80	11.25	11.78	12792774	154513424.00
2013/02/26	11.83	12.10	11.46	11.48	9439968	115589032.00
2013/02/27	11.29	11.58	11.20	11.52	8049679	95658728.00
2013/05/03	10.32	10.98	10.32	10.56	28963842	317817696.00
2013/05/06	10.39	10.96	10.32	10.95	10715868	119377440.00
2013/05/07	10.75	11.13	10.75	10.82	6919609	79194456.00
2013/05/08	10.81	10.95	10.68	10.77	5215185	58954656.00
2013/05/09	10.61	10.92	10.61	10.85	7154545	81065568.00
2013/05/10	10.72	11.69	10.65	11.56	11875362	140342016.00
2013/05/13	11.77	11.95	11.36	11.87	13892451	169934976.00
2013/05/14	11.88	12.06	11.47	11.67	7338941	89412840.00
2013/05/15	11.61	12.18	11.61	11.95	7949319	98082336.00
2013/05/16	11.85	12.24	11.75	12.03	9809739	122879848.00
2013/05/17	12.17	12.28	12.03	12.19	7727885	97788552.00
2013/05/20	12.20	12.60	12.20	12.23	9340468	120272608.00
2013/05/21	12.23	12.36	11.95	12.30	6330778	79994360.00
2013/05/22	12.26	12.70	12.25	12.48	8684937	112478088.00
2013/05/23	12.59	12.77	12.18	12.32	6203755	80072536.00
2013/05/24	12.37	12.37	11.91	12.16	6642562	83574424.00
2013/05/27	12.14	12.39	12.01	12.25	6235831	79425024.00
2013/05/28	12.29	12.45	12.09	12.32	4668239	59655812.00
2013/05/29	12.42	12.56	12.20	12.35	5665712	72933912.00
2013/05/30	12.35	12.42	12.12	12.31	4888212	62630304.00
2013/05/31	12.23	12.44	12.20	12.25	3296881	42230068.00
2013/06/03	12.31	12.37	11.86	11.88	5845931	73241120.00
2013/06/04	11.83	12.26	11.59	11.75	4725432	58341316.00
2013/06/05	11.75	11.97	11.26	11.45	4680150	56413908.00
2013/06/06	11.55	11.64	11.30	11.49	3826728	45882056.00
2013/06/07	11.51	11.65	10.78	11.09	4639735	54085176.00
2013/06/13	10.78	11.05	10.41	10.99	4230240	47216760.00
2013/06/14	10.97	11.14	10.70	10.90	3322615	37921372.00
2013/06/17	10.81	11.09	10.70	10.80	3180334	36022176.00
2013/06/18	10.89	11.15	10.81	10.97	3588067	41116396.00
2013/06/19	10.98	11.52	10.77	11.52	8909532	105443384.00
2013/06/20	11.48	11.80	11.13	11.18	4516752	54214788.00
2013/06/21	10.80	11.35	10.68	11.19	2385681	27646806.00
2013/06/24	11.09	11.33	10.13	10.45	6121715	67879072.00
2013/06/25	10.23	10.48	9.36	9.88	13679995	138886992.00
2013/06/26	9.95	9.95	9.10	9.53	8555634	84878992.00
2013/06/27	9.42	9.62	8.90	8.90	6892772	67838552.00
2013/06/28	8.84	8.84	8.36	8.54	10252576	92710112.00
2013/07/01	8.44	8.93	8.36	8.88	6512923	60260256.00
2013/07/02	8.88	9.82	8.88	9.75	9439713	95198040.00
2013/07/03	9.75	9.87	9.45	9.70	5656330	57371708.00
2013/07/04	9.71	9.78	9.46	9.57	4064346	41156396.00
2013/07/05	9.70	9.90	9.52	9.60	6666513	68038616.00
2013/07/08	9.50	9.74	9.18	9.24	4455364	44228868.00
2013/07/09	9.20	9.34	8.50	8.69	5943426	55645828.00
2013/07/10	8.68	9.34	8.47	9.27	5498712	50959208.00
2013/07/11	9.17	9.80	9.08	9.64	6452875	65097756.00
2013/07/12	9.64	9.91	9.60	9.60	5486814	56550804.00
2013/07/15	9.50	9.85	9.37	9.72	4301000	43499124.00
2013/07/16	9.60	10.34	9.55	10.13	5580231	59383980.00
2013/07/17	10.10	10.59	9.78	9.89	5799066	61460148.00
2013/07/18	9.86	10.35	9.73	9.88	3622130	37815536.00
2013/07/19	9.92	10.30	9.78	9.90	4024217	42302468.00
2013/07/22	9.68	9.76	9.20	9.74	5686805	56875236.00
2013/07/23	9.71	10.07	9.58	10.00	3849915	39956980.00
2013/07/24	9.85	10.27	9.76	9.97	2437900	25488462.00
2013/07/25	10.03	10.10	9.70	9.78	1939954	20024554.00
2013/07/26	9.60	9.75	9.31	9.43	3113210	30948654.00
2013/07/29	9.28	9.65	9.22	9.40	2592682	25828316.00
2013/07/30	9.59	9.68	9.26	9.53	1987104	20015196.00
2013/07/31	9.51	9.73	9.49	9.58	2134188	21510636.00
2013/08/01	9.66	9.75	9.45	9.73	6167534	62284144.00
2013/08/02	9.76	10.10	9.70	10.04	8154452	85480120.00
2013/08/05	10.04	11.09	10.04	11.09	19473894	219820416.00
2013/08/06	11.08	11.48	10.97	11.42	15511850	182137504.00
2013/08/07	11.44	11.49	11.10	11.35	4733789	55802152.00
2013/08/08	11.34	11.48	10.97	11.01	6844810	79897008.00
2013/08/09	11.14	11.28	10.73	11.14	5402830	62367204.00
2013/08/12	11.05	11.36	10.85	11.10	5782611	67126360.00
2013/08/13	11.05	11.37	10.93	11.37	5102047	60000916.00
2013/08/14	11.41	12.12	11.37	11.63	9792568	119860960.00
2013/08/15	11.61	11.75	11.10	11.19	5210178	61622232.00
2013/08/16	11.14	11.28	10.70	10.81	6631865	76510832.00
2013/08/19	11.09	11.22	10.57	10.79	6513980	73554800.00
2013/08/20	10.77	11.00	10.70	10.80	3497390	39648840.00
2013/08/21	10.99	11.08	10.75	10.89	2746999	31264596.00
2013/08/22	10.88	11.03	10.77	10.90	4012601	45875192.00
2013/08/23	10.88	10.98	10.46	10.69	5176006	57548488.00
2013/08/26	10.60	10.85	10.57	10.80	3764768	42264808.00
2013/08/27	10.84	10.96	10.63	10.81	2998882	33871184.00
2013/08/28	10.73	10.81	10.30	10.40	4241756	46820624.00
2013/08/29	10.60	10.60	10.20	10.29	2341568	25333546.00
2013/08/30	10.24	10.28	9.83	9.89	3604376	38051572.00
2013/09/02	9.89	10.51	9.81	10.47	5220228	56223872.00
2013/09/03	10.50	10.79	10.34	10.46	6816577	75504992.00
2013/09/04	10.47	10.61	10.30	10.34	2515669	27379900.00
2013/09/05	10.34	10.60	9.91	10.29	4910726	52678856.00
2013/09/06	10.12	10.25	9.97	10.12	4320333	45677996.00
2013/09/09	10.08	10.38	9.90	10.23	4628184	49154664.00
2013/09/10	10.21	10.37	10.17	10.30	2873095	30927002.00
2013/09/11	10.31	10.70	10.12	10.35	8601663	93372208.00
2013/09/12	10.30	10.58	10.23	10.35	6333061	69113248.00
2013/09/13	10.35	10.42	10.10	10.24	3204193	34391724.00
2013/09/16	10.32	10.32	10.00	10.09	3069281	32743368.00
2013/09/17	10.02	10.10	9.71	9.71	3895457	40334512.00
2013/09/18	9.72	9.86	9.71	9.76	1913140	19659036.00
2013/09/23	9.80	9.80	9.56	9.66	8516909	86245240.00
2013/09/24	9.63	9.66	9.49	9.54	5276222	52952184.00
2013/09/25	9.60	9.65	9.48	9.56	4479227	45064768.00
2013/09/26	9.52	9.99	9.20	9.72	10778268	108685224.00
2013/09/27	9.49	9.53	9.26	9.29	8385034	82753016.00
2013/09/30	9.29	9.45	9.10	9.20	5384570	52450896.00
2013/10/08	9.20	9.59	9.17	9.54	6659980	66170932.00
2013/10/09	9.58	9.72	9.42	9.63	5461476	55147912.00
2013/10/10	9.51	9.63	9.30	9.37	5184469	51518252.00
2013/10/11	9.36	9.62	9.35	9.54	5235584	52464400.00
2013/10/14	9.54	10.32	9.50	10.10	12827640	134486864.00
2013/10/15	10.20	10.42	9.80	9.91	12866164	136028576.00
2013/10/16	9.85	9.90	9.61	9.66	7160026	73077696.00
2013/10/17	9.62	9.73	9.52	9.63	5710361	57764284.00
2013/10/18	9.67	9.70	9.52	9.61	3456660	34999492.00
2013/10/21	9.56	9.79	9.42	9.73	6594272	66615356.00
2013/10/22	9.70	9.96	9.64	9.87	5253008	54119776.00
2013/10/23	9.88	9.89	9.51	9.67	3604932	36594828.00
2013/10/24	9.55	9.80	9.49	9.61	3244116	32919456.00
2013/10/25	9.48	9.59	9.09	9.38	6909968	67750704.00
2013/10/28	9.44	9.82	9.40	9.65	8610458	87261752.00
2013/10/29	9.78	9.94	9.65	9.92	10504800	108173288.00
2013/10/30	9.89	10.25	9.86	10.10	9209640	97536568.00
2013/10/31	10.10	10.21	9.79	9.80	5355825	56516412.00
2013/11/01	9.88	10.17	9.76	10.15	4845508	50744376.00
2013/11/04	10.15	10.65	10.12	10.47	9739401	106045640.00
2013/11/05	10.47	11.08	10.21	10.80	9660570	108453120.00
2013/11/06	10.78	10.97	10.61	10.61	9394260	106116584.00
2013/11/07	10.77	11.13	10.61	10.91	12025478	137724448.00
2013/11/08	10.73	10.92	10.40	10.90	5928487	66288064.00
2013/11/11	10.90	10.99	10.25	10.40	6189240	67819040.00
2013/11/12	10.39	10.39	9.95	10.00	8708346	92525736.00
2013/11/13	9.78	10.28	9.67	10.16	11231480	118680592.00
2013/11/14	10.13	10.14	9.84	10.04	5310647	55657792.00
2013/11/15	10.04	10.35	9.87	9.98	8333454	88638408.00
2013/11/18	9.99	10.59	9.99	10.52	10915058	119113368.00
2013/11/19	10.53	10.80	10.35	10.76	6476443	72009768.00
2013/11/20	10.79	10.86	10.43	10.78	5474393	60701264.00
2013/11/21	10.65	11.00	10.51	10.83	5174149	58396292.00
2013/11/22	10.96	11.06	10.56	10.59	4325808	48748908.00
2013/11/25	10.48	10.67	10.42	10.48	2599296	28658488.00
2013/11/26	10.41	10.63	10.38	10.47	2240992	24630638.00
2013/11/27	10.53	10.78	10.49	10.57	3071072	34191944.00
2013/11/28	10.51	10.65	10.49	10.53	4129709	45654740.00
2013/11/29	10.54	10.58	10.30	10.40	3252262	35403108.00
2013/12/02	10.21	10.27	9.80	9.88	5599179	58825300.00
2013/12/03	9.83	10.00	9.70	9.96	2028910	21033288.00
2013/12/04	9.90	10.80	9.90	10.63	11000918	118632480.00
2013/12/05	10.60	10.65	10.30	10.41	4887942	53596100.00
2013/12/06	10.28	10.69	10.28	10.54	3320551	36674432.00
2013/12/09	10.53	10.69	10.52	10.55	3467721	38572200.00
2013/12/10	10.55	10.60	10.37	10.41	1714361	18776598.00
2013/12/11	10.31	10.45	10.11	10.30	2084738	22405280.00
2013/12/12	10.19	10.35	10.19	10.31	1281928	13821802.00
2013/12/13	10.19	10.31	10.06	10.20	2775904	29564678.00
2013/12/16	10.25	10.28	9.92	9.92	1752400	18523644.00
2013/12/17	9.89	10.03	9.80	9.96	1098645	11476591.00
2013/12/18	9.90	10.00	9.75	9.79	1986553	20586774.00
2013/12/19	9.79	9.82	9.28	9.40	4284941	43224444.00
2013/12/20	9.44	9.44	9.13	9.20	2894942	28332352.00
2013/12/23	9.20	9.20	8.30	8.63	6541206	59581532.00
2013/12/24	8.55	8.76	8.53	8.68	3803122	34843500.00
2013/12/25	8.72	8.73	8.47	8.63	2857805	25953768.00
2013/12/26	8.56	8.86	8.56	8.80	5233223	48437448.00
2013/12/27	8.81	9.22	8.73	9.20	4472440	42748140.00
2013/12/30	9.20	9.52	9.18	9.36	3860321	38149424.00
2013/12/31	9.24	9.36	8.99	9.13	3261629	31483850.00
2014/01/02	9.11	9.24	9.00	9.09	2259488	21654984.00
2014/01/03	9.00	9.19	9.00	9.14	2211449	21269040.00
2014/01/06	9.14	9.15	8.64	8.64	2347998	21858326.00
2014/01/07	8.58	8.76	8.53	8.76	1584456	14528502.00
2014/01/08	8.80	8.80	8.67	8.75	1588451	14696639.00
2014/01/09	8.70	8.93	8.70	8.81	1435561	13389781.00
2014/01/10	8.75	8.81	8.50	8.73	3318294	30190194.00
2014/01/13	8.74	9.28	8.74	8.87	1845057	17361062.00
2014/01/14	8.87	9.08	8.61	8.90	4861815	45501136.00
2014/01/15	8.91	8.94	8.73	8.77	1840434	17131804.00
2014/01/16	8.77	9.07	8.72	8.77	2107761	19572090.00
2014/01/17	8.77	8.85	8.30	8.36	5808972	52372168.00
2014/01/20	8.47	8.49	7.90	8.08	7434609	64870776.00
2014/01/21	8.06	8.14	7.98	8.06	3809410	32542634.00
2014/01/22	8.04	8.22	7.95	8.17	6282407	54017820.00
2014/01/23	8.13	8.16	8.11	8.13	3704911	31977250.00
2014/01/24	8.13	8.20	8.10	8.17	4810947	41646476.00
2014/01/27	8.15	8.16	7.90	7.92	7929296	67126472.00
2014/01/28	7.86	7.87	7.72	7.83	5152672	42775368.00
2014/01/29	7.82	7.82	7.73	7.75	3631107	30005680.00
2014/01/30	7.75	7.77	7.63	7.63	3819377	31197522.00
2014/02/07	7.51	7.64	7.51	7.64	4852673	39184976.00
2014/02/10	7.70	7.87	7.65	7.86	5853186	48463508.00
2014/02/11	7.83	7.99	7.79	7.91	6897425	58157248.00
2014/02/12	7.92	8.12	7.81	8.09	7416904	62698300.00
2014/02/13	8.05	8.08	7.88	7.89	5156507	43676600.00
2014/02/14	7.89	8.09	7.89	8.06	4953127	42177904.00
2014/02/17	8.11	8.16	7.98	8.12	5836201	49947284.00
2014/02/18	8.12	8.12	7.90	7.97	5995874	50813380.00
2014/02/19	7.98	8.04	7.88	8.04	4251727	36042668.00
2014/02/20	8.05	8.15	7.96	8.13	7382554	63267112.00
2014/02/21	8.11	8.35	8.11	8.27	9142210	79918488.00
2014/02/24	8.33	8.33	7.98	8.13	6099501	52428972.00
2014/02/25	8.12	8.13	7.53	7.67	6065505	50924696.00
2014/02/26	7.67	7.85	7.54	7.77	4296016	35056904.00
2014/02/27	7.78	7.82	7.53	7.55	4758293	38933564.00
2014/02/28	7.54	7.54	7.23	7.43	5102846	40010968.00
2014/03/03	7.41	7.55	7.35	7.53	3852012	30635816.00
2014/03/04	7.54	7.55	7.39	7.42	4870727	38564100.00
2014/03/05	7.50	7.62	7.33	7.62	8904547	70846336.00
2014/03/06	7.58	7.77	7.52	7.71	6641035	54133696.00
2014/03/07	7.98	8.30	7.84	7.96	12763261	109370432.00
2014/03/10	7.83	8.12	7.80	7.98	6790242	57589452.00
2014/03/11	7.95	8.00	7.76	7.83	4457151	37242128.00
2014/03/12	7.83	7.83	7.68	7.75	3885151	32042050.00
2014/03/13	7.71	8.29	7.71	8.28	9044334	77594152.00
2014/03/14	8.17	8.24	8.05	8.14	5941952	51349272.00
2014/03/17	8.22	8.55	8.15	8.37	9624043	85501808.00
2014/03/18	8.38	9.09	8.38	8.91	14237297	132218000.00
2014/03/19	8.90	8.92	8.69	8.78	6644309	61619984.00
2014/03/20	8.78	8.88	8.48	8.50	6519290	59701432.00
2014/03/21	8.45	8.70	8.10	8.63	6483175	57606460.00
2014/03/24	8.53	8.76	8.51	8.66	4189813	38379488.00
2014/03/25	8.69	8.70	8.41	8.45	4337862	39224152.00
2014/03/26	8.40	8.50	8.34	8.41	3973597	35333704.00
2014/03/27	8.38	8.55	8.29	8.38	4093333	36460864.00
2014/03/28	8.35	8.43	8.21	8.24	3325090	29266460.00
2014/03/31	8.20	8.30	8.16	8.24	2706204	23598892.00
2014/04/01	8.28	8.88	8.24	8.69	10354602	94894904.00
2014/04/02	8.60	8.77	8.58	8.75	4475216	41085852.00
2014/04/03	8.79	9.00	8.67	8.72	4599629	43028440.00
2014/04/04	8.72	8.95	8.67	8.78	3694598	34538072.00
2014/04/08	8.78	8.95	8.75	8.87	3625019	34016128.00
2014/04/09	8.95	9.03	8.87	8.95	3712772	35106768.00
2014/04/10	8.90	9.04	8.81	8.89	3063645	28901044.00
2014/04/11	8.89	8.99	8.72	8.77	3305298	30890512.00
2014/04/14	8.77	9.70	8.69	9.57	16342530	163320752.00
2014/04/15	9.42	10.00	9.35	9.80	14746789	151575776.00
2014/04/16	9.70	10.27	9.66	9.70	11089964	116176376.00
2014/04/17	9.75	10.16	9.70	9.85	8747059	90949632.00
2014/04/18	9.75	9.98	9.66	9.80	3832334	39589328.00
2014/04/21	9.75	10.10	9.58	9.67	5454951	56237436.00
2014/04/22	9.60	9.94	9.48	9.88	4448843	45368240.00
2014/04/23	9.90	9.90	9.53	9.53	5532050	56286676.00
2014/04/24	9.53	9.79	9.22	9.76	6490504	65343412.00
2014/04/25	9.64	9.80	9.55	9.59	4620847	46905464.00
2014/04/28	9.68	9.69	9.25	9.33	4324684	42736684.00
2014/04/29	9.23	9.67	9.23	9.66	4052256	40320448.00
2014/04/30	9.59	10.00	9.59	9.85	4197431	43172744.00
2014/05/05	9.84	10.89	9.79	10.51	12669549	137803984.00
2014/05/06	10.44	11.29	10.40	10.64	11360230	128533400.00
2014/05/07	10.64	10.81	10.38	10.68	7298474	81567592.00
2014/05/08	10.67	10.96	10.45	10.62	6451823	72670128.00
2014/05/09	10.60	10.83	10.31	10.58	5146780	57084680.00
2014/05/12	10.70	10.82	10.46	10.75	3828751	42755676.00
2014/05/13	10.71	10.90	10.40	10.51	4310422	47903860.00
2014/05/14	10.49	10.88	10.43	10.84	6404956	72056016.00
2014/05/15	10.85	11.14	10.25	10.26	8477143	95063144.00
2014/05/16	10.26	10.58	9.90	10.40	9060835	98102664.00
2014/05/19	10.29	10.68	10.20	10.65	4724353	52044588.00
2014/05/20	10.65	10.87	10.28	10.62	4861162	53902476.00
2014/05/21	10.37	10.53	10.34	10.40	3757516	41100816.00
2014/05/22	10.45	10.62	10.35	10.42	3053646	33581836.00
2014/05/23	10.33	10.93	10.33	10.91	8029518	90059936.00
2014/05/26	10.92	11.03	10.76	10.94	6771663	77229680.00
2014/05/27	10.91	11.10	10.68	11.10	6197454	70497504.00
2014/05/28	11.02	11.06	10.73	10.80	8185557	93023664.00
2014/05/29	10.70	10.85	9.68	9.83	12904448	137221024.00
2014/05/30	9.74	10.01	9.65	9.71	5770395	59836580.00
2014/06/03	9.70	9.94	9.67	9.83	2583041	26653612.00
2014/06/04	9.85	9.85	9.40	9.47	5067129	50793996.00
2014/06/05	9.48	9.85	9.40	9.85	5026349	50621192.00
2014/06/06	9.90	10.01	9.43	9.60	6777989	69007032.00
2014/06/09	9.51	9.80	9.51	9.73	4915795	50040312.00
2014/06/10	9.76	9.99	9.68	9.85	8794678	91088408.00
2014/06/11	9.85	10.10	9.75	9.95	4147814	43375596.00
2014/06/12	9.95	10.01	9.81	9.92	2188097	22748620.00
2014/06/13	9.93	10.05	9.66	9.91	4795246	49902948.00
2014/06/16	9.92	10.40	9.86	10.33	8994613	96167664.00
2014/06/17	10.33	10.65	10.24	10.45	4125933	45194724.00
2014/06/18	10.43	10.58	10.33	10.55	2595842	28453676.00
2014/06/19	10.49	10.57	9.81	10.02	4080051	43735912.00
2014/06/20	9.96	10.95	9.96	10.51	6141337	67041512.00
2014/06/23	10.50	10.85	10.42	10.53	4541732	50535808.00
2014/06/24	10.69	10.69	10.39	10.49	2094157	22995538.00
2014/06/25	10.50	10.58	10.30	10.53	2318015	25429678.00
2014/06/26	10.48	10.94	10.48	10.89	6353386	71760816.00
2014/06/27	10.88	10.99	10.75	10.90	6821360	77769496.00
2014/06/30	10.89	11.22	10.89	11.09	7293084	84360072.00
2014/07/01	11.09	11.40	11.05	11.30	5764230	67977816.00
2014/07/02	11.30	11.49	11.07	11.30	4647122	54878540.00
2014/07/03	11.30	11.33	10.89	11.17	6263215	72422272.00
2014/07/04	11.10	12.34	10.94	11.50	8155864	97332832.00
2014/07/07	11.51	11.56	11.29	11.42	5352120	63810264.00
2014/07/08	11.43	11.55	11.13	11.41	3787703	44821892.00
2014/07/09	11.35	11.56	11.34	11.41	4317867	51738944.00
2014/07/10	11.45	11.51	11.30	11.40	2076444	24775960.00
2014/07/11	11.30	11.46	11.21	11.26	2448649	28935062.00
2014/07/14	11.20	12.00	11.02	11.75	5517722	66648400.00
2014/07/15	11.76	12.37	11.76	12.00	6915207	87079264.00
2014/07/16	11.90	12.41	11.88	12.20	5921579	75231968.00
2014/07/17	12.21	12.40	11.89	12.05	3386241	42735112.00
2014/07/18	11.89	12.09	11.82	12.00	2106593	26242398.00
2014/07/21	11.50	12.39	11.10	12.05	9276531	114943248.00
2014/07/22	11.84	12.65	11.83	12.50	11128162	144302976.00
2014/07/23	12.48	12.90	12.31	12.51	5194782	68306672.00
2014/07/24	12.40	12.44	11.70	12.08	9074704	113900040.00
2014/07/25	12.27	12.35	12.01	12.31	4135308	52483884.00
2014/07/28	12.31	12.49	12.19	12.32	5927466	76293976.00
2014/07/29	12.32	12.63	12.20	12.29	4593154	59126696.00
2014/07/30	12.21	12.45	12.05	12.20	3554950	45053152.00
2014/07/31	12.31	12.65	12.17	12.62	7944823	103245936.00
2014/08/01	12.65	13.36	12.65	13.25	9340558	127476744.00
2014/08/04	13.23	13.78	13.10	13.64	10041810	140772336.00
2014/08/05	13.52	13.69	13.35	13.54	5996794	84295616.00
2014/08/06	13.55	13.97	13.41	13.73	7297631	103704824.00
2014/08/07	13.78	14.15	13.61	13.76	5575992	80019688.00
2014/08/27	15.19	15.19	14.38	14.89	25966415	398785536.00
2014/08/28	14.35	14.60	13.56	14.45	12416806	182346656.00
2014/08/29	14.16	14.46	13.72	14.30	6496620	94823208.00
2014/09/01	14.18	14.30	13.95	14.20	5756273	84150664.00
2014/09/02	14.18	14.48	14.10	14.27	5987054	88405432.00
2014/09/03	14.90	15.75	14.75	14.95	13498143	212098928.00
2014/09/04	14.99	14.99	14.41	14.67	6435153	97370616.00
2014/09/05	14.52	14.69	14.40	14.50	3949463	59398044.00
2014/09/09	14.59	14.63	14.01	14.30	6685205	98459936.00
2014/09/10	14.21	14.52	14.05	14.43	4402216	65199156.00
2014/09/11	14.46	14.69	14.28	14.36	6679521	100140752.00
2014/09/12	14.48	14.49	14.30	14.43	2803154	41746624.00
2014/09/15	14.43	14.70	14.28	14.70	6772378	101747728.00
2014/09/16	14.75	14.78	14.15	14.15	5164684	76915008.00
2014/09/17	14.16	14.28	13.76	13.89	3748740	54244488.00
2014/09/18	13.92	14.48	13.90	14.37	4102336	60802304.00
2014/09/19	14.43	14.55	14.26	14.27	3067093	45655176.00
2014/09/22	14.30	14.30	13.80	13.98	3063502	44483872.00
2014/09/23	13.91	14.05	13.91	14.01	1978306	28677786.00
2014/09/24	14.00	14.16	13.85	14.13	3142332	45683888.00
2014/09/25	14.20	14.30	13.98	14.17	2843929	41674592.00
2014/09/26	14.10	14.42	14.05	14.37	4452783	66093072.00
2014/09/29	14.39	14.42	14.18	14.22	4536828	66950936.00
2014/09/30	14.25	14.36	14.09	14.18	3678716	54156724.00
2014/10/08	14.30	14.75	14.20	14.71	6293966	94547416.00
2014/10/09	14.70	14.80	14.30	14.35	6623139	99481824.00
2014/10/10	14.24	14.44	13.88	13.93	6386857	93570312.00
2014/10/13	13.89	13.89	13.46	13.60	5073573	71664256.00
2014/10/14	13.48	13.74	13.38	13.65	2780009	39289548.00
2014/10/15	13.66	13.84	13.60	13.79	1833249	26121842.00
2014/10/16	13.80	13.84	13.40	13.42	3470383	48842196.00
2014/10/17	13.38	13.47	13.15	13.32	2443278	33676224.00
2014/10/20	13.35	13.84	13.35	13.75	2728579	38885000.00
2014/10/21	13.78	14.31	13.66	14.15	4203501	61189332.00
2014/10/22	14.20	14.30	13.70	13.71	2565042	37053476.00
2014/10/23	13.72	13.73	13.49	13.54	1676273	23607562.00
2014/10/24	13.61	13.64	13.48	13.53	1567217	21982456.00
2014/10/27	13.53	13.90	13.46	13.90	1951757	27738846.00
2014/10/28	13.90	14.57	13.85	14.49	6270777	93145296.00
2014/10/29	14.48	14.67	14.31	14.56	4633201	69172744.00
2014/10/30	14.40	14.58	14.19	14.45	3265237	48938868.00
2014/10/31	14.40	14.41	13.90	14.12	4468036	65413704.00
2014/11/03	14.12	14.48	14.10	14.29	5265129	78031264.00
2014/11/04	14.20	14.25	13.50	13.64	6576638	93312112.00
2014/11/05	13.57	13.70	13.11	13.56	5475727	76204912.00
2014/11/06	13.56	13.56	13.31	13.49	2660720	37160036.00
2014/11/07	13.50	13.51	13.22	13.27	4557164	62878456.00
2014/11/10	13.28	13.35	13.18	13.23	3340455	45884840.00
2014/11/11	13.30	13.35	13.01	13.06	4454205	60835608.00
2014/11/12	13.08	13.55	13.07	13.50	5681500	79075640.00
2014/11/13	13.48	14.47	13.40	14.32	13650336	199979808.00
2014/11/14	14.15	14.28	13.80	13.97	5821019	84297904.00
2014/11/17	14.03	14.07	13.10	13.68	4124709	57812596.00
2014/11/18	13.60	14.38	13.48	14.05	5803170	84015928.00
2014/11/19	14.08	14.58	14.05	14.30	10582745	157669040.00
2014/11/20	14.39	14.41	14.11	14.20	3961437	58408924.00
2014/11/21	14.20	14.38	14.00	14.07	3846479	56289376.00
2014/11/24	14.22	14.46	13.98	14.23	8802168	128974416.00
2014/11/25	14.22	14.22	13.90	14.03	5676950	82301448.00
2014/11/26	14.03	14.05	13.48	13.61	10032426	141899056.00
2014/11/27	13.60	13.60	13.36	13.56	8074959	112645776.00
2014/11/28	13.52	13.53	13.06	13.20	17442895	239157728.00
2014/12/01	13.21	13.50	12.95	13.40	11632651	158703264.00
2014/12/02	13.38	13.46	13.25	13.41	5287114	73391456.00
2014/12/03	13.41	13.55	12.99	13.28	11240267	153515232.00
2014/12/04	13.22	14.23	13.06	13.87	17672438	247596944.00
2014/12/05	13.81	13.82	12.93	13.19	15807448	218122736.00
2014/12/08	13.19	13.53	13.08	13.15	9210971	127032672.00
2014/12/09	13.12	13.12	12.43	12.50	14855120	197045824.00
2014/12/10	12.50	13.15	12.46	13.05	7490909	99774344.00
2014/12/11	13.13	13.13	12.70	12.82	6362471	84994736.00
2014/12/12	12.85	13.00	12.83	12.91	6154291	82560720.00
2014/12/15	12.93	13.30	12.82	13.19	13287522	180561296.00
2014/12/16	13.29	13.38	13.09	13.20	9283954	127020888.00
2014/12/17	13.19	13.19	12.77	12.87	8629290	116060704.00
2014/12/18	12.80	12.87	12.58	12.70	9948263	131340824.00
2014/12/19	12.74	12.85	12.41	12.81	10335286	136043424.00
2014/12/22	13.06	13.09	11.71	12.72	16050968	208301408.00
2014/12/23	12.67	12.87	12.23	12.40	9563226	125508488.00
2014/12/24	12.45	12.87	12.45	12.69	7903303	103587312.00
2014/12/25	12.87	12.95	12.60	12.87	9333311	124270224.00
2014/12/26	12.93	13.25	12.75	12.99	11162743	150431232.00
2014/12/29	12.98	12.98	12.39	12.76	12097668	158477680.00
2014/12/30	12.60	12.64	12.18	12.37	7935140	102135944.00
2014/12/31	12.45	12.45	11.99	12.15	7256280	91626064.00
2015/01/05	12.15	12.76	12.05	12.53	9689995	125833480.00
2015/01/06	12.63	12.84	12.38	12.65	10365421	135987808.00
2015/01/07	12.62	12.75	12.54	12.66	5270219	69400248.00
2015/01/08	12.73	13.33	12.71	13.09	19536543	264760256.00
2015/01/09	13.10	13.85	12.99	13.59	19589043	274440992.00
2015/01/12	13.59	13.76	13.31	13.64	9132222	128241104.00
2015/01/13	13.64	13.80	13.30	13.80	11184631	156748688.00
2015/01/14	13.77	14.73	13.56	14.30	23000697	339837184.00
2015/01/15	14.29	14.59	14.05	14.12	11242117	166747536.00
2015/01/16	14.02	14.53	14.00	14.21	8855548	131165712.00
2015/01/19	13.81	14.16	13.11	13.60	11895034	169543728.00
2015/01/20	14.29	14.35	13.70	14.25	11676195	170600464.00
2015/01/21	14.05	14.69	14.04	14.15	17194647	254320224.00
2015/01/22	14.16	14.48	13.99	14.45	13573935	200528464.00
2015/01/23	14.38	14.69	14.20	14.47	8942811	133343040.00
2015/01/26	14.40	15.18	14.27	14.70	13133455	197556880.00
2015/01/27	14.78	14.78	14.21	14.44	7978333	119429408.00
2015/01/28	14.34	14.48	14.00	14.10	6817010	100213888.00
2015/01/29	14.09	14.20	13.76	13.90	6748716	97260824.00
2015/01/30	13.99	14.60	13.87	14.19	10990746	161341152.00
2015/02/02	14.00	14.30	13.35	13.58	13783546	195976336.00
2015/02/03	13.60	13.64	13.19	13.42	7265605	100507656.00
2015/02/04	13.42	14.37	13.22	13.89	12877190	183936544.00
2015/02/05	14.49	14.49	13.65	13.98	9025037	131429616.00
2015/02/06	14.10	14.19	13.45	13.53	9383231	133734640.00
2015/02/09	13.51	13.82	13.37	13.51	5211833	73186560.00
2015/02/10	13.50	13.93	13.45	13.73	6550628	92877016.00
2015/02/11	13.73	14.07	13.70	13.89	6805494	97813232.00
2015/02/12	13.88	14.29	13.85	14.08	7161613	104070056.00
2015/02/13	14.27	14.30	14.00	14.11	9675413	141665968.00
2015/02/16	14.18	14.19	13.90	14.07	14153190	205452496.00
2015/02/17	14.15	14.18	13.93	14.15	8315787	121007648.00
2015/02/25	14.19	14.45	14.04	14.37	10491010	154995696.00
2015/02/26	14.33	14.64	14.29	14.54	12645916	189368256.00
2015/02/27	14.55	14.60	14.25	14.41	9535512	142009120.00
2015/03/02	14.42	14.58	14.33	14.56	15273930	229143520.00
2015/03/03	14.56	14.56	14.31	14.42	7493446	111838232.00
2015/03/04	14.36	14.99	14.32	14.93	15726299	239521008.00
2015/03/05	14.97	14.97	14.60	14.81	8728358	132751936.00
2015/03/06	14.77	14.81	14.51	14.67	6653844	100407912.00
2015/03/09	14.70	15.45	14.52	15.11	16289481	253832768.00
2015/03/10	15.19	15.28	14.94	15.12	6299240	98138464.00
2015/03/11	15.19	15.19	14.75	14.92	7355089	113524456.00
2015/03/12	14.92	15.43	14.81	15.00	7770754	120855712.00
2015/03/13	15.00	15.13	14.88	14.97	5713023	88504656.00
2015/03/16	15.13	15.63	14.99	15.36	14096128	222920960.00
2015/03/17	15.30	15.45	15.21	15.31	9363076	148092080.00
2015/03/18	15.28	15.49	15.27	15.36	9435521	149816944.00
2015/03/19	15.44	15.98	15.44	15.90	16904542	274256896.00
2015/03/20	15.89	16.00	15.64	15.90	9802979	159891424.00
2015/03/23	15.91	16.35	15.76	15.87	11119206	182646432.00
2015/03/24	15.87	15.92	15.06	15.53	12745874	204388352.00
2015/03/25	15.52	16.33	15.32	16.17	16786036	275185504.00
2015/03/26	16.03	17.46	16.03	17.01	19479658	336615264.00
2015/03/27	17.02	17.79	17.00	17.14	15847066	283750720.00
2015/03/30	17.09	17.71	17.00	17.54	12028819	214780560.00
2015/03/31	17.54	17.70	17.12	17.44	7704168	137660512.00
2015/04/01	17.44	18.37	17.29	18.00	12391654	225146672.00
2015/04/02	18.00	18.16	17.53	17.67	10470038	191557008.00
2015/04/03	17.68	17.75	17.13	17.49	13158678	235428016.00
2015/04/07	17.47	17.58	17.17	17.54	10078620	179949056.00
2015/04/08	17.60	17.70	16.90	17.05	12395238	219710624.00
2015/04/09	17.06	17.23	15.80	16.80	18286858	310913536.00
2015/04/10	16.54	17.35	16.40	16.94	19510334	338852032.00
2015/04/13	16.89	17.32	16.52	17.15	20925682	365417952.00
2015/04/14	17.00	17.47	16.82	17.03	13035240	230052160.00
2015/04/15	17.04	17.17	15.97	15.99	12600795	211770704.00
2015/04/16	15.76	16.70	15.64	16.10	13275031	222313152.00
2015/04/17	16.10	16.50	16.05	16.30	13344394	224066928.00
2015/04/20	16.30	16.69	15.88	15.98	18463464	311205824.00
2015/04/21	16.18	16.60	16.10	16.46	20537057	346838048.00
2015/04/22	16.48	16.83	16.47	16.67	20406043	348960800.00
2015/04/23	16.75	17.20	16.40	17.16	21447126	370554592.00
2015/04/24	17.00	17.16	16.60	16.73	13729337	238142688.00
2015/04/27	16.69	16.96	16.35	16.45	15707756	268563712.00
2015/04/28	16.50	16.57	15.52	15.69	14174921	233527136.00
2015/04/29	15.71	17.31	15.71	17.10	15162417	254643312.00
2015/04/30	17.09	17.37	16.65	16.75	17106852	297748320.00
2015/05/04	16.88	17.35	16.52	17.28	21033022	371668192.00
2015/05/05	17.30	17.93	16.72	16.83	17780573	318306656.00
2015/05/06	16.86	17.25	15.88	16.10	16320903	281339040.00
2015/05/07	15.93	16.00	14.44	14.92	17633743	275224864.00
2015/05/08	15.05	15.51	14.92	15.40	10985990	172491696.00
2015/05/11	15.48	15.85	15.24	15.70	10683567	172302224.00
2015/05/12	15.74	15.96	15.53	15.84	12103449	196661584.00
2015/05/13	15.84	16.19	15.68	15.86	10895838	179871824.00
2015/05/14	15.86	16.07	15.44	15.76	8228002	133731856.00
2015/05/15	15.85	16.21	15.52	15.75	6688045	109502600.00
2015/05/18	15.77	16.63	15.77	16.34	14045518	234804160.00
2015/05/19	16.48	16.70	16.31	16.56	15736070	267331344.00
2015/05/20	16.68	17.11	16.49	16.72	17913833	309195776.00
2015/05/21	16.75	17.21	16.60	17.01	15355396	267078496.00
2015/05/22	17.02	17.27	16.69	16.87	18986666	329020768.00
2015/05/25	16.65	17.55	16.33	17.41	36284526	632535168.00
2015/05/26	17.36	18.29	17.25	18.07	29354233	539404864.00
2015/05/27	18.07	18.94	17.52	18.60	28761939	538375104.00
2015/05/28	18.61	18.90	17.07	17.22	28990167	537693952.00
2015/05/29	17.20	17.58	15.70	16.70	20858909	361391168.00
2015/06/01	16.77	17.44	16.65	17.44	15447554	272008096.00
2015/06/02	17.34	18.14	17.14	18.00	25023352	455134912.00
2015/06/03	18.01	18.85	17.80	18.34	23822429	448584512.00
2015/06/04	18.08	18.21	16.50	18.12	22090252	398419712.00
2015/06/05	18.31	19.98	18.08	19.98	44682713	894067776.00
2015/06/08	20.03	20.50	18.95	19.98	32126538	657144704.00
2015/06/09	20.08	20.39	19.60	20.13	23656289	485561600.00
2015/06/10	20.26	20.95	19.83	20.75	24799016	519105888.00
2015/06/11	20.74	21.22	20.23	21.02	24886690	526575904.00
2015/06/12	21.03	21.45	20.70	20.96	19357492	416998720.00
2015/06/15	20.85	21.95	20.70	21.24	21322677	467575520.00
2015/06/16	21.00	22.95	20.83	22.57	30901639	695204480.00
2015/06/17	22.71	23.49	21.71	22.55	22112674	512992160.00
2015/06/18	22.55	23.80	22.55	23.21	24507526	581641792.00
2015/06/19	22.68	23.82	21.00	21.03	23813212	551798656.00
2015/06/23	21.07	23.18	19.19	23.09	21452911	467323936.00
2015/06/24	23.38	24.35	22.55	23.71	20519254	494800800.00
2015/06/25	23.98	24.65	22.71	23.04	20092444	490598976.00
2015/06/26	22.30	22.30	20.69	20.69	13018440	282975840.00
2015/06/29	21.50	21.53	18.57	18.57	24904092	497286400.00
2015/06/30	17.55	20.08	16.66	19.80	22139123	416294336.00
2015/07/01	19.50	21.10	18.88	19.42	18575400	388147072.00
2015/07/02	19.00	19.39	17.43	17.43	20274217	372954176.00
2015/07/03	16.40	16.89	15.64	15.64	18342277	299555616.00
2015/07/06	17.24	17.25	14.03	15.95	56339787	908444928.00
2015/07/07	14.66	15.95	14.31	14.31	27454693	414431104.00
2015/07/13	15.79	15.79	15.79	15.79	9343737	152209472.00
2015/07/14	17.42	17.42	16.00	17.42	44372783	784216384.00
2015/07/15	16.55	17.39	15.63	15.70	32796397	562355776.00
2015/07/16	15.70	17.32	14.50	16.95	20367362	341693856.00
2015/07/17	16.95	18.70	16.95	18.70	16897125	320518720.00
2015/07/20	20.01	20.62	20.01	20.62	7200365	151168848.00
2015/07/21	22.55	22.73	21.40	22.73	21784998	500222624.00
2015/07/22	23.70	24.09	20.48	21.56	38648626	867022208.00
2015/07/23	21.38	22.39	21.21	21.71	25122285	558647232.00
2015/07/24	21.71	22.10	20.23	20.47	25320119	555674240.00
2015/07/27	20.21	22.57	19.50	20.10	44610069	990981056.00
2015/07/28	19.46	22.16	19.00	22.16	40993365	886296640.00
2015/07/29	22.70	23.72	20.90	23.36	31554820	719547328.00
2015/07/30	22.49	25.50	22.17	22.74	29068234	709820032.00
2015/07/31	22.49	23.72	20.45	21.18	18562550	417387744.00
2015/08/03	20.47	22.55	20.00	21.96	21192981	465977984.00
2015/08/04	22.17	22.94	20.71	22.76	20120837	449531136.00
2015/08/05	22.59	23.26	21.65	21.76	16246755	373325024.00
2015/08/06	21.05	21.77	20.75	20.82	11439604	246630480.00
2015/08/07	20.69	21.75	20.55	21.43	11635120	253127264.00
2015/08/10	21.44	22.48	20.84	22.24	19752463	436522432.00
2015/08/11	21.98	22.10	21.11	21.34	18655084	411891936.00
2015/08/12	20.70	21.10	19.90	19.90	21079879	439281408.00
2015/08/13	19.83	20.30	19.39	20.29	18805339	379964256.00
2015/08/14	20.33	20.50	19.53	19.96	16886225	343339008.00
2015/08/17	19.60	20.29	19.60	20.15	14616142	300387968.00
2015/08/18	20.12	20.34	18.10	18.84	16517043	328672768.00
2015/08/19	18.23	20.05	18.22	19.93	24414178	481224512.00
2015/08/20	19.90	20.79	19.45	19.55	12413269	254846352.00
2015/08/21	19.20	19.85	17.75	17.92	18229166	352629728.00
2015/08/24	16.92	16.99	16.08	16.08	16452166	276976992.00
2015/08/25	14.60	15.20	14.42	14.42	14756041	224048128.00
2015/08/26	14.50	15.14	12.99	14.38	12848324	191336128.00
2015/08/27	14.51	15.87	14.51	15.87	12732517	197833824.00
2015/08/28	16.10	17.00	16.00	16.70	9894959	168012704.00
2015/08/31	16.36	16.98	15.98	16.00	6585925	111621184.00
2015/09/01	15.78	15.78	14.35	14.68	8979317	137664704.00
2015/09/02	13.80	15.22	13.80	14.20	9163714	137725744.00
2015/09/07	14.70	15.01	14.01	14.19	9376256	140160912.00
2015/09/08	13.95	14.68	13.78	14.52	5110568	75297688.00
2015/09/09	14.61	16.02	14.60	16.02	13224306	213281376.00
2015/09/10	15.60	17.18	15.60	16.59	15003939	258074160.00
2015/09/11	16.51	16.79	15.79	16.49	7181230	119375424.00
2015/09/14	16.52	16.68	14.96	15.50	6817484	110045000.00
2015/09/15	15.40	15.69	14.10	14.53	4955700	76781608.00
2015/09/16	14.62	16.03	14.40	15.83	7420424	114946152.00
2015/09/17	15.90	16.17	15.11	15.25	8794122	142607264.00
2015/09/18	15.43	15.80	14.46	15.15	8177301	126068624.00
2015/09/21	14.56	15.53	14.50	15.41	8934159	139658320.00
2015/09/22	15.61	16.19	15.40	15.55	9502942	155323200.00
2015/09/23	15.30	15.64	14.97	15.46	5359656	84734032.00
2015/09/24	15.52	15.95	15.30	15.75	9409065	151014400.00
2015/09/25	15.70	15.70	14.90	15.10	5788304	91285848.00
2015/09/28	15.10	15.10	14.45	14.95	8226089	124966992.00
2015/09/29	14.75	14.99	14.50	14.56	5377285	81623336.00
2015/09/30	14.70	14.70	14.46	14.48	7462825	112437832.00
2015/10/08	14.78	15.42	14.62	15.17	10198141	158917280.00
2015/10/09	15.15	15.75	14.83	15.50	8976726	143656800.00
2015/10/12	15.51	17.10	15.51	17.10	13276192	228068352.00
2015/10/13	16.97	17.36	16.60	16.99	6431920	112173488.00
2015/10/14	16.90	17.36	16.27	16.51	6590284	113499608.00
2015/10/15	16.50	16.98	16.15	16.92	11783862	203136816.00
2015/10/16	16.91	17.26	16.65	16.95	6594644	114984520.00
2015/10/19	17.00	17.34	16.50	16.80	6177624	107060112.00
2015/10/20	16.80	17.00	16.50	16.97	5778660	99831264.00
2015/10/21	16.98	17.05	15.22	15.27	12500972	206387488.00
2015/10/22	15.05	15.45	14.78	15.32	10031935	156899328.00
2015/10/23	15.20	15.65	15.12	15.51	6698165	106183992.00
2015/10/26	15.74	16.46	15.38	16.00	13456475	220069280.00
2015/10/27	16.00	17.00	15.25	16.85	20363165	340115744.00
2015/10/28	17.15	18.10	17.15	17.32	20118682	366325376.00
2015/10/29	17.39	17.82	16.86	16.91	7614546	134449376.00
2015/10/30	16.63	17.18	16.51	16.90	6239897	108640616.00
2015/11/02	16.53	18.48	16.41	17.58	10792803	196863792.00
2015/11/03	17.60	18.90	17.51	18.22	17549391	330543040.00
2015/11/04	18.75	19.15	18.00	18.73	15396589	293778976.00
2015/11/05	18.50	20.09	18.15	18.72	16832645	325745536.00
2015/11/06	18.56	18.88	18.10	18.87	16106427	305277184.00
2015/11/09	18.50	18.69	17.96	18.42	16158491	303904192.00
2015/11/10	18.33	18.69	17.99	18.28	12511712	234958080.00
2015/11/11	18.21	18.54	18.10	18.26	10639533	199871328.00
2015/11/12	18.27	19.00	17.95	18.73	15963777	302844768.00
2015/11/13	18.37	18.83	17.91	18.37	7856036	147933472.00
2015/11/16	17.90	18.48	17.72	18.40	7397533	138086896.00
2015/11/17	18.60	18.75	18.23	18.30	15054480	285560576.00
2015/11/18	18.25	18.91	18.00	18.30	9866132	186736624.00
2015/11/19	18.23	18.85	18.10	18.59	11149056	212990928.00
2015/11/20	18.60	18.83	18.09	18.50	12778427	241449104.00
2015/11/23	18.51	18.71	18.12	18.40	11028397	208616080.00
2015/11/24	18.50	20.10	18.16	19.96	25639215	510578144.00
2015/11/25	19.57	20.47	19.34	19.90	16052341	328839552.00
2015/11/26	19.91	20.43	19.50	19.53	12836544	263441696.00
2015/11/27	19.53	20.62	19.03	20.10	24093031	491816320.00
2015/11/30	20.60	22.16	20.40	20.50	28232544	614790208.00
2015/12/01	20.50	20.80	19.70	20.06	9900602	205910624.00
2015/12/02	19.74	19.95	19.00	19.30	13627918	270672512.00
2015/12/03	19.30	19.75	19.22	19.67	6644368	132571608.00
2015/12/04	19.67	20.65	19.63	20.21	11236938	233162464.00
2015/12/07	20.30	21.60	20.00	20.99	10024915	213885040.00
2015/12/08	20.72	21.60	20.10	20.24	6322451	135727520.00
2015/12/09	19.91	21.00	19.91	20.48	8874462	187823072.00
2015/12/10	20.11	20.92	20.02	20.30	6889288	144462000.00
2015/12/11	20.28	20.28	19.27	19.54	9014852	180477392.00
2015/12/14	19.35	19.78	18.60	19.68	10780355	210913200.00
2015/12/15	19.35	20.34	19.33	19.99	9821708	202212048.00
2015/12/16	20.10	20.82	20.01	20.39	7656978	161519136.00
2015/12/17	20.70	20.82	20.29	20.66	7185222	152059456.00
2015/12/18	20.55	21.49	20.51	20.79	6657789	142159680.00
2015/12/21	20.81	21.86	20.56	21.85	12766974	280416928.00
2015/12/22	21.75	22.46	21.33	22.20	8056755	181840928.00
2015/12/23	22.57	22.80	21.66	22.20	7905807	180180336.00
2015/12/24	22.18	22.45	21.00	21.79	4779888	106341144.00
2015/12/25	21.80	22.00	21.38	21.92	4913532	109002032.00
2015/12/28	22.00	22.00	21.21	21.50	5605015	123256152.00
2015/12/29	21.47	21.58	20.80	21.57	3972383	86400440.00
2015/12/30	21.57	21.95	21.28	21.86	4618461	101821352.00
2015/12/31	22.05	22.35	21.46	21.49	5249998	117991176.00
2016/01/04	21.70	21.70	19.50	20.36	4752120	101630536.00
2016/01/05	20.00	21.50	19.31	20.92	9527504	201595168.00
2016/01/06	21.02	21.71	20.72	21.50	8647206	188823840.00
2016/01/07	21.15	21.15	19.50	19.54	1800480	36945364.00
2016/01/08	19.50	20.64	18.73	20.21	12026092	244718592.00
2016/01/11	19.50	20.89	18.14	18.49	10476861	212218496.00
2016/01/12	18.30	18.99	17.01	17.23	12123904	223695344.00
2016/01/13	17.33	18.13	16.49	16.80	12661237	228260896.00
2016/01/14	16.38	17.63	15.83	17.35	10069464	173528048.00
2016/01/15	16.92	17.54	16.08	16.55	6626665	115127112.00
2016/01/18	16.11	17.49	16.10	17.05	4503969	79320768.00
2016/01/19	17.22	18.72	17.20	18.43	8963423	165549984.00
2016/01/20	18.20	19.02	17.48	17.80	10825251	202112416.00
2016/01/21	17.55	18.34	17.47	17.73	6673181	122585096.00
2016/01/22	17.80	18.29	17.33	17.75	6692454	122523648.00
2016/01/25	18.07	19.00	17.80	18.65	7507618	143192096.00
2016/01/26	18.65	19.03	17.50	17.88	7318301	139569152.00
2016/01/27	18.39	18.39	16.37	17.80	10507359	186142224.00
2016/01/28	17.61	18.17	17.15	17.38	8934353	162982864.00
2016/01/29	17.25	17.88	17.14	17.74	4074436	73733464.00
2016/02/01	17.81	18.69	17.77	18.25	4616906	86535456.00
2016/02/02	18.25	18.89	18.23	18.72	5698924	108872800.00
2016/02/03	18.65	18.65	17.73	18.16	4003163	74507224.00
2016/02/04	18.18	18.88	18.18	18.40	3434053	65431436.00
2016/02/05	18.58	18.84	18.15	18.68	3688693	70646584.00
2016/02/15	18.35	19.93	18.13	19.36	5555655	107896928.00
2016/02/16	19.50	21.07	19.42	20.70	9671973	202931296.00
2016/02/17	20.70	21.38	20.33	20.61	10152148	218369680.00
2016/02/18	20.89	21.10	20.49	20.90	5400112	114780896.00
2016/02/19	20.70	21.96	20.65	21.89	8454833	186691040.00
2016/02/22	22.03	22.50	21.55	22.00	11256003	252295104.00
2016/02/23	21.85	22.98	21.05	22.90	9302640	208809952.00
2016/02/24	22.89	24.63	22.35	23.02	14012123	335891648.00
2016/02/25	22.60	24.20	21.36	21.63	12361478	281998336.00
2016/02/26	21.95	23.58	21.65	23.29	14827843	343005504.00
2016/02/29	23.29	24.70	22.10	23.88	25027357	598105600.00
2016/03/01	23.51	25.05	23.10	24.15	17532166	434958560.00
2016/03/02	23.92	24.52	22.80	24.32	18181086	438878464.00
2016/03/03	24.27	24.89	23.65	23.79	13816536	341565888.00
2016/03/04	23.75	26.22	23.75	25.40	22700756	584790720.00
2016/03/07	25.45	26.90	25.12	25.90	12172035	320981376.00
2016/03/08	25.30	25.78	23.31	23.78	15559580	384236928.00
2016/03/09	23.52	23.52	22.18	22.82	14335021	333788864.00
2016/03/10	22.65	24.68	22.41	23.66	16095017	384878816.00
2016/03/11	23.29	24.26	22.83	23.39	7082005	170773936.00
2016/03/14	23.02	24.20	22.53	23.30	15060858	358350240.00
2016/03/15	23.09	23.09	21.50	21.86	13526092	307980480.00
2016/03/16	22.20	22.38	21.54	21.72	9114363	204982544.00
2016/03/17	22.22	22.65	21.80	22.65	13352534	305268640.00
2016/03/18	22.60	23.84	22.11	23.82	21070424	494561632.00
2016/03/21	23.80	24.47	23.40	23.78	15571717	377974624.00
2016/03/22	23.62	24.95	23.48	24.40	17016054	425559104.00
2016/03/23	24.49	25.00	23.76	24.21	9035448	224009632.00
2016/03/24	24.21	26.16	23.91	24.75	16298912	419657888.00
2016/03/25	24.88	26.50	24.61	26.45	12851562	338730944.00
2016/03/28	26.60	26.77	24.50	25.00	15310940	401460352.00
2016/03/29	24.99	25.41	24.01	24.76	11366738	284869952.00
2016/03/30	24.79	25.64	24.40	25.40	12518751	321833664.00
2016/03/31	25.49	26.86	25.08	26.39	16600619	441825600.00
2016/04/01	26.01	26.01	24.90	25.30	14718340	381359008.00
2016/04/05	25.33	25.70	24.35	25.52	11746412	301619296.00
2016/04/06	25.45	25.53	24.80	24.97	11545416	295657760.00
2016/04/07	25.07	25.12	23.96	24.11	10768525	267417776.00
2016/04/08	23.81	23.81	22.72	23.07	12931476	306668800.00
2016/04/11	23.20	24.02	23.20	23.49	9576035	232228576.00
2016/04/12	23.68	23.68	22.60	23.05	7341510	173193648.00
2016/04/13	23.20	23.65	23.17	23.20	9029885	216331376.00
2016/04/14	23.49	23.57	22.95	23.31	6441232	152998880.00
2016/04/15	23.37	23.85	23.10	23.85	8456272	203226080.00
2016/04/18	23.87	25.03	23.87	24.52	15564240	391599296.00
2016/04/19	24.70	25.26	24.15	24.60	11154873	280673792.00
2016/04/20	24.62	24.90	22.30	23.50	9503557	229727344.00
2016/04/21	23.30	23.58	22.98	23.27	4646717	110510088.00
2016/04/22	23.10	23.66	22.81	23.47	3231798	77133664.00
2016/04/25	23.49	23.64	22.48	22.85	7297097	170555072.00
2016/04/26	22.79	23.18	21.80	22.41	8769049	199895632.00
2016/04/27	22.41	22.58	22.15	22.20	4219373	96195576.00
2016/04/28	22.30	22.70	22.04	22.44	5972943	136839184.00
2016/04/29	22.16	24.00	22.06	23.52	6721035	158807264.00
2016/05/03	23.64	25.00	23.55	24.90	9479478	236935200.00
2016/05/04	24.80	25.13	24.34	24.36	6841780	172298480.00
2016/05/05	24.50	24.99	24.30	24.40	6491577	162585520.00
2016/05/06	24.49	24.66	23.30	23.50	5786920	141151856.00
2016/05/09	23.50	24.80	23.46	24.08	19024775	470496032.00
2016/05/10	23.50	25.32	23.10	25.29	12172147	307040160.00
2016/05/11	25.28	27.38	24.52	26.50	18141370	485224160.00
2016/05/12	26.05	26.98	25.00	26.37	11122078	297638624.00
2016/05/13	26.29	27.00	25.46	26.98	9616798	257626848.00
2016/05/16	26.50	28.10	26.45	27.97	11697104	327624128.00
2016/05/17	27.89	28.16	26.90	26.90	9176962	256027776.00
2016/05/18	26.49	26.49	25.32	25.56	7733822	204256032.00
2016/05/19	25.39	25.70	24.50	24.60	22428150	572488384.00
2016/05/20	24.40	25.12	24.10	24.76	11388989	287275264.00
2016/05/23	25.05	25.65	24.76	25.08	8499032	218261712.00
2016/05/24	25.25	25.35	24.30	25.08	6343593	160479904.00
2016/05/25	24.95	25.44	24.26	24.30	9811285	248745760.00
2016/05/26	23.90	24.72	23.61	24.58	7220027	177164912.00
2016/05/27	24.47	25.00	24.32	24.72	5197335	131202328.00
2016/05/30	24.94	25.28	24.57	24.81	4145181	105333616.00
2016/05/31	24.79	25.62	24.56	25.62	6703437	173180512.00
2016/06/01	25.70	26.05	25.23	25.49	7799781	203023696.00
2016/06/02	25.29	25.46	24.35	24.74	9279339	234804928.00
2016/06/03	24.81	24.98	24.37	24.70	8737900	219546128.00
2016/06/06	24.90	25.52	24.42	25.52	10453376	267202944.00
2016/06/07	25.47	25.70	25.17	25.23	8379114	217153504.00
2016/06/08	25.14	25.47	24.57	24.73	6534012	165738352.00
2016/06/13	24.50	24.50	23.61	23.85	6532045	160796512.00
2016/06/14	23.83	24.60	23.80	24.16	4778689	118165936.00
2016/06/15	23.59	24.66	23.59	24.39	7209316	179193776.00
2016/06/16	24.40	24.47	23.39	23.66	13697959	331866016.00
2016/06/17	23.55	25.25	23.55	25.25	14390858	360524128.00
2016/06/20	25.47	25.95	24.71	25.44	11405654	295123744.00
2016/06/21	25.44	26.19	25.05	25.17	10931319	286420576.00
2016/06/22	25.23	25.75	24.90	25.46	4563948	117947504.00
2016/06/23	25.48	25.95	24.52	24.63	8676253	222053056.00
2016/06/24	24.30	24.78	23.50	23.98	7762561	191248496.00
2016/06/27	23.66	24.35	23.62	24.22	5428812	133482736.00
2016/06/28	24.15	24.36	23.74	24.27	6240046	153468704.00
2016/06/29	24.20	25.02	24.16	24.59	5980734	150235136.00
2016/06/30	24.58	25.56	24.58	25.40	10262558	263903504.00
2016/07/01	25.58	26.15	25.24	25.90	9952497	261671712.00
2016/07/04	25.51	26.75	25.50	25.96	15579525	417352224.00
2016/07/05	26.02	26.15	25.49	25.96	5317612	139848592.00
2016/07/06	26.10	28.10	25.65	27.95	13463423	371156800.00
2016/07/07	27.85	29.65	27.85	28.45	14471820	428192320.00
2016/07/08	28.10	29.52	27.65	28.45	6244755	182363328.00
2016/07/11	28.50	29.09	27.60	28.89	10813339	310506048.00
2016/07/12	28.53	28.95	27.90	28.81	8177284	236821936.00
2016/07/13	28.82	30.06	28.30	28.55	10844926	320616480.00
2016/07/14	28.60	28.97	28.00	28.29	3755997	108331432.00
2016/07/15	28.15	28.73	28.13	28.40	4495846	130196400.00
2016/07/18	28.12	29.86	28.12	29.65	9248586	274978624.00
2016/07/19	29.91	30.70	29.31	29.45	13516266	414299776.00
2016/07/20	29.41	29.70	28.90	29.06	5629092	167583488.00
2016/07/21	29.25	29.30	28.30	28.94	6066103	178236816.00
2016/07/22	28.94	28.95	28.48	28.90	2969022	86741088.00
2016/07/25	28.95	29.42	28.33	28.54	5755175	168200416.00
2016/07/26	28.34	29.00	28.33	28.98	3856989	112403336.00
2016/07/27	28.70	28.95	27.40	27.80	7585753	217008880.00
2016/07/28	27.85	28.30	27.60	28.10	3418765	97507200.00
2016/07/29	28.21	29.00	28.01	28.96	4661205	135644976.00
2016/08/01	28.98	30.05	27.80	29.65	6042005	179766864.00
2016/08/02	29.39	30.95	29.18	30.44	7592915	233317424.00
2016/08/03	30.30	31.00	29.90	30.35	5486188	169692432.00
2016/08/04	30.30	30.30	29.60	29.87	2585958	78573776.00
2016/08/05	29.87	30.70	29.87	30.42	3594289	111019048.00
2016/08/08	30.42	30.54	29.46	29.87	5495562	166356992.00
2016/08/09	29.90	30.19	29.00	29.45	4460022	133502936.00
2016/08/10	29.61	29.61	28.23	28.62	9359175	273122528.00
2016/08/11	28.47	28.70	27.99	28.20	5788987	166668064.00
2016/08/12	28.28	28.83	28.28	28.59	4894705	142538304.00
2016/08/15	28.62	29.10	28.47	28.73	8546038	249052976.00
2016/08/16	28.78	28.96	28.00	28.50	7674012	221649968.00
2016/08/17	28.42	28.74	28.20	28.54	4500250	130372160.00
2016/08/18	28.68	28.71	28.01	28.33	5273749	152089248.00
2016/08/19	28.29	28.38	27.88	27.96	4923233	140850096.00
2016/08/22	28.14	28.16	27.50	28.07	5583960	158168560.00
2016/08/23	28.06	28.40	27.77	28.40	3545540	101519672.00
2016/08/24	28.39	28.47	28.00	28.00	2844821	81527624.00
2016/08/25	27.85	28.78	27.85	28.34	5556358	160252592.00
2016/08/26	28.27	28.46	28.07	28.20	3177704	91466256.00
2016/08/29	28.20	28.28	27.72	27.94	3831250	108695888.00
2016/08/30	27.92	28.08	27.54	28.04	3966755	112107504.00
2016/08/31	28.01	28.46	27.91	27.92	4151302	119207336.00
2016/09/01	27.78	28.21	27.61	27.84	4533717	128868800.00
2016/09/02	27.88	28.25	27.00	27.24	5457393	152879040.00
2016/09/05	27.30	27.48	26.68	26.77	9001587	246013184.00
2016/09/06	26.81	27.58	26.13	27.46	8672830	236649808.00
2016/09/07	27.20	27.25	26.52	26.62	6918887	189020544.00
2016/09/08	26.62	26.62	26.25	26.35	4721863	126801496.00
2016/09/09	26.35	26.55	26.27	26.33	4032535	108274976.00
2016/09/12	26.10	26.10	25.22	25.26	4278639	111563024.00
2016/09/13	25.29	25.88	25.29	25.60	3309762	86611872.00
2016/09/14	25.43	25.75	25.20	25.23	2982797	77205616.00
2016/09/19	25.27	25.66	25.19	25.53	3426768	88911000.00
2016/09/20	25.42	25.94	25.38	25.89	2270045	59734400.00
2016/09/21	25.81	26.24	25.68	26.18	2978802	79137360.00
2016/09/22	26.38	26.78	25.92	26.42	6160944	165797824.00
2016/09/23	26.34	26.45	25.88	25.90	2665710	70911120.00
2016/09/26	25.58	25.78	23.76	24.20	12678567	316832896.00
2016/09/27	24.16	24.45	23.67	24.09	8996460	219250032.00
2016/09/28	24.30	24.45	23.95	24.30	3677532	90934736.00
2016/09/29	24.20	24.79	24.20	24.48	3670307	92102080.00
2016/09/30	24.39	24.75	24.30	24.53	4470667	111623240.00
2016/10/10	24.84	25.30	24.70	25.19	4001510	102487208.00
2016/10/11	25.23	25.33	24.87	25.06	3100083	79237768.00
2016/10/12	25.06	25.06	24.27	24.41	5599044	139841632.00
2016/10/13	24.41	24.66	24.00	24.40	5701468	140994496.00
2016/10/14	24.40	24.41	23.90	24.30	6124680	150571728.00
2016/10/17	24.37	24.41	23.74	23.94	5196277	127115000.00
2016/10/18	23.98	24.68	23.84	24.65	6814023	169061472.00
2016/10/19	24.66	24.85	24.34	24.50	5646366	141382544.00
2016/10/20	24.69	24.69	24.10	24.32	3154765	78259448.00
2016/10/21	24.32	24.48	23.94	24.13	3521118	86875144.00
2016/10/24	24.07	24.35	23.91	24.15	5167520	127401968.00
2016/10/25	24.31	24.51	24.31	24.46	5688092	141604592.00
2016/10/26	24.78	25.80	24.78	25.68	13506754	349739968.00
2016/10/27	25.68	26.15	25.15	25.24	9651849	250915424.00
2016/10/28	25.35	25.93	25.20	25.78	11553656	301709920.00
2016/10/31	25.71	25.89	25.40	25.86	6013665	156701808.00
2016/11/01	25.88	26.85	25.88	26.58	12167297	327320704.00
2016/11/02	26.58	26.99	26.27	26.27	8236661	223847104.00
2016/11/03	26.28	26.55	25.73	25.96	7836382	207711904.00
2016/11/04	25.96	26.04	25.63	25.94	4436659	116685128.00
2016/11/07	25.80	26.50	25.54	25.99	4023478	107025720.00
2016/11/08	26.07	26.29	25.80	25.85	3634106	96344344.00
2016/11/09	25.88	26.06	25.02	25.60	5253757	137186144.00
2016/11/10	25.87	26.45	25.80	26.07	3378810	89923384.00
2016/11/11	26.07	26.47	25.85	26.04	5221588	139341392.00
2016/11/14	26.03	26.92	25.91	26.23	8654053	233378128.00
2016/11/15	26.23	26.70	25.95	26.52	4098393	110437208.00
2016/11/16	26.50	26.71	26.02	26.10	5745090	154835296.00
2016/11/17	25.97	26.40	25.95	26.37	2999989	80340544.00
2016/11/18	26.36	26.54	26.03	26.09	2347066	62479132.00
2016/11/21	25.98	26.09	24.17	24.47	18583914	467543808.00
2016/11/22	24.03	24.40	23.84	24.15	13011084	319371712.00
2016/11/23	24.02	24.25	23.95	23.99	6446555	158198768.00
2016/11/24	23.88	23.90	23.00	23.10	15414897	370675904.00
2016/11/25	23.10	23.31	22.15	22.35	18020515	414038752.00
2016/11/28	22.40	22.46	22.05	22.36	11278208	257214256.00
2016/11/29	22.37	22.89	22.28	22.32	10856886	249693904.00
2016/11/30	22.30	22.62	22.06	22.32	8060974	184479408.00
2016/12/01	22.40	22.77	22.40	22.65	8156742	188512384.00
2016/12/02	22.68	22.73	22.38	22.57	6509078	149654112.00
2016/12/05	22.46	22.82	22.13	22.68	6966341	161319072.00
2016/12/06	22.85	22.89	22.67	22.83	5853944	136437840.00
2016/12/07	22.92	23.00	22.72	22.90	4865610	113555048.00
2016/12/08	22.91	22.97	22.36	22.46	6362496	146649168.00
2016/12/09	22.45	22.54	22.25	22.45	6962017	159498912.00
2016/12/12	22.37	22.46	20.63	21.00	11868292	257917392.00
2016/12/13	20.76	21.20	20.23	20.82	6419327	135603760.00
2016/12/14	20.93	20.93	20.35	20.57	7183556	151012672.00
2016/12/15	20.50	20.71	20.38	20.57	3739661	78540064.00
2016/12/16	20.64	21.17	20.64	21.12	5385175	115421848.00
2016/12/19	21.02	21.48	20.68	21.25	5559244	119604112.00
2016/12/20	21.26	21.29	20.85	20.90	4779813	102636776.00
2016/12/21	21.07	21.37	20.89	21.29	5706354	123380824.00
2016/12/22	21.25	21.38	20.88	21.21	4699790	101415776.00
2016/12/23	21.20	21.24	20.69	20.85	3745650	80376256.00
2016/12/26	20.80	20.96	20.60	20.89	3770002	80308024.00
2016/12/27	20.91	20.97	20.62	20.67	2694526	57261080.00
2016/12/28	20.66	20.88	20.62	20.75	3012825	64072916.00
2016/12/29	20.74	20.79	20.63	20.72	1913368	40608016.00
2016/12/30	20.69	20.85	20.64	20.72	1526098	32347462.00
2017/01/03	20.80	20.85	20.25	20.65	6946827	146145200.00
2017/01/04	20.56	20.64	20.15	20.47	12363615	257391840.00
2017/01/05	20.43	20.47	20.18	20.23	7107218	147667632.00
2017/01/06	20.29	20.33	19.65	19.79	8938291	182938432.00
2017/01/09	19.53	19.69	18.50	18.89	21828390	422465056.00
2017/01/10	18.79	18.79	18.28	18.39	14223378	269548800.00
2017/01/11	18.30	18.30	17.91	18.00	14512033	269007904.00
2017/01/12	18.00	18.05	17.53	17.72	15065646	274867072.00
2017/01/13	17.72	17.73	16.89	17.09	18398355	327256736.00
2017/01/16	16.89	16.94	16.00	16.59	16731780	286827744.00
2017/01/17	16.50	17.00	16.43	17.00	9999351	172687200.00
2017/01/18	16.95	17.18	16.80	16.92	8706565	152178912.00
2017/01/19	16.80	17.14	16.79	16.96	6942704	121394680.00
2017/01/20	16.90	17.36	16.90	17.27	10108004	179450688.00
2017/01/23	17.51	17.78	17.50	17.68	10663527	193302560.00
2017/01/24	17.72	17.72	17.22	17.60	8197240	147317392.00
2017/01/25	17.55	17.69	17.40	17.64	4512441	81720728.00
2017/01/26	17.68	17.72	17.56	17.66	4219539	76603432.00
2017/02/03	17.60	17.76	17.38	17.68	4057898	73449976.00
2017/02/06	17.72	17.91	17.62	17.64	9373063	170850736.00
2017/02/07	17.64	17.68	17.16	17.22	8706785	155417280.00
2017/02/08	17.21	17.22	16.93	17.12	7099535	124545056.00
2017/02/09	17.20	17.45	17.08	17.30	9901755	176153696.00
2017/02/10	17.42	18.28	17.39	18.15	24047446	441023776.00
2017/02/13	18.23	18.23	17.78	18.09	13361028	246606144.00
2017/04/28	16.23	16.23	16.23	16.23	1734700	29021532.00
2017/05/02	14.56	15.29	14.56	14.56	17597579	265313632.00
2017/05/03	13.92	14.24	13.68	13.80	31191702	450197216.00
2017/05/04	13.75	13.95	13.55	13.94	18785109	267416416.00
2017/05/05	13.81	13.94	13.53	13.53	15109829	214646848.00
2017/05/08	13.37	13.37	12.50	12.53	22473552	302607936.00
2017/05/09	12.45	12.94	12.45	12.79	18281424	241032976.00
2017/05/10	12.83	12.90	12.66	12.68	13083607	173481776.00
2017/05/11	12.61	12.80	12.40	12.79	15122097	198713584.00
2017/05/12	12.70	12.96	12.65	12.82	10903656	145108864.00
2017/05/15	12.82	13.01	12.67	12.90	10527923	140476800.00
2017/05/16	12.87	12.99	12.75	12.99	12418846	166238560.00
2017/05/17	13.00	13.46	12.99	13.34	15230404	210349472.00
2017/05/18	13.18	13.45	13.11	13.21	8489233	116969448.00
2017/05/19	13.39	13.43	13.15	13.22	6327351	87024600.00
2017/05/22	13.30	13.35	12.76	12.78	7090500	96339872.00
2017/05/23	12.78	12.96	12.76	12.90	7024098	93972544.00
2017/05/24	12.94	12.98	12.40	12.68	10546750	139154704.00
2017/05/25	12.68	12.78	12.43	12.68	6772952	85526840.00
2017/05/26	12.70	12.95	12.63	12.83	5720166	73126880.00
2017/05/31	12.98	13.27	12.91	13.00	9631353	126407992.00
2017/06/01	13.06	13.09	12.50	12.58	7143300	91677872.00
2017/06/02	12.51	12.87	12.51	12.84	5561000	70697680.00
2017/06/05	12.92	13.15	12.83	12.95	6082500	78985096.00
2017/06/06	12.96	13.20	12.95	13.12	6593900	86447120.00
2017/06/07	13.13	13.58	13.11	13.55	11063500	148527248.00
2017/06/08	13.51	13.63	13.49	13.59	7834600	106182576.00
2017/06/09	13.64	14.75	13.57	14.47	18254200	258408016.00
2017/06/12	14.36	15.57	14.32	15.07	25584627	387689344.00
2017/06/13	15.31	15.67	14.87	15.40	17498971	268013216.00
2017/06/14	15.30	15.32	15.01	15.23	9588497	145150944.00
2017/06/15	15.22	15.34	15.03	15.23	7182942	109067360.00
2017/06/16	15.29	15.35	14.83	14.89	9105081	136716816.00
2017/06/19	14.91	15.34	14.86	14.99	6674200	100463680.00
2017/06/20	15.09	15.23	14.87	15.15	6787688	102193576.00
2017/06/21	15.14	15.66	15.08	15.37	11339600	174799248.00
2017/06/22	15.36	15.54	14.80	14.86	8547400	129428496.00
2017/06/23	14.78	14.98	14.45	14.87	8185600	120038728.00
2017/06/26	14.85	15.15	14.71	15.12	6997600	104856304.00
2017/06/27	15.14	15.36	15.12	15.21	6052500	92142824.00
2017/06/28	15.05	15.25	14.99	15.05	3430501	51622636.00
2017/06/29	15.10	15.15	14.78	14.83	5751900	85829144.00
2017/06/30	14.80	15.03	14.80	14.87	3510400	52371276.00
2017/07/03	14.90	16.17	14.90	16.00	19308600	301753408.00
2017/07/04	15.92	16.33	15.66	16.30	15578100	251443376.00
2017/07/05	16.20	16.85	15.87	16.40	14404000	235358688.00
2017/07/06	16.34	16.53	16.20	16.27	7945300	129991872.00
2017/07/07	16.35	16.37	16.03	16.09	6231600	100738864.00
2017/07/10	16.00	16.43	15.85	16.02	9093400	146579424.00
2017/07/11	16.02	16.10	15.80	15.80	6110800	97373040.00
2017/07/12	15.81	16.03	15.08	15.29	12738900	196112832.00
2017/07/13	15.29	15.93	15.27	15.83	11914300	186070736.00
2017/07/14	15.83	15.89	15.48	15.71	7080800	110669416.00
2017/07/17	15.32	16.19	15.00	15.25	15276000	237717616.00
2017/07/18	15.20	15.98	15.03	15.90	14773800	230637120.00
2017/07/19	15.87	16.25	15.65	16.12	12131400	194346880.00
2017/07/20	16.00	16.35	15.91	15.98	9227300	148614528.00
2017/07/21	15.98	16.64	15.91	16.58	14808676	242629120.00
2017/07/24	16.55	17.11	16.45	16.63	13083700	219464720.00
2017/07/25	16.50	16.50	16.00	16.09	11361500	183386384.00
2017/07/26	16.05	16.55	16.02	16.27	7136500	116376160.00
2017/07/27	16.25	16.97	16.15	16.95	13176300	220333584.00
2017/07/28	16.87	17.28	16.56	16.60	12041800	202691024.00
2017/07/31	16.80	18.15	16.76	17.90	23507900	412811328.00
2017/08/01	17.91	18.50	17.88	18.48	22801900	415073920.00
2017/08/02	18.96	18.97	18.03	18.07	19846500	367325760.00
2017/08/03	18.28	18.54	17.77	17.92	11662100	210617456.00
2017/08/04	18.02	18.16	17.08	17.18	15200700	265233120.00
2017/08/07	17.30	17.56	16.90	17.43	12136900	208689696.00
2017/08/08	17.69	18.91	17.05	18.56	22312000	400607648.00
2017/08/09	18.35	18.38	17.83	17.96	14078900	254195520.00
2017/08/10	17.95	17.95	17.36	17.66	9374500	165413584.00
2017/08/11	17.50	17.96	17.35	17.50	9148400	161619584.00
2017/08/14	17.48	17.92	17.47	17.76	6356200	112986688.00
2017/08/15	17.76	18.05	17.40	17.64	7124400	125930496.00
2017/08/16	17.64	17.90	16.82	17.21	15619700	269206272.00
2017/08/17	17.04	17.37	16.95	17.25	8203200	141186352.00
2017/08/18	17.20	17.28	16.97	17.13	5075900	86974888.00
2017/08/21	17.57	18.34	17.52	18.23	22052100	397129408.00
2017/08/22	18.06	18.86	18.01	18.48	17228500	319585792.00
2017/08/23	18.56	18.84	18.21	18.43	6675000	123613328.00
2017/08/31	18.20	18.30	17.02	17.34	21598200	376351136.00
数据来源:通达信
