002572 索菲亚 日线 前复权
      日期	    开盘	    最高	    最低	    收盘	    成交量	    成交额
2011/04/12	3.90	3.91	3.62	3.74	2611783	203996992.00
2011/04/13	3.74	3.86	3.72	3.83	990541	77489288.00
2011/04/14	3.81	3.81	3.67	3.70	649207	49975276.00
2011/04/15	3.67	4.01	3.67	3.92	1022667	81511528.00
2011/04/18	3.90	4.07	3.84	4.03	564104	46087996.00
2011/04/19	4.00	4.03	3.84	3.93	338707	27244512.00
2011/04/20	3.99	4.03	3.85	3.90	274890	22064382.00
2011/04/21	3.90	3.94	3.78	3.81	244158	19192136.00
2011/04/22	3.81	3.88	3.78	3.84	237986	18801456.00
2011/04/25	3.87	3.87	3.75	3.81	241346	18928178.00
2011/04/26	3.75	3.82	3.75	3.78	102471	7984173.00
2011/04/27	3.78	3.82	3.70	3.71	196800	15194964.00
2011/04/28	3.69	3.69	3.28	3.33	405013	29171466.00
2011/04/29	3.31	3.42	3.28	3.37	122830	8748601.00
2011/05/03	3.39	3.46	3.30	3.45	66436	4767321.00
2011/05/04	3.41	3.41	3.38	3.39	68754	4939296.00
2011/05/05	3.32	3.40	3.31	3.40	52200	3727875.00
2011/05/06	3.39	3.43	3.34	3.39	34350	2467074.00
2011/05/09	3.43	3.48	3.37	3.41	52692	3812458.25
2011/05/10	3.40	3.46	3.39	3.45	46910	3403602.25
2011/05/11	3.48	3.53	3.46	3.51	107718	7909763.00
2011/05/12	3.51	3.63	3.50	3.57	130234	9773122.00
2011/05/16	3.53	3.61	3.53	3.59	58192	4343173.50
2011/05/17	3.59	3.66	3.59	3.62	82302	6247775.50
2011/05/18	3.62	3.64	3.61	3.64	41548	3143606.50
2011/05/19	3.64	3.64	3.53	3.53	46703	3486355.75
2011/05/20	3.53	3.56	3.51	3.53	33992	2520598.75
2011/05/23	3.53	3.54	3.45	3.45	52200	3820167.50
2011/05/24	3.45	3.52	3.41	3.50	59295	4341444.50
2011/05/25	3.51	3.64	3.51	3.55	107182	8031184.00
2011/05/26	3.53	3.57	3.46	3.46	49405	3634427.25
2011/05/27	3.41	3.54	3.41	3.43	78298	5735290.50
2011/05/30	3.40	3.44	3.34	3.41	53088	3835100.00
2011/05/31	3.37	3.59	3.35	3.53	82988	6067157.00
2011/06/01	3.55	3.56	3.50	3.56	46432	3452690.25
2011/06/02	3.53	3.76	3.47	3.69	211059	15956616.00
2011/06/03	3.70	3.75	3.65	3.68	128161	9873323.00
2011/06/07	3.66	3.71	3.59	3.62	59565	4512063.00
2011/06/08	3.64	3.67	3.59	3.64	60296	4550493.00
2011/06/09	3.62	3.67	3.56	3.56	54519	4116117.00
2011/06/10	3.56	3.66	3.56	3.57	94075	7087266.00
2011/06/13	3.61	3.61	3.51	3.53	122000	9052014.00
2011/06/14	3.50	3.60	3.50	3.53	39470	2948499.50
2011/06/15	3.50	3.57	3.45	3.45	64135	4706654.50
2011/06/16	3.45	3.47	3.34	3.39	98519	7061099.50
2011/06/17	3.39	3.42	3.37	3.39	36974	2656519.75
2011/06/20	3.39	3.40	3.27	3.32	122693	8685845.00
2011/06/21	3.31	3.40	3.31	3.40	65356	4665305.00
2011/06/22	3.40	3.43	3.34	3.42	54717	3933099.00
2011/06/23	3.42	3.50	3.37	3.49	62788	4566904.50
2011/06/24	3.49	3.65	3.49	3.58	114577	8599946.00
2011/06/27	3.56	3.68	3.53	3.61	86419	6524382.00
2011/06/28	3.60	3.64	3.57	3.64	86100	6482685.50
2011/06/29	3.63	3.64	3.49	3.62	90157	6732586.00
2011/06/30	3.62	3.79	3.55	3.72	239565	18497582.00
2011/07/01	3.71	3.77	3.70	3.72	110982	8583348.00
2011/07/04	3.71	3.77	3.71	3.77	173875	13474782.00
2011/07/05	3.78	3.84	3.74	3.83	313633	24512876.00
2011/07/06	3.84	3.93	3.84	3.88	250127	19990314.00
2011/07/07	3.88	3.93	3.85	3.86	205121	16421066.00
2011/07/08	3.90	3.90	3.77	3.84	97423	7671413.50
2011/07/11	3.90	3.99	3.83	3.94	179054	14460753.00
2011/07/12	3.96	3.99	3.89	3.89	109073	8819573.00
2011/07/13	3.89	3.99	3.85	3.97	109976	8865375.00
2011/07/14	3.98	4.21	3.93	4.19	314303	26095600.00
2011/07/15	4.17	4.27	4.09	4.15	317684	26834266.00
2011/07/18	4.15	4.33	4.12	4.28	899319	77311864.00
2011/07/19	4.25	4.31	4.20	4.28	348934	29944676.00
2011/07/20	4.29	4.29	4.15	4.26	176591	15116328.00
2011/07/21	4.21	4.29	4.20	4.21	240761	20608916.00
2011/07/22	4.21	4.28	4.21	4.22	79246	6753079.50
2011/07/25	4.21	4.26	4.16	4.21	196447	16668052.00
2011/07/26	4.16	4.43	4.16	4.36	1230213	107191376.00
2011/07/27	4.36	4.46	4.30	4.43	756580	66708176.00
2011/07/28	4.40	4.44	4.34	4.42	445052	39078076.00
2011/07/29	4.38	4.58	4.38	4.50	926414	83368712.00
2011/08/01	4.50	4.53	4.28	4.43	476409	41853692.00
2011/08/02	4.55	4.68	4.43	4.52	1091766	98905184.00
2011/08/03	4.46	4.56	4.32	4.49	441326	39321964.00
2011/08/04	4.52	4.59	4.43	4.55	344820	30816078.00
2011/08/05	4.40	4.74	4.35	4.59	503027	45645848.00
2011/08/08	4.46	4.57	4.34	4.42	644475	57018060.00
2011/08/09	4.29	4.63	4.09	4.58	538302	47487332.00
2011/08/10	4.58	4.92	4.58	4.75	554565	52219428.00
2011/08/11	4.65	4.87	4.60	4.75	509815	47826740.00
2011/08/12	4.78	4.83	4.65	4.72	383628	35681016.00
2011/08/15	4.74	4.87	4.68	4.74	445104	41976296.00
2011/08/16	4.76	4.81	4.66	4.68	246870	22915960.00
2011/08/18	4.68	4.76	4.63	4.67	234089	21655338.00
2011/08/19	4.64	4.73	4.54	4.70	208245	19238022.00
2011/08/22	4.79	4.84	4.46	4.55	343783	31623968.00
2011/08/23	4.53	4.62	4.47	4.58	307201	27813550.00
2011/08/24	4.63	4.90	4.59	4.87	635029	59717596.00
2011/08/25	4.91	4.93	4.53	4.76	583023	54302292.00
2011/08/26	4.70	4.70	4.56	4.66	921402	41786212.00
2011/08/29	4.58	4.83	4.55	4.64	817978	37723872.00
2011/08/30	4.64	4.76	4.64	4.66	576236	26423398.00
2011/08/31	4.66	4.66	4.43	4.58	783138	34934784.00
2011/09/01	4.56	4.78	4.52	4.56	526299	23922148.00
2011/09/02	4.53	4.63	4.43	4.58	483185	21483148.00
2011/09/05	4.54	4.61	4.46	4.56	248859	11103723.00
2011/09/06	4.51	4.59	4.35	4.40	547792	24164124.00
2011/09/07	4.37	4.51	4.37	4.48	485775	21366334.00
2011/09/08	4.50	4.54	4.42	4.45	289462	12744512.00
2011/09/09	4.45	4.48	4.20	4.29	211922	9190942.00
2011/09/13	4.15	4.30	4.01	4.29	493791	20538282.00
2011/09/14	4.28	4.32	4.13	4.21	471311	19939680.00
2011/09/15	4.20	4.31	4.20	4.29	199862	8541414.00
2011/09/16	4.30	4.32	4.20	4.26	224040	9551577.00
2011/09/19	4.32	4.32	4.15	4.23	283420	11934637.00
2011/09/20	4.23	4.25	3.98	4.17	224157	9253784.00
2011/09/21	4.08	4.28	4.01	4.24	309296	12908006.00
2011/09/22	4.15	4.16	4.02	4.10	420128	17284548.00
2011/09/23	4.06	4.06	3.89	3.97	284799	11356039.00
2011/09/26	3.95	3.99	3.73	3.89	785997	30868972.00
2011/09/27	3.83	3.95	3.78	3.85	227672	8896351.00
2011/09/28	3.94	3.94	3.64	3.81	211118	8225727.00
2011/09/29	3.70	3.90	3.65	3.82	190809	7362530.50
2011/09/30	3.85	3.85	3.75	3.81	60292	2329982.25
2011/10/10	3.70	3.84	3.70	3.80	43650	1676073.25
2011/10/11	3.80	3.89	3.52	3.63	294992	11162278.00
2011/10/12	3.54	3.86	3.52	3.84	352784	13554390.00
2011/10/13	3.76	4.04	3.76	3.93	301456	12066950.00
2011/10/14	3.94	3.96	3.80	3.95	170323	6728008.00
2011/10/17	3.95	4.01	3.84	3.93	172384	6840356.50
2011/10/18	3.85	3.98	3.83	3.94	210057	8346581.00
2011/10/19	3.94	3.94	3.71	3.88	160649	6260339.50
2011/10/20	3.74	3.82	3.60	3.70	95920	3625917.00
2011/10/21	3.63	3.68	3.47	3.55	163909	6029846.00
2011/10/24	3.55	3.63	3.47	3.57	172718	6394127.00
2011/10/25	3.57	3.91	3.55	3.88	411970	15906173.00
2011/10/26	3.79	3.96	3.79	3.89	246101	9776062.00
2011/10/27	3.89	3.96	3.83	3.84	147271	5843164.50
2011/10/28	3.93	4.05	3.74	3.89	293899	11499752.00
2011/10/31	3.88	3.95	3.78	3.90	494499	19335394.00
2011/11/01	3.84	4.05	3.83	4.05	402843	16203662.00
2011/11/02	3.95	4.26	3.95	4.08	905054	37417508.00
2011/11/03	4.08	4.31	4.08	4.28	1186838	50168128.00
2011/11/04	4.32	4.38	4.24	4.37	471036	20215194.00
2011/11/07	4.35	4.38	4.20	4.38	537446	22960680.00
2011/11/08	4.33	4.41	4.26	4.36	431196	18615248.00
2011/11/09	4.34	4.36	4.20	4.29	584264	24952806.00
2011/11/10	4.25	4.34	4.20	4.29	693020	29591554.00
2011/11/11	4.28	4.31	4.23	4.28	237694	10081811.00
2011/11/14	4.30	4.41	4.29	4.36	261321	11294161.00
2011/11/15	4.33	4.41	4.32	4.34	197975	8580977.00
2011/11/16	4.35	4.39	4.13	4.25	504510	21273478.00
2011/11/17	4.26	4.26	4.14	4.19	117188	4924621.50
2011/11/18	4.15	4.19	4.13	4.14	161497	6730466.00
2011/11/21	4.09	4.13	3.89	4.01	546246	21911730.00
2011/11/22	3.95	4.01	3.85	3.98	160301	6372309.00
2011/11/23	3.98	4.05	3.90	4.05	175268	7076672.50
2011/11/24	4.01	4.13	3.93	4.09	184622	7516422.50
2011/11/25	3.99	4.14	3.92	3.93	152428	6176072.50
2011/11/28	3.89	3.97	3.88	3.88	206319	8220835.00
2011/11/29	3.89	3.93	3.80	3.88	498700	19560474.00
2011/11/30	3.87	3.89	3.70	3.80	239000	9229476.00
2011/12/01	3.85	3.94	3.82	3.89	220020	8698696.00
2011/12/02	3.80	3.94	3.80	3.88	462460	18277294.00
2011/12/05	3.88	3.92	3.84	3.89	226378	8887892.00
2011/12/06	3.90	3.90	3.68	3.86	164166	6319574.50
2011/12/07	3.75	3.88	3.75	3.83	154258	6040358.50
2011/12/08	3.74	3.86	3.74	3.82	38100	1487059.00
2011/12/09	3.82	3.85	3.74	3.77	229358	8927667.00
2011/12/12	3.77	3.79	3.75	3.78	46091	1774890.38
2011/12/13	3.70	3.79	3.69	3.69	107669	4108401.75
2011/12/14	3.64	3.73	3.58	3.60	97500	3642687.00
2011/12/15	3.65	3.65	3.52	3.55	165316	6111066.00
2011/12/16	3.47	3.63	3.43	3.58	364169	13341032.00
2011/12/19	3.61	3.64	3.48	3.57	138795	5111799.50
2011/12/20	3.43	3.76	3.43	3.73	365981	13866321.00
2011/12/21	3.79	3.79	3.66	3.70	269571	10242476.00
2011/12/22	3.72	3.88	3.59	3.84	258714	9856687.00
2011/12/23	3.85	3.86	3.76	3.84	247222	9649287.00
2011/12/26	3.80	3.89	3.76	3.86	125762	4899314.00
2011/12/27	3.85	3.86	3.79	3.80	232514	9093942.00
2011/12/28	3.77	3.88	3.70	3.83	211208	8175195.50
2011/12/29	3.82	3.90	3.76	3.88	346613	13544600.00
2011/12/30	3.88	4.13	3.84	4.08	510037	20686312.00
2012/01/04	4.10	4.10	3.73	3.73	214895	8454838.00
2012/01/05	3.64	3.73	3.25	3.25	526292	18481538.00
2012/01/09	3.26	3.26	2.97	3.16	870028	28636810.00
2012/01/10	3.11	3.36	2.76	3.28	689240	23367640.00
2012/01/11	3.24	3.25	3.16	3.20	326060	11101340.00
2012/01/12	3.16	3.16	2.99	3.06	460669	15216653.00
2012/01/13	3.01	3.04	2.71	2.76	581522	18298176.00
2012/01/16	2.75	2.75	2.58	2.58	418305	12189517.00
2012/01/17	2.59	2.75	2.58	2.70	539660	15883893.00
2012/01/18	2.70	2.75	2.57	2.59	300764	8888476.00
2012/01/19	2.56	2.66	2.49	2.64	135837	3980580.75
2012/01/20	2.61	2.74	2.61	2.74	431812	12940444.00
2012/01/30	2.76	2.79	2.71	2.76	141833	4321989.00
2012/01/31	2.80	2.80	2.70	2.74	92261	2789674.50
2012/02/01	2.71	2.84	2.70	2.81	173238	5340822.50
2012/02/02	2.85	2.85	2.72	2.84	124409	3835013.00
2012/02/03	2.84	2.96	2.84	2.91	328233	10416492.00
2012/02/06	2.93	3.08	2.83	3.08	532975	17262066.00
2012/02/07	3.04	3.11	3.02	3.05	333640	10985541.00
2012/02/08	3.05	3.14	3.03	3.09	215799	7107534.50
2012/02/09	3.09	3.17	2.95	3.11	256781	8519769.00
2012/02/10	3.10	3.30	3.10	3.25	606006	20725246.00
2012/02/13	3.19	3.31	3.18	3.19	344243	11761754.00
2012/02/14	3.26	3.35	3.14	3.24	187666	6440372.00
2012/02/15	3.24	3.26	3.19	3.19	319970	10882310.00
2012/02/16	3.20	3.20	3.13	3.16	247882	8346851.50
2012/02/17	3.16	3.18	3.09	3.18	225035	7560790.00
2012/02/20	3.20	3.27	3.18	3.18	344671	11789834.00
2012/02/21	3.16	3.26	3.08	3.26	282199	9528338.00
2012/02/22	3.20	3.36	3.20	3.31	432284	15011398.00
2012/02/23	3.32	3.56	3.27	3.49	627294	22545342.00
2012/02/24	3.48	3.57	3.43	3.55	375698	13622457.00
2012/02/27	3.55	3.63	3.45	3.56	478849	17584142.00
2012/02/28	3.56	3.56	3.39	3.45	361821	13132018.00
2012/02/29	3.36	3.53	3.36	3.47	811901	29526170.00
2012/03/01	3.46	3.61	3.46	3.58	476150	17597014.00
2012/03/02	3.59	3.64	3.57	3.63	379383	14134414.00
2012/03/05	3.63	3.74	3.51	3.67	560516	20901118.00
2012/03/06	3.69	3.75	3.62	3.75	232186	8799171.00
2012/03/07	3.75	3.86	3.64	3.81	180123	6946498.00
2012/03/08	3.86	3.86	3.76	3.83	229233	8917166.00
2012/03/09	3.83	3.86	3.76	3.83	320773	12514322.00
2012/03/12	3.78	3.93	3.78	3.84	439835	17236822.00
2012/03/13	3.87	3.95	3.79	3.90	323529	12817915.00
2012/03/14	3.90	3.95	3.65	3.69	524130	20649700.00
2012/03/15	3.66	3.85	3.59	3.80	331649	12838795.00
2012/03/16	3.84	4.29	3.84	4.07	851254	34821012.00
2012/03/19	4.06	4.32	4.00	4.13	448217	18668624.00
2012/03/20	4.07	4.19	3.95	4.08	379374	15441464.00
2012/03/22	4.19	4.20	4.00	4.04	342308	14173403.00
2012/03/23	3.98	4.02	3.86	3.97	271700	10843671.00
2012/03/26	3.87	3.91	3.81	3.84	105900	4146269.25
2012/03/27	3.94	3.94	3.81	3.82	390086	15233028.00
2012/03/28	3.80	3.88	3.54	3.66	274392	10418619.00
2012/03/29	3.51	3.68	3.50	3.64	255579	9506096.00
2012/03/30	3.66	3.72	3.60	3.69	305856	11506159.00
2012/04/05	3.69	3.94	3.66	3.91	296660	11581653.00
2012/04/06	3.91	3.94	3.86	3.90	153064	6069746.00
2012/04/09	4.00	4.00	3.88	3.91	193877	7729529.50
2012/04/10	3.95	4.08	3.70	3.89	335856	13098379.00
2012/04/11	3.85	3.86	3.76	3.81	349813	13651752.00
2012/04/12	3.81	3.93	3.79	3.82	356440	13892145.00
2012/04/13	3.79	3.95	3.79	3.92	335681	13229069.00
2012/04/16	3.92	3.95	3.80	3.93	279632	11027862.00
2012/04/17	3.93	3.93	3.81	3.85	196244	7692863.00
2012/04/18	3.84	3.98	3.84	3.94	349819	13856078.00
2012/04/19	3.93	3.95	3.75	3.86	339152	13226729.00
2012/04/20	3.80	3.89	3.75	3.84	116458	4528167.00
2012/04/23	3.84	3.87	3.75	3.79	90688	3531588.00
2012/04/24	3.79	3.83	3.65	3.70	92805	3523374.50
2012/04/25	3.69	3.85	3.66	3.81	197058	7643520.00
2012/04/27	3.81	3.81	3.34	3.45	1131799	40541504.00
2012/05/02	3.50	3.62	3.35	3.62	573354	20790348.00
2012/05/03	3.61	3.95	3.52	3.93	458820	17589200.00
2012/05/04	3.86	4.02	3.86	4.00	262193	10490360.00
2012/05/07	3.99	4.05	3.91	4.00	324858	13101572.00
2012/05/08	4.12	4.28	4.08	4.09	1059531	44301116.00
2012/05/09	4.09	4.09	3.83	4.04	272528	10925098.00
2012/05/10	3.93	4.03	3.92	4.01	182965	7345345.00
2012/05/11	4.01	4.03	3.92	3.99	165012	6636775.00
2012/05/14	3.93	3.99	3.76	3.86	480247	9310270.00
2012/05/15	3.77	3.84	3.59	3.71	492169	9269203.00
2012/05/16	3.71	3.74	3.51	3.70	819814	15190332.00
2012/05/17	3.65	3.78	3.62	3.76	241206	4515136.50
2012/05/18	3.69	3.88	3.66	3.67	230418	4356977.50
2012/05/21	3.76	3.77	3.45	3.62	382749	7106687.50
2012/05/22	3.61	3.73	3.60	3.64	640444	11862560.00
2012/05/23	3.63	3.79	3.63	3.70	983041	18500472.00
2012/05/24	3.68	3.74	3.65	3.71	309532	5786681.00
2012/05/25	3.68	3.73	3.54	3.71	206604	3819530.50
2012/05/28	3.71	3.76	3.56	3.76	209440	3923897.50
2012/05/29	3.72	3.96	3.70	3.94	1190065	23042852.00
2012/05/30	3.99	4.09	3.86	4.07	669945	13397841.00
2012/05/31	3.99	4.09	3.99	4.06	300672	6042405.50
2012/06/04	4.00	4.00	3.80	3.97	329669	6451707.50
2012/06/05	3.89	3.95	3.85	3.93	149596	2912154.75
2012/06/06	3.93	4.05	3.90	3.96	236838	4702137.00
2012/06/07	4.06	4.06	3.82	3.86	151146	2946337.75
2012/06/08	3.93	3.93	3.72	3.80	227500	4328377.50
2012/06/11	3.83	3.83	3.70	3.79	111451	2120272.25
2012/06/12	3.72	4.18	3.72	4.16	1868701	37528744.00
2012/06/13	4.13	4.57	4.09	4.48	1878038	40486860.00
2012/06/14	4.39	4.53	4.37	4.40	629090	13580201.00
2012/06/15	4.40	4.43	4.13	4.25	932304	19556856.00
2012/06/18	4.29	4.35	4.14	4.33	783556	16505123.00
2012/06/19	4.31	4.51	4.26	4.43	951185	20521902.00
2012/06/20	4.30	4.46	4.29	4.36	508395	10837993.00
2012/06/21	4.31	4.38	4.15	4.24	472141	9802360.00
2012/06/25	4.16	4.21	4.10	4.12	485525	9983524.00
2012/06/26	4.02	4.09	3.89	4.00	285580	5675111.00
2012/06/27	3.92	4.12	3.89	4.01	212419	4272550.50
2012/06/28	3.93	4.08	3.85	3.85	224396	4405472.00
2012/06/29	3.77	3.98	3.69	3.86	696252	13275084.00
2012/07/02	3.87	3.97	3.81	3.97	410196	8014082.50
2012/07/03	3.93	4.39	3.92	4.39	1218205	25544070.00
2012/07/04	4.36	4.39	4.22	4.31	888254	18688498.00
2012/07/05	4.30	4.30	4.15	4.26	288060	6016457.50
2012/07/06	4.29	4.37	4.22	4.35	597197	12672196.00
2012/07/09	4.34	4.40	4.11	4.23	641507	13409422.00
2012/07/10	4.20	4.20	3.76	3.88	889701	17566630.00
2012/07/11	3.78	3.91	3.78	3.86	471826	9104624.00
2012/07/12	3.88	4.06	3.77	3.97	462919	9119477.00
2012/07/13	3.99	4.26	3.99	4.02	636489	13043654.00
2012/07/16	3.98	4.19	3.91	4.00	445576	9036557.00
2012/07/17	4.04	4.13	3.96	4.10	470299	9416117.00
2012/07/18	4.12	4.12	3.98	4.08	497644	10020199.00
2012/07/19	3.89	4.12	3.89	4.10	446135	9036729.00
2012/07/20	4.09	4.13	4.04	4.11	415995	8466182.00
2012/07/23	4.04	4.10	3.94	4.00	546738	10910970.00
2012/07/24	4.00	4.00	3.82	3.92	378312	7429194.50
2012/07/25	3.92	4.00	3.85	3.90	190564	3746191.75
2012/07/26	3.89	3.96	3.81	3.87	289276	5645127.50
2012/07/27	3.89	3.91	3.81	3.84	216546	4181606.25
2012/07/30	3.83	3.87	3.78	3.80	325303	6246982.00
2012/07/31	3.77	3.85	3.44	3.64	680997	12661609.00
2012/08/01	3.61	3.71	3.55	3.65	257203	4779177.50
2012/08/02	3.68	3.80	3.60	3.72	433154	8151180.50
2012/08/03	3.71	3.85	3.64	3.71	444451	8327640.00
2012/08/06	3.69	3.75	3.61	3.72	652807	12222457.00
2012/08/07	3.77	3.94	3.76	3.94	992146	19131250.00
2012/08/08	3.94	3.97	3.88	3.95	912892	17938346.00
2012/08/09	3.94	4.13	3.87	4.13	562233	11156267.00
2012/08/10	4.13	4.19	4.06	4.19	1126917	23084994.00
2012/08/13	4.20	4.23	4.04	4.14	847558	17486184.00
2012/08/14	4.10	4.12	3.86	4.02	544565	10852173.00
2012/08/15	3.99	4.01	3.91	3.97	230218	4561930.50
2012/08/16	3.94	4.01	3.82	3.84	250214	4891825.50
2012/08/17	3.79	3.86	3.77	3.83	145114	2782940.75
2012/08/20	3.66	3.87	3.66	3.86	56800	1087237.00
2012/08/21	3.85	3.93	3.85	3.91	172509	3361350.00
2012/08/22	3.91	3.95	3.79	3.86	179563	3469487.75
2012/08/23	3.79	3.90	3.79	3.89	178298	3457305.00
2012/08/24	3.89	3.91	3.81	3.86	197371	3809770.50
2012/08/27	3.75	3.83	3.64	3.65	279258	5236402.00
2012/08/28	3.61	3.74	3.61	3.68	74351	1386596.75
2012/08/29	3.63	3.71	3.58	3.59	251384	4635131.50
2012/08/30	3.58	3.62	3.49	3.53	137466	2490536.00
2012/08/31	3.48	3.66	3.48	3.56	94216	1712607.50
2012/09/03	3.60	3.65	3.54	3.65	160482	2947891.25
2012/09/04	3.69	3.81	3.57	3.58	381492	7087462.50
2012/09/05	3.58	3.61	3.54	3.58	381075	6949036.00
2012/09/06	3.57	3.64	3.56	3.59	221012	4041484.50
2012/09/07	3.61	3.81	3.61	3.73	980813	18388224.00
2012/09/10	3.73	3.82	3.69	3.76	1092503	20668152.00
2012/09/11	3.88	3.88	3.70	3.83	938544	17956230.00
2012/09/12	3.83	3.86	3.78	3.82	364483	7000192.00
2012/09/13	3.82	3.85	3.68	3.68	507063	9613387.00
2012/09/14	3.71	3.71	3.61	3.64	296805	5501532.00
2012/09/17	3.63	3.68	3.38	3.38	797413	14277659.00
2012/09/18	3.38	3.42	3.31	3.34	405803	7030225.00
2012/09/19	3.35	3.54	3.35	3.51	602167	10728646.00
2012/09/20	3.44	3.54	3.38	3.45	346294	6161786.50
2012/09/21	3.43	3.48	3.34	3.35	398021	6946893.50
2012/09/24	3.35	3.35	3.14	3.29	1163562	19548144.00
2012/09/25	3.27	3.29	3.19	3.26	476042	8039423.50
2012/09/26	3.23	3.24	3.14	3.17	136424	2265785.25
2012/09/27	3.17	3.35	3.13	3.26	224231	3814979.00
2012/09/28	3.28	3.39	3.24	3.39	460629	7880051.50
2012/10/08	3.35	3.41	3.29	3.34	165451	2865053.75
2012/10/09	3.41	3.47	3.33	3.47	290800	5118723.00
2012/10/10	3.45	3.51	3.42	3.48	181012	3228649.75
2012/10/11	3.48	3.57	3.46	3.46	383576	6917120.00
2012/10/12	3.57	3.57	3.47	3.47	472706	8491249.00
2012/10/15	3.41	3.45	3.36	3.39	266769	4682936.00
2012/10/16	3.37	3.48	3.37	3.41	168053	2974195.25
2012/10/17	3.41	3.43	3.38	3.42	99689	1752653.75
2012/10/18	3.42	3.50	3.42	3.48	270878	4827124.00
2012/10/19	3.51	3.55	3.45	3.45	266613	4755558.00
2012/10/22	3.45	3.49	3.39	3.45	148001	2633234.25
2012/10/23	3.46	3.47	3.44	3.46	158945	2824639.00
2012/10/24	3.46	3.46	3.28	3.33	268315	4661817.00
2012/10/25	3.33	3.37	3.29	3.30	92501	1596049.63
2012/10/26	3.20	3.31	3.16	3.16	244240	4088327.50
2012/10/29	3.24	3.56	3.24	3.45	1018818	18015390.00
2012/10/30	3.41	3.51	3.40	3.48	546372	9741246.00
2012/10/31	3.46	3.56	3.45	3.56	1120561	20158420.00
2012/11/01	3.58	3.78	3.55	3.75	1006384	18925066.00
2012/11/02	3.73	3.81	3.72	3.75	602286	11460597.00
2012/11/05	3.75	3.96	3.67	3.95	875868	16979680.00
2012/11/06	3.99	4.12	3.89	4.05	1156830	23151412.00
2012/11/07	4.05	4.09	3.91	3.97	617595	12303963.00
2012/11/08	3.91	4.00	3.81	3.81	624413	12087950.00
2012/11/09	3.82	3.86	3.77	3.79	956036	18314484.00
2012/11/12	3.81	3.89	3.81	3.84	493329	9514760.00
2012/11/13	3.81	3.91	3.72	3.89	469007	8966323.00
2012/11/14	3.87	3.90	3.80	3.88	333712	6437677.50
2012/11/15	3.74	3.98	3.74	3.87	305943	5990042.00
2012/11/16	3.89	4.11	3.82	4.11	899442	17911736.00
2012/11/19	4.05	4.29	4.02	4.08	871553	17961888.00
2012/11/20	3.99	4.06	3.81	3.98	672498	13235397.00
2012/11/21	3.88	3.98	3.83	3.98	291361	5691558.00
2012/11/22	3.98	3.98	3.77	3.77	693877	13380976.00
2012/11/23	3.76	3.82	3.72	3.79	361083	6868154.00
2012/11/26	3.73	3.89	3.73	3.76	316403	5993488.50
2012/11/27	3.74	3.76	3.56	3.59	427532	7901940.50
2012/11/28	3.60	3.60	3.41	3.46	330733	5880331.00
2012/11/29	3.50	3.50	3.38	3.43	73051	1294502.75
2012/11/30	3.41	3.48	3.39	3.46	106864	1898147.50
2012/12/03	3.51	3.76	3.34	3.61	588207	10838666.00
2012/12/04	3.59	3.64	3.52	3.60	186812	3407524.50
2012/12/05	3.56	4.06	3.53	3.86	1034090	19706202.00
2012/12/11	4.03	4.26	3.95	4.21	2088672	43126428.00
2012/12/12	4.16	4.21	4.06	4.18	538857	10998962.00
2012/12/13	4.13	4.20	4.08	4.10	431379	8820413.00
2012/12/14	3.96	4.35	3.96	4.27	873654	18270146.00
2012/12/17	4.26	4.51	4.21	4.25	715119	15311934.00
2012/12/18	4.24	4.24	4.04	4.15	363035	7471911.00
2012/12/19	4.06	4.35	4.06	4.35	474336	9917322.00
2012/12/20	4.34	4.48	4.31	4.39	1153709	24904112.00
2012/12/21	4.31	4.77	4.27	4.64	1164979	25715000.00
2012/12/24	4.53	4.85	4.53	4.77	1348987	31037342.00
2012/12/25	4.74	5.30	4.74	4.96	1656914	39850064.00
2012/12/26	4.97	5.25	4.91	5.15	983134	23855302.00
2012/12/27	5.09	5.22	4.90	5.04	1637065	39314860.00
2012/12/28	5.01	5.26	4.84	5.26	1640038	39335228.00
2012/12/31	5.26	5.33	5.06	5.26	1450989	35896520.00
2013/01/04	5.27	5.36	4.94	5.08	1052101	25717826.00
2013/01/07	5.02	5.46	4.96	5.41	846469	20837816.00
2013/01/08	5.40	5.48	5.24	5.40	733459	18631396.00
2013/01/09	5.36	5.56	5.14	5.26	724210	18464144.00
2013/01/10	5.25	5.33	5.22	5.26	464108	11607618.00
2013/01/11	5.20	5.28	5.14	5.19	344849	8537612.00
2013/01/14	5.16	5.58	5.16	5.51	499263	12742180.00
2013/01/15	5.52	5.58	5.39	5.53	410458	10672761.00
2013/01/16	5.53	5.56	5.43	5.50	225075	5832360.50
2013/01/17	5.50	5.53	5.43	5.48	208089	5386053.00
2013/01/18	5.48	5.54	5.41	5.46	453845	11696944.00
2013/01/21	5.59	5.64	5.24	5.33	741796	18948038.00
2013/01/22	5.33	5.39	5.18	5.19	394651	9836797.00
2013/01/23	5.14	5.23	5.03	5.12	372409	9093111.00
2013/01/24	5.12	5.23	4.89	4.95	511620	12327631.00
2013/01/25	4.96	5.04	4.89	5.00	289960	6917155.50
2013/01/28	5.03	5.41	5.03	5.39	778164	19517236.00
2013/01/29	5.35	5.81	5.35	5.71	773989	20566958.00
2013/01/30	5.71	5.71	5.52	5.53	308744	8087104.50
2013/01/31	5.53	5.78	5.41	5.78	474019	12645172.00
2013/02/01	5.77	6.01	5.68	5.79	377110	10370977.00
2013/02/04	5.80	5.94	5.46	5.51	575984	15095391.00
2013/02/05	5.51	5.75	5.27	5.35	585055	15210905.00
2013/02/06	5.41	5.99	5.35	5.93	524724	14061123.00
2013/02/07	5.91	5.96	5.83	5.89	506958	13954583.00
2013/02/08	5.83	6.26	5.83	6.08	579173	16312623.00
2013/02/18	6.06	6.13	5.88	5.94	350110	9786778.00
2013/02/19	5.94	5.99	5.73	5.82	349661	9493120.00
2013/02/20	5.86	6.00	5.76	5.97	165208	4563091.50
2013/02/21	5.97	5.97	5.64	5.81	508797	13773156.00
2013/02/22	5.85	5.98	5.67	5.84	292675	8074373.50
2013/02/25	5.74	5.84	5.64	5.79	417878	11199600.00
2013/02/26	5.69	5.91	5.39	5.55	582888	15438363.00
2013/02/27	5.60	5.62	5.39	5.50	698497	18125648.00
2013/02/28	5.40	5.64	5.39	5.63	458604	11986322.00
2013/03/01	5.63	5.86	5.56	5.83	383489	10343920.00
2013/03/04	5.72	5.72	5.41	5.47	721023	18793450.00
2013/03/05	5.46	5.68	5.40	5.59	365868	9613104.00
2013/03/06	5.60	6.25	5.60	6.25	700338	19833890.00
2013/03/07	6.39	6.42	6.04	6.19	596692	17222660.00
2013/03/08	6.19	6.34	6.01	6.21	516708	14683558.00
2013/03/11	6.18	6.58	6.17	6.30	556366	16397505.00
2013/03/12	6.26	6.50	6.02	6.13	658836	19187030.00
2013/03/13	6.13	6.39	6.13	6.15	340839	9890368.00
2013/03/14	6.09	6.66	6.08	6.55	619337	18499188.00
2013/03/15	6.58	6.59	6.21	6.28	728938	21581630.00
2013/03/18	6.27	6.48	6.03	6.42	382171	11059170.00
2013/03/19	6.32	6.46	5.90	6.17	609810	17532914.00
2013/03/20	6.17	6.37	6.13	6.33	383145	11055524.00
2013/03/21	6.34	6.55	6.32	6.39	381180	11334783.00
2013/03/22	6.37	6.79	6.37	6.79	559470	17112580.00
2013/03/25	6.79	6.87	6.72	6.76	462453	14379226.00
2013/03/26	6.69	6.69	6.44	6.66	445805	13461329.00
2013/03/27	6.65	6.76	6.48	6.50	395807	11948762.00
2013/03/28	6.50	6.50	6.16	6.29	618102	17926914.00
2013/03/29	6.34	6.65	6.19	6.56	331131	9730607.00
2013/04/01	6.56	6.56	6.28	6.31	527716	15527762.00
2013/04/02	6.27	6.37	6.02	6.04	520634	15027684.00
2013/04/03	6.15	6.15	5.84	6.06	296667	8301910.50
2013/04/08	5.89	6.14	5.89	6.14	306354	8606063.00
2013/04/09	6.14	6.25	6.07	6.21	210094	6004506.50
2013/04/10	6.21	6.21	5.98	6.06	373128	10500015.00
2013/04/11	6.05	6.16	5.89	5.95	465880	13047988.00
2013/04/12	5.93	6.08	5.89	6.01	188524	5264328.50
2013/04/15	6.09	6.16	5.89	6.05	587388	16632504.00
2013/04/16	5.94	6.06	5.93	5.98	345152	9613683.00
2013/04/17	5.97	6.10	5.93	6.10	683239	19102618.00
2013/04/18	6.14	6.44	6.02	6.38	743639	21611214.00
2013/04/19	6.43	6.57	6.33	6.46	430524	12794680.00
2013/04/22	6.30	6.64	6.30	6.64	495389	14850680.00
2013/04/23	6.64	6.80	6.53	6.65	733595	22624840.00
2013/04/24	7.26	7.26	6.69	7.02	1357633	42922244.00
2013/04/25	7.05	7.71	6.91	7.37	1129996	37702728.00
2013/04/26	7.35	7.41	7.09	7.13	462165	15090925.00
2013/05/02	7.02	7.21	6.81	6.96	767424	24347268.00
2013/05/03	6.99	7.63	6.92	7.46	785491	25854964.00
2013/05/06	7.47	7.69	7.28	7.45	620726	20968502.00
2013/05/07	7.44	7.51	7.11	7.15	646594	21295770.00
2013/05/08	7.15	7.34	6.99	7.33	505801	16472185.00
2013/05/09	7.33	7.56	7.15	7.37	610261	20473004.00
2013/05/10	7.34	7.48	7.16	7.24	276339	9144259.00
2013/05/13	7.16	7.40	7.16	7.29	160026	5295918.00
2013/05/14	7.47	7.47	7.18	7.22	150625	4974645.50
2013/05/15	7.14	7.24	7.02	7.20	293949	9557887.00
2013/05/16	7.21	7.44	7.11	7.36	494218	16449424.00
2013/05/17	7.26	7.84	7.26	7.65	705406	24182280.00
2013/05/20	7.61	8.09	7.58	7.76	818345	28827790.00
2013/05/21	7.76	7.89	7.61	7.81	472237	16485394.00
2013/05/22	7.73	7.88	7.62	7.68	340555	11874915.00
2013/05/23	7.66	7.87	7.51	7.53	556774	19344402.00
2013/05/24	7.46	7.73	7.45	7.60	819925	27949492.00
2013/05/27	7.62	7.72	7.53	7.71	697406	24015544.00
2013/05/28	7.69	7.75	7.48	7.67	594339	20477102.00
2013/05/29	7.72	7.72	7.22	7.35	1174669	39367084.00
2013/05/30	7.36	7.42	7.00	7.15	1240262	40304852.00
2013/05/31	7.09	7.22	7.09	7.17	673158	21886718.00
2013/06/03	7.02	7.16	6.94	6.96	936137	29846998.00
2013/06/04	6.96	7.06	6.81	6.99	844179	26702380.00
2013/06/05	6.99	7.02	6.86	6.98	509234	16170761.00
2013/06/06	7.04	7.21	7.01	7.12	766526	24924500.00
2013/06/07	7.12	7.17	6.68	6.92	730309	23047464.00
2013/06/13	6.77	6.83	6.51	6.61	609536	18531234.00
2013/06/14	6.58	6.71	6.52	6.67	861770	26327666.00
2013/06/17	6.62	6.82	6.45	6.72	1208381	18319214.00
2013/06/18	6.69	6.71	6.15	6.45	1921686	28117248.00
2013/06/19	6.36	6.73	6.26	6.44	2402529	35488152.00
2013/06/20	6.36	6.47	5.86	5.95	1744162	24776978.00
2013/06/21	5.78	5.89	5.65	5.81	1252032	16676072.00
2013/06/24	5.84	5.89	5.40	5.53	1192508	15690411.00
2013/06/25	5.52	5.69	5.13	5.40	1259484	15823595.00
2013/06/26	5.46	5.59	5.40	5.52	1091986	13973364.00
2013/06/27	5.51	6.14	5.51	6.13	4134409	56269528.00
2013/06/28	6.15	6.16	5.91	6.04	1877992	26151112.00
2013/07/01	6.00	6.38	5.93	6.30	2272862	32425380.00
2013/07/02	6.21	6.39	6.20	6.29	1572725	22666152.00
2013/07/03	6.25	6.44	6.11	6.34	1155329	16646738.00
2013/07/04	6.34	6.53	6.15	6.46	1910124	27531082.00
2013/07/05	6.51	7.09	6.50	6.86	3134842	48210668.00
2013/07/08	6.75	6.80	6.20	6.60	3077096	46034596.00
2013/07/09	6.36	6.60	5.95	6.18	2471358	35146028.00
2013/07/10	6.11	6.23	5.82	6.17	3164090	43254340.00
2013/07/11	6.06	6.42	6.00	6.35	3386962	48218968.00
2013/07/12	6.34	6.45	6.10	6.14	3515049	50359092.00
2013/07/15	6.17	6.24	5.86	6.18	2721837	38111356.00
2013/07/16	6.13	6.60	6.05	6.57	3309959	47880600.00
2013/07/17	6.55	6.80	6.34	6.47	2848839	42583732.00
2013/07/18	6.47	6.47	6.16	6.19	1252096	17902296.00
2013/07/19	6.25	6.69	6.22	6.22	3020004	44479240.00
2013/07/22	6.28	6.63	6.22	6.60	3048051	45015276.00
2013/07/23	6.60	6.72	6.40	6.69	2882682	43254988.00
2013/07/24	6.61	6.77	6.50	6.63	2167055	32484294.00
2013/07/25	6.70	6.74	6.25	6.25	2104365	30684354.00
2013/07/26	6.25	6.25	5.86	5.92	2607824	36025904.00
2013/07/29	5.92	5.92	5.61	5.67	1916879	25317684.00
2013/07/30	5.75	5.85	5.60	5.60	1931504	25407066.00
2013/07/31	5.65	5.79	5.60	5.65	1565434	20527236.00
2013/08/01	5.61	5.80	5.61	5.79	2024154	26667426.00
2013/08/02	5.79	6.04	5.79	6.03	2796168	38421844.00
2013/08/05	6.03	6.20	5.94	6.11	1718443	23968528.00
2013/08/06	6.11	6.35	6.08	6.28	3065369	43864556.00
2013/08/07	6.33	6.62	6.20	6.47	4596464	67276288.00
2013/08/08	6.42	6.78	6.38	6.55	2887708	43434916.00
2013/08/09	6.60	6.74	6.50	6.63	2285371	34408920.00
2013/08/12	6.63	7.00	6.63	6.86	2586871	39944524.00
2013/08/13	6.84	7.01	6.66	6.88	2474675	38270804.00
2013/08/14	6.88	6.97	6.78	6.86	1571665	24355592.00
2013/08/15	6.88	6.89	6.62	6.63	1368723	20958912.00
2013/08/16	6.64	6.78	6.43	6.48	1277278	19142188.00
2013/08/19	6.43	6.95	6.37	6.95	2571771	39571232.00
2013/08/20	6.94	7.74	6.94	7.53	5508879	91312544.00
2013/08/21	7.50	7.63	7.31	7.36	2115226	35225196.00
2013/08/22	7.43	7.61	7.25	7.53	1919642	32084340.00
2013/08/23	7.46	7.65	7.32	7.64	1794233	30077902.00
2013/08/26	7.65	7.82	7.46	7.75	1702255	29256916.00
2013/08/27	7.83	7.83	7.50	7.60	1223447	20803500.00
2013/08/28	7.55	7.55	7.29	7.33	1692117	28231490.00
2013/08/29	7.25	7.48	7.25	7.30	1088406	17974194.00
2013/08/30	7.30	7.55	7.13	7.32	1091433	17913346.00
2013/09/02	7.29	7.65	7.21	7.65	1404677	23678564.00
2013/09/03	7.64	7.77	7.53	7.63	836671	14270492.00
2013/09/04	7.60	7.60	7.38	7.49	1099535	18422982.00
2013/09/05	7.52	7.52	7.30	7.50	694343	11520976.00
2013/09/06	7.47	7.72	7.36	7.69	917397	15550527.00
2013/09/09	7.72	7.72	7.51	7.55	812401	13738953.00
2013/09/10	7.60	7.70	7.53	7.62	1014485	17277292.00
2013/09/11	7.62	7.67	7.21	7.38	1406995	23222042.00
2013/09/12	7.34	7.50	7.22	7.32	1187347	19551698.00
2013/09/13	7.33	7.70	7.23	7.69	2141640	36011416.00
2013/09/16	7.75	8.55	7.75	8.55	3051281	56552384.00
2013/09/17	8.60	9.49	8.55	8.96	7276753	145299968.00
2013/09/18	8.95	9.94	8.50	9.26	4561891	92725792.00
2013/09/23	9.10	9.59	9.04	9.26	3898866	79330408.00
2013/09/24	9.13	9.13	8.80	8.99	2730226	53657328.00
2013/09/25	8.95	9.15	8.67	8.79	2700301	52810380.00
2013/09/26	8.79	8.90	8.50	8.60	1839562	35069408.00
2013/09/27	8.63	9.05	8.53	9.00	2131809	41706448.00
2013/09/30	8.98	9.25	8.65	9.07	1931406	38129300.00
2013/10/08	9.01	9.29	8.85	9.05	2657758	53393388.00
2013/10/09	8.94	9.23	8.76	8.80	1809426	35567328.00
2013/10/10	8.80	9.70	8.75	9.70	2959367	59821284.00
2013/10/11	9.70	10.35	9.43	10.31	3242578	70114144.00
2013/10/14	10.31	10.49	9.90	9.95	2253824	49660940.00
2013/10/15	9.85	10.25	9.70	9.82	2337283	50768620.00
2013/10/16	9.82	10.64	9.80	10.39	4584668	102687064.00
2013/10/17	10.52	10.52	9.85	10.10	1988191	43880484.00
2013/10/18	10.10	10.20	9.78	10.05	839786	18283802.00
2013/10/21	10.01	10.50	10.01	10.50	1278409	28883988.00
2013/10/22	10.50	10.69	10.23	10.30	1176383	26441382.00
2013/10/23	10.30	10.30	9.19	9.50	2578752	54273068.00
2013/10/24	9.50	9.50	9.20	9.43	875311	17947388.00
2013/10/25	9.43	9.59	9.25	9.49	994881	20544514.00
2013/10/28	9.50	9.75	9.26	9.49	1407666	29108188.00
2013/10/29	9.49	9.67	8.45	9.20	1932030	37770992.00
2013/10/30	9.09	9.61	8.86	9.61	1190862	24493662.00
2013/10/31	9.60	10.30	9.60	9.74	1478052	31913160.00
2013/11/01	9.65	9.99	9.49	9.64	1197606	25575914.00
2013/11/04	9.64	10.10	9.64	10.10	1182398	25738364.00
2013/11/05	10.10	10.32	9.88	10.19	973318	21616624.00
2013/11/06	10.19	10.30	10.05	10.08	779354	17244334.00
2013/11/07	10.05	10.20	9.66	9.72	782649	16793754.00
2013/11/08	9.72	9.73	9.15	9.36	1031552	21128802.00
2013/11/11	9.36	9.43	9.03	9.36	739732	14945871.00
2013/11/12	9.36	9.58	9.35	9.36	304764	6301024.00
2013/11/13	9.45	9.45	9.00	9.25	952899	19040996.00
2013/11/14	9.25	9.30	8.96	9.25	726766	14589113.00
2013/11/15	9.31	9.72	9.16	9.52	552064	11489873.00
2013/11/18	9.69	9.85	9.40	9.61	1006221	21245512.00
2013/11/19	9.75	9.96	9.63	9.70	1096322	23409888.00
2013/11/20	9.84	9.84	9.55	9.75	584028	12349001.00
2013/11/21	9.61	9.75	9.59	9.73	834555	17671530.00
2013/11/22	9.84	9.85	9.50	9.53	677742	14408690.00
2013/11/25	9.26	9.60	9.15	9.44	860979	17552232.00
2013/11/26	9.44	9.44	9.10	9.28	863732	17407054.00
2013/11/27	9.15	9.40	9.14	9.30	600993	12222295.00
2013/11/28	9.35	9.80	9.28	9.63	883644	18372898.00
2013/11/29	9.59	9.63	9.40	9.47	507729	10591995.00
2013/12/02	9.30	9.30	8.75	9.00	880862	17515260.00
2013/12/03	9.00	9.04	8.78	9.00	1837487	35805640.00
2013/12/04	8.86	9.34	8.86	8.98	1064779	21102686.00
2013/12/05	8.94	9.00	8.30	8.42	2047808	38708352.00
2013/12/06	8.45	8.45	8.21	8.30	1522474	28105136.00
2013/12/09	8.40	8.58	8.35	8.57	474733	8903651.00
2013/12/10	8.57	8.74	8.54	8.60	831752	15879238.00
2013/12/11	8.60	8.60	8.43	8.53	311535	5851803.00
2013/12/12	8.63	8.75	8.35	8.60	961637	18323792.00
2013/12/13	8.69	9.07	8.48	9.07	2512740	48947624.00
2013/12/16	9.07	9.35	8.80	9.00	1654946	32881764.00
2013/12/17	8.93	9.20	8.75	9.15	778804	15408847.00
2013/12/18	9.15	9.20	8.86	9.07	470603	9394917.00
2013/12/19	8.97	9.39	8.97	9.20	1417589	28854168.00
2013/12/20	9.18	9.33	8.90	8.98	761975	15086010.00
2013/12/23	8.81	9.05	8.80	9.01	449177	8821029.00
2013/12/24	9.03	9.20	8.93	9.10	400158	7965596.50
2013/12/25	9.20	9.48	9.11	9.45	1621951	33329790.00
2013/12/26	9.40	9.52	9.21	9.48	941132	19400588.00
2013/12/27	9.45	9.59	9.37	9.53	1032221	21523770.00
2013/12/30	9.53	10.09	9.50	9.85	1466494	31589038.00
2013/12/31	9.85	10.13	9.79	10.06	1265012	27625834.00
2014/01/02	10.06	10.06	9.44	9.69	1941547	40632384.00
2014/01/03	9.59	9.59	9.28	9.48	1093052	22639752.00
2014/01/06	9.33	9.52	8.93	9.08	1030858	20761836.00
2014/01/07	9.07	9.07	8.70	8.85	1027169	20030474.00
2014/01/08	8.78	8.98	8.73	8.89	752390	14634976.00
2014/01/09	8.85	9.10	8.74	8.90	987440	19311644.00
2014/01/10	8.93	9.24	8.61	8.63	782040	15168123.00
2014/01/13	8.60	8.68	8.44	8.50	783136	14756922.00
2014/01/14	8.50	9.05	8.50	8.98	1374802	26846508.00
2014/01/15	8.93	9.10	8.79	8.93	1266258	24945546.00
2014/01/16	8.85	9.03	8.55	8.60	1964655	37617132.00
2014/01/17	8.70	8.89	8.61	8.64	1031145	19852642.00
2014/01/20	8.66	8.70	8.51	8.54	513737	9751933.00
2014/01/21	8.54	8.64	8.45	8.52	620991	11704711.00
2014/01/22	8.52	8.60	8.43	8.56	2092750	39328592.00
2014/01/23	8.49	8.64	8.45	8.61	1537986	29121806.00
2014/01/24	8.63	8.85	8.58	8.73	1848149	35720716.00
2014/01/27	8.71	8.83	8.20	8.33	1773830	33702416.00
2014/01/28	8.15	8.68	7.62	8.56	6501176	116854688.00
2014/01/29	8.46	8.68	8.45	8.53	2189269	41522672.00
2014/01/30	8.52	8.60	8.21	8.29	842381	15666184.00
2014/02/07	8.29	8.38	7.99	8.09	1776415	31934438.00
2014/02/10	8.09	8.59	8.00	8.52	2770362	51069776.00
2014/02/11	8.52	8.53	8.21	8.50	1998511	36998796.00
2014/02/12	8.48	8.58	8.31	8.57	1346243	25085984.00
2014/02/13	8.50	8.82	8.45	8.51	2034091	38938952.00
2014/02/14	8.50	8.70	8.45	8.70	1944857	36964080.00
2014/02/17	8.71	9.10	8.71	8.99	1882595	37094848.00
2014/02/18	9.01	9.04	8.70	8.76	1521217	29462632.00
2014/02/19	8.73	8.76	8.47	8.64	1345987	25575508.00
2014/02/20	8.68	8.68	8.41	8.50	819856	15459605.00
2014/02/21	8.32	8.56	8.32	8.51	589655	11047102.00
2014/02/24	8.35	8.52	8.31	8.51	1061957	19715912.00
2014/02/25	8.45	8.52	7.76	8.20	1048882	19143910.00
2014/02/26	8.18	8.20	7.73	7.89	1447376	25208158.00
2014/02/27	7.89	7.95	7.01	7.19	2554209	42874400.00
2014/02/28	7.20	7.28	6.85	7.19	2347871	37179312.00
2014/03/03	7.18	7.40	6.98	7.30	1513036	24668052.00
2014/03/04	7.20	7.38	7.10	7.26	1374476	22460876.00
2014/03/05	7.30	7.36	7.18	7.22	1072061	17568876.00
2014/03/06	7.25	7.34	7.13	7.33	836195	13614858.00
2014/03/07	7.43	7.44	7.20	7.37	1099690	18199018.00
2014/03/10	7.37	7.40	6.86	7.24	1091898	17361752.00
2014/03/11	7.06	7.26	6.96	7.26	1268841	20500488.00
2014/03/12	7.25	7.27	7.07	7.18	394982	6379087.50
2014/03/13	7.18	7.21	7.03	7.08	697980	11156279.00
2014/03/14	7.01	7.07	6.73	6.86	1587305	24634376.00
2014/03/17	6.86	7.01	6.79	6.99	703829	10974192.00
2014/03/18	6.99	7.22	6.85	6.87	1474421	23300492.00
2014/03/19	6.82	7.00	6.74	6.78	1064633	16481374.00
2014/03/20	6.84	6.90	6.65	6.65	1094339	16767619.00
2014/03/21	6.65	6.95	6.25	6.93	2126246	31783998.00
2014/03/24	6.89	7.22	6.78	7.16	1821807	28925822.00
2014/03/25	7.17	7.44	7.05	7.40	2833367	46339136.00
2014/03/26	7.39	7.39	7.16	7.33	1314897	21475688.00
2014/03/27	7.33	7.35	7.15	7.17	655029	10633821.00
2014/03/28	7.02	7.19	6.82	6.95	875968	13844806.00
2014/03/31	7.02	7.28	6.90	7.24	1163614	18803174.00
2014/04/01	7.24	7.43	7.19	7.40	2227581	36668884.00
2014/04/02	7.42	7.56	7.26	7.37	1866929	31137194.00
2014/04/03	7.38	7.38	7.08	7.13	1188537	19307592.00
2014/04/04	7.14	7.29	7.09	7.21	694653	11263515.00
2014/04/08	7.20	7.23	6.93	7.19	879177	14139739.00
2014/04/09	6.96	7.55	6.96	7.48	2671227	44152360.00
2014/04/10	7.40	7.49	7.30	7.30	1645407	27222902.00
2014/04/11	7.28	7.68	7.11	7.52	1852647	30785846.00
2014/04/14	7.58	8.25	7.46	8.07	2943636	52308080.00
2014/04/15	8.05	8.20	7.85	8.10	2608025	46796468.00
2014/04/16	8.10	8.10	7.81	8.01	2100444	37165672.00
2014/04/17	8.07	8.35	8.01	8.02	1316529	23842708.00
2014/04/18	7.96	8.20	7.69	8.11	1708017	30076154.00
2014/04/21	7.85	8.10	7.85	7.85	1351113	23931666.00
2014/04/22	7.71	7.94	7.53	7.66	1357120	23087138.00
2014/04/23	7.67	7.76	7.56	7.67	379527	6484021.00
2014/04/24	7.72	7.80	7.55	7.63	577484	9868387.00
2014/04/25	7.56	7.70	7.25	7.35	1001039	16686719.00
2014/04/28	7.33	7.33	6.95	7.02	1005063	16070537.00
2014/04/29	7.00	7.34	6.95	7.15	1260358	20203704.00
2014/04/30	7.16	7.43	7.16	7.36	1281360	20834474.00
2014/05/05	7.36	7.60	7.24	7.57	942186	15425982.00
2014/05/06	7.42	7.73	7.42	7.57	1210353	20254764.00
2014/05/07	7.61	7.71	7.48	7.50	767868	12874147.00
2014/05/08	7.45	7.57	7.36	7.38	859877	14175394.00
2014/05/09	7.37	7.45	7.21	7.35	1028800	16716964.00
2014/05/12	7.35	7.48	7.34	7.38	1276201	20798784.00
2014/05/13	7.39	7.47	7.35	7.42	869268	14197727.00
2014/05/14	7.41	7.46	7.14	7.20	775292	12538043.00
2014/05/15	7.19	7.31	6.99	7.00	862766	13659321.00
2014/05/16	7.08	7.15	6.80	7.02	810807	12510986.00
2014/05/19	7.02	7.09	6.86	7.07	622468	9619763.00
2014/05/20	7.04	7.17	6.81	6.89	1039308	16008678.00
2014/05/21	6.87	6.97	6.79	6.95	555898	8494636.00
2014/05/22	6.83	7.00	6.83	6.98	310646	4811872.50
2014/05/23	6.98	7.07	6.98	7.05	356487	5558219.00
2014/05/26	7.07	7.38	7.07	7.33	759210	12233162.00
2014/05/27	7.32	7.36	7.28	7.34	437119	7074031.50
2014/05/28	7.35	7.48	7.29	7.43	660756	10789627.00
2014/05/29	7.41	7.47	7.22	7.23	546008	8844564.00
2014/05/30	7.24	7.36	7.20	7.35	1480958	23742616.00
2014/06/03	7.30	7.35	7.18	7.20	623974	9993773.00
2014/06/04	7.17	7.31	7.10	7.24	588969	9371355.00
2014/06/05	7.23	7.29	7.13	7.25	374294	5958968.00
2014/06/06	7.25	7.31	7.15	7.22	168590	2694675.25
2014/06/09	7.15	7.27	7.08	7.09	599597	9497378.00
2014/06/10	7.13	7.15	7.08	7.14	295915	4670927.50
2014/06/11	7.15	7.62	7.12	7.62	1504114	24501798.00
2014/06/12	7.66	7.80	7.46	7.72	2616110	44265260.00
2014/06/13	7.63	7.76	7.53	7.73	1475967	24920468.00
2014/06/16	7.73	7.79	7.64	7.73	810287	13744112.00
2014/06/17	7.73	8.13	7.56	7.57	4155136	70970856.00
2014/06/18	7.57	7.60	7.37	7.55	2271877	37460564.00
2014/06/19	7.53	7.53	7.41	7.49	649740	10726661.00
2014/06/20	7.51	7.51	7.31	7.41	851433	13930321.00
2014/06/23	7.41	7.60	7.34	7.49	438819	7256107.00
2014/06/24	7.51	7.69	7.28	7.40	1191189	19543084.00
2014/06/25	7.40	7.40	7.13	7.25	1337026	21353428.00
2014/06/26	7.25	7.40	7.23	7.38	1410835	22902630.00
2014/06/27	7.39	7.49	7.30	7.40	1365073	22440414.00
2014/06/30	7.47	7.53	7.38	7.45	1036549	16980872.00
2014/07/01	7.48	7.52	7.32	7.35	1012512	16515545.00
2014/07/02	7.33	7.41	7.22	7.31	924466	14871041.00
2014/07/03	7.28	7.30	7.13	7.18	2213984	35275876.00
2014/07/04	7.18	7.36	7.18	7.27	968008	15523718.00
2014/07/07	7.27	7.35	7.23	7.35	1019983	16459276.00
2014/07/08	7.35	7.39	7.17	7.26	844456	13580787.00
2014/07/09	7.27	7.34	7.19	7.32	1101257	17696402.00
2014/07/10	7.34	7.63	7.26	7.57	2964425	49145076.00
2014/07/11	7.53	7.65	7.45	7.54	1434506	23891458.00
2014/07/14	7.54	7.68	7.38	7.67	1632341	27223210.00
2014/07/15	7.73	7.98	7.67	7.81	3127845	54043684.00
2014/07/16	7.90	7.90	7.61	7.69	1372775	23264882.00
2014/07/17	7.69	7.76	7.56	7.59	1126558	18900088.00
2014/07/18	7.53	7.83	7.49	7.75	988498	16726494.00
2014/07/21	7.75	7.83	7.48	7.55	1125850	18805126.00
2014/07/22	7.54	7.72	7.54	7.68	795104	13418091.00
2014/07/23	7.60	7.82	7.55	7.81	1690701	28707158.00
2014/07/24	7.77	8.06	7.77	8.00	2620033	45828936.00
2014/07/25	8.01	8.50	8.01	8.20	2375783	42841520.00
2014/07/28	8.13	8.34	8.08	8.24	1380986	24791370.00
2014/07/29	8.13	8.42	8.13	8.38	1687789	30728944.00
2014/07/30	8.30	8.73	8.30	8.66	2621134	49218232.00
2014/07/31	8.59	8.82	8.30	8.48	1678607	31225502.00
2014/08/01	8.45	8.45	8.15	8.23	2279003	41090068.00
2014/08/04	8.22	8.46	8.20	8.43	1642472	30133534.00
2014/08/05	8.42	8.53	8.34	8.47	1444913	26661518.00
2014/08/06	8.31	8.47	8.18	8.40	1248667	22765128.00
2014/08/07	8.36	8.39	8.17	8.18	919918	16603382.00
2014/08/08	8.18	8.33	8.10	8.21	923280	16552023.00
2014/08/11	8.19	8.34	8.12	8.28	1857765	33491204.00
2014/08/12	8.31	8.65	8.29	8.52	2936603	54579452.00
2014/08/13	8.55	8.60	8.32	8.45	1630280	30011620.00
2014/08/14	8.44	8.64	8.34	8.55	1437095	26660076.00
2014/08/15	8.62	8.71	8.43	8.65	1319489	24753538.00
2014/08/18	8.72	8.78	8.60	8.74	1588849	30142186.00
2014/08/19	8.76	8.91	8.71	8.74	2142870	41046136.00
2014/08/20	8.69	8.78	8.59	8.62	1052827	19952982.00
2014/08/21	8.62	8.81	8.53	8.81	1604960	30097416.00
2014/08/22	8.78	8.81	8.63	8.71	1337188	25347036.00
2014/08/25	8.68	8.69	8.29	8.32	2417329	44442024.00
2014/08/26	8.30	8.37	8.27	8.28	1378978	25032698.00
2014/08/27	8.23	8.36	8.17	8.22	1548612	28005898.00
2014/08/28	8.23	8.31	8.07	8.15	960152	17151644.00
2014/08/29	8.15	8.78	8.10	8.60	1828660	33695160.00
2014/09/01	8.58	8.69	8.42	8.66	1563202	29164412.00
2014/09/02	8.64	8.71	8.56	8.59	1529050	28685498.00
2014/09/03	8.62	8.92	8.58	8.73	2181766	41478332.00
2014/09/04	8.73	8.79	8.57	8.64	1844780	34642452.00
2014/09/05	8.72	8.78	8.56	8.71	1760138	33148264.00
2014/09/09	8.68	8.75	8.48	8.59	2565392	47908236.00
2014/09/10	8.59	8.63	8.51	8.61	1474240	27499280.00
2014/09/11	8.63	8.71	8.52	8.61	1886122	35411904.00
2014/09/12	8.65	8.65	8.44	8.55	1841703	34222620.00
2014/09/15	8.54	8.54	8.24	8.39	3975764	72594656.00
2014/09/16	8.39	8.45	8.23	8.23	2153703	39138252.00
2014/09/17	8.23	8.31	8.13	8.25	1217437	21857008.00
2014/09/18	8.25	8.45	8.25	8.30	1287714	23511672.00
2014/09/19	8.36	8.42	8.18	8.41	1650157	29889884.00
2014/09/22	8.37	8.40	8.24	8.37	1448062	26333708.00
2014/09/23	8.37	8.43	8.32	8.38	1426923	26106254.00
2014/09/24	8.37	8.61	8.37	8.60	2435361	45398972.00
2014/09/25	8.61	8.62	8.45	8.58	2228316	41466852.00
2014/09/26	8.57	8.61	8.43	8.54	1602401	29716624.00
2014/09/29	8.67	9.19	8.66	9.15	6109743	117432168.00
2014/09/30	9.15	9.34	8.99	9.01	4781911	95332480.00
2014/10/08	9.22	9.99	9.20	9.56	5048521	104772944.00
2014/10/09	9.75	9.83	9.28	9.63	2730117	56102944.00
2014/10/10	9.53	10.63	9.42	10.35	6157679	133062120.00
2014/10/13	10.23	10.42	10.13	10.28	2342840	51697116.00
2014/10/14	10.28	10.47	9.78	10.32	2710297	58838556.00
2014/10/15	10.21	10.21	9.84	10.08	2285436	49330848.00
2014/10/16	9.95	10.08	9.71	9.83	2404277	51209504.00
2014/10/17	9.73	10.23	9.58	9.91	2914919	62414096.00
2014/10/20	9.86	10.49	9.83	10.38	2446917	53920940.00
2014/10/21	10.47	10.51	10.03	10.21	1804064	39779452.00
2014/10/22	10.12	10.25	9.89	10.02	1409423	30461068.00
2014/10/23	9.98	10.51	9.53	10.05	2082982	44493764.00
2014/10/24	9.93	10.22	9.88	10.10	997884	21608586.00
2014/10/27	10.09	10.44	9.83	10.14	1004604	22051616.00
2014/10/28	10.21	10.35	10.04	10.23	1803572	39690000.00
2014/10/29	10.38	11.06	10.37	10.71	5319391	122004120.00
2014/10/30	10.60	11.31	10.60	11.25	3880266	90284944.00
2014/10/31	11.25	11.25	10.90	11.25	2490575	59224060.00
2014/11/03	11.18	11.22	10.73	10.92	2572547	60245720.00
2014/11/04	10.87	10.87	10.50	10.53	1722073	39211736.00
2014/11/05	10.59	10.72	10.48	10.63	1327854	30213254.00
2014/11/06	10.58	10.86	10.58	10.78	1782371	41084608.00
2014/11/07	10.90	11.04	10.63	10.72	2005102	46576348.00
2014/11/10	10.73	10.85	10.42	10.85	2169287	49557136.00
2014/11/11	10.76	10.85	10.23	10.23	1758982	40061220.00
2014/11/12	10.13	10.68	10.12	10.65	1240950	27849290.00
2014/11/13	10.62	10.62	10.28	10.38	1151323	25694260.00
2014/11/14	10.24	10.36	9.98	10.22	1773838	38694316.00
2014/11/17	10.23	10.27	9.81	10.13	1994893	43227140.00
2014/11/18	10.10	10.23	9.93	10.08	1126579	24494118.00
2014/11/19	10.08	10.51	10.02	10.51	1444716	32254414.00
2014/11/20	10.38	10.62	10.23	10.23	1217342	27062964.00
2014/11/21	10.32	10.54	10.23	10.49	1007352	22564686.00
2014/11/24	10.58	11.07	10.58	10.83	2586076	59958504.00
2014/11/25	10.82	10.95	10.54	10.88	1304245	29983176.00
2014/11/26	10.82	10.85	10.55	10.60	2031181	46557440.00
2014/11/27	10.62	10.81	10.50	10.76	1898811	43422396.00
2014/11/28	10.70	10.74	10.13	10.55	3478570	77760720.00
2014/12/01	10.33	10.49	9.99	10.43	3201761	70006824.00
2014/12/02	10.23	10.40	10.08	10.23	2086721	45926300.00
2014/12/03	10.24	10.37	9.71	9.94	4401220	93705968.00
2014/12/04	9.91	10.15	9.79	9.88	3879771	82745784.00
2014/12/05	9.94	9.94	9.43	9.57	5464426	113277824.00
2014/12/08	9.53	9.56	9.20	9.45	3021368	61501024.00
2014/12/09	9.43	9.43	9.02	9.07	5687053	112793288.00
2014/12/10	9.06	9.89	8.98	9.66	4495769	93145080.00
2014/12/11	9.65	10.18	9.45	10.08	4018584	85048880.00
2014/12/12	9.94	10.23	9.73	9.95	3071386	66469632.00
2014/12/15	9.94	10.06	9.84	9.99	2340106	50180888.00
2014/12/16	10.02	10.28	9.54	9.97	4135754	88221040.00
2014/12/17	9.77	9.78	9.48	9.54	2993299	61769620.00
2014/12/18	9.33	9.83	9.28	9.47	2826845	58265440.00
2014/12/19	9.48	9.53	9.23	9.26	1454618	29292638.00
2014/12/22	9.38	9.48	8.91	8.98	3079088	61172468.00
2014/12/23	8.98	9.48	8.73	9.38	3013148	60441916.00
2014/12/24	9.52	9.73	9.22	9.25	3436812	70051720.00
2014/12/25	9.25	9.52	9.24	9.52	1025168	20892416.00
2014/12/26	9.54	9.62	9.36	9.53	1720110	35160820.00
2014/12/29	9.43	9.58	9.03	9.48	5486238	110567160.00
2014/12/30	9.33	9.68	9.33	9.49	1418336	29054698.00
2014/12/31	9.49	10.05	9.49	9.93	2757497	58723940.00
2015/01/05	9.93	11.00	9.93	11.00	10173660	234069056.00
2015/01/06	11.23	11.62	10.58	10.79	8578354	205608480.00
2015/01/07	10.73	11.42	10.71	11.28	6254436	149472224.00
2015/01/08	11.73	12.03	11.07	11.45	5887623	144778176.00
2015/01/09	11.28	11.98	11.23	11.78	4309573	107401648.00
2015/01/12	11.78	12.01	11.53	11.53	3931584	99340520.00
2015/01/13	11.45	12.38	11.43	11.73	3025784	76622808.00
2015/01/14	11.55	12.18	11.47	11.48	1623904	40568612.00
2015/01/15	11.60	11.83	11.23	11.43	1572719	38532668.00
2015/01/16	11.33	11.52	11.11	11.45	3644815	87780248.00
2015/01/19	11.08	11.73	10.98	11.38	2264580	55096812.00
2015/01/20	11.52	12.08	11.33	12.06	1932190	48688012.00
2015/01/21	12.06	13.33	11.97	12.33	4435533	118107656.00
2015/01/22	12.25	12.63	11.93	12.48	4271679	110204664.00
2015/01/23	12.33	12.69	12.23	12.33	1858797	48804580.00
2015/01/26	12.33	12.81	12.17	12.57	2727631	72508192.00
2015/01/27	12.57	12.57	12.08	12.22	2588143	67442552.00
2015/01/28	12.15	12.25	12.01	12.07	2792512	71841416.00
2015/01/29	11.98	12.25	11.77	12.24	2096989	53516304.00
2015/01/30	12.23	13.08	11.97	12.91	3369579	88712728.00
2015/02/02	12.58	12.70	12.13	12.38	3399536	89270360.00
2015/02/03	12.25	12.40	11.93	11.99	4538483	117075496.00
2015/02/04	12.05	12.05	11.42	11.54	4027075	100493328.00
2015/02/05	11.58	11.82	11.55	11.73	2985936	74251808.00
2015/02/06	11.73	11.99	11.46	11.92	3911542	97648512.00
2015/02/09	11.87	11.88	11.38	11.43	3253644	80243592.00
2015/02/10	11.56	11.95	11.08	11.65	3575693	87122152.00
2015/02/11	11.58	11.78	11.49	11.60	1568483	38837068.00
2015/02/12	11.66	11.91	11.25	11.88	2335376	57423580.00
2015/02/13	11.87	12.29	11.73	12.09	5873470	149786880.00
2015/02/16	12.03	12.13	11.76	12.00	2746316	69819792.00
2015/02/17	12.00	12.01	11.38	11.88	2697341	67479392.00
2015/02/25	11.83	12.62	11.69	12.58	3092995	80290144.00
2015/02/26	12.58	12.63	12.15	12.53	1934922	51044224.00
2015/02/27	12.51	12.65	12.38	12.47	2069211	54987320.00
2015/03/02	12.35	12.60	12.33	12.37	1924872	50733792.00
2015/03/03	12.45	13.30	12.34	12.88	4533763	123943896.00
2015/03/04	12.84	13.90	12.67	13.63	4515374	127895000.00
2015/03/05	13.53	13.72	13.30	13.63	2393996	68706928.00
2015/03/06	13.77	13.77	12.98	13.24	2249280	63981280.00
2015/03/09	12.95	13.33	12.90	13.15	1422669	39549096.00
2015/03/10	13.18	13.53	13.01	13.18	1251728	35319180.00
2015/03/11	13.19	13.22	12.45	12.57	2109529	57141840.00
2015/03/12	12.56	12.82	12.28	12.73	3073657	81173752.00
2015/03/13	12.58	12.73	12.54	12.63	1550424	41516660.00
2015/03/16	12.68	13.03	12.68	12.73	5216854	141515008.00
2015/03/17	12.87	13.43	12.71	12.96	4401673	121954016.00
2015/03/18	12.88	12.95	12.58	12.84	7779084	209873168.00
2015/03/19	12.79	12.79	12.54	12.63	4736538	126850512.00
2015/03/20	12.58	12.69	12.44	12.49	7834850	208648944.00
2015/03/23	12.50	13.42	12.50	13.38	9518074	259913584.00
2015/03/24	13.39	14.03	12.88	13.86	9989182	283319424.00
2015/03/25	13.83	13.84	13.45	13.62	6862793	197943040.00
2015/03/26	13.67	14.10	13.50	13.70	8208079	240093520.00
2015/03/27	13.93	14.48	13.77	14.33	8020127	239787472.00
2015/03/30	14.38	15.20	14.38	14.60	6897624	215744704.00
2015/03/31	15.08	15.38	14.73	14.83	6463073	204318832.00
2015/04/01	14.88	15.53	14.88	15.37	6515386	209987184.00
2015/04/02	15.35	16.99	14.88	16.99	14775426	486926784.00
2015/04/03	16.97	17.39	16.23	16.82	8333015	294334944.00
2015/04/07	17.17	17.17	16.08	16.62	8764668	299527488.00
2015/04/08	16.50	16.52	15.23	15.78	9497511	314369760.00
2015/04/09	15.68	15.93	14.57	15.93	11626441	367476512.00
2015/04/10	15.40	15.98	15.25	15.86	5519590	181581808.00
2015/04/13	15.86	17.12	15.25	16.20	7798643	265428528.00
2015/04/14	16.20	16.46	15.53	15.72	7699538	258495456.00
2015/04/15	15.48	15.83	14.61	15.44	7487035	239480816.00
2015/04/16	15.03	15.65	14.79	15.18	6738922	215523024.00
2015/04/17	15.47	16.50	15.43	16.11	10507024	351362624.00
2015/04/20	16.11	17.38	15.87	16.63	8752753	309113824.00
2015/04/21	16.68	17.30	15.92	17.11	7619982	262595552.00
2015/04/22	17.23	17.34	16.83	16.93	6020751	214162720.00
2015/04/23	17.15	17.33	16.40	16.96	4939036	175070448.00
2015/04/24	16.58	16.93	16.06	16.30	3805742	130811096.00
2015/04/27	16.35	16.73	16.07	16.12	5659689	194387920.00
2015/04/28	16.28	16.47	15.06	15.61	6146243	206919360.00
2015/04/29	16.10	17.05	15.73	16.02	9866687	339629664.00
2015/04/30	16.38	16.99	16.02	16.68	6064479	211065360.00
2015/05/04	16.73	17.04	16.24	17.00	8475851	297484288.00
2015/05/05	16.99	17.10	16.23	16.60	7969223	279298720.00
2015/05/06	16.74	18.34	16.58	18.08	9936867	365858240.00
2015/05/07	18.24	18.59	17.30	17.30	4853896	178332400.00
2015/05/08	17.34	18.94	17.34	18.70	7731407	290471872.00
2015/05/11	18.82	20.57	18.70	20.50	7824287	318618784.00
2015/05/12	20.72	21.80	19.53	20.88	7573599	321213056.00
2015/05/13	20.41	21.50	19.90	20.69	3049557	131080008.00
2015/05/14	20.70	20.70	19.75	19.99	3268333	135067344.00
2015/05/15	20.20	20.45	18.90	19.90	4046756	163289168.00
2015/05/18	19.40	20.35	19.27	19.97	4687361	192120832.00
2015/05/19	20.00	20.15	19.40	19.90	3685488	149930928.00
2015/05/20	20.10	21.95	19.94	21.30	4736913	206226128.00
2015/05/21	21.33	22.15	21.23	21.87	3012994	134476880.00
2015/05/22	22.74	22.74	20.91	21.20	3734331	162688160.00
2015/05/25	20.20	21.75	20.20	21.38	3798665	164236560.00
2015/05/26	21.12	22.25	20.84	21.84	4858015	215583440.00
2015/05/27	21.92	22.35	20.90	21.06	6746020	296157696.00
2015/05/28	20.98	21.27	18.89	19.01	6998482	292155776.00
2015/05/29	19.03	20.55	18.90	19.75	5853444	236485968.00
2015/06/01	19.76	21.28	19.76	21.08	6652343	284584320.00
2015/06/02	21.08	23.25	21.08	23.25	7374226	345712800.00
2015/06/29	20.86	20.86	20.86	20.86	236700	10159164.00
2015/06/30	18.72	18.72	18.72	18.72	2216400	85619536.00
2015/07/01	17.98	20.40	17.74	17.79	20881700	809094592.00
2015/07/02	17.45	18.68	15.95	16.15	16708058	588007296.00
2015/07/03	16.40	17.65	14.90	16.00	12711316	423329856.00
2015/07/06	17.40	17.59	14.34	15.30	17271658	558860096.00
2015/07/07	14.57	15.52	13.71	13.71	7608538	224332960.00
2015/07/08	12.28	15.14	12.28	14.75	37006234	1010527360.00
2015/07/09	13.45	16.29	13.45	16.29	12792782	415245920.00
2015/07/10	17.65	17.98	17.53	17.98	8801421	326509408.00
2015/07/13	18.55	19.84	17.70	19.82	13848168	537802176.00
2015/07/14	20.65	20.65	18.70	19.15	7612955	302514176.00
2015/07/15	18.55	19.40	17.95	18.25	8638599	328304160.00
2015/07/16	17.65	19.50	16.65	19.16	6340852	242948512.00
2015/07/17	19.16	20.14	19.16	19.95	5842422	237736816.00
2015/07/20	19.40	20.34	18.40	19.57	7806189	309973984.00
2015/07/21	18.96	19.49	18.65	18.98	3999533	156831392.00
2015/07/22	18.75	19.17	18.40	18.50	5165606	199709408.00
2015/07/23	18.45	19.60	18.29	19.20	4401735	169911184.00
2015/07/24	19.21	19.89	18.61	18.73	4237395	169078448.00
2015/07/27	17.98	18.84	16.80	16.80	5376084	199004000.00
2015/07/28	16.38	17.40	15.70	16.95	7034810	240425376.00
2015/07/29	17.30	17.79	16.51	17.79	3466623	122566784.00
2015/07/30	17.68	18.17	17.04	17.05	1724167	63268340.00
2015/07/31	16.55	18.23	16.55	17.06	3294852	120382800.00
2015/08/03	16.68	17.58	16.45	16.80	3187203	111695632.00
2015/08/04	17.32	17.50	16.95	17.38	3716018	133085736.00
2015/08/05	17.40	18.58	17.40	18.19	3802507	143233584.00
2015/08/06	17.85	19.19	17.85	18.60	3122799	120820680.00
2015/08/07	18.79	19.52	18.35	19.15	2573958	100601752.00
2015/08/10	19.15	19.89	18.91	19.69	3531182	141703984.00
2015/08/11	19.69	19.93	18.93	19.60	4528691	180398848.00
2015/08/12	19.28	19.55	18.63	19.30	3323642	131964760.00
2015/08/13	19.25	19.55	18.84	19.15	2133295	84240416.00
2015/08/14	19.36	19.87	18.98	19.55	2455929	98331200.00
2015/08/17	19.55	19.65	19.15	19.55	1671566	66910628.00
2015/08/18	19.55	20.38	18.91	19.21	3206350	131359200.00
2015/08/19	18.17	19.61	17.91	19.46	2479511	95664592.00
2015/08/20	19.45	19.45	18.48	18.94	2786709	108223968.00
2015/08/21	18.20	18.89	17.73	17.85	3350089	125652792.00
2015/08/24	17.30	17.30	16.01	16.01	4496769	152255920.00
2015/08/25	14.39	16.14	14.39	15.15	5319573	170314848.00
2015/08/26	15.30	16.59	14.91	15.65	2990216	96640368.00
2015/08/27	16.15	17.14	15.91	16.70	3260611	112080320.00
2015/08/28	17.64	18.43	16.90	18.40	4247490	156865984.00
2015/08/31	17.93	18.19	17.26	17.55	1485981	54026184.00
2015/09/01	17.40	17.55	16.48	16.95	1897000	66494520.00
2015/09/02	16.75	17.15	16.03	16.79	1537522	53115480.00
2015/09/07	17.05	17.75	15.05	15.30	9795921	314088608.00
2015/09/08	15.30	16.45	15.15	16.31	2200415	72305968.00
2015/09/09	16.51	17.60	15.55	17.05	4634710	156597664.00
2015/09/10	16.50	17.14	15.95	16.70	1798948	62429676.00
2015/09/11	16.89	16.90	16.43	16.70	1031495	35785504.00
2015/09/14	16.51	17.36	15.68	16.15	1998048	68793496.00
2015/09/15	15.90	16.36	15.66	15.88	1172550	38527720.00
2015/09/16	15.88	17.14	15.76	16.95	2591015	88378280.00
2015/09/17	16.75	17.38	16.51	16.65	2332706	82058824.00
2015/09/18	16.65	16.80	15.91	16.66	2156142	72980216.00
2015/09/21	16.43	17.95	16.16	17.86	3570501	129821072.00
2015/09/22	17.86	17.96	17.36	17.65	1698968	62021880.00
2015/09/23	17.21	18.24	17.21	17.90	2794779	103590680.00
2015/09/24	18.06	18.80	17.54	18.35	1997849	74694336.00
2015/09/25	18.25	18.25	17.25	17.59	2974100	108883376.00
2015/09/28	17.50	17.65	16.98	17.43	1613615	57612364.00
2015/09/29	17.75	18.65	17.20	18.00	2170775	81698480.00
2015/09/30	18.00	18.84	17.72	18.56	1356780	51700128.00
2015/10/08	19.15	20.04	18.68	19.33	3536833	143750640.00
2015/10/09	19.55	19.60	18.71	19.20	2009266	79093224.00
2015/10/12	19.20	19.68	18.90	19.39	5558706	220887376.00
2015/10/13	19.09	19.34	18.91	19.26	2179440	85935648.00
2015/10/14	19.08	19.08	18.05	18.45	6366322	242263440.00
2015/10/15	18.39	18.67	18.06	18.39	5873725	221674240.00
2015/10/16	18.56	18.73	18.00	18.40	4698814	177781040.00
2015/10/19	18.45	19.59	18.40	19.28	6181264	241021760.00
2015/10/20	19.28	19.29	18.71	19.11	3334425	131158992.00
2015/10/21	19.31	19.70	18.23	18.85	4220700	166274000.00
2015/10/22	19.29	19.80	19.18	19.66	6282421	252220688.00
2015/10/23	19.81	19.90	19.19	19.53	4923341	197386080.00
2015/10/26	19.75	19.77	18.74	19.04	4909884	193464064.00
2015/10/27	18.99	19.63	18.60	19.36	3513184	138220160.00
2015/10/28	19.35	19.35	18.81	18.83	1614996	63642012.00
2015/10/29	18.85	19.84	18.75	19.32	2591036	103258176.00
2015/10/30	19.10	19.84	19.01	19.51	2251353	90519328.00
2015/11/12	21.40	21.40	19.66	20.49	10532894	440558496.00
2015/11/13	19.78	19.98	19.21	19.33	7489611	300619264.00
2015/11/16	18.85	19.40	18.68	19.35	6424335	252177200.00
2015/11/17	19.40	19.54	18.59	18.70	7047925	276558048.00
2015/11/18	18.89	19.65	18.78	19.15	8120351	322445248.00
2015/11/19	19.10	20.58	18.91	20.50	7166331	290361888.00
2015/11/20	20.50	21.28	20.32	20.43	5595758	238778592.00
2015/11/23	20.35	20.85	19.80	19.89	5782680	240329536.00
2015/11/24	19.70	19.85	19.07	19.55	4266534	170167632.00
2015/11/25	19.50	20.44	19.26	20.39	4135834	169099040.00
2015/11/26	20.40	20.40	19.40	19.58	5114218	208302352.00
2015/11/27	19.44	19.49	18.08	18.55	5852928	226868928.00
2015/11/30	18.65	18.90	18.05	18.50	3393918	130071056.00
2015/12/01	18.43	19.15	18.25	18.51	3154416	122286744.00
2015/12/02	18.52	19.10	18.20	18.90	2957219	114157984.00
2015/12/03	18.91	19.10	18.65	18.96	2204066	85834816.00
2015/12/04	18.96	19.20	18.80	18.90	1993510	78086200.00
2015/12/07	18.89	19.40	18.70	19.35	4063393	160162192.00
2015/12/08	19.39	20.18	19.27	19.78	5096124	206524144.00
2015/12/09	19.70	19.70	19.09	19.25	1820497	72545184.00
2015/12/10	19.00	19.34	18.59	18.85	3933285	152408032.00
2015/12/11	18.63	19.04	18.55	18.83	1144907	44500240.00
2015/12/14	18.58	18.93	18.17	18.73	3152860	121263712.00
2015/12/15	18.71	19.18	18.70	19.01	1570761	61730252.00
2015/12/16	19.02	19.35	18.90	19.01	1210930	47800060.00
2015/12/17	19.01	19.59	19.01	19.38	2859333	114062032.00
2015/12/18	19.40	19.71	19.40	19.60	2692813	108832896.00
2015/12/21	19.51	20.12	19.50	19.94	3012225	123093240.00
2015/12/22	20.10	20.30	19.80	20.10	2076505	85621440.00
2015/12/23	20.20	20.50	19.60	19.65	2687805	111448768.00
2015/12/24	19.38	19.80	19.36	19.80	1678217	67640320.00
2015/12/25	19.87	20.72	19.75	20.70	3473258	144339280.00
2015/12/28	20.71	21.80	20.71	21.40	6838147	300135680.00
2015/12/29	21.45	21.45	20.83	21.22	2540442	110616680.00
2015/12/30	21.15	21.15	20.55	20.99	4725000	202247376.00
2015/12/31	21.05	21.32	20.70	20.95	3508008	150791840.00
2016/01/04	20.99	21.10	19.51	19.67	4418974	183288976.00
2016/01/05	19.09	20.50	18.90	19.20	5558063	224461200.00
2016/01/06	19.35	19.63	19.15	19.50	3441972	137963712.00
2016/01/07	18.90	19.55	17.65	17.82	1131600	43354484.00
2016/01/08	18.58	18.98	17.90	18.19	5419542	204195760.00
2016/01/11	18.09	18.68	17.39	17.66	5136309	192284080.00
2016/01/12	17.74	18.32	17.31	17.55	3344799	121998992.00
2016/01/13	17.73	18.06	17.21	17.69	4001381	146083104.00
2016/01/14	17.20	18.33	16.90	18.15	4417046	160183536.00
2016/01/15	18.15	18.82	17.80	18.23	6207826	235527488.00
2016/01/18	17.90	18.50	17.77	18.29	3037997	114339776.00
2016/01/19	18.33	18.95	17.91	18.74	3838093	146641584.00
2016/01/20	18.50	19.00	18.40	18.60	2126301	82401824.00
2016/01/21	18.22	18.90	18.15	18.48	3944651	150506560.00
2016/01/22	18.54	18.65	18.21	18.60	2466249	93922640.00
2016/01/25	18.80	19.45	18.74	19.13	3420861	134228560.00
2016/01/26	19.05	19.05	17.72	18.22	2587277	98130056.00
2016/01/27	18.40	18.40	17.15	17.91	5366610	195917200.00
2016/01/28	17.36	18.20	17.36	17.69	3224435	118772176.00
2016/01/29	17.65	18.38	17.58	18.10	2058042	76701456.00
2016/02/01	18.00	18.84	17.99	18.26	2378721	90893016.00
2016/02/02	18.34	18.80	18.21	18.61	2002340	77024840.00
2016/02/03	18.50	19.30	18.41	18.82	2130702	83355848.00
2016/02/04	18.86	19.05	18.65	18.75	1570649	61119356.00
2016/02/05	18.78	19.40	18.11	18.35	2745582	103879064.00
2016/02/15	17.80	18.40	17.76	18.33	1840993	69514568.00
2016/02/16	18.41	19.19	18.35	18.84	1766196	68293360.00
2016/02/17	18.86	18.88	18.43	18.83	1389091	53791888.00
2016/02/18	18.84	19.18	18.84	18.89	2772897	108850264.00
2016/02/19	18.93	19.15	18.79	19.01	1375196	53835276.00
2016/02/22	19.11	20.25	19.11	19.88	4586422	187622384.00
2016/02/23	19.85	20.08	19.68	20.01	3092494	126944168.00
2016/02/24	19.98	20.63	19.65	20.00	4823169	200561632.00
2016/02/25	20.03	20.03	18.97	19.30	3494861	139952208.00
2016/02/26	19.31	19.48	18.69	19.16	2560157	100587536.00
2016/02/29	19.15	19.16	18.35	18.65	2936844	113199176.00
2016/03/01	18.58	19.29	18.43	18.89	2903156	112995000.00
2016/03/02	18.93	20.60	18.93	20.50	7467655	307037664.00
2016/03/03	20.40	20.50	19.75	20.22	3818420	156597152.00
2016/03/04	20.05	20.43	19.76	20.25	2058499	84508944.00
2016/03/07	20.30	21.05	20.30	20.48	3101837	130419400.00
2016/03/08	20.17	20.38	19.50	20.15	3066055	123738560.00
2016/03/09	19.74	19.88	19.03	19.59	3175749	126099568.00
2016/03/10	19.56	19.83	19.11	19.55	1954720	77738080.00
2016/03/11	19.55	19.95	19.25	19.76	2449079	98730344.00
2016/03/14	19.98	20.70	19.98	20.45	2385647	99641240.00
2016/03/15	20.25	21.06	20.25	20.70	3744907	157950848.00
2016/03/16	20.70	20.90	20.07	20.49	1950102	81224896.00
2016/03/17	20.45	21.00	20.44	20.80	1501769	63365708.00
2016/03/18	20.80	21.22	20.55	20.73	4213068	178272304.00
2016/03/21	20.88	20.97	20.35	20.79	3023149	127206312.00
2016/03/22	20.65	20.90	20.46	20.80	1862059	78284160.00
2016/03/23	20.75	21.14	20.50	20.81	1517098	64259072.00
2016/03/24	20.65	20.74	20.25	20.25	2031888	84622432.00
2016/03/25	20.16	20.45	20.11	20.36	1832669	75542488.00
2016/03/28	20.39	21.27	20.39	21.25	4040159	172056880.00
2016/03/29	21.27	21.30	20.60	20.90	3251305	138368848.00
2016/03/30	20.90	21.23	20.60	21.08	2581428	109925152.00
2016/03/31	21.08	21.37	20.95	21.24	2081938	89462440.00
2016/04/01	21.08	21.30	20.65	20.79	1553074	66227596.00
2016/04/05	20.84	21.35	20.59	21.35	2486553	105764784.00
2016/04/06	21.15	21.30	20.87	21.10	2472866	105925448.00
2016/04/07	21.11	21.55	20.74	21.30	3102280	133615752.00
2016/04/08	21.15	22.24	21.00	21.90	4240900	187639568.00
2016/04/11	22.15	24.13	21.96	24.13	8530876	408830176.00
2016/04/12	24.15	24.35	23.40	23.56	4355639	209691168.00
2016/04/13	23.60	24.45	23.31	23.40	4434543	214440544.00
2016/04/14	23.28	24.07	23.28	23.94	2493229	120107544.00
2016/04/15	24.10	24.30	23.05	23.35	2806092	133954208.00
2016/04/18	23.15	24.24	22.69	23.75	3048460	146292528.00
2016/04/19	23.66	25.13	23.66	24.95	4855024	242431248.00
2016/04/20	24.80	24.90	23.04	23.88	5031424	243909360.00
2016/04/21	23.90	25.25	23.78	23.89	4251519	212747824.00
2016/04/22	23.65	24.75	23.17	24.34	3498283	172387296.00
2016/04/25	24.43	24.52	23.40	23.58	2759115	133058440.00
2016/04/26	23.64	23.85	22.75	23.13	3901698	183258032.00
2016/04/27	23.25	24.09	23.25	23.74	2309208	111188936.00
2016/04/28	23.65	24.46	23.49	24.39	2662366	130030248.00
2016/04/29	24.20	24.65	24.01	24.41	2055424	101989536.00
2016/05/03	24.45	25.20	24.11	25.10	2422259	122329416.00
2016/05/04	25.02	25.10	24.60	24.86	2075839	104359488.00
2016/05/05	24.86	25.20	24.35	24.70	2099763	105293856.00
2016/05/06	24.70	25.42	24.36	24.65	3233041	163909264.00
2016/05/09	24.35	24.77	24.15	24.34	2052345	101418712.00
2016/05/10	24.30	24.99	24.23	24.99	2651794	132042984.00
2016/05/11	24.99	26.32	24.99	26.00	4547598	238665728.00
2016/05/12	25.48	26.43	24.81	26.39	3757525	193696416.00
2016/05/13	26.16	26.59	25.66	26.00	1749540	92605464.00
2016/05/16	25.85	26.08	25.60	26.00	1807947	95089440.00
2016/05/17	26.00	26.13	25.13	25.25	2468978	127054648.00
2016/05/18	25.02	25.46	24.76	25.25	2124934	108638472.00
2016/05/19	25.06	25.80	25.06	25.37	2411839	124906624.00
2016/05/20	25.11	25.59	24.92	25.25	1851278	95222256.00
2016/05/23	25.15	25.58	25.07	25.24	1638774	84113960.00
2016/05/24	25.24	25.44	24.61	24.75	1716059	86470104.00
2016/05/25	24.87	24.94	24.08	24.20	4347122	214632512.00
2016/05/26	24.20	24.91	23.40	24.80	3208234	157609264.00
2016/05/27	24.65	25.03	24.45	24.90	957782	48147792.00
2016/05/30	24.90	25.09	24.66	24.90	2176023	109901952.00
2016/05/31	24.90	25.90	24.90	25.73	2544291	131613856.00
2016/06/01	24.67	26.03	24.67	25.53	1584219	81856712.00
2016/06/02	25.25	25.68	25.25	25.47	1663465	85711776.00
2016/06/03	25.62	26.45	25.24	26.28	2416531	127623648.00
2016/06/06	26.40	26.91	26.10	26.26	2195993	118075264.00
2016/06/07	26.10	26.44	26.10	26.35	1108360	59063888.00
2016/06/08	26.35	27.25	26.21	26.98	2118064	115367880.00
2016/06/13	26.65	27.99	26.25	27.15	2619614	145084560.00
2016/06/14	26.80	27.75	26.55	26.82	1631589	89428976.00
2016/06/15	26.69	27.62	26.54	27.40	1566734	86323456.00
2016/06/16	27.35	27.59	26.91	27.04	1542688	84723912.00
2016/06/17	27.04	27.15	26.85	27.07	1216327	66517808.00
2016/06/20	27.07	27.15	26.72	26.86	2442933	132903520.00
2016/06/21	26.67	27.41	26.67	26.89	1495279	81823264.00
2016/06/22	26.91	26.98	26.34	26.38	2885883	154950480.00
2016/06/23	26.35	26.44	26.17	26.40	1765735	94250560.00
2016/06/24	26.50	27.02	26.27	26.75	3191785	172655856.00
2016/06/27	26.75	27.04	26.48	26.90	2376263	128809392.00
2016/06/28	27.10	27.10	26.69	26.98	1611322	87656976.00
2016/06/29	26.96	28.03	26.15	27.95	1927646	106600216.00
2016/06/30	27.88	28.30	27.35	27.66	1206621	67883112.00
2016/07/01	27.68	27.98	27.27	27.66	1135938	63342212.00
2016/07/04	27.55	28.13	27.55	27.80	1082073	61040412.00
2016/07/05	28.00	28.00	27.56	27.88	1189607	66832132.00
2016/07/06	27.67	27.90	27.34	27.53	2413057	134569872.00
2016/07/07	27.45	27.95	27.20	27.55	2055874	114875272.00
2016/07/08	27.42	27.64	27.20	27.29	1405202	77723672.00
2016/07/11	27.30	27.82	26.71	27.15	2326513	127855120.00
2016/07/12	26.90	28.08	26.90	27.95	3233551	180709712.00
2016/07/13	27.94	27.94	27.28	27.76	2072423	115219456.00
2016/07/14	28.04	28.62	27.86	28.05	2583124	147209760.00
2016/07/15	27.94	28.28	27.70	28.06	1485507	84211336.00
2016/07/18	28.00	28.58	27.88	28.55	2087786	119924104.00
2016/07/19	28.61	28.72	28.25	28.55	1123304	64777080.00
2016/07/20	28.40	28.65	28.16	28.24	1065127	61271776.00
2016/07/21	28.19	28.49	27.86	28.10	1279891	72998784.00
2016/07/22	28.10	28.14	27.58	27.65	1337098	75227640.00
2016/07/25	27.65	27.98	27.52	27.88	802973	45205568.00
2016/07/26	27.89	28.35	27.89	28.32	1613517	92101960.00
2016/07/27	28.32	28.55	26.67	27.45	2423146	135462384.00
2016/07/28	27.45	28.25	27.15	28.25	1761605	99464048.00
2016/07/29	27.80	28.30	27.78	27.99	1610837	91148488.00
2016/08/01	27.91	28.05	27.20	27.30	1899314	105902824.00
2016/08/02	27.30	27.64	26.75	27.59	1623347	89213688.00
2016/08/03	27.41	27.52	27.07	27.20	1262862	69678920.00
2016/08/04	27.20	27.55	26.95	27.43	1105882	60979908.00
2016/08/05	27.29	27.59	27.21	27.42	870715	48391352.00
2016/08/08	27.42	27.85	27.16	27.68	694551	38830696.00
2016/08/09	28.01	28.40	27.49	28.28	1537868	87643592.00
2016/08/10	28.15	29.25	28.15	29.20	3615035	211852416.00
2016/08/11	29.10	29.94	28.91	29.25	2748589	163234128.00
2016/08/12	29.06	29.55	29.06	29.38	1442097	85591440.00
2016/08/15	29.50	30.37	29.05	29.60	1913789	114245256.00
2016/08/16	29.55	29.58	28.90	29.16	2025576	119526416.00
2016/08/17	29.16	29.40	28.91	29.03	1792353	105827832.00
2016/08/18	28.98	29.38	28.91	29.33	1109927	65559796.00
2016/08/19	29.20	29.54	28.95	29.15	945452	55736456.00
2016/08/22	29.16	29.85	29.06	29.35	1577906	94151424.00
2016/08/23	29.35	29.44	29.14	29.15	995084	58874604.00
2016/08/24	29.11	29.33	28.76	28.78	1308315	76678480.00
2016/08/25	28.77	28.87	28.42	28.65	1222563	70905360.00
2016/08/26	28.75	28.90	28.55	28.85	1313986	76266904.00
2016/08/29	28.88	28.90	28.45	28.47	1101054	63673544.00
2016/08/30	28.49	29.09	28.43	28.86	908578	52782512.00
2016/08/31	28.85	29.03	28.15	28.18	2117836	121478680.00
2016/09/01	28.18	28.70	28.04	28.61	950288	54809480.00
2016/09/02	28.55	28.64	28.17	28.37	783905	45077024.00
2016/09/05	28.18	28.30	27.85	28.05	2677244	151963984.00
2016/09/06	27.94	28.30	27.59	28.15	2156458	122063888.00
2016/09/07	28.25	28.37	27.88	27.90	2438872	138560768.00
2016/09/08	27.97	28.40	27.67	28.25	1749861	99396056.00
2016/09/09	28.16	28.93	28.05	28.70	1401004	80804232.00
2016/09/12	28.47	28.98	27.96	28.65	1465894	84372864.00
2016/09/13	28.65	29.09	28.27	28.84	1505094	87561376.00
2016/09/14	28.74	28.97	28.11	28.36	1301638	75084584.00
2016/09/19	28.35	28.50	27.80	27.88	1613294	91520240.00
2016/09/20	27.88	28.07	27.86	28.00	874619	49581720.00
2016/09/21	28.00	28.45	27.40	28.36	3423723	192986224.00
2016/09/22	28.22	28.80	28.05	28.76	1869116	108232800.00
2016/09/23	28.76	28.99	28.50	28.70	926723	53918356.00
2016/09/26	28.72	29.29	28.51	28.99	1690618	99420032.00
2016/09/27	28.99	29.45	28.70	29.15	1133129	66906800.00
2016/09/28	28.96	30.40	28.75	30.10	2628101	158686112.00
2016/09/29	29.95	30.40	29.53	29.99	1482235	90310512.00
2016/09/30	29.80	30.84	29.66	30.59	1581392	97366504.00
2016/10/10	30.60	30.60	28.72	29.65	3140338	186553232.00
2016/10/11	29.55	29.55	28.92	29.32	2788637	164693872.00
2016/10/12	29.08	30.29	29.08	29.75	1591786	95904256.00
2016/10/13	29.75	29.78	29.10	29.29	1109762	65912200.00
2016/10/14	29.36	29.65	28.90	29.38	998732	58857848.00
2016/10/17	29.38	29.38	28.83	29.15	1934104	113624536.00
2016/10/18	29.11	29.35	28.74	29.21	1824591	107656984.00
2016/10/19	29.27	29.27	27.69	28.25	3926385	226245456.00
2016/10/20	28.16	28.65	28.15	28.35	1376350	79183888.00
2016/10/21	28.35	28.62	28.20	28.44	872112	50211816.00
2016/10/24	28.33	28.90	28.19	28.72	720565	41765060.00
2016/10/25	28.75	29.20	28.75	29.09	984143	57844652.00
2016/10/26	29.27	29.27	28.56	29.24	1311903	76713728.00
2016/10/27	29.09	29.63	28.90	29.44	1137967	67750424.00
2016/10/28	29.40	29.65	29.33	29.48	813101	48606816.00
2016/10/31	29.43	29.43	28.81	28.93	902029	52854948.00
2016/11/01	28.93	29.20	28.71	28.95	622348	36475176.00
2016/11/02	28.83	29.07	28.74	28.94	553562	32373080.00
2016/11/03	28.79	29.20	28.67	29.01	550312	32308078.00
2016/11/04	29.10	29.10	28.65	28.85	1289939	75191584.00
2016/11/07	28.85	28.85	28.38	28.85	1230010	71197832.00
2016/11/08	28.66	28.80	28.40	28.64	1254100	72575160.00
2016/11/09	28.64	28.64	28.09	28.47	802608	46064008.00
2016/11/10	28.45	28.62	28.28	28.43	2312108	132915360.00
2016/11/11	28.52	28.52	28.00	28.21	1206534	69076176.00
2016/11/14	28.30	28.72	28.10	28.23	1575969	90511184.00
2016/11/15	28.35	28.50	28.15	28.40	929413	53369424.00
2016/11/16	28.30	28.74	28.28	28.65	911876	52799356.00
2016/11/17	28.66	28.75	28.44	28.47	1010979	58408600.00
2016/11/18	28.45	28.61	28.15	28.21	511387	29296876.00
2016/11/21	28.20	28.30	27.50	27.73	2551826	143649760.00
2016/11/22	27.80	28.25	27.56	28.22	1468247	83466088.00
2016/11/23	28.25	28.55	27.95	28.01	917709	52314948.00
2016/11/24	28.01	28.19	27.60	27.97	1311675	73880536.00
2016/11/25	27.97	28.00	27.33	27.98	2078592	115950976.00
2016/11/28	27.92	27.92	27.33	27.84	3016669	168374144.00
2016/11/29	27.76	27.76	27.30	27.57	2204292	122771728.00
2016/11/30	27.43	27.48	26.90	27.11	2240931	123285120.00
2016/12/01	27.09	27.41	26.90	27.01	1457652	80257288.00
2016/12/02	27.01	27.35	26.80	27.30	2151032	118393584.00
2016/12/05	27.27	27.96	27.05	27.80	2256897	126800352.00
2016/12/06	27.97	28.26	27.76	28.10	1330382	75381992.00
2016/12/07	28.19	28.19	27.80	27.89	574134	32405786.00
2016/12/08	27.89	27.95	27.54	27.75	697467	39248164.00
2016/12/09	27.70	27.90	27.58	27.70	797952	44787916.00
2016/12/12	27.76	27.95	27.15	27.21	1208447	66856120.00
2016/12/13	27.16	27.37	26.85	26.97	994926	54426984.00
2016/12/14	26.86	27.04	26.09	26.45	2347118	125603720.00
2016/12/15	26.42	26.77	25.98	26.19	1633266	87047624.00
2016/12/16	26.15	27.23	26.15	27.08	1615624	87815728.00
2016/12/19	26.97	26.97	26.53	26.73	514683	27886136.00
2016/12/20	26.66	27.10	26.31	26.80	889380	48156144.00
2016/12/21	26.80	27.23	26.73	26.80	624532	34247848.00
2016/12/22	26.61	26.90	26.46	26.61	482285	25997840.00
2016/12/23	26.84	27.08	26.60	26.93	649088	35177144.00
2016/12/26	26.92	26.92	26.25	26.64	859668	46301024.00
2016/12/27	26.60	26.90	26.38	26.51	928487	50034348.00
2016/12/28	26.44	26.58	26.27	26.39	966004	51676596.00
2016/12/29	26.41	26.89	26.16	26.75	852638	45788124.00
2016/12/30	26.65	27.33	26.39	26.73	2076240	112902752.00
2017/01/03	26.74	26.94	26.55	26.68	1022543	55395692.00
2017/01/04	26.89	27.63	26.73	27.57	1400883	77560488.00
2017/01/05	27.74	27.79	27.43	27.60	942764	52728324.00
2017/01/06	27.45	27.80	27.45	27.55	823986	46057176.00
2017/01/09	27.60	27.90	27.07	27.11	1178621	65278204.00
2017/01/10	27.23	27.37	26.90	27.13	984150	54033940.00
2017/01/11	27.09	27.20	26.88	26.99	479491	26227924.00
2017/01/12	26.92	27.14	26.65	26.66	779970	42446240.00
2017/01/13	26.73	26.75	26.44	26.52	359900	19383864.00
2017/01/16	26.46	26.55	25.48	26.42	2006924	105443480.00
2017/01/17	26.29	26.45	25.90	26.23	1159790	61629788.00
2017/01/18	26.25	26.40	26.11	26.26	922742	49067856.00
2017/01/19	26.26	26.75	26.06	26.54	690000	37129080.00
2017/01/20	26.52	27.25	26.52	27.20	541413	29691752.00
2017/01/23	27.15	27.25	26.70	27.05	1242468	67767744.00
2017/01/24	26.91	27.33	26.78	27.10	1641510	90328576.00
2017/01/25	27.08	27.59	27.08	27.49	1158271	64258192.00
2017/01/26	27.49	27.69	27.41	27.65	1125192	62899796.00
2017/02/03	27.85	27.85	27.44	27.62	471336	26285920.00
2017/02/06	27.59	27.59	27.19	27.33	516499	28556774.00
2017/02/07	27.33	27.59	27.20	27.25	407159	22543654.00
2017/02/08	27.31	27.34	26.85	27.14	1158636	63376720.00
2017/02/09	27.08	27.34	26.78	26.80	1316365	72084600.00
2017/02/10	26.90	26.95	26.73	26.88	1085953	59018900.00
2017/02/13	26.88	27.51	26.83	27.37	1909513	104719856.00
2017/02/14	27.25	27.33	26.85	27.00	1121429	61394156.00
2017/02/15	26.80	27.20	26.63	26.65	1184947	64445536.00
2017/02/16	26.77	27.34	26.65	27.34	1226973	67508840.00
2017/02/17	27.33	28.14	27.16	27.82	1754336	98970056.00
2017/02/20	28.18	29.19	28.18	29.11	4270778	249094512.00
2017/02/21	29.15	29.73	28.65	29.15	1885094	111817744.00
2017/02/22	29.15	29.47	28.40	29.04	1060622	62164336.00
2017/02/23	29.00	30.14	28.99	30.05	2488854	149606560.00
2017/02/24	30.04	30.04	29.40	29.50	919169	54922972.00
2017/02/27	29.55	29.98	29.15	29.65	2292689	137235168.00
2017/02/28	29.74	30.02	29.60	29.60	1515360	91466784.00
2017/03/01	29.65	29.80	29.15	29.61	1028849	61509572.00
2017/03/02	29.73	29.73	29.05	29.20	1548048	91966536.00
2017/03/03	29.13	29.65	28.90	29.63	1013732	60188572.00
2017/03/06	29.65	31.08	29.65	30.90	2525680	156986128.00
2017/03/07	31.00	31.64	30.90	31.15	2112698	133416024.00
2017/03/08	31.26	31.29	30.45	30.87	1185623	73793376.00
2017/03/09	30.82	31.38	30.42	30.92	1220594	77099936.00
2017/03/10	31.15	32.15	30.93	31.70	1852187	118165680.00
2017/03/13	31.83	32.37	31.39	31.85	1684261	108507192.00
2017/03/14	31.85	32.14	31.57	31.89	2078263	133170368.00
2017/03/15	31.91	34.42	31.91	33.78	4348761	292021216.00
2017/03/16	33.77	33.90	33.01	33.33	2025236	137004736.00
2017/03/17	33.20	33.70	33.15	33.70	1308464	88491728.00
2017/03/20	33.71	33.71	32.65	32.85	1775303	118529376.00
2017/03/21	32.89	33.65	32.77	33.16	1808098	121355816.00
2017/03/22	32.77	34.65	32.75	34.30	2477675	170331520.00
2017/03/23	34.38	34.90	33.15	33.30	2918309	198568848.00
2017/03/24	33.38	34.09	33.08	33.33	2353743	160161600.00
2017/03/27	33.40	34.66	32.65	32.92	2530718	171026256.00
2017/03/28	32.92	33.66	32.75	33.35	1280583	86131792.00
2017/03/29	33.98	33.98	33.16	33.31	1175481	79667664.00
2017/03/30	32.76	33.55	32.75	33.42	1551312	103857552.00
2017/03/31	33.05	34.53	33.05	34.10	2096644	143421520.00
2017/04/05	34.15	34.80	33.54	34.04	2083334	143244240.00
2017/04/06	33.70	33.98	33.44	33.61	1865813	126737304.00
2017/04/07	33.61	34.40	33.15	33.73	2448736	167580960.00
2017/04/10	33.85	34.05	33.58	33.81	1566335	106870400.00
2017/04/11	33.81	33.89	32.78	33.45	2703650	182235744.00
2017/04/12	33.15	33.90	32.93	33.09	1710883	115265352.00
2017/04/13	33.09	34.88	32.99	33.98	3096600	212533504.00
2017/04/14	33.98	34.08	33.55	33.67	1222539	83430080.00
2017/04/17	33.76	35.25	33.31	34.70	2830626	197128448.00
2017/04/18	34.56	36.60	34.40	36.60	3613118	262302064.00
2017/04/19	36.50	37.15	35.60	36.30	2468108	180005408.00
2017/04/20	36.45	38.54	36.18	36.54	3341427	251568560.00
2017/04/21	36.54	37.43	35.86	36.57	2363866	175853920.00
2017/04/24	36.49	37.00	34.00	35.98	4053778	145636512.00
2017/04/25	35.88	37.06	35.01	35.52	6367976	228785392.00
2017/04/26	36.00	36.90	35.36	35.55	7101344	256225456.00
2017/04/27	35.06	35.68	34.40	35.21	3894700	136724384.00
2017/04/28	34.99	35.58	33.75	34.75	6934020	239725488.00
2017/05/02	34.75	36.97	34.01	36.60	7730238	278151072.00
2017/05/03	36.60	37.17	35.88	36.46	3402363	123755896.00
2017/05/04	36.39	36.90	35.88	36.00	3079610	111969512.00
2017/05/05	36.00	36.75	35.68	35.99	2350754	85076688.00
2017/05/08	36.00	36.17	34.60	35.30	3886682	137307280.00
2017/05/09	35.07	35.97	34.13	35.87	4829422	170237856.00
2017/05/10	35.81	36.60	35.50	35.93	3635080	131621928.00
2017/05/11	35.94	37.59	35.64	37.40	5732662	212194448.00
2017/05/12	37.70	38.20	37.10	38.00	3760262	142076992.00
2017/05/15	38.00	38.38	36.78	37.20	6271779	233837616.00
2017/05/16	37.20	38.06	36.51	37.85	5017057	188093904.00
2017/05/17	37.85	37.85	36.52	36.90	5409325	199938400.00
2017/05/18	36.70	37.08	35.79	36.10	5258162	191409888.00
2017/05/19	36.02	37.03	36.02	36.94	4392230	161369584.00
2017/05/22	37.05	37.05	35.90	36.59	5338800	193957792.00
2017/05/23	36.65	36.89	35.68	36.18	4749286	171929648.00
2017/05/24	36.30	36.50	35.80	36.42	2951602	106908544.00
2017/05/25	36.43	37.83	36.43	36.95	5494641	205269040.00
2017/05/26	37.00	37.55	36.56	36.96	2660424	98567176.00
2017/05/31	37.25	37.80	37.02	37.70	2590846	97308480.00
2017/06/01	37.70	37.96	37.20	37.56	2957600	111318032.00
2017/06/02	37.60	38.14	37.31	37.80	3435100	130095184.00
2017/06/05	37.80	39.00	37.40	38.75	3952400	151822096.00
2017/06/06	38.80	39.01	38.40	39.00	2746400	106571592.00
2017/06/07	38.95	40.70	38.74	39.70	4579400	182966656.00
2017/06/08	39.70	41.20	39.65	40.12	3659800	147797136.00
2017/06/09	40.10	40.58	39.26	40.37	4640800	184768880.00
2017/06/12	39.98	40.39	38.96	39.05	6342034	249918816.00
2017/06/13	38.86	39.75	38.85	39.40	4335022	170057232.00
2017/06/14	39.30	39.45	38.26	38.48	4857185	187771216.00
2017/06/15	38.30	39.50	38.30	39.50	3157199	123366000.00
2017/06/16	39.47	39.48	38.45	38.67	4207503	163400432.00
2017/06/19	38.75	39.43	38.70	39.18	3410600	133111960.00
2017/06/20	39.00	39.08	38.35	38.90	4270725	165085840.00
2017/06/21	39.07	40.08	38.81	39.89	3720600	146580688.00
2017/06/22	39.90	40.73	39.70	39.70	3463000	139438896.00
2017/06/23	39.74	40.09	39.41	40.02	2346500	93267256.00
2017/06/26	40.00	41.10	39.91	40.99	3942200	160437616.00
2017/06/27	41.20	41.20	40.67	41.00	2248400	91893712.00
2017/06/28	41.02	41.02	40.01	40.14	2316652	93664824.00
2017/06/29	40.15	40.60	39.50	40.13	4436100	177200480.00
2017/06/30	40.07	41.00	39.75	41.00	3607900	146551504.00
2017/07/03	40.95	41.58	40.20	40.35	2740900	111244664.00
2017/07/04	40.15	40.47	39.20	39.60	3046600	121063312.00
2017/07/05	39.60	40.01	39.30	39.77	2818600	112016616.00
2017/07/06	39.77	39.99	39.47	39.62	1685700	66907480.00
2017/07/07	39.50	39.89	38.63	38.96	3774400	147993712.00
2017/07/10	38.98	39.20	38.00	38.65	4524200	173626656.00
2017/07/11	38.54	39.63	38.22	39.25	2808200	109949128.00
2017/07/12	39.47	39.47	37.50	38.60	9708600	370779744.00
2017/07/13	38.34	38.75	37.79	38.08	4462900	170277584.00
2017/07/14	38.08	39.05	38.02	39.00	4168200	161084928.00
2017/07/17	40.00	40.39	38.00	39.60	6112500	243234256.00
2017/07/18	39.10	39.99	39.02	39.62	2546800	100964888.00
2017/07/19	39.35	40.19	39.11	39.48	2284000	90593080.00
2017/07/20	39.48	40.00	39.10	39.97	3226200	128291928.00
2017/07/21	40.10	40.48	39.50	40.03	2666797	106958712.00
2017/07/24	40.04	41.00	39.81	40.74	3508200	143082784.00
2017/07/25	40.70	42.15	40.70	41.50	4477700	186469408.00
2017/07/26	41.45	41.88	39.90	40.06	3000100	121658240.00
2017/07/27	39.89	39.89	38.85	39.40	4865200	190984480.00
2017/07/28	39.38	40.50	39.06	40.31	2481800	98666296.00
2017/07/31	40.27	40.27	38.90	39.45	4103400	161440848.00
2017/08/01	39.20	39.76	39.11	39.37	2451700	96504616.00
2017/08/02	39.32	39.70	38.51	39.00	4151900	161420256.00
2017/08/03	38.94	38.94	38.00	38.30	2753900	106043072.00
2017/08/04	38.12	38.57	37.50	37.76	3880300	146628240.00
2017/08/07	37.70	38.52	37.03	38.46	4574800	173858720.00
2017/08/08	38.34	38.99	38.20	38.73	2774000	106919984.00
2017/08/09	38.74	39.79	38.42	39.20	2877600	112454448.00
2017/08/10	39.49	39.51	39.03	39.29	2653100	104068160.00
2017/08/11	39.24	39.48	39.00	39.07	1479600	57979264.00
2017/08/14	39.45	40.49	39.45	40.05	4253300	170614080.00
2017/08/15	40.09	40.40	39.18	39.67	2958600	117250232.00
2017/08/16	39.60	39.65	38.70	39.19	3164900	124115072.00
2017/08/17	39.02	39.42	38.68	38.95	1591000	61864744.00
2017/08/18	38.91	38.97	38.57	38.93	1329800	51499476.00
2017/08/21	38.98	39.65	38.93	39.51	1597100	62857448.00
2017/08/22	39.30	39.95	38.90	39.30	2118900	83352440.00
2017/08/23	39.38	39.38	38.80	39.01	1265000	49304996.00
2017/08/24	38.98	39.20	38.80	39.11	1290200	50355848.00
数据来源:通达信
