002466 天齐锂业 日线 前复权
      日期	    开盘	    最高	    最低	    收盘	    成交量	    成交额
2010/08/31	13.00	14.61	12.83	14.24	16916684	1321063040.00
2010/09/01	13.85	14.92	13.28	13.99	11063449	912557120.00
2010/09/02	13.53	14.12	13.31	13.79	6224740	498720192.00
2010/09/03	13.71	15.21	13.53	15.21	5257940	453861504.00
2010/09/06	15.81	16.12	14.01	14.36	8470302	739078912.00
2010/09/07	14.23	15.07	14.23	14.66	5154665	443838496.00
2010/09/08	14.41	14.80	13.85	14.33	4564308	379581824.00
2010/09/09	14.41	14.58	13.93	13.96	3927319	323128352.00
2010/09/10	13.78	13.96	13.04	13.19	4525120	354730080.00
2010/09/13	13.06	13.53	12.54	13.43	3875226	293410208.00
2010/09/14	13.18	13.57	13.09	13.14	2733555	212698480.00
2010/09/15	13.00	13.00	12.16	12.21	3275148	239950256.00
2010/09/16	12.11	12.58	12.11	12.33	1918043	138525408.00
2010/09/17	12.36	12.47	11.37	11.48	2444236	167505008.00
2010/09/20	11.44	11.63	10.88	11.22	2284153	150907696.00
2010/09/21	11.16	11.16	10.64	10.68	1767158	112403904.00
2010/09/27	10.68	11.29	10.67	11.23	1991782	129101864.00
2010/09/28	11.21	11.51	10.91	11.25	2185503	143984960.00
2010/09/29	11.17	12.35	11.09	11.76	3253342	224960048.00
2010/09/30	11.60	12.03	11.48	11.79	1779194	122711296.00
2010/10/08	12.10	12.46	11.86	12.02	2284001	162358512.00
2010/10/11	12.00	12.28	11.66	11.75	2259326	156755712.00
2010/10/12	11.65	11.90	11.53	11.77	1587966	109197760.00
2010/10/13	11.69	11.83	11.17	11.58	2392525	161269776.00
2010/10/14	11.60	11.60	10.93	10.97	1832243	121092728.00
2010/10/15	10.86	11.76	10.78	11.43	2406297	161770944.00
2010/10/18	11.43	11.43	10.87	10.90	1698968	109521856.00
2010/10/19	10.94	11.43	10.94	11.38	1526243	100959480.00
2010/10/20	11.07	11.90	11.01	11.72	2444287	167437792.00
2010/10/21	11.62	11.82	11.44	11.56	1503644	102362192.00
2010/10/22	11.55	11.86	11.44	11.76	1898840	130483824.00
2010/10/25	11.76	12.05	11.76	11.98	2149221	150474928.00
2010/10/26	12.07	12.48	11.80	12.32	2873779	206408640.00
2010/10/27	12.25	12.26	11.62	11.94	2739535	191530592.00
2010/10/28	11.78	11.98	11.69	11.76	1022119	70752936.00
2010/10/29	11.74	11.93	11.70	11.85	991305	68749520.00
2010/11/01	11.85	12.44	11.80	12.25	2150389	153692928.00
2010/11/02	12.30	12.40	11.98	11.98	2364771	168234416.00
2010/11/03	11.86	11.95	11.30	11.30	1984088	134075680.00
2010/11/04	11.32	11.47	11.21	11.41	1199196	79826904.00
2010/11/05	11.58	11.64	11.43	11.50	1289440	87352112.00
2010/11/08	11.51	11.81	11.43	11.76	1352788	92679328.00
2010/11/09	11.86	11.94	11.71	11.85	1186665	82201352.00
2010/11/10	11.83	12.11	11.69	12.10	1652831	115931080.00
2010/11/11	12.09	12.13	11.86	11.86	1712283	120511136.00
2010/11/12	11.85	11.85	10.65	10.76	2343990	155003952.00
2010/11/15	10.75	11.04	10.75	11.02	1032035	66027236.00
2010/11/16	11.02	11.32	10.68	10.86	1118818	72200816.00
2010/11/17	10.84	11.02	10.64	10.70	722045	45960976.00
2010/11/18	10.87	11.14	10.86	11.00	821065	52871240.00
2010/11/19	11.14	11.19	10.98	11.18	886693	57661332.00
2010/11/22	11.11	11.39	11.04	11.26	1001059	66132092.00
2010/11/24	11.07	11.45	10.96	11.41	1259982	83465224.00
2010/11/25	11.42	11.60	11.27	11.36	930628	62260704.00
2010/11/26	11.36	11.36	11.05	11.09	818486	53402568.00
2010/11/29	11.19	11.36	11.08	11.22	829875	54774544.00
2010/11/30	11.09	11.16	10.69	10.89	901816	57774716.00
2010/12/01	10.75	10.75	10.19	10.32	3055940	185006064.00
2010/12/02	10.40	10.55	10.25	10.46	1789854	109477520.00
2010/12/03	10.42	10.47	10.20	10.30	1170202	70776064.00
2010/12/06	10.34	10.38	9.97	10.04	1304271	77582544.00
2010/12/07	10.04	10.11	9.68	10.06	1129032	65548136.00
2010/12/08	9.95	10.27	9.94	10.11	1276308	76063464.00
2010/12/09	10.02	10.37	9.98	10.21	1114609	67121624.00
2010/12/10	10.16	10.23	9.86	10.11	1004471	59362696.00
2010/12/13	9.86	10.32	9.86	10.28	1295762	77908688.00
2010/12/14	10.28	10.67	10.25	10.61	1776067	110031376.00
2010/12/15	10.61	10.72	10.40	10.43	1449557	90209848.00
2010/12/16	10.39	10.43	10.28	10.34	855150	51959284.00
2010/12/17	10.34	10.43	10.28	10.35	610911	37196780.00
2010/12/20	10.37	10.48	9.93	10.14	935207	56151292.00
2010/12/21	9.99	10.35	9.99	10.27	714312	43024896.00
2010/12/22	10.23	10.42	10.11	10.15	686616	41452908.00
2010/12/23	10.15	10.18	9.88	9.90	693366	40822900.00
2010/12/24	9.90	9.90	9.55	9.59	871221	49715688.00
2010/12/27	9.59	9.76	9.29	9.29	888636	49928736.00
2010/12/28	9.24	9.32	8.83	8.83	957664	50727348.00
2010/12/29	8.88	9.06	8.80	9.06	555755	29292120.00
2010/12/31	9.06	9.40	8.97	9.34	782837	42563212.00
2011/01/04	9.42	9.42	9.25	9.37	666149	36752704.00
2011/01/05	9.39	9.46	9.33	9.35	640910	35472600.00
2011/01/06	9.32	9.32	9.06	9.07	744023	40144484.00
2011/01/07	9.08	10.01	9.07	10.01	3519469	204859760.00
2011/01/10	9.85	10.05	9.73	9.76	2400170	139953696.00
2011/01/11	9.76	10.44	9.71	10.05	2268386	135559600.00
2011/01/12	10.07	10.07	9.85	10.01	1148883	67317792.00
2011/01/13	10.04	10.37	10.02	10.05	1243002	74443040.00
2011/01/14	10.05	10.05	9.44	9.48	1387203	78422984.00
2011/01/17	9.41	9.41	8.94	8.95	1121403	60224224.00
2011/01/18	8.79	8.89	8.65	8.88	683166	35437184.00
2011/01/19	8.88	9.19	8.88	9.12	694489	37272060.00
2011/01/20	9.13	9.13	8.44	8.44	915378	47520972.00
2011/01/21	8.44	8.64	8.34	8.54	719553	36284356.00
2011/01/24	8.68	8.68	8.14	8.17	753360	37145572.00
2011/01/25	8.16	8.17	7.77	8.03	741699	34892552.00
2011/01/26	8.00	8.19	7.95	8.17	404470	19455432.00
2011/01/27	8.25	8.61	8.09	8.41	700876	35003556.00
2011/01/28	8.40	8.47	8.27	8.42	482457	23903166.00
2011/01/31	8.39	8.54	8.29	8.48	503990	25182426.00
2011/02/01	8.50	8.80	8.49	8.60	582881	29782486.00
2011/02/09	8.44	8.60	8.18	8.24	554710	27544204.00
2011/02/10	8.19	8.54	8.19	8.54	539183	26914212.00
2011/02/11	8.53	8.79	8.50	8.63	815283	41781304.00
2011/02/14	8.63	8.87	8.56	8.83	966906	50017556.00
2011/02/15	8.81	9.23	8.80	8.97	1318909	70228272.00
2011/02/16	8.93	9.24	8.87	9.22	1218971	65753260.00
2011/02/17	9.31	10.15	9.16	9.96	2936400	166952800.00
2011/02/18	9.78	9.99	9.53	9.57	1896077	108630920.00
2011/02/21	9.46	9.67	9.37	9.59	992350	55918892.00
2011/02/22	9.50	9.71	9.13	9.14	1310638	72338592.00
2011/02/23	9.02	9.24	9.02	9.16	690399	37332420.00
2011/02/24	9.13	9.48	9.13	9.31	746453	40941132.00
2011/02/25	9.31	9.39	9.16	9.35	626704	34383160.00
2011/02/28	9.40	9.55	9.30	9.50	824773	45956288.00
2011/03/01	9.47	10.33	9.47	9.81	2074057	121589936.00
2011/03/02	9.77	9.77	9.55	9.64	802978	45595376.00
2011/03/03	9.79	9.99	9.49	9.52	835702	47951044.00
2011/03/04	9.50	9.55	9.32	9.52	604003	33621620.00
2011/03/07	9.56	9.77	9.52	9.72	777490	44225448.00
2011/03/08	9.73	9.93	9.69	9.83	909046	52626660.00
2011/03/09	9.79	9.82	9.64	9.67	706846	40363408.00
2011/03/10	9.67	9.76	9.33	9.38	852372	47548944.00
2011/03/11	9.35	9.49	9.30	9.31	661230	36583480.00
2011/03/14	9.31	9.44	9.23	9.33	513093	28177836.00
2011/03/15	9.32	9.44	8.97	9.43	1000241	54260092.00
2011/03/16	9.45	9.68	9.38	9.62	1075568	60823892.00
2011/03/17	9.54	9.54	9.20	9.27	731650	40529972.00
2011/03/18	9.32	9.40	9.25	9.27	298784	16403731.00
2011/03/21	9.29	9.30	8.99	9.04	709990	38100356.00
2011/03/22	9.06	9.12	8.83	8.91	476362	25143280.00
2011/03/23	8.91	9.09	8.84	9.03	399033	21226284.00
2011/03/24	9.06	9.11	8.91	8.94	519073	27526644.00
2011/03/25	8.93	9.04	8.93	8.97	549273	29095092.00
2011/03/28	8.96	9.23	8.96	9.13	773277	41585224.00
2011/03/29	9.03	9.08	8.67	8.67	866778	45254268.00
2011/03/30	8.62	8.71	8.47	8.50	589410	29880850.00
2011/03/31	8.53	8.97	8.53	8.59	557480	28849004.00
2011/04/01	8.65	8.76	8.57	8.69	291033	14868414.00
2011/04/06	8.69	9.21	8.62	9.00	1274264	67958576.00
2011/04/07	9.05	9.82	8.97	9.65	2600333	144859840.00
2011/04/08	9.64	9.90	9.51	9.59	1763892	101055560.00
2011/04/11	9.59	9.67	9.28	9.30	1451568	80408952.00
2011/04/12	9.20	9.49	9.15	9.30	887195	48934788.00
2011/04/13	9.27	9.32	9.04	9.32	634677	34423824.00
2011/04/14	9.21	9.38	9.16	9.20	527932	28858460.00
2011/04/15	9.21	9.30	9.08	9.20	535191	28996886.00
2011/04/18	9.17	9.28	9.12	9.21	396404	21555880.00
2011/04/19	9.13	9.14	8.71	8.72	921509	48255332.00
2011/04/20	8.74	8.85	8.74	8.81	341185	17725938.00
2011/04/21	8.91	8.92	8.74	8.82	488153	25388928.00
2011/04/22	8.90	8.90	8.74	8.74	421506	21905862.00
2011/04/25	8.74	8.88	8.56	8.56	496517	25420994.00
2011/04/26	8.53	8.76	8.50	8.57	369625	18869124.00
2011/04/27	8.56	8.62	8.09	8.16	707855	34809820.00
2011/04/28	8.16	8.35	7.92	7.95	375409	18068940.00
2011/04/29	7.95	8.19	7.95	8.15	280115	13437487.00
2011/05/03	8.11	8.23	8.09	8.18	280231	13551576.00
2011/05/04	8.20	8.20	7.86	7.96	300909	14271965.00
2011/05/05	7.92	8.12	7.92	8.00	230750	11020524.00
2011/05/06	7.98	8.07	7.84	8.05	241693	11388957.00
2011/05/10	8.09	8.18	8.07	8.15	251045	12100899.00
2011/05/11	8.19	8.19	8.02	8.03	316386	15157306.00
2011/05/12	8.01	8.01	7.81	7.81	288511	13538897.00
2011/05/13	7.83	7.91	7.57	7.75	403771	18551972.00
2011/05/16	7.79	7.82	7.65	7.65	274591	12598393.00
2011/05/17	7.66	7.67	7.33	7.67	540820	24239520.00
2011/05/18	7.69	7.69	7.57	7.67	223118	10137328.00
2011/05/19	7.67	7.79	7.60	7.67	307764	14102655.00
2011/05/20	7.79	7.79	7.57	7.59	171795	7789558.50
2011/05/23	7.45	7.67	7.41	7.45	367303	16457354.00
2011/05/24	7.40	8.11	7.09	7.67	827727	24591728.00
2011/05/25	7.61	7.75	7.24	7.25	574353	17082734.00
2011/05/26	7.27	7.48	7.00	7.01	503896	14399248.00
2011/05/27	7.02	7.13	6.55	6.58	723503	19403694.00
2011/05/30	6.55	6.76	6.53	6.67	570786	15131695.00
2011/05/31	6.70	6.88	6.62	6.85	478789	12860317.00
2011/06/01	6.83	7.56	6.83	7.54	2232160	65494512.00
2011/06/02	7.29	7.45	7.06	7.23	1887266	54470064.00
2011/06/03	7.23	7.26	7.11	7.25	825406	23558866.00
2011/06/07	7.45	7.85	7.44	7.61	1570480	47475648.00
2011/06/08	7.53	8.10	7.46	7.92	2229832	68931024.00
2011/06/09	7.84	7.84	7.55	7.58	1222290	37042708.00
2011/06/13	7.46	7.46	7.27	7.38	844818	24618252.00
2011/06/14	7.29	7.98	7.29	7.77	1312837	39667900.00
2011/06/15	7.66	7.98	7.58	7.64	1108029	34117640.00
2011/06/16	7.56	7.76	7.46	7.58	944356	28483410.00
2011/06/17	7.50	7.63	7.24	7.25	666677	19603546.00
2011/06/20	7.25	7.44	7.08	7.30	772782	22128136.00
2011/06/21	7.25	7.40	7.19	7.32	487364	14138254.00
2011/06/22	7.27	7.51	7.27	7.39	558777	16418230.00
2011/06/23	7.37	7.66	7.27	7.58	1124528	33584744.00
2011/06/24	7.56	7.96	7.53	7.78	1519701	46934876.00
2011/06/27	7.78	8.02	7.73	7.92	1292556	40236444.00
2011/06/28	7.92	7.93	7.77	7.82	904124	27943218.00
2011/06/29	7.81	8.00	7.79	7.87	996642	31029926.00
2011/06/30	7.87	8.54	7.87	8.19	2239725	72866504.00
2011/07/01	9.04	9.04	9.04	9.04	2653122	94318488.00
2011/07/04	9.84	9.98	9.79	9.98	3171340	122986536.00
2011/07/05	11.01	11.01	10.96	11.01	12303655	529279232.00
2011/07/11	11.05	11.40	10.94	11.05	11522779	501439584.00
2011/07/12	10.88	11.61	10.81	10.95	12500823	544186368.00
2011/07/13	10.70	10.91	10.43	10.82	7292752	304197536.00
2011/07/14	10.75	11.31	10.71	11.16	8661748	371807808.00
2011/07/15	11.00	11.16	10.79	11.16	5912814	253701360.00
2011/07/18	11.30	12.02	10.95	10.96	10831669	486363264.00
2011/07/19	10.59	10.74	10.36	10.64	5834197	240522960.00
2011/07/20	10.61	10.78	10.40	10.65	3411117	141311136.00
2011/07/21	10.64	10.80	10.52	10.76	3455393	144390704.00
2011/07/22	10.66	10.80	10.35	10.35	3764670	154750960.00
2011/07/25	10.10	10.27	9.56	9.66	4663124	180635328.00
2011/07/26	9.66	9.99	9.56	9.96	3977079	153202592.00
2011/07/27	9.93	10.14	9.70	10.05	3308683	129600328.00
2011/07/28	9.90	9.96	9.64	9.91	2730844	105109112.00
2011/07/29	9.89	9.98	9.51	9.53	2561029	97457944.00
2011/08/01	9.43	10.37	9.43	10.21	5442688	214792288.00
2011/08/02	10.03	10.57	9.69	10.43	5272189	209716352.00
2011/08/03	10.11	10.61	10.06	10.11	3537244	142589472.00
2011/08/04	10.08	10.34	9.98	10.14	2350456	93806560.00
2011/08/05	9.55	9.84	9.45	9.59	2807097	106485080.00
2011/08/08	9.51	9.51	8.60	8.64	5028636	174898368.00
2011/08/09	8.35	8.85	8.08	8.71	3882696	130355744.00
2011/08/10	8.90	8.97	8.73	8.75	3512807	122241432.00
2011/08/11	8.45	8.98	8.39	8.97	3403987	116934776.00
2011/08/12	9.10	9.40	8.99	9.02	2795484	100608400.00
2011/08/15	9.38	9.95	9.35	9.95	3772726	144287936.00
2011/08/16	10.37	10.37	9.74	9.75	7455920	295152512.00
2011/08/17	9.75	10.27	9.64	10.12	5779030	226383968.00
2011/08/18	9.95	10.16	9.81	9.85	3219665	125568768.00
2011/08/19	9.53	9.74	9.43	9.61	2448716	92004832.00
2011/08/22	9.57	9.98	9.57	9.63	2526819	96506408.00
2011/08/23	9.65	10.19	9.61	10.18	4294722	167796272.00
2011/08/24	10.21	10.21	9.88	9.89	3735367	147175712.00
2011/08/25	9.93	10.08	9.77	10.05	2978656	116222456.00
2011/08/26	10.03	10.61	9.91	10.29	4538934	182540000.00
2011/08/29	10.14	10.39	10.04	10.11	2933800	117259440.00
2011/08/30	9.95	10.21	9.69	9.74	2608773	101865216.00
2011/08/31	9.65	9.80	9.49	9.58	1535549	57753836.00
2011/09/01	9.60	9.85	9.53	9.61	1701278	64612760.00
2011/09/02	9.58	9.87	9.46	9.75	2202682	84227992.00
2011/09/05	9.56	9.67	9.48	9.53	1483232	55703808.00
2011/09/06	9.37	9.66	9.27	9.38	1442011	53587268.00
2011/09/07	9.55	10.35	9.50	10.35	4114236	161850160.00
2011/09/08	10.48	10.52	10.08	10.11	4409392	176774128.00
2011/09/09	10.09	10.40	10.06	10.20	3436127	137762432.00
2011/09/13	9.95	9.95	9.64	9.89	2578763	99392288.00
2011/09/14	9.91	10.46	9.91	10.45	5209048	210165216.00
2011/09/15	10.45	10.85	10.27	10.30	5538879	229861616.00
2011/09/16	10.27	10.74	10.27	10.52	3285962	135380800.00
2011/09/19	10.33	10.44	10.08	10.11	2239591	89290864.00
2011/09/20	10.06	10.66	9.87	10.66	3505096	142377024.00
2011/09/21	10.64	11.00	10.56	10.86	4847926	204959488.00
2011/09/22	10.76	10.84	10.37	10.38	3368846	140046112.00
2011/09/23	10.11	10.37	10.01	10.34	2369479	94655152.00
2011/09/26	10.23	10.63	10.19	10.27	2385643	97129304.00
2011/09/27	10.32	10.53	9.64	9.72	4492150	174823584.00
2011/09/28	9.77	9.85	9.35	9.40	2431286	91504912.00
2011/09/29	9.34	9.34	8.63	8.64	2745569	97096776.00
2011/09/30	8.68	9.16	8.68	8.76	1874864	65171700.00
2011/10/10	8.82	8.98	8.60	8.72	1222437	42260248.00
2011/10/11	9.00	9.13	8.62	8.79	1727503	60560076.00
2011/10/12	8.64	9.16	8.42	9.16	2636012	92535304.00
2011/10/13	9.11	9.90	9.00	9.61	3783604	141133680.00
2011/10/14	9.48	9.63	9.28	9.50	2216928	82162184.00
2011/10/17	9.52	9.69	9.32	9.43	1859875	68961200.00
2011/10/18	9.29	9.63	9.16	9.17	2346696	86746728.00
2011/10/20	9.17	9.17	8.38	8.61	2016153	68675200.00
2011/10/21	8.51	8.68	8.42	8.43	1256545	42159308.00
2011/10/24	8.42	8.75	8.31	8.71	1677043	56602984.00
2011/10/25	8.69	9.00	8.45	8.90	2575918	88943496.00
2011/10/26	8.76	9.54	8.69	9.14	3278320	117498800.00
2011/10/27	9.06	9.25	8.93	8.93	2193206	78297320.00
2011/10/28	9.09	9.31	8.98	9.15	2072085	74292408.00
2011/10/31	9.37	10.10	9.33	9.78	5333630	204859408.00
2011/11/01	9.55	10.02	9.49	9.85	4929226	190018880.00
2011/11/02	9.64	9.89	9.50	9.87	2892768	109866080.00
2011/11/03	9.93	10.28	9.74	9.75	3894193	151955680.00
2011/11/04	9.79	9.89	9.55	9.75	2009546	76502520.00
2011/11/07	9.69	9.88	9.51	9.51	1781628	67492944.00
2011/11/08	9.47	9.80	9.46	9.58	1693114	63955044.00
2011/11/09	9.64	9.82	9.44	9.73	1796626	67851264.00
2011/11/10	9.53	9.77	9.53	9.56	1938495	73366616.00
2011/11/11	9.58	9.66	9.45	9.56	1382490	51742080.00
2011/11/14	9.79	10.45	9.79	10.31	6140448	245063568.00
2011/11/15	10.21	10.45	10.08	10.16	3664232	146477952.00
2011/11/16	10.17	10.17	9.70	9.73	2297626	89068192.00
2011/11/17	9.69	9.90	9.66	9.75	1518818	58210448.00
2011/11/18	9.68	9.68	9.16	9.29	2599109	95833296.00
2011/11/21	9.27	9.43	9.20	9.40	1086806	39821896.00
2011/11/22	9.27	9.32	8.99	9.24	1108400	39926876.00
2011/11/23	9.24	9.33	9.14	9.14	899355	32641344.00
2011/11/24	8.94	9.18	8.93	9.05	1221464	43383776.00
2011/11/25	9.06	9.26	9.03	9.07	860847	30883226.00
2011/11/28	9.11	9.26	9.08	9.16	884142	31818960.00
2011/11/29	9.37	9.42	9.19	9.33	1127012	41179268.00
2011/11/30	9.34	9.34	8.53	8.75	1638523	57312000.00
2011/12/01	9.10	9.14	8.79	8.88	1574887	55564552.00
2011/12/02	8.85	8.89	8.56	8.61	766205	26134758.00
2011/12/05	8.61	8.61	8.32	8.36	721167	23911682.00
2011/12/06	8.37	8.60	8.37	8.53	700906	23481178.00
2011/12/07	8.53	8.60	8.48	8.55	528662	17792048.00
2011/12/08	8.55	8.71	8.35	8.56	998915	33623064.00
2011/12/09	8.40	8.68	8.35	8.62	640161	21575930.00
2011/12/12	8.53	8.79	8.53	8.57	959347	32791718.00
2011/12/13	8.45	8.45	7.97	8.11	1230814	39533244.00
2011/12/14	8.08	8.16	7.87	7.89	703509	22208682.00
2011/12/15	7.78	7.78	7.55	7.62	950579	28854134.00
2011/12/16	7.63	7.89	7.58	7.86	685646	20961480.00
2011/12/19	7.85	8.08	7.70	7.97	995813	31134398.00
2011/12/20	7.90	8.06	7.85	7.86	611873	19185512.00
2011/12/21	7.91	8.02	7.40	7.40	764076	23206578.00
2011/12/22	7.38	7.38	6.79	7.09	1170881	32669802.00
2011/12/23	7.06	7.24	6.93	7.13	667967	18888806.00
2011/12/26	7.11	7.21	6.98	6.98	494372	13950908.00
2011/12/27	6.99	7.00	6.69	6.69	625135	16864408.00
2011/12/28	6.66	6.67	6.40	6.64	579700	15093619.00
2011/12/29	6.55	6.71	6.53	6.56	398191	10508825.00
2011/12/30	6.61	6.81	6.61	6.78	775253	20809808.00
2012/01/04	6.87	6.98	6.54	6.55	818670	22107958.00
2012/01/05	6.53	6.69	6.18	6.30	854347	21973554.00
2012/01/06	6.21	6.32	6.01	6.32	1053643	25915572.00
2012/01/09	6.32	6.75	6.19	6.73	1238374	32078810.00
2012/01/10	6.69	7.14	6.68	7.03	2057911	56774808.00
2012/01/11	7.01	7.57	6.85	7.14	1737722	49496584.00
2012/01/12	7.12	7.27	7.01	7.11	1501325	42485280.00
2012/01/13	7.16	7.17	6.64	6.64	1628903	44139448.00
2012/01/16	6.43	6.63	6.28	6.28	718826	18536174.00
2012/01/17	6.26	6.94	6.21	6.94	1709411	45853592.00
2012/01/18	7.10	7.29	6.53	6.61	1981908	55247084.00
2012/01/19	6.61	7.22	6.40	7.16	2188109	59518116.00
2012/01/20	7.16	7.18	6.91	7.01	1490595	41534660.00
2012/01/30	7.06	7.14	6.90	6.91	1020182	28487730.00
2012/01/31	6.89	6.98	6.83	6.91	1133571	31066012.00
2012/02/01	6.88	6.94	6.72	6.72	1175819	31861004.00
2012/02/02	6.73	6.90	6.61	6.89	1433949	38406804.00
2012/02/03	6.86	7.16	6.80	7.15	2142532	60014264.00
2012/02/06	7.15	7.21	7.00	7.15	1575183	44460716.00
2012/02/07	7.12	7.13	6.98	7.08	1461785	40872532.00
2012/02/08	7.10	7.40	7.06	7.38	3008072	86886272.00
2012/02/09	7.42	7.42	7.25	7.32	2379422	69183448.00
2012/02/10	7.27	7.42	7.23	7.30	1398209	40457748.00
2012/02/13	7.24	7.45	7.19	7.43	1723250	50399216.00
2012/02/14	7.42	7.42	7.27	7.39	1214042	35322968.00
2012/02/15	7.39	7.55	7.30	7.49	1817146	53614992.00
2012/02/16	7.45	7.52	7.29	7.38	1642338	48141304.00
2012/02/17	7.54	8.15	7.54	8.08	7161548	227506576.00
2012/02/20	7.94	8.02	7.85	7.87	4272843	133706592.00
2012/02/21	7.73	7.91	7.51	7.86	3077812	93698968.00
2012/02/22	7.83	8.04	7.72	8.00	2880540	90472440.00
2012/02/23	7.99	8.13	7.88	7.94	2565878	81058872.00
2012/02/24	7.94	8.07	7.80	8.03	2433186	76389056.00
2012/02/27	8.05	8.26	7.98	8.04	3499746	112100040.00
2012/02/28	7.91	8.00	7.74	7.88	2056397	64013084.00
2012/02/29	7.90	8.00	7.80	7.83	1496996	46806808.00
2012/03/01	7.77	7.89	7.75	7.85	892935	27626238.00
2012/03/02	7.89	8.10	7.87	8.04	1842929	58400420.00
2012/03/05	8.08	8.23	8.01	8.15	2081885	66665228.00
2012/03/06	8.25	8.37	8.03	8.04	2215860	71268768.00
2012/03/07	7.86	8.02	7.77	7.90	1322856	41279100.00
2012/03/08	8.02	8.26	8.00	8.15	2454113	78942936.00
2012/03/09	8.19	8.26	8.03	8.18	2336547	74888640.00
2012/03/12	8.26	8.26	8.08	8.15	1663537	53463340.00
2012/03/13	8.18	8.23	8.06	8.22	1827633	58795780.00
2012/03/14	8.27	8.43	7.59	7.66	3560548	113806720.00
2012/03/15	7.61	7.69	7.30	7.43	2393609	70573664.00
2012/03/16	7.48	7.81	7.41	7.77	2133708	64458452.00
2012/03/19	7.74	8.03	7.61	7.93	2114216	65581476.00
2012/03/20	8.00	8.24	7.90	8.04	3242926	103093264.00
2012/03/21	8.11	8.55	7.87	8.44	5105940	166155392.00
2012/03/22	8.37	8.41	8.12	8.14	2334444	75742304.00
2012/03/23	8.03	8.23	7.92	7.97	1698738	54156380.00
2012/03/26	7.88	8.21	7.87	8.19	1735035	55572552.00
2012/03/27	8.25	8.37	8.15	8.19	1960673	63975068.00
2012/03/28	8.18	8.18	7.45	7.45	1922319	58420236.00
2012/03/29	7.38	7.50	7.06	7.19	1329791	38199976.00
2012/03/30	7.19	7.32	7.16	7.26	691197	19864022.00
2012/04/05	7.25	7.48	7.22	7.46	972520	28433958.00
2012/04/06	7.49	7.69	7.43	7.49	933522	27832606.00
2012/04/09	7.40	7.61	7.21	7.53	1050361	30809626.00
2012/04/10	7.45	7.58	7.32	7.55	1126730	33267480.00
2012/04/11	7.44	7.55	7.32	7.51	1175124	34877704.00
2012/04/12	7.51	7.65	7.37	7.61	1392840	41494844.00
2012/04/13	7.61	7.90	7.58	7.78	1785564	54591636.00
2012/04/16	7.67	7.76	7.64	7.65	1068779	32522308.00
2012/04/18	7.53	7.82	7.49	7.81	1955191	59493780.00
2012/04/19	8.11	8.19	7.83	7.86	3050134	96551352.00
2012/04/20	7.83	7.93	7.79	7.86	1147103	35625884.00
2012/04/23	7.79	7.82	7.50	7.55	1399630	42221232.00
2012/04/24	7.41	8.34	7.14	8.34	7069064	226743008.00
2012/04/25	8.56	8.99	8.37	8.45	10344461	351768864.00
2012/04/26	8.39	8.43	7.72	8.06	4145457	132932144.00
2012/04/27	7.86	8.45	7.86	8.08	3635941	118110808.00
2012/05/02	8.19	8.45	8.06	8.25	3171932	103560696.00
2012/05/03	8.24	8.35	8.11	8.18	2113539	68516304.00
2012/05/04	8.14	8.23	8.08	8.18	1785984	57492928.00
2012/05/07	8.14	8.32	8.09	8.22	1913925	62066772.00
2012/05/08	8.27	8.28	8.01	8.12	1863455	59672776.00
2012/05/09	8.04	8.04	7.90	7.90	1722940	54147104.00
2012/05/10	7.85	8.08	7.82	7.98	1508611	47319884.00
2012/05/11	7.95	8.03	7.85	7.85	1191006	37308592.00
2012/05/14	7.97	7.97	7.71	7.74	1001097	31070858.00
2012/05/15	7.65	7.66	7.50	7.58	1112271	33114052.00
2012/05/16	7.65	7.66	7.42	7.43	943869	28003314.00
2012/05/17	7.49	7.59	7.44	7.57	991167	29450314.00
2012/05/18	7.69	8.31	7.68	7.87	3516411	110936552.00
2012/05/21	7.73	8.00	7.66	7.95	1645618	50836656.00
2012/05/22	8.00	8.08	7.88	8.01	1499390	47129284.00
2012/05/23	8.01	8.01	7.80	7.89	1067775	33180514.00
2012/05/24	7.98	8.11	7.80	7.95	1824777	57332936.00
2012/05/25	7.88	8.00	7.64	7.66	1449347	44595680.00
2012/05/28	7.58	7.69	7.38	7.67	1297736	38493076.00
2012/05/29	7.66	7.86	7.58	7.81	1205655	36876004.00
2012/05/30	7.79	7.99	7.74	7.85	1384216	43021968.00
2012/05/31	7.86	8.26	7.85	8.10	3113451	99272368.00
2012/06/01	8.03	8.21	8.02	8.12	1707862	54670084.00
2012/06/04	7.99	8.96	7.90	8.48	6788037	227766016.00
2012/06/05	8.71	8.71	8.26	8.66	4830613	161222848.00
2012/06/06	8.66	8.90	8.41	8.59	3723081	126071104.00
2012/06/07	8.69	8.79	8.42	8.48	3481598	117647776.00
2012/06/08	8.73	9.34	8.61	8.95	7565683	264727184.00
2012/06/11	8.72	8.72	8.40	8.65	4004187	135092384.00
2012/06/12	8.56	8.79	8.45	8.69	2856250	96962792.00
2012/06/13	8.69	8.71	8.45	8.59	2370325	79703296.00
2012/06/14	8.49	8.65	8.31	8.32	1971028	65714960.00
2012/06/15	8.28	8.47	8.26	8.41	1747551	57376484.00
2012/06/18	8.45	8.58	8.37	8.39	1852999	61736132.00
2012/06/19	8.29	8.40	8.14	8.16	1772709	57246728.00
2012/06/20	8.19	8.35	8.17	8.19	1004490	32536902.00
2012/06/21	8.19	8.34	8.16	8.24	1199443	38912760.00
2012/06/25	8.24	8.45	8.18	8.19	1677375	54914628.00
2012/06/26	8.16	8.16	7.66	7.89	1588169	49067244.00
2012/06/27	7.95	8.05	7.84	7.84	1101961	34468032.00
2012/06/28	7.92	8.11	7.79	7.84	1349472	42212728.00
2012/06/29	7.86	8.08	7.76	8.04	1196811	37390788.00
2012/07/02	8.16	8.29	8.05	8.09	1084051	34740208.00
2012/07/03	8.10	8.18	7.98	8.06	1156183	36727880.00
2012/07/04	8.12	8.21	8.06	8.12	996540	31898372.00
2012/07/05	8.08	8.09	7.74	7.74	1302776	40222244.00
2012/07/06	7.75	7.94	7.63	7.93	989079	30394140.00
2012/07/09	7.82	7.98	7.48	7.48	1835193	55973420.00
2012/07/10	7.54	7.59	7.34	7.40	1135662	33371508.00
2012/07/11	7.37	7.49	7.36	7.46	625532	18376046.00
2012/07/12	7.45	7.72	7.38	7.68	982501	29403636.00
2012/07/13	7.61	7.73	7.57	7.57	768241	23138838.00
2012/07/16	7.61	7.65	7.17	7.17	1231455	35459400.00
2012/07/17	7.23	7.23	7.16	7.21	439307	12491661.00
2012/07/18	7.18	7.32	7.16	7.30	447907	12826642.00
2012/07/19	7.30	7.50	7.30	7.40	716898	20942128.00
2012/07/20	7.37	7.42	7.27	7.29	621244	17943900.00
2012/07/23	7.10	7.36	7.10	7.29	478263	13678626.00
2012/07/24	7.23	7.41	7.18	7.37	568330	16445903.00
2012/07/25	7.34	7.37	7.19	7.21	489658	14085309.00
2012/07/26	7.22	7.31	7.12	7.13	494332	14094231.00
2012/07/27	7.24	7.24	7.09	7.12	587927	16626357.00
2012/07/30	7.13	7.24	7.00	7.03	466345	13124095.00
2012/07/31	7.03	7.31	6.82	7.29	1378903	38728884.00
2012/08/01	7.66	8.04	7.65	7.81	4073196	126602440.00
2012/08/02	7.61	7.77	7.58	7.71	1857663	56211260.00
2012/08/03	7.74	7.99	7.67	7.72	2185322	67259128.00
2012/08/06	7.59	7.91	7.51	7.91	2445876	74514152.00
2012/08/07	7.90	8.08	7.81	7.92	2029883	63279032.00
2012/08/08	7.92	7.96	7.72	7.75	1398076	43013640.00
2012/08/09	7.70	7.87	7.65	7.81	1192192	36527040.00
2012/08/10	7.81	7.83	7.58	7.59	1336840	40513036.00
2012/08/13	7.50	7.64	7.46	7.48	1339214	39771328.00
2012/08/14	7.46	7.55	7.29	7.43	1613176	47090532.00
2012/08/15	7.46	7.55	7.31	7.32	1295888	38031016.00
2012/08/16	7.35	7.38	7.25	7.32	728750	21079292.00
2012/08/17	7.30	7.44	7.26	7.44	862989	25059816.00
2012/08/20	7.36	7.53	7.31	7.52	892919	26119754.00
2012/08/21	7.53	7.71	7.47	7.62	1543308	46314548.00
2012/08/22	7.62	7.70	7.53	7.56	1534266	46097208.00
2012/08/23	7.51	7.71	7.50	7.65	1328744	39928068.00
2012/08/24	7.63	7.87	7.43	7.85	3052691	92681232.00
2012/08/27	7.80	7.80	7.08	7.61	2741584	81872024.00
2012/08/28	7.48	7.61	7.35	7.51	778253	23002540.00
2012/08/29	7.49	7.56	7.38	7.46	562829	16622182.00
2012/08/30	7.40	7.65	7.16	7.61	1287673	37952092.00
2012/08/31	7.53	7.59	7.48	7.53	533036	15844317.00
2012/09/03	7.34	7.52	7.34	7.48	920464	27041552.00
2012/09/04	7.50	7.53	7.37	7.39	708501	20847564.00
2012/09/05	7.35	7.41	7.27	7.41	617440	17918932.00
2012/09/06	7.40	7.87	7.34	7.64	1606673	48567688.00
2012/09/07	7.61	7.95	7.61	7.82	2712131	83129232.00
2012/09/10	7.82	7.90	7.75	7.84	1502269	46312492.00
2012/09/11	7.83	8.19	7.76	7.98	3045990	96757984.00
2012/09/12	7.93	8.12	7.91	8.01	1460126	45967260.00
2012/09/13	8.00	8.00	7.71	7.71	1304945	40400468.00
2012/09/14	7.77	8.03	7.77	7.83	1263949	39219000.00
2012/09/17	7.83	8.27	7.77	7.98	3564746	113529704.00
2012/09/18	7.90	7.90	7.61	7.65	1580460	48036852.00
2012/09/19	7.62	7.75	7.58	7.69	1035893	31328394.00
2012/09/20	7.71	7.71	7.24	7.39	2160356	63063600.00
2012/09/21	7.35	7.43	7.26	7.34	724035	20995976.00
2012/09/24	7.28	7.81	7.24	7.64	1269035	37669920.00
2012/09/25	7.60	7.61	7.41	7.41	963850	28502848.00
2012/09/26	7.37	7.41	7.19	7.19	758903	21794120.00
2012/09/27	7.21	7.41	7.17	7.31	801756	23118906.00
2012/09/28	7.29	7.47	7.29	7.43	658880	19254670.00
2012/10/08	7.47	7.47	7.25	7.29	730643	21153548.00
2012/10/09	7.29	7.48	7.29	7.46	784810	23008556.00
2012/10/10	7.46	7.74	7.42	7.63	1236137	37102880.00
2012/10/11	7.60	7.63	7.47	7.54	871820	25931972.00
2012/10/12	7.56	7.73	7.43	7.56	588726	17524650.00
2012/10/15	7.56	7.66	7.48	7.64	730612	21853998.00
2012/10/16	7.64	7.70	7.49	7.54	995088	29855948.00
2012/10/17	7.54	7.93	7.54	7.82	2357266	72177208.00
2012/10/18	7.81	7.91	7.78	7.85	1649165	50987748.00
2012/10/19	7.85	7.86	7.72	7.74	846273	25883226.00
2012/10/22	7.69	7.69	7.57	7.66	912353	27471478.00
2012/10/23	7.63	7.84	7.59	7.72	1304034	39738836.00
2012/10/24	7.64	7.65	7.48	7.53	1001996	29904952.00
2012/10/25	7.55	7.65	7.50	7.62	819270	24474236.00
2012/10/26	7.83	7.90	7.62	7.65	1767577	53740416.00
2012/10/29	7.61	7.61	7.34	7.37	1207055	35277320.00
2012/10/30	7.31	7.48	7.31	7.41	448507	13123943.00
2012/10/31	7.40	7.46	7.34	7.45	514673	15052357.00
2012/11/01	7.41	7.58	7.41	7.53	927256	27476176.00
2012/11/02	7.53	7.57	7.40	7.46	735898	21631994.00
2012/11/05	7.48	7.49	7.39	7.42	522605	15282939.00
2012/11/06	7.42	7.42	7.24	7.32	1035707	29865924.00
2012/11/07	7.32	7.39	7.30	7.35	592057	17197836.00
2012/11/08	7.29	7.29	7.09	7.10	1058386	30020532.00
2012/11/09	7.10	7.18	7.06	7.07	438217	12315808.00
2012/11/14	7.80	7.80	7.35	7.51	4964077	149364608.00
2012/11/15	7.41	7.41	6.83	7.01	3044839	84419744.00
2012/11/16	6.82	6.92	6.69	6.73	1449891	38775192.00
2012/11/19	6.79	6.80	6.56	6.74	726166	19326206.00
2012/11/20	6.77	6.78	6.69	6.72	530895	14145025.00
2012/11/21	6.73	6.92	6.69	6.89	906936	24431280.00
2012/11/22	6.85	6.86	6.75	6.76	458774	12349131.00
2012/11/23	6.77	6.85	6.77	6.78	368257	9938282.00
2012/11/26	6.81	6.87	6.77	6.78	435290	11743944.00
2012/11/27	6.80	6.80	6.38	6.41	665422	17264172.00
2012/11/28	6.38	6.38	6.13	6.16	536730	13258513.00
2012/11/29	6.16	6.32	6.15	6.17	512941	12709373.00
2012/11/30	6.17	6.25	6.17	6.23	303761	7514131.00
2012/12/03	6.23	6.28	5.98	6.00	417654	10239460.00
2012/12/04	6.00	6.07	5.58	5.99	931578	21550010.00
2012/12/05	5.96	6.31	5.90	6.22	1250393	30667510.00
2012/12/06	6.21	6.25	6.11	6.12	632289	15532409.00
2012/12/25	6.76	6.76	6.76	6.76	139226	3729864.50
2012/12/26	7.47	7.47	7.47	7.47	325473	9591689.00
2012/12/27	8.25	8.25	7.97	8.25	9082471	291484512.00
2012/12/28	8.21	8.53	8.09	8.34	6757834	220498672.00
2012/12/31	8.19	8.29	8.08	8.19	3752952	120508048.00
2013/01/04	8.23	8.53	8.11	8.16	4195654	136804272.00
2013/01/07	8.03	8.05	7.74	7.93	4595490	142177008.00
2013/01/08	7.86	8.02	7.81	7.93	2783808	86612064.00
2013/01/09	7.95	8.18	7.87	7.98	2775738	87479632.00
2013/01/10	7.92	8.08	7.90	7.99	1908074	59965720.00
2013/01/11	8.08	8.08	7.64	7.66	2461564	75811088.00
2013/01/14	7.62	7.93	7.62	7.90	2063818	63422300.00
2013/01/15	7.95	8.25	7.88	8.11	3329095	106080344.00
2013/01/16	8.08	8.39	8.00	8.14	3066545	99242944.00
2013/01/17	8.14	8.14	7.79	7.83	1876287	58596444.00
2013/01/18	7.83	8.03	7.83	7.98	1246227	39048584.00
2013/01/21	7.99	8.80	7.87	8.66	4676057	153617328.00
2013/01/22	8.60	8.81	8.40	8.50	3491739	118279400.00
2013/01/23	8.48	8.55	8.19	8.33	1616707	52978448.00
2013/01/24	8.26	8.65	8.11	8.27	2084700	68490128.00
2013/01/25	8.23	9.12	8.19	8.98	4698238	161375040.00
2013/01/28	9.03	9.21	8.78	9.10	3379018	119542984.00
2013/01/29	9.08	9.48	8.93	9.19	3092140	111298016.00
2013/01/30	9.19	9.75	9.12	9.40	3081844	113986992.00
2013/01/31	9.37	9.79	9.21	9.24	3135571	116767392.00
2013/02/01	9.11	9.39	9.00	9.16	1827741	65679184.00
2013/02/04	9.16	9.77	9.16	9.71	2961610	111202576.00
2013/02/05	9.61	9.99	9.58	9.77	1915292	73465176.00
2013/02/06	9.72	9.87	9.59	9.61	1085982	41039436.00
2013/02/07	9.59	9.68	9.35	9.45	1408664	52111916.00
2013/02/08	9.45	9.71	9.41	9.58	1257760	47006452.00
2013/02/18	9.72	9.93	9.63	9.69	1341108	50980016.00
2013/02/19	9.71	9.83	9.50	9.81	1491962	56285476.00
2013/02/20	9.82	10.27	9.74	10.17	2163387	85486592.00
2013/02/21	10.11	10.36	9.88	10.00	1652876	65078300.00
2013/02/22	9.96	10.17	9.79	9.91	1378053	53778488.00
2013/02/25	9.95	10.08	9.87	9.95	1005604	39157216.00
2013/03/01	10.97	10.97	9.95	10.14	4089059	166212768.00
2013/03/04	9.93	10.40	9.74	9.85	2096484	81909224.00
2013/03/05	9.85	9.98	9.62	9.80	1747027	66837352.00
2013/03/06	9.81	10.18	9.70	10.04	1775933	68780776.00
2013/03/07	10.04	10.13	9.72	9.76	1229772	47481108.00
2013/03/08	9.77	9.92	9.59	9.79	1158140	44299024.00
2013/03/11	9.84	10.12	9.72	9.96	1379812	53731416.00
2013/03/12	9.96	10.04	9.53	9.57	1522377	57998216.00
2013/03/13	9.57	10.10	9.57	9.58	975872	37316948.00
2013/03/14	9.59	9.71	8.80	8.91	2839523	100568344.00
2013/03/15	8.92	8.92	8.61	8.72	1798511	61801888.00
2013/03/18	8.72	8.74	8.48	8.51	1121355	37691460.00
2013/03/19	8.51	8.65	8.36	8.65	1511111	50725504.00
2013/03/20	8.57	9.06	8.56	8.98	1695738	59124604.00
2013/03/21	9.08	9.32	8.90	9.13	1429510	50995624.00
2013/03/22	9.13	9.22	9.01	9.09	1130100	40299724.00
2013/03/25	9.06	9.15	8.93	9.05	753082	26656082.00
2013/03/26	9.06	9.44	8.93	9.36	1600330	57835464.00
2013/03/27	9.36	10.11	9.36	9.65	1844352	70360944.00
2013/03/28	9.53	9.60	9.19	9.24	1194926	44022304.00
2013/03/29	9.24	9.34	8.99	9.06	980365	35129852.00
2013/04/01	9.06	9.06	8.82	8.88	921598	32208330.00
2013/04/02	8.93	9.03	8.55	8.56	1122752	38543568.00
2013/04/03	8.60	8.63	8.55	8.60	684584	23062926.00
2013/04/08	8.60	8.85	8.41	8.77	724741	24693810.00
2013/04/09	8.66	9.00	8.66	8.86	746384	26054024.00
2013/04/10	8.86	9.16	8.84	9.00	947355	33575604.00
2013/04/11	9.10	9.10	8.79	8.82	541729	18964414.00
2013/04/12	8.82	8.89	8.50	8.50	715052	24199728.00
2013/04/15	8.41	8.53	8.29	8.48	623957	20607542.00
2013/04/16	8.40	8.64	8.27	8.61	478357	15926090.00
2013/04/17	8.60	8.63	8.31	8.45	591833	19649110.00
2013/04/18	8.36	8.50	8.35	8.40	465579	15397742.00
2013/04/19	8.40	8.72	8.35	8.65	1581114	53091568.00
2013/04/22	8.53	8.85	8.48	8.84	1529548	52159172.00
2013/04/23	8.86	8.86	8.37	8.37	1054728	35503408.00
2013/04/24	8.40	8.63	8.40	8.56	746462	24974886.00
2013/04/25	8.61	8.71	8.40	8.50	979370	32924858.00
2013/04/26	8.49	8.65	8.44	8.46	732337	24560690.00
2013/05/02	8.48	8.95	8.32	8.92	1629800	55767696.00
2013/05/03	8.92	9.71	8.92	9.41	3263220	120868176.00
2013/05/06	9.48	10.25	9.48	10.18	4955260	192640128.00
2013/05/07	10.08	10.50	9.98	10.32	3011897	120426368.00
2013/05/08	10.24	10.29	9.98	10.16	1980706	78582440.00
2013/05/09	10.23	10.57	10.14	10.39	3109990	126278352.00
2013/05/10	10.53	10.97	10.37	10.41	2520153	104705816.00
2013/05/13	10.30	10.50	9.93	10.05	2118680	84451144.00
2013/05/14	10.05	10.30	9.97	10.24	1663545	65933524.00
2013/05/15	10.19	10.24	10.02	10.08	1384472	54661924.00
2013/05/16	10.08	10.88	10.03	10.10	3123157	126796288.00
2013/05/17	9.98	10.50	9.93	10.20	1543824	61464856.00
2013/05/20	10.14	10.81	10.09	10.76	2947281	122552624.00
2013/05/21	10.77	10.98	10.44	10.77	2640595	109674192.00
2013/05/22	10.77	11.13	10.53	10.83	2633003	111609816.00
2013/05/23	10.76	11.16	10.60	10.90	1628465	69674328.00
2013/05/24	10.94	11.13	10.72	10.93	1448478	61930904.00
2013/05/27	11.00	11.63	11.00	11.59	2441078	108397944.00
2013/05/28	11.56	11.69	11.21	11.40	1160400	51373204.00
2013/05/29	11.41	12.35	11.33	11.99	1813201	84132016.00
2013/05/30	11.82	12.00	11.55	11.58	1355984	61764416.00
2013/05/31	11.61	11.69	11.19	11.29	1143028	50447056.00
2013/06/03	11.16	11.27	10.45	10.63	2608569	109114408.00
2013/06/04	10.61	10.73	10.38	10.58	1051709	43370464.00
2013/06/05	10.58	10.92	10.46	10.79	1267551	53083248.00
2013/06/06	10.66	10.93	10.47	10.72	1365173	57111260.00
2013/06/07	10.90	11.04	10.67	10.76	1854576	78739936.00
2013/06/13	10.59	10.61	9.66	10.09	2537597	99573696.00
2013/06/14	10.11	10.65	10.11	10.35	1804071	72566720.00
2013/06/17	10.48	10.60	10.27	10.28	1603673	65392848.00
2013/06/18	10.28	10.30	9.90	9.97	1707241	66868952.00
2013/06/19	9.98	10.35	9.95	10.34	1821860	71857192.00
2013/06/20	10.21	10.25	9.85	9.86	1325302	51980328.00
2013/06/21	9.71	9.92	9.48	9.74	1240998	46997300.00
2013/06/24	9.87	9.90	8.99	9.12	1626461	60133368.00
2013/06/25	9.04	9.26	8.29	9.12	2324289	80589808.00
2013/06/26	9.18	9.40	9.03	9.32	1537522	55446628.00
2013/06/27	9.32	9.60	9.03	9.04	1839993	67172184.00
2013/06/28	9.02	9.12	8.61	8.67	1689865	58425680.00
2013/07/01	8.73	9.00	8.61	8.99	1303146	44952580.00
2013/07/02	8.95	9.47	8.92	9.41	2080010	75328376.00
2013/07/03	9.39	9.48	9.08	9.37	1655156	59860776.00
2013/07/04	9.40	10.33	9.23	10.19	5107502	199198816.00
2013/07/05	10.05	10.26	9.85	9.94	2809991	109307032.00
2013/07/08	9.74	9.74	9.10	9.32	2012583	74394696.00
2013/07/09	9.29	9.37	9.04	9.12	1521686	54339344.00
2013/07/10	9.20	9.62	9.13	9.58	1516064	55563028.00
2013/07/11	9.60	10.26	9.48	9.98	2693398	105253464.00
2013/07/12	10.00	10.24	9.77	9.78	1794052	69769256.00
2013/07/15	9.83	10.12	9.82	9.93	1590996	61527240.00
2013/07/16	9.96	10.50	9.89	10.28	2513984	99901736.00
2013/07/17	10.06	10.18	9.79	9.83	2020831	78591808.00
2013/07/18	9.74	10.09	9.58	9.83	1301302	50021984.00
2013/07/19	9.74	9.85	9.43	9.43	1817785	68061048.00
2013/07/22	9.26	9.53	9.16	9.52	878977	32161160.00
2013/07/23	9.58	9.86	9.53	9.75	1166844	44336336.00
2013/07/24	9.71	9.87	9.62	9.81	1032681	39219196.00
2013/07/25	9.87	10.14	9.81	9.98	2336844	91132112.00
2013/07/26	10.11	10.11	9.65	9.77	1305974	50240112.00
2013/07/29	9.65	9.73	9.33	9.38	1248314	46264868.00
2013/07/30	9.47	9.55	9.22	9.28	885315	32425704.00
2013/07/31	9.28	9.47	9.25	9.28	746799	27252150.00
2013/08/01	9.33	9.60	9.23	9.50	1454196	53604628.00
2013/08/02	9.54	9.90	9.48	9.66	2086777	79110992.00
2013/08/05	9.74	9.79	9.60	9.68	1534252	58068460.00
2013/08/06	9.68	9.83	9.64	9.77	1671105	63592732.00
2013/08/07	9.79	9.86	9.64	9.65	1141344	43207816.00
2013/08/08	9.77	9.86	9.65	9.71	1195344	45452240.00
2013/08/09	9.77	10.00	9.71	9.92	2278931	87770664.00
2013/08/12	9.93	10.37	9.83	10.28	2988344	117925448.00
2013/08/13	10.24	10.50	10.06	10.19	1963431	78459456.00
2013/08/14	10.24	10.24	9.69	9.74	3178174	122442584.00
2013/08/15	9.74	9.79	9.41	9.45	2325715	86622528.00
2013/08/16	9.37	9.57	9.21	9.21	1818859	66747996.00
2013/08/19	9.21	9.42	9.16	9.38	1170407	42548332.00
2013/08/20	9.39	9.43	9.22	9.28	1351531	49161084.00
2013/08/21	9.28	9.36	9.01	9.35	1346569	48241476.00
2013/08/22	9.24	9.42	9.23	9.39	1194818	43533032.00
2013/08/23	9.48	9.57	9.23	9.42	1496232	55017816.00
2013/08/26	9.41	9.49	9.32	9.48	1595666	58667032.00
2013/08/27	9.45	9.48	9.24	9.26	2173381	79034256.00
2013/08/28	9.21	9.21	8.95	8.96	2219732	78346224.00
2013/08/29	8.97	9.08	8.95	9.02	1014893	35779176.00
2013/08/30	8.96	9.04	8.69	8.76	1452836	50274024.00
2013/09/02	8.77	8.84	8.58	8.70	1334356	45229576.00
2013/09/03	8.70	8.95	8.70	8.93	1418849	49020608.00
2013/09/04	9.00	9.00	8.85	8.90	930743	32463782.00
2013/09/05	8.85	8.99	8.82	8.87	634189	22080336.00
2013/09/06	8.87	9.21	8.85	9.10	1508019	53533576.00
2013/09/09	9.10	9.20	9.07	9.16	1472809	52632348.00
2013/09/10	9.17	9.24	9.13	9.18	1142798	41001288.00
2013/09/11	9.19	9.29	8.96	9.05	1614075	57374132.00
2013/09/12	9.04	9.04	8.85	8.85	1028546	35961316.00
2013/09/13	8.95	9.05	8.87	8.95	1168861	41015544.00
2013/09/16	8.92	8.93	8.77	8.87	1078016	37286440.00
2013/09/17	8.95	9.12	8.93	8.93	1193649	42154872.00
2013/09/18	9.00	9.07	8.80	8.89	854191	29712900.00
2013/09/23	8.90	9.10	8.87	9.09	1264532	44665852.00
2013/09/24	9.09	9.26	9.02	9.10	1537639	54960468.00
2013/09/25	9.11	9.18	9.01	9.05	872883	31009460.00
2013/09/26	8.95	9.03	8.76	8.76	1207021	41879780.00
2013/09/27	8.70	8.84	8.70	8.71	569678	19475184.00
2013/09/30	8.69	8.84	8.69	8.78	424348	14517233.00
2013/10/08	8.70	8.89	8.69	8.86	716824	24657430.00
2013/10/09	8.85	9.03	8.79	8.98	1018136	35565020.00
2013/10/10	8.98	9.08	8.90	8.91	939301	32918972.00
2013/10/11	8.95	9.15	8.88	9.04	1161918	41174144.00
2013/10/14	9.02	9.07	8.84	8.93	1050474	36659268.00
2013/10/15	8.93	8.98	8.82	8.87	891467	31056032.00
2013/10/16	8.87	8.94	8.80	8.93	1094476	38013500.00
2013/10/17	8.93	9.13	8.91	9.09	1839291	65226788.00
2013/10/18	9.07	9.18	8.98	9.14	1387824	49297192.00
2013/10/21	9.14	9.16	8.97	9.11	1152177	40911932.00
2013/10/22	9.08	9.20	9.08	9.11	1016444	36273788.00
2013/10/23	9.11	9.16	8.77	8.79	1285016	45251244.00
2013/10/24	8.79	9.03	8.58	8.73	867680	29845422.00
2013/10/25	8.71	8.81	8.40	8.40	1014852	34061352.00
2013/10/28	8.37	8.37	7.54	7.54	2210424	67566736.00
2013/10/29	7.54	7.74	6.79	7.19	1864861	53326688.00
2013/10/30	7.17	7.18	6.98	7.18	982016	27465346.00
2013/10/31	7.18	7.34	7.14	7.22	896931	25650316.00
2013/11/01	7.11	7.32	7.11	7.20	546362	15568286.00
2013/11/04	7.19	7.46	7.19	7.35	784549	22649894.00
2013/11/05	7.29	7.45	7.27	7.40	583626	16922290.00
2013/11/06	7.39	7.44	7.30	7.31	652796	18976728.00
2013/11/07	7.31	7.36	7.10	7.11	760670	21683948.00
2013/11/08	7.11	7.18	7.00	7.16	658412	18403330.00
2013/11/11	7.18	7.20	7.00	7.16	338552	9505662.00
2013/11/12	7.24	7.39	7.21	7.33	701232	20207658.00
2013/11/13	7.27	7.29	7.08	7.09	389831	11035218.00
2013/11/14	7.08	7.18	7.04	7.14	480533	13471795.00
2013/11/15	7.16	7.47	7.13	7.34	1002437	28883868.00
2013/11/18	7.36	7.66	7.31	7.63	1370534	40288188.00
2013/11/19	7.68	7.70	7.54	7.67	1066991	31902186.00
2013/11/20	7.68	7.79	7.63	7.77	787618	23883974.00
2013/11/21	7.77	8.03	7.69	8.03	1324933	41268956.00
2013/11/22	8.08	8.08	7.86	7.95	835702	26090056.00
2013/11/25	7.92	7.94	7.73	7.79	548049	16846372.00
2013/11/26	7.79	7.90	7.77	7.79	335292	10278851.00
2013/12/10	8.59	8.59	8.03	8.19	2386058	77584072.00
2013/12/11	8.11	8.16	8.01	8.05	870100	27559390.00
2013/12/12	8.05	8.35	8.05	8.20	942921	30469844.00
2013/12/13	8.14	8.31	8.11	8.31	570001	18347638.00
2013/12/16	8.31	8.31	7.87	7.88	838438	26512096.00
2013/12/17	7.90	8.00	7.85	7.85	338513	10499803.00
2013/12/18	7.90	7.90	7.73	7.75	420824	12919602.00
2013/12/19	7.77	7.83	7.66	7.66	533171	16236262.00
2013/12/20	7.66	7.72	7.08	7.34	815513	23535550.00
2013/12/23	7.36	7.45	7.11	7.35	561762	16133808.00
2013/12/24	7.41	7.50	7.36	7.41	265336	7752562.00
2013/12/25	7.42	7.48	7.38	7.48	348354	10171344.00
2013/12/26	7.50	7.50	7.43	7.45	344907	10127347.00
2013/12/27	7.46	7.74	7.42	7.68	509693	15277092.00
2013/12/30	7.76	7.98	7.71	7.77	497614	15296302.00
2013/12/31	7.77	7.86	7.65	7.70	353048	10709619.00
2014/01/02	7.70	7.76	7.63	7.64	354051	10666973.00
2014/01/03	7.60	7.73	7.50	7.73	442808	13292128.00
2014/01/06	7.64	7.95	7.64	7.80	918129	28197022.00
2014/01/07	7.87	7.87	7.69	7.79	349029	10653411.00
2014/01/08	7.76	7.86	7.71	7.71	379555	11552826.00
2014/01/09	7.74	7.76	7.32	7.32	525879	15554743.00
2014/01/10	7.32	7.54	7.32	7.40	425002	12450688.00
2014/01/13	7.57	7.57	7.35	7.44	294625	8635803.00
2014/01/14	7.43	7.53	7.27	7.49	338479	9819921.00
2014/01/15	7.46	7.76	7.46	7.63	315549	9476232.00
2014/01/16	7.63	8.28	7.63	8.02	1202680	37734460.00
2014/01/17	7.90	7.95	7.75	7.78	541335	16624978.00
2014/01/20	7.77	7.92	7.76	7.78	512750	15790629.00
2014/01/21	7.79	7.90	7.77	7.79	445863	13671863.00
2014/01/22	7.79	7.92	7.76	7.92	640650	19763668.00
2014/01/23	7.96	7.98	7.83	7.85	550085	17034810.00
2014/01/24	7.85	8.21	7.80	8.17	1375742	43917788.00
2014/01/27	8.17	8.68	8.09	8.61	2388425	79832464.00
2014/01/28	8.62	8.68	8.43	8.56	1224684	41076612.00
2014/01/29	8.43	8.68	8.26	8.60	1447170	48240740.00
2014/01/30	8.55	8.59	8.48	8.51	516656	17230016.00
2014/02/07	8.42	9.37	8.39	9.36	2177275	77504520.00
2014/02/10	9.53	10.32	9.50	10.32	5259143	210232016.00
2014/02/11	10.53	11.38	10.24	11.38	8161838	345405088.00
2014/02/12	11.75	12.54	11.43	11.90	6065364	280195360.00
2014/02/13	11.93	12.40	11.45	11.58	4952227	228529824.00
2014/02/14	11.48	11.71	11.39	11.55	3266076	146088992.00
2014/02/17	11.63	11.89	11.40	11.70	3397616	153469488.00
2014/02/18	11.64	11.64	11.18	11.46	4587575	201937440.00
2014/02/19	11.41	11.53	11.20	11.53	3806006	167993904.00
2014/02/20	11.51	11.51	10.84	10.90	3963208	171746000.00
2014/02/21	10.79	11.09	10.65	10.81	2570771	108638512.00
2014/02/24	10.90	10.90	10.52	10.85	3435532	143098736.00
2014/02/25	10.87	10.98	9.77	10.00	4902688	200148576.00
2014/02/26	10.04	10.65	10.04	10.65	5773484	234532720.00
2014/02/27	10.79	11.73	10.60	10.98	6495794	282777376.00
2014/02/28	10.48	12.10	10.48	12.10	5732764	255449872.00
2014/03/03	12.42	13.06	11.66	12.58	4628251	223821200.00
2014/03/04	12.34	13.86	12.11	13.15	4574181	233945312.00
2014/03/05	12.92	13.03	12.43	12.66	2722860	133818472.00
2014/03/06	12.53	12.53	11.85	12.23	2050745	96888416.00
2014/03/07	12.20	13.48	12.11	12.71	2806698	141577136.00
2014/03/10	12.41	13.40	11.85	12.24	2856270	139384816.00
2014/03/11	11.98	12.46	11.06	11.41	2334003	106817280.00
2014/03/12	11.32	12.16	11.23	11.74	2816341	127915240.00
2014/03/13	11.74	11.90	11.35	11.89	1481226	67233280.00
2014/03/14	11.82	11.82	11.37	11.45	1322998	59480228.00
2014/03/17	11.56	12.62	11.56	12.62	2674930	127674328.00
2014/03/18	12.87	13.16	12.35	12.85	2584287	128046744.00
2014/03/19	12.70	13.64	12.64	13.11	2428299	124037368.00
2014/03/20	12.93	13.13	12.16	12.27	1995315	97913024.00
2014/03/21	12.11	13.52	12.11	13.52	2177983	109453552.00
2014/03/24	14.22	14.22	13.31	13.42	2868945	152933136.00
2014/03/25	13.12	13.41	12.77	13.03	1691940	85358072.00
2014/03/26	13.03	13.78	12.90	13.16	1811657	94293592.00
2014/03/27	12.95	13.44	12.73	13.06	1350372	68338536.00
2014/03/28	12.91	13.08	12.40	12.44	1381260	68025832.00
2014/03/31	12.55	12.92	12.14	12.55	737326	35792168.00
2014/04/01	12.41	13.16	12.41	13.14	1125862	56415060.00
2014/04/02	13.26	13.40	12.50	12.60	1603373	80663624.00
2014/04/03	12.66	12.84	12.34	12.53	868963	42021784.00
2014/04/04	12.39	12.77	12.39	12.57	617353	30173226.00
2014/04/08	12.39	12.52	12.12	12.34	858197	40829580.00
2014/04/09	12.24	12.50	12.24	12.40	583744	28091682.00
2014/04/10	12.40	13.18	12.32	12.91	1355109	67376024.00
2014/04/11	12.78	13.02	12.64	13.00	792158	39508840.00
2014/04/14	12.90	13.19	12.76	12.86	710263	35669612.00
2014/04/15	12.82	13.04	12.74	13.00	652171	32629628.00
2014/04/16	12.85	12.99	12.55	12.64	616532	30399618.00
2014/04/17	12.66	12.79	12.51	12.66	439394	21529452.00
2014/04/18	12.59	12.75	12.59	12.64	363976	17888132.00
2014/04/21	12.76	12.76	12.37	12.51	472846	22994552.00
2014/04/22	12.51	12.51	11.32	11.62	1790892	81788136.00
2014/04/23	11.71	11.81	11.32	11.44	1023482	45549964.00
2014/04/24	11.33	11.53	11.19	11.34	326161	14432455.00
2014/04/25	11.33	11.76	11.20	11.50	755071	33701624.00
2014/04/28	11.52	11.71	11.07	11.10	420516	18375414.00
2014/08/25	12.24	12.24	12.24	12.24	23800	1130024.00
2014/08/26	13.49	13.49	13.49	13.49	41490	2167022.75
2014/08/27	14.86	14.86	14.86	14.86	3218682	184913280.00
2014/08/28	15.24	16.36	15.00	15.53	6341100	384742496.00
2014/08/29	15.28	15.48	14.85	15.18	2875266	168033344.00
2014/09/01	15.18	15.47	15.01	15.14	1541175	90654048.00
2014/09/02	15.13	15.93	15.04	15.39	2593440	155410928.00
2014/09/03	15.46	15.48	15.14	15.30	1724876	101826736.00
2014/09/04	15.21	15.32	15.01	15.29	2221431	130288920.00
2014/09/05	15.30	15.79	15.24	15.61	1653750	99588904.00
2014/09/09	15.62	15.62	15.27	15.39	1328900	78923816.00
2014/09/10	15.32	15.32	14.92	15.12	1140825	66526944.00
2014/09/11	15.11	15.25	14.60	14.67	1857029	106777168.00
2014/09/12	14.64	14.87	14.60	14.79	1280197	72930472.00
2014/09/15	14.72	14.73	14.36	14.58	1805013	100995784.00
2014/09/16	14.61	14.89	14.29	14.39	1132214	64113792.00
2014/09/17	14.40	14.63	13.85	14.16	1204747	66344244.00
2014/09/18	14.18	14.41	13.95	14.36	866601	47675932.00
2014/09/19	14.35	15.53	14.35	15.03	2344132	135830224.00
2014/09/22	15.03	15.12	14.48	14.52	1034044	58466016.00
2014/09/23	14.53	14.63	14.21	14.39	706750	39335500.00
2014/09/24	14.40	15.32	14.23	14.74	1043213	59191224.00
2014/09/25	14.82	14.87	14.53	14.59	836401	47503160.00
2014/09/26	14.70	15.23	14.40	14.45	1036768	59240336.00
2014/09/29	14.53	14.58	14.27	14.53	747689	41742192.00
2014/09/30	14.55	14.64	14.37	14.49	465471	26014792.00
2014/10/08	14.49	14.84	14.35	14.75	688339	39053084.00
2014/10/09	14.86	15.35	14.74	15.16	1229821	71592024.00
2014/10/10	15.03	15.16	14.80	15.07	1008955	58451144.00
2014/10/13	15.14	15.14	14.84	14.89	758903	43869260.00
2014/10/14	14.80	15.13	14.58	14.61	788050	45218372.00
2014/10/15	14.63	14.73	14.32	14.45	703747	39303108.00
2014/10/16	14.38	14.61	14.19	14.20	671282	37287456.00
2014/10/17	14.16	14.26	13.79	13.95	666902	36044968.00
2014/10/20	13.97	14.21	13.85	14.19	401061	21926260.00
2014/10/21	14.21	14.32	13.85	13.90	499631	26937200.00
2014/10/22	13.90	13.98	13.34	13.44	782476	41378436.00
2014/10/23	13.43	13.50	12.90	12.90	1109324	56344696.00
2014/10/24	12.91	13.52	12.55	13.52	723804	36342352.00
2014/10/27	13.13	13.39	13.09	13.32	614025	31560300.00
2014/10/28	13.32	13.68	13.19	13.61	1024823	53380644.00
2014/10/29	13.75	14.00	13.49	13.81	905297	48265848.00
2014/10/30	13.78	13.78	13.30	13.40	932085	48708124.00
2014/10/31	13.40	13.58	13.27	13.33	473697	24548152.00
2014/11/03	13.27	13.48	13.20	13.33	531630	27495266.00
2014/11/04	13.33	13.81	13.32	13.71	875573	46057192.00
2014/11/05	13.77	13.89	13.43	13.69	638994	33864872.00
2014/11/06	13.71	13.79	13.56	13.72	529745	28031850.00
2014/11/07	13.78	14.03	13.78	13.79	1144472	61644992.00
2014/11/10	13.85	13.85	13.56	13.69	488653	25801596.00
2014/11/11	13.69	13.69	12.59	12.82	1215461	61426292.00
2014/11/12	12.82	12.99	12.66	12.90	487647	24303070.00
2014/11/13	12.81	13.00	12.61	12.85	746180	37025536.00
2014/11/14	12.81	13.62	12.80	13.38	1222074	63152352.00
2014/11/17	13.29	13.50	13.16	13.39	605302	31351966.00
2014/11/18	13.38	13.55	13.29	13.38	389314	20221378.00
2014/11/19	13.32	13.48	13.17	13.25	376731	19365078.00
2014/11/20	13.19	13.33	13.02	13.04	392742	20019130.00
2014/11/21	12.98	13.34	12.98	13.30	490276	25035736.00
2014/11/24	13.43	13.75	13.33	13.66	752381	39611604.00
2014/11/25	13.66	13.98	13.59	13.82	877046	46870904.00
2014/11/26	14.00	14.08	13.68	13.69	926350	49603988.00
2014/11/27	13.70	14.45	13.70	14.14	1683365	91879424.00
2014/11/28	14.00	14.19	13.52	13.58	1532646	81454632.00
2014/12/01	13.55	13.58	12.93	13.12	967151	49216332.00
2014/12/02	13.24	13.31	13.00	13.04	1011839	51492904.00
2014/12/03	13.02	13.84	12.80	13.41	1874195	96338160.00
2014/12/04	13.41	13.53	13.16	13.26	1625694	83599440.00
2014/12/05	13.25	13.26	12.58	12.84	1786924	88785640.00
2014/12/08	12.64	12.84	12.35	12.37	1820218	88521440.00
2014/12/09	12.31	12.31	11.27	11.32	1966008	90794552.00
2014/12/10	11.33	11.74	10.74	11.40	4630572	202414816.00
2014/12/11	11.74	11.95	11.59	11.86	3245416	148710016.00
2014/12/12	11.94	11.95	11.64	11.93	1699950	77836272.00
2014/12/15	11.90	12.24	11.84	12.14	1691026	79389032.00
2014/12/16	12.08	12.22	11.93	11.97	1270413	59396768.00
2014/12/17	11.85	12.26	11.45	12.18	1796483	82488496.00
2014/12/18	12.19	12.44	12.06	12.13	1509202	71712816.00
2014/12/19	12.13	12.18	11.48	11.63	1621898	73742656.00
2014/12/22	11.67	11.67	10.85	11.08	912944	39865688.00
2014/12/23	11.02	11.39	11.00	11.16	648058	28181316.00
2014/12/24	11.14	11.36	11.14	11.30	569197	24981570.00
2014/12/25	11.34	11.38	11.04	11.09	1098262	47600488.00
2014/12/26	11.06	11.20	10.95	11.10	626049	26987514.00
2014/12/29	11.10	11.10	10.53	10.55	1263098	52481696.00
2014/12/30	10.59	10.86	10.40	10.45	607252	25019806.00
2014/12/31	10.37	10.57	10.16	10.37	839115	33721180.00
2015/01/05	10.43	10.90	10.29	10.78	1146596	47463652.00
2015/01/06	10.64	11.10	10.64	11.00	1047024	44643972.00
2015/01/07	10.93	11.18	10.87	11.00	594859	25452656.00
2015/01/08	11.03	11.03	10.82	10.91	485954	20648786.00
2015/01/09	10.89	11.22	10.89	10.96	1022689	44041400.00
2015/01/12	10.90	12.09	10.82	11.69	2120087	95297760.00
2015/01/13	11.94	12.74	11.92	12.73	3253147	155894368.00
2015/01/14	12.38	13.24	12.37	12.44	2818878	139136992.00
2015/01/15	12.42	12.82	12.27	12.36	1264199	61474428.00
2015/01/16	12.35	12.40	12.00	12.34	1145335	54268296.00
2015/01/19	12.06	12.73	11.86	12.13	1257392	60089412.00
2015/01/20	12.13	12.50	12.06	12.35	1213028	57778224.00
2015/01/21	12.37	12.61	12.24	12.51	1387065	66933708.00
2015/01/22	12.60	12.72	12.42	12.66	1579941	77406824.00
2015/02/17	13.95	13.95	13.95	13.95	107081	5783445.00
2015/02/25	15.26	15.26	14.21	14.65	3873721	218884992.00
2015/02/26	14.48	15.95	14.12	15.45	4227267	247735440.00
2015/02/27	15.45	15.45	14.75	14.97	2987879	173540736.00
2015/03/02	14.98	15.89	14.98	15.27	4276963	254411520.00
2015/03/03	15.21	15.50	14.87	14.98	1944426	113656696.00
2015/03/04	14.91	15.10	14.57	14.64	2167718	123266608.00
2015/03/05	14.65	15.42	14.19	15.24	3748611	214284304.00
2015/03/06	15.03	15.15	14.37	14.58	2576449	146213024.00
2015/03/09	14.39	14.41	14.12	14.24	1675630	92380400.00
2015/03/10	14.21	14.21	13.94	14.11	1573604	85571224.00
2015/03/11	14.12	14.21	13.56	13.68	2068426	110959400.00
2015/03/12	13.72	13.81	13.58	13.76	1415373	74883552.00
2015/03/13	13.78	13.85	12.90	13.16	8346489	426284768.00
2015/03/16	13.15	13.43	13.03	13.41	7201922	370443648.00
2015/03/17	13.56	13.71	13.28	13.35	9805110	511728448.00
2015/03/18	13.44	13.81	13.37	13.80	11127309	582365952.00
2015/03/19	13.80	14.35	13.59	14.21	12121457	655906176.00
2015/03/20	14.29	14.55	13.94	13.98	10645001	584808128.00
2015/03/23	14.03	14.19	13.83	13.92	10898747	588587008.00
2015/03/24	13.88	14.75	13.88	14.74	17108936	945203392.00
2015/03/25	14.74	15.14	14.48	15.01	14860864	850827840.00
2015/03/26	14.82	15.58	14.76	15.11	10704669	627698944.00
2015/03/27	15.03	15.03	14.61	14.88	5185884	296519168.00
2015/03/30	14.87	14.87	14.49	14.60	6372985	360264768.00
2015/03/31	14.69	15.08	14.53	14.70	5122071	292927424.00
2015/04/01	14.71	16.19	14.71	16.19	5551789	336648640.00
2015/04/02	17.58	17.84	16.76	17.61	11798641	797117824.00
2015/04/03	17.92	18.74	17.58	18.07	11231777	788003520.00
2015/04/07	17.82	18.95	17.38	18.37	6616843	462757792.00
2015/04/08	17.99	18.21	17.11	17.24	6711069	454374304.00
2015/04/09	17.11	17.88	16.37	17.85	6923901	460296992.00
2015/04/10	17.64	19.66	17.38	19.66	6503259	485434752.00
2015/04/13	18.69	19.74	18.66	19.18	8514843	628532864.00
2015/04/14	18.99	19.58	18.08	18.24	6246807	447669088.00
2015/04/15	18.17	18.67	16.80	16.85	5264642	357838144.00
2015/04/16	16.83	17.69	16.58	16.95	5311975	352735776.00
2015/04/17	17.31	17.60	16.80	16.87	4767054	315768288.00
2015/04/20	16.98	17.34	16.32	16.38	5500217	356623136.00
2015/04/21	16.39	17.11	16.29	17.09	4419603	286606240.00
2015/04/22	17.50	17.90	17.34	17.63	5930545	403294496.00
2015/04/23	17.71	18.39	17.71	17.89	6983425	485106816.00
2015/04/24	17.69	17.69	16.79	17.15	5835783	387708352.00
2015/04/27	17.20	17.62	16.85	17.24	4597232	304744192.00
2015/04/28	17.39	17.57	16.26	16.43	6042065	387036480.00
2015/04/29	16.33	16.87	16.32	16.69	3825515	246259504.00
2015/04/30	16.69	17.03	16.59	16.74	4120917	267833456.00
2015/05/04	16.95	18.37	16.93	17.90	9050450	618173184.00
2015/05/05	17.60	17.87	16.21	16.56	6109583	400950848.00
2015/05/06	16.73	16.91	15.93	16.03	4537209	289862720.00
2015/05/07	16.00	16.27	15.27	15.50	4037285	243692512.00
2015/05/08	15.76	15.98	15.50	15.98	5144829	312350528.00
2015/05/11	16.21	16.71	15.98	16.60	6192484	391661504.00
2015/05/12	16.58	16.97	16.49	16.84	6246050	404437568.00
2015/05/13	16.86	17.38	16.72	16.94	6315215	413975680.00
2015/05/14	17.06	17.21	16.32	16.68	6800190	435337440.00
2015/05/15	16.76	17.51	16.66	17.09	7625891	502809024.00
2015/05/18	17.18	17.84	16.89	17.64	10821378	732853952.00
2015/05/19	17.72	18.30	17.38	17.61	9472236	646638528.00
2015/05/20	17.93	18.23	17.56	17.81	11792683	814740608.00
2015/05/21	17.86	18.40	17.53	18.31	11195111	779466560.00
2015/05/22	18.24	18.69	17.90	18.11	10109719	708849408.00
2015/05/25	17.85	18.11	17.37	18.11	10002149	684873152.00
2015/05/26	18.13	18.95	18.13	18.65	9737119	695092672.00
2015/05/27	18.62	18.62	17.81	18.31	10645522	745544704.00
2015/05/28	18.43	20.14	17.77	17.82	13993868	1028596224.00
2015/05/29	17.90	19.63	16.58	19.56	19150930	1393468416.00
2015/06/01	19.86	20.68	19.66	20.37	13025166	1015346944.00
2015/06/02	20.66	21.53	19.96	20.53	10870159	860013248.00
2015/06/03	20.32	21.15	19.56	20.40	10430677	815003136.00
2015/06/04	20.40	22.24	19.08	22.10	12262380	982531328.00
2015/06/05	22.39	24.24	21.72	23.08	15703407	1387730816.00
2015/06/08	23.45	23.45	21.38	22.08	9297794	790554880.00
2015/06/09	22.10	22.59	21.59	22.32	6125055	522402336.00
2015/06/10	22.06	22.90	21.68	22.74	7022045	607531392.00
2015/06/11	23.07	23.69	22.64	22.87	6640637	589726080.00
2015/06/12	22.93	24.95	22.66	24.04	9641269	889119232.00
2015/06/15	24.21	24.27	22.90	23.42	6034988	547579968.00
2015/06/16	23.29	23.29	21.32	21.49	6270151	535336000.00
2015/06/17	21.71	22.08	20.50	21.98	5638803	463358624.00
2015/06/18	22.11	22.90	21.49	21.52	6381223	547634432.00
2015/06/19	21.12	21.84	19.45	19.45	4633924	364877472.00
2015/06/23	19.48	20.00	17.67	19.59	6341910	465811104.00
2015/06/24	19.92	20.00	18.82	19.48	5794919	435396096.00
2015/06/25	19.73	19.73	18.38	18.69	5211482	384413216.00
2015/06/26	17.91	18.16	16.80	16.80	4933575	329371392.00
2015/06/29	17.11	17.37	15.09	15.09	8194361	498007040.00
2015/06/30	13.58	16.01	13.56	16.00	9613810	543370112.00
2015/07/01	15.77	16.76	14.95	14.98	7696600	478857088.00
2015/07/02	14.61	15.45	13.45	13.45	6747565	369119104.00
2015/07/03	12.58	14.08	12.08	12.08	8013983	393581632.00
2015/07/06	13.32	13.32	10.85	11.19	12334906	566731776.00
2015/07/07	10.68	10.68	10.04	10.04	5390495	214047216.00
2015/07/08	9.01	10.04	9.01	9.69	32478342	1170791168.00
2015/07/09	9.24	10.68	9.24	10.68	7679196	308428928.00
2015/07/10	11.58	11.78	11.19	11.78	2665867	120316872.00
2015/07/13	12.98	12.98	12.86	12.98	6551988	329453984.00
2015/07/14	14.21	14.30	13.30	14.29	15504103	841310592.00
2015/07/15	13.95	14.10	12.83	12.83	10745930	556410688.00
2015/07/16	12.83	13.98	11.84	13.63	7605855	387450560.00
2015/07/17	13.66	15.00	13.63	14.75	7542212	415819424.00
2015/07/20	14.80	15.75	14.45	14.92	8657943	505324768.00
2015/07/21	14.48	15.07	14.27	14.68	4995691	284584672.00
2015/07/22	14.69	15.00	14.21	14.74	5242657	296524800.00
2015/07/23	14.85	16.24	14.76	16.24	9471818	574417216.00
2015/07/24	16.29	17.02	15.71	15.74	7786762	486577632.00
2015/07/27	15.47	16.59	14.21	14.23	10357047	628524928.00
2015/07/28	14.24	15.16	13.13	14.57	11176737	621177472.00
2015/07/29	14.85	15.79	14.08	15.76	7934758	453323904.00
2015/07/30	15.53	16.84	15.27	15.79	10247498	648311808.00
2015/07/31	15.53	16.58	15.27	16.00	6697493	416947616.00
2015/08/03	15.53	16.19	14.61	15.03	6851299	408629056.00
2015/08/04	15.10	16.56	15.09	16.56	8734827	542944512.00
2015/08/05	16.70	18.24	16.69	18.24	13075836	900018624.00
2015/08/06	17.90	20.09	17.64	20.09	9554350	720870208.00
2015/08/07	20.79	21.38	19.54	20.06	13429695	1057873536.00
2015/08/10	19.75	21.32	19.74	20.56	9745517	771851008.00
2015/08/11	20.27	22.11	20.19	21.53	9459208	778387136.00
2015/08/12	20.92	21.65	20.00	20.53	7732793	618708544.00
2015/08/13	20.16	21.32	19.85	20.64	5785843	452203424.00
2015/08/14	20.81	21.02	20.24	20.36	3907925	309351904.00
2015/08/17	20.27	21.32	20.11	20.66	4296165	344519520.00
2015/08/18	20.58	20.77	18.57	18.57	7530277	557784128.00
2015/08/19	17.56	19.07	16.71	18.58	7324126	495586912.00
2015/08/20	18.19	18.64	17.00	17.21	3775652	260834464.00
2015/08/21	16.74	17.13	15.53	15.77	5907762	369547200.00
2015/08/24	14.48	14.96	14.16	14.16	3934104	218255392.00
2015/08/25	12.72	13.76	12.72	12.72	7085710	357570432.00
2015/08/26	12.64	13.99	12.06	12.90	10417718	531170368.00
2015/08/27	13.49	14.21	13.31	14.21	10603693	577749056.00
2015/08/28	15.66	15.66	14.69	15.27	11661191	697856640.00
2015/08/31	14.86	16.19	14.74	15.71	9409176	565764416.00
2015/09/01	15.19	15.53	14.11	14.11	8068351	454905408.00
2015/09/02	13.16	15.13	12.90	14.67	8516833	472505152.00
2015/09/07	14.74	16.16	13.18	13.50	17455993	970462656.00
2015/09/08	13.16	14.88	12.73	14.88	10770791	575600512.00
2015/09/09	15.44	16.39	15.08	16.39	21699554	1343520128.00
2015/09/10	15.79	16.41	15.40	15.51	12523331	768250432.00
2015/09/11	15.40	15.91	15.03	15.55	7514203	449136576.00
2015/09/14	15.58	15.75	13.97	13.97	7178618	405990016.00
2015/09/15	12.98	13.53	12.54	12.54	9403158	472216928.00
2015/09/16	13.03	13.83	12.94	13.83	8676726	451409280.00
2015/09/17	14.48	15.23	14.27	14.58	12300298	714159552.00
2015/09/18	15.00	15.56	14.68	15.32	12005023	706545472.00
2015/09/21	14.95	16.35	14.77	16.09	8234949	498517248.00
2015/09/22	15.64	16.31	15.27	15.54	6764503	411697664.00
2015/09/23	15.53	17.13	15.29	16.59	15958430	1027999488.00
2015/09/24	16.64	17.04	15.89	16.40	10272742	645306880.00
2015/09/25	16.32	16.74	15.21	15.79	8063502	497192864.00
2015/09/28	15.79	16.84	14.93	16.45	7573159	471894464.00
2015/09/29	16.07	17.34	15.97	16.58	9069923	590880576.00
2015/09/30	17.37	18.26	16.01	16.44	6462409	415200288.00
2015/10/08	17.16	18.10	16.93	18.10	9013376	617976256.00
2015/10/09	17.90	18.95	17.87	18.38	7599357	539813248.00
2015/10/12	18.48	19.71	18.29	18.37	9086655	661723648.00
2015/10/13	18.01	19.24	17.90	18.94	6381132	454929248.00
2015/10/14	18.91	19.36	18.48	18.50	7680365	558652992.00
2015/10/15	18.17	18.80	18.11	18.66	6125302	436137760.00
2015/10/16	19.10	19.64	18.43	18.69	7221955	529384256.00
2015/10/19	18.62	19.64	18.16	19.36	12238845	895117376.00
2015/10/20	18.95	19.11	18.54	19.10	7223671	524137632.00
2015/10/21	18.99	19.35	17.17	17.17	12283966	848237440.00
2015/10/22	17.11	17.77	16.13	17.64	13106917	862612032.00
2015/10/23	17.98	18.55	17.45	18.05	10765147	745736320.00
2015/10/26	18.43	19.89	18.06	19.63	16257657	1213694592.00
2015/10/27	18.58	19.13	17.64	18.79	13221387	932034752.00
2015/10/28	18.69	19.34	18.30	18.76	8260124	603500992.00
2015/10/29	19.11	19.92	18.48	19.21	8716594	643129984.00
2015/10/30	19.24	21.16	19.21	21.16	10862248	863687232.00
2015/11/02	21.06	23.30	20.48	22.50	15963070	1383152640.00
2015/11/03	22.50	24.77	22.01	22.96	13102883	1183715968.00
2015/11/04	22.96	25.28	22.69	25.28	10579109	992160960.00
2015/11/05	26.55	27.83	25.74	26.53	18825499	1947348224.00
2015/11/06	26.10	29.11	26.06	28.36	15345334	1595696128.00
2015/11/09	27.64	31.23	27.58	31.23	12995926	1490831360.00
2015/11/10	32.11	34.37	31.32	34.37	10824420	1380032384.00
2015/11/11	36.58	37.45	34.52	36.32	15102036	2082385280.00
2015/11/12	35.88	37.90	34.32	35.53	15593985	2140013696.00
2015/11/13	34.87	39.07	33.97	34.48	18088525	2499958272.00
2015/11/16	34.48	35.79	33.43	35.69	13248731	1764653312.00
2015/11/17	36.61	38.19	35.00	35.61	16511403	2315276032.00
2015/11/18	35.82	38.43	34.53	37.37	15609695	2189735424.00
2015/11/19	37.90	41.13	36.85	41.13	10499559	1575787648.00
2015/11/20	44.22	45.27	42.90	43.82	15382679	2607500288.00
2015/11/23	43.83	45.66	39.41	40.69	22135012	3544974336.00
2015/11/24	41.32	41.66	38.95	40.49	14464626	2235186688.00
2015/11/25	41.01	41.82	40.09	41.66	11369008	1785313152.00
2015/11/26	41.35	41.53	38.14	38.91	13912891	2111097344.00
2015/11/27	38.11	39.87	36.93	37.89	10813654	1591354240.00
2015/11/30	39.21	40.79	37.38	40.71	14498944	2182931968.00
2015/12/01	40.14	40.30	36.62	36.62	11941057	1732265472.00
2015/12/02	36.06	38.37	33.99	36.52	13654537	1895612672.00
2015/12/03	37.24	39.03	36.58	38.39	15060480	2189177088.00
2015/12/04	37.64	39.87	37.03	38.37	11837982	1753521664.00
2015/12/07	39.16	41.79	38.29	40.04	13397101	2046434688.00
2015/12/08	39.74	41.82	39.43	41.14	12716275	1973767680.00
2015/12/09	41.29	45.28	41.06	45.28	17813319	2999965696.00
2015/12/10	45.53	46.06	41.85	42.35	15869254	2641028608.00
2015/12/11	41.56	42.90	40.53	40.95	8842109	1399746048.00
2015/12/14	40.27	40.41	37.37	39.09	9350387	1386859008.00
2015/12/15	39.21	41.16	38.16	39.87	9844225	1490852736.00
2015/12/16	39.21	40.16	38.34	38.65	9720064	1450224768.00
2015/12/17	39.45	41.05	38.64	39.45	10482175	1588781056.00
2015/12/18	39.61	42.35	39.61	40.50	13596256	2115212288.00
2015/12/21	39.97	39.97	37.41	37.95	12189090	1785164544.00
2015/12/22	38.09	38.21	36.59	37.14	9858692	1397700992.00
2015/12/23	37.04	38.67	36.46	37.81	12155108	1750931072.00
2015/12/24	37.90	38.09	36.19	36.61	7778761	1097350912.00
2015/12/25	36.71	37.64	36.19	36.74	7393342	1043754240.00
2015/12/28	36.56	37.91	36.35	36.45	6871069	971962560.00
2015/12/29	36.27	37.87	35.79	37.52	9689380	1378745984.00
2015/12/30	38.16	38.60	36.79	37.22	6925777	993431296.00
2015/12/31	37.83	38.24	36.58	36.78	7760168	1112966784.00
2016/01/04	36.32	36.43	33.08	33.08	8532257	1109650304.00
2016/01/05	30.53	31.31	29.74	29.74	11482724	1331058176.00
2016/01/06	30.00	30.76	28.24	30.66	12254016	1388596096.00
2016/01/07	29.53	29.77	27.57	27.57	2846900	310626368.00
2016/01/08	27.50	28.40	25.53	26.85	13352585	1396302848.00
2016/01/11	25.80	28.43	25.67	27.06	14559238	1529602176.00
2016/01/12	27.85	29.74	27.29	28.95	14432141	1585414272.00
2016/01/13	28.43	29.60	27.51	28.84	12371756	1361978240.00
2016/01/14	27.37	31.75	27.25	31.75	12044198	1389084928.00
2016/01/15	32.08	33.42	31.61	32.40	14852504	1846954368.00
2016/01/18	31.58	32.69	30.82	31.97	12994540	1580619520.00
2016/01/19	32.24	33.89	32.24	33.76	12156268	1542253696.00
2016/01/20	33.29	36.16	32.93	34.69	12929040	1717049088.00
2016/01/21	33.90	35.98	31.19	31.19	17296646	2217196032.00
2016/01/22	31.32	32.36	29.74	31.32	14320278	1714763264.00
2016/01/25	32.08	33.43	31.82	32.29	11789043	1468565632.00
2016/01/26	31.92	32.90	30.27	31.26	12598994	1529368320.00
2016/01/27	31.56	32.06	28.11	30.53	14298072	1639664384.00
2016/01/28	29.66	30.66	28.19	28.24	11404224	1276663168.00
2016/01/29	28.24	31.09	27.66	30.53	13356946	1534441088.00
2016/02/01	32.37	33.58	31.34	32.11	20250572	2516854528.00
2016/02/02	31.84	34.48	31.32	33.56	13979532	1770019584.00
2016/02/03	33.32	36.94	33.21	36.84	15018527	2011940864.00
2016/02/04	36.85	40.55	36.59	40.55	15239125	2251807744.00
2016/02/05	41.07	41.58	36.46	36.58	19945247	2965860864.00
2016/02/15	35.87	39.74	35.85	38.64	13442286	1960891520.00
2016/02/16	38.74	40.27	37.77	39.68	14022380	2095587584.00
2016/02/17	39.48	39.79	38.16	39.29	12004823	1791024512.00
2016/02/18	39.88	41.81	39.22	39.61	12622057	1947705216.00
2016/02/19	39.74	40.79	38.60	39.40	11091215	1677062272.00
2016/02/22	40.00	40.27	38.53	39.95	13161887	1988025856.00
2016/02/23	39.68	39.87	36.87	37.51	16445346	2390941184.00
2016/02/24	37.11	38.32	36.44	37.50	11820675	1691753472.00
2016/02/25	38.16	38.25	33.73	33.73	16530537	2259206400.00
2016/02/26	33.73	34.31	32.04	32.75	12214268	1551990912.00
2016/02/29	32.37	32.37	29.45	31.16	13274011	1569943424.00
2016/03/01	31.05	32.89	30.63	32.73	13198284	1613217920.00
2016/03/02	32.61	35.41	31.87	34.62	15064028	1930292224.00
2016/03/03	34.21	35.40	33.34	33.40	12663124	1660674688.00
2016/03/04	32.90	33.68	30.25	30.54	12764839	1547647616.00
2016/03/07	31.19	32.11	30.55	30.93	8021943	962094912.00
2016/03/08	30.93	32.82	28.93	32.31	13469007	1607442944.00
2016/03/09	31.23	32.24	30.82	30.93	8629045	1038380224.00
2016/03/10	31.07	31.68	30.53	30.74	7636943	911034624.00
2016/03/11	30.27	31.00	30.00	30.37	6702402	784190464.00
2016/03/14	31.31	33.44	31.30	33.14	14752014	1859370880.00
2016/03/15	33.14	35.80	32.90	34.10	16954858	2237345024.00
2016/03/16	34.74	35.08	32.81	33.70	13737780	1779556736.00
2016/03/17	34.08	37.10	33.66	37.10	18960356	2593800192.00
2016/03/18	37.49	39.21	36.86	38.66	17311817	2529350400.00
2016/03/21	39.12	39.46	37.77	38.95	12609208	1859312896.00
2016/03/22	38.43	40.50	38.16	39.13	11736333	1767277952.00
2016/03/23	38.58	38.69	36.66	38.04	16508843	2377467904.00
2016/03/24	37.11	39.95	36.61	38.16	17615642	2586171904.00
2016/03/25	37.91	38.55	36.66	37.38	12847105	1834493952.00
2016/03/28	38.68	41.14	37.89	40.04	23158638	3504384768.00
2016/03/29	39.77	40.84	38.15	38.69	15341538	2311731200.00
2016/03/30	39.16	42.59	38.71	42.59	17966658	2797416704.00
2016/03/31	44.48	45.53	43.64	43.90	21422854	3638822144.00
2016/04/01	43.69	44.45	42.14	43.90	17785345	2941963776.00
2016/04/05	44.55	45.50	43.29	44.16	16549403	2799534080.00
2016/04/06	43.56	47.11	43.29	46.23	16437428	2813014016.00
2016/04/07	45.86	47.67	45.14	45.14	19512814	3430858496.00
2016/04/08	44.21	44.74	42.68	43.69	13192408	2209175808.00
2016/04/11	44.27	45.92	43.38	44.19	12353585	2105548800.00
2016/04/12	43.43	43.64	40.89	42.06	16116676	2591931648.00
2016/04/13	41.98	43.32	41.85	42.20	11439855	1868008192.00
2016/04/14	42.16	43.40	41.99	42.95	9415269	1539286272.00
2016/04/15	42.64	42.90	41.66	42.73	9136933	1479289216.00
2016/04/18	42.64	46.60	42.39	45.45	17204949	2922154240.00
2016/04/19	45.61	46.31	44.89	45.80	11765883	2052303360.00
2016/04/20	46.06	47.61	43.56	45.45	21726071	3803179008.00
2016/04/21	45.00	45.35	40.97	41.00	17777280	2935672320.00
2016/04/22	40.87	44.94	40.27	44.85	15704610	2549617408.00
2016/04/25	44.35	45.14	41.28	43.14	16593293	2747297792.00
2016/04/26	42.37	43.89	41.84	42.85	9863510	1617334272.00
2016/04/27	42.90	44.24	42.51	42.63	11373180	1886782464.00
2016/04/28	42.89	43.03	40.79	42.50	13725618	2193687808.00
2016/04/29	41.60	42.61	41.06	41.42	11593782	1852918272.00
2016/05/03	41.27	44.87	41.19	44.01	18303371	3038696192.00
2016/05/04	44.19	46.79	44.02	46.05	18616021	3245517056.00
2016/05/05	45.79	48.39	45.56	47.78	17224814	3093566720.00
2016/05/06	47.64	50.14	45.93	45.98	26098720	4768256512.00
2016/05/09	45.94	46.79	43.43	45.68	17949542	3118383360.00
2016/05/10	45.00	45.64	43.43	44.13	13213507	2247667712.00
2016/05/11	44.87	45.43	42.90	43.09	12283830	2067874048.00
2016/05/12	43.45	47.42	42.45	47.42	23781035	4130620160.00
2016/05/13	47.02	50.14	46.45	48.87	24922558	4579262976.00
2016/05/16	48.69	51.21	48.33	50.19	19662822	3755549184.00
2016/05/17	50.00	52.32	49.25	49.48	21449581	4142347264.00
2016/05/18	48.56	48.87	46.74	48.16	17590709	3211013120.00
2016/05/19	48.16	52.38	47.61	51.58	22955493	4432424960.00
2016/05/20	50.80	52.11	48.30	49.50	19702583	3789173504.00
2016/05/23	51.06	51.98	48.82	51.06	20107834	3882420480.00
2016/05/24	50.56	52.35	49.39	50.70	19405080	3771082496.00
2016/05/25	50.93	50.99	46.85	47.64	22087357	4117124096.00
2016/05/26	47.64	47.90	45.28	47.53	19871840	3521545216.00
2016/05/27	46.85	48.36	42.83	43.63	87982173	3983509504.00
2016/05/30	42.34	43.70	41.83	42.52	49437179	2117968000.00
2016/05/31	42.87	44.42	42.54	44.32	64910770	2847331584.00
2016/06/01	44.22	47.17	43.57	45.45	82498131	3766529536.00
2016/06/02	44.84	45.80	43.94	44.72	59918137	2690607104.00
2016/06/03	44.32	46.03	44.10	44.52	57865420	2605080064.00
2016/06/06	44.80	45.30	43.72	44.89	49213382	2203850496.00
2016/06/07	44.71	44.88	43.72	43.94	42509025	1885893888.00
2016/06/08	43.59	48.05	43.22	46.52	99094928	4535776256.00
2016/06/13	45.25	45.71	43.37	43.37	70806436	3178320896.00
2016/06/14	42.84	43.77	41.62	41.99	51665809	2202274048.00
2016/06/15	41.32	45.70	41.18	44.27	73541340	3266665216.00
2016/06/16	44.32	47.32	43.92	45.61	95173662	4378426368.00
2016/06/17	45.32	45.60	43.73	44.79	71246747	3187335168.00
2016/06/20	44.81	46.30	44.45	45.23	49223118	2239327488.00
2016/06/21	45.37	46.11	44.51	44.77	60880084	2765876480.00
2016/06/22	44.42	44.67	43.32	44.37	39157496	1725974784.00
2016/06/23	44.32	44.32	43.12	43.47	31171412	1365774848.00
2016/06/24	43.37	43.96	40.85	42.44	48004281	2059581056.00
2016/06/27	42.12	43.00	41.90	42.95	35459854	1513542272.00
2016/06/28	42.60	42.70	41.77	42.37	33733553	1429765504.00
2016/06/29	42.70	44.29	42.48	43.71	59640030	2613062144.00
2016/06/30	43.42	43.48	42.10	42.51	39183918	1675800704.00
2016/07/01	42.52	42.98	42.19	42.48	22289818	952576768.00
2016/07/04	41.88	43.06	41.88	42.65	29893684	1280004736.00
2016/07/05	42.83	44.10	42.27	43.36	50284063	2184882176.00
2016/07/06	43.02	44.10	42.72	43.15	36992927	1611157632.00
2016/07/07	43.15	46.78	43.02	45.83	94433097	4251765760.00
2016/07/08	45.32	45.62	44.22	44.24	56948801	2561914368.00
2016/07/11	44.15	45.10	43.83	43.94	34528663	1536937344.00
2016/07/12	43.84	44.06	41.68	43.13	47631129	2045661440.00
2016/07/13	44.81	45.30	43.62	44.15	55032345	2455832832.00
2016/07/14	44.17	44.92	43.32	44.44	41227318	1833329408.00
2016/07/15	44.44	46.26	44.04	45.40	64607425	2933191424.00
2016/07/18	44.96	45.78	44.42	44.82	41294943	1866959616.00
2016/07/19	44.47	45.27	43.82	44.31	31139137	1387822848.00
2016/07/20	44.37	44.42	43.91	44.10	20984177	930205824.00
2016/07/21	44.02	44.31	43.32	43.72	31875940	1400731264.00
2016/07/22	43.61	43.61	42.33	42.47	32595096	1401867008.00
2016/07/25	41.82	41.87	40.62	40.71	39211561	1615460608.00
2016/07/26	40.74	41.29	40.74	41.08	20898783	861046272.00
2016/07/27	41.30	41.63	37.72	38.97	37402700	1491278592.00
2016/07/28	38.37	39.16	37.82	38.80	23574056	914020096.00
2016/07/29	38.62	39.19	38.05	38.80	16491807	641715648.00
2016/08/01	38.68	38.81	37.60	38.49	18348098	702791168.00
2016/08/02	38.52	38.87	38.10	38.45	11527322	445347008.00
2016/08/03	38.68	39.11	38.45	38.64	14572434	567463872.00
2016/08/04	38.63	40.09	37.93	39.63	27478249	1082208256.00
2016/08/05	39.37	39.41	38.70	38.70	17113709	670881664.00
2016/08/08	38.57	38.60	37.92	38.56	12352259	475178560.00
2016/08/09	38.68	39.09	38.56	38.81	13759091	536451296.00
2016/08/10	38.83	39.79	38.83	39.04	18411302	725588928.00
2016/08/11	38.82	38.87	37.92	37.95	16653139	640927616.00
2016/08/12	37.85	38.47	37.84	38.30	11901518	456922560.00
2016/08/15	38.26	39.70	37.87	39.26	26048950	1018685952.00
2016/08/16	39.32	40.58	39.26	39.75	28952315	1164134016.00
2016/08/17	39.76	39.78	39.13	39.30	16801156	664690432.00
2016/08/18	39.22	39.90	39.08	39.27	14203999	562118848.00
2016/08/19	39.42	39.80	39.12	39.80	16625612	660601600.00
2016/08/22	39.81	40.70	39.81	40.07	24300916	981473024.00
2016/08/23	39.92	40.06	38.92	39.29	22503141	887870336.00
2016/08/24	39.47	39.56	39.02	39.13	12651399	499245088.00
2016/08/25	38.83	38.89	38.12	38.48	15190479	586471232.00
2016/08/26	38.42	38.65	38.13	38.13	17963491	692683840.00
2016/08/29	37.88	38.07	37.62	37.79	14794240	561876736.00
2016/08/30	37.87	38.31	37.87	37.94	12067872	462070848.00
2016/08/31	37.95	39.09	37.93	38.52	16136759	626259648.00
2016/09/01	38.39	38.47	38.01	38.01	10879138	416926784.00
2016/09/02	37.80	38.19	37.62	37.74	10949513	416154400.00
2016/09/05	37.85	38.02	37.63	37.68	8535983	324073952.00
2016/09/06	37.82	40.93	37.80	40.00	41905586	1649018496.00
2016/09/07	39.62	39.97	38.84	38.90	27221235	1075047936.00
2016/09/09	39.82	40.47	39.09	39.17	28690036	1147041408.00
2016/09/12	37.82	38.35	37.62	37.70	21703701	826654208.00
2016/09/13	38.08	38.20	36.82	37.31	18166120	683325952.00
2016/09/14	37.11	37.11	36.62	37.04	11580862	428716864.00
2016/09/19	37.04	37.77	37.04	37.46	10402806	392040640.00
2016/09/20	37.62	39.12	37.06	38.49	21838798	838084480.00
2016/09/21	38.20	39.16	38.08	38.41	15819567	613943488.00
2016/09/22	38.67	38.91	38.08	38.27	11993563	462692864.00
2016/09/23	38.07	38.30	37.67	37.68	10691546	406986624.00
2016/09/26	37.52	38.12	37.33	37.39	13080727	495609408.00
2016/09/27	37.52	37.86	37.14	37.64	10186032	384504128.00
2016/09/28	37.71	38.29	37.52	37.82	12269599	468029056.00
2016/09/29	37.97	38.12	37.47	37.49	9950268	376068416.00
2016/09/30	37.50	38.07	37.43	37.87	9737225	370268544.00
2016/10/10	37.83	38.77	37.83	38.54	14623235	564431488.00
2016/10/11	38.72	39.10	38.32	38.44	13396457	519636416.00
2016/10/12	38.51	38.75	38.13	38.47	10791984	416360160.00
2016/10/13	38.62	38.78	38.21	38.24	9234508	356218496.00
2016/10/14	38.47	38.58	38.17	38.50	10306614	397719072.00
2016/10/17	38.83	40.28	38.83	39.60	43593439	1738502784.00
2016/10/18	39.32	41.71	39.15	41.21	52310520	2151873536.00
2016/10/19	41.15	41.16	40.32	40.61	27441978	1120507776.00
2016/10/20	40.83	41.71	40.58	40.72	27424561	1131533440.00
2016/10/21	40.91	40.91	39.42	39.99	20435593	821838336.00
2016/10/24	40.66	40.75	39.95	40.18	19950053	806082816.00
2016/10/25	40.19	40.51	39.90	40.10	16530629	666282240.00
2016/10/26	40.07	40.07	39.39	39.75	17837307	710000000.00
2016/10/27	39.75	40.31	39.64	39.78	16073644	644767296.00
2016/10/28	39.77	39.77	39.02	39.06	17619526	695677760.00
2016/10/31	39.10	39.76	38.91	39.55	18008671	713370368.00
2016/11/01	39.61	39.61	39.14	39.38	15178644	599083328.00
2016/11/02	39.32	39.32	38.42	38.60	22898811	893163968.00
2016/11/03	38.62	38.95	38.38	38.53	17755342	688635584.00
2016/11/04	38.51	38.75	38.33	38.44	11271925	436263776.00
2016/11/07	38.44	38.90	38.37	38.67	12030342	467384576.00
2016/11/08	38.82	38.94	38.51	38.63	10277053	399105120.00
2016/11/09	38.69	38.69	37.43	37.82	20207676	771312256.00
2016/11/10	38.12	38.36	37.92	38.02	12961660	496489728.00
2016/11/11	38.02	38.72	37.73	38.52	22274984	857103232.00
2016/11/14	38.28	38.37	38.01	38.17	16180661	620435584.00
2016/11/15	38.22	38.30	37.81	38.03	13257766	505442592.00
2016/11/16	38.21	38.62	38.13	38.37	17095090	660041472.00
2016/11/17	38.32	38.36	37.83	37.94	12908699	492094752.00
2016/11/18	38.01	38.03	37.68	37.73	12395691	470678240.00
2016/11/21	37.65	37.90	37.65	37.82	12132306	460773344.00
2016/11/22	37.92	38.48	37.77	38.33	17385482	667890112.00
2016/11/23	38.62	38.79	38.15	38.23	16795829	648274560.00
2016/11/24	38.15	38.17	37.84	37.89	12710030	484887584.00
2016/11/25	38.01	38.14	37.02	38.06	14987580	566589184.00
2016/11/28	38.07	38.18	37.77	37.90	10956717	417649664.00
2016/11/29	37.98	37.98	37.41	37.42	13447496	508587200.00
2016/11/30	37.72	38.10	37.43	37.57	11697428	443817952.00
2016/12/01	37.72	37.81	37.53	37.64	8177276	309196544.00
2016/12/02	37.65	37.97	37.50	37.61	12722953	482417632.00
2016/12/05	37.22	38.14	37.14	37.83	12636633	480579872.00
2016/12/06	37.98	38.80	37.61	38.38	21659471	831638336.00
2016/12/07	38.12	38.38	38.00	38.21	11216042	430528512.00
2016/12/08	38.32	38.71	38.17	38.33	13951891	538522432.00
2016/12/09	38.34	38.62	38.07	38.08	14091508	541943040.00
2016/12/12	38.02	38.02	35.82	35.82	23850350	884018432.00
2016/12/13	35.81	36.06	34.83	35.35	13264048	472754176.00
2016/12/14	35.30	35.51	34.32	34.81	13019209	455982880.00
2016/12/15	34.42	35.32	34.42	34.95	9060544	317622752.00
2016/12/16	34.92	35.28	34.73	35.00	7880876	277489952.00
2016/12/19	35.00	35.19	34.37	34.38	8249150	286930560.00
2016/12/20	34.53	34.91	34.42	34.50	9398967	327281056.00
2016/12/21	34.55	34.67	34.43	34.57	7909766	274398688.00
2016/12/22	34.58	34.62	33.94	34.15	8970257	308254880.00
2016/12/23	34.32	34.35	33.10	33.12	12506526	422066496.00
2016/12/26	33.11	33.60	31.85	33.32	12280149	402462496.00
2016/12/27	33.32	33.32	32.67	32.75	7982348	264185968.00
2016/12/28	32.89	33.28	32.50	32.70	7314022	241605680.00
2016/12/29	32.57	32.89	32.45	32.46	6079278	199469952.00
2016/12/30	32.53	32.77	32.17	32.27	6054226	196909968.00
2017/01/03	32.45	32.52	32.07	32.20	8514094	276465408.00
2017/01/04	32.26	35.32	32.25	34.77	38615278	1322394368.00
2017/01/05	34.52	35.07	34.32	34.58	23853690	831060672.00
2017/01/06	34.44	34.44	33.83	34.05	15240316	522858240.00
2017/01/09	34.05	36.00	34.02	35.14	24625012	871473280.00
2017/01/10	34.98	35.31	34.67	34.70	12619331	441787744.00
2017/01/11	34.70	35.21	34.34	34.63	10524643	367426784.00
2017/01/12	34.73	34.92	34.34	34.37	8800512	306059968.00
2017/01/13	34.40	34.53	33.10	33.34	10010452	341832864.00
2017/01/16	33.33	33.36	31.02	32.53	14382202	470001312.00
2017/01/17	32.32	33.12	32.10	32.97	8454466	278216544.00
2017/01/18	32.94	33.49	32.69	32.88	7141595	237581056.00
2017/01/19	32.82	33.40	32.70	33.02	7252665	240682128.00
2017/01/20	33.03	34.02	33.03	33.75	12009194	405555904.00
2017/01/23	33.81	34.30	33.75	33.84	8127755	278107296.00
2017/01/24	33.72	34.02	33.60	33.91	5786087	196766544.00
2017/01/25	33.95	34.27	33.82	33.97	5120238	175104896.00
2017/01/26	34.09	34.50	33.98	34.45	7380458	254220736.00
2017/02/03	34.60	34.69	33.91	33.97	6408487	219945312.00
2017/02/06	33.83	34.30	33.82	34.14	7355709	251720592.00
2017/02/07	34.14	34.14	33.12	33.30	12940803	435895008.00
2017/02/08	33.13	33.48	33.07	33.45	7605611	254783776.00
2017/02/09	33.51	34.90	33.32	34.19	17298315	596026880.00
2017/02/10	34.15	34.65	33.84	34.37	14760632	508218560.00
2017/02/13	33.98	34.69	33.98	34.37	9878237	342376192.00
2017/02/14	34.37	34.66	34.20	34.65	9696194	335727104.00
2017/02/15	34.56	34.63	33.90	34.10	10343559	355997824.00
2017/02/16	34.10	34.60	33.83	34.50	13229936	457145056.00
2017/02/17	34.52	34.52	33.90	33.91	10110794	346794784.00
2017/02/20	33.82	34.21	33.55	34.15	10297497	351115296.00
2017/02/21	34.14	34.82	34.04	34.59	16640783	577671872.00
2017/02/22	34.60	37.35	34.42	36.01	38792914	1398450816.00
2017/02/23	35.78	38.20	35.70	37.46	50622600	1885638400.00
2017/02/24	37.40	37.46	36.47	36.75	28585962	1059559936.00
2017/02/27	36.77	37.48	36.20	36.26	22354915	826765440.00
2017/02/28	36.26	36.71	35.94	36.38	13648403	498021824.00
2017/03/01	36.45	36.74	35.83	36.63	21102148	768665856.00
2017/03/02	36.71	37.62	36.36	37.02	28437330	1059672000.00
2017/03/03	36.68	39.30	36.68	38.57	60415753	2333596160.00
2017/03/06	38.56	39.55	38.08	38.47	43411950	1692725760.00
2017/03/07	38.47	39.40	37.84	37.92	32908041	1272057856.00
2017/03/08	38.00	38.62	37.94	38.04	24912460	957184704.00
2017/03/09	38.00	38.00	37.03	37.35	23962568	900852288.00
2017/03/10	37.27	40.51	37.22	39.28	69666855	2728801792.00
2017/03/13	38.99	40.31	38.42	39.46	44751758	1781128448.00
2017/03/14	39.52	40.32	38.76	39.12	30587346	1209919744.00
2017/03/15	39.00	39.52	38.52	39.09	25172606	987809024.00
2017/03/16	40.22	40.62	39.54	40.01	35991968	1446131840.00
2017/03/17	40.08	40.20	39.12	39.15	25785212	1027088512.00
2017/03/20	39.12	39.70	38.53	39.21	18061026	710086848.00
2017/03/21	39.21	39.26	38.32	38.56	18820949	730334912.00
2017/03/22	38.43	38.98	38.20	38.90	16861727	656604288.00
2017/03/23	38.83	40.00	38.67	39.40	26180342	1037516672.00
2017/03/24	39.21	39.78	38.69	38.98	17076876	669381248.00
2017/03/27	38.92	39.50	38.52	39.09	15378111	601604992.00
2017/03/28	39.20	40.82	38.90	40.17	46076027	1862136448.00
2017/03/29	40.17	41.66	39.72	40.85	52072076	2139514112.00
2017/03/30	40.52	40.82	39.39	39.97	29689635	1197166208.00
2017/03/31	39.90	43.51	39.90	43.02	58782318	2505880064.00
2017/04/05	43.62	47.34	43.62	47.34	81039904	3786541312.00
2017/04/06	48.32	48.40	46.78	48.10	66336812	3169246720.00
2017/04/07	48.10	49.31	47.38	47.60	43416624	2092089984.00
2017/04/10	47.22	49.42	46.52	47.62	47746853	2306510336.00
2017/04/11	47.62	49.76	43.84	46.54	67218727	3184945152.00
2017/04/12	45.38	47.77	44.87	46.27	39461716	1845710848.00
2017/04/13	45.92	50.62	45.92	50.62	54381330	2637071104.00
2017/04/14	50.02	51.46	48.52	48.90	41267220	2062223232.00
2017/04/17	48.47	51.62	48.31	50.78	45856481	2321834240.00
2017/04/18	50.82	51.37	49.62	50.09	30023780	1518321792.00
2017/04/19	49.32	50.15	47.38	49.73	39626199	1934777984.00
2017/04/20	49.72	49.84	47.22	47.26	31272647	1518112768.00
2017/04/21	46.89	49.16	46.72	47.76	29640119	1431352576.00
2017/04/24	46.52	46.52	43.82	44.38	42666863	1937223040.00
2017/04/25	44.40	45.58	43.53	44.03	28504122	1272714112.00
2017/04/26	44.32	46.81	44.32	46.76	44109661	2028980608.00
2017/04/27	46.62	49.02	45.36	47.82	39873200	1886579200.00
2017/04/28	47.47	49.30	47.13	48.03	24773406	1201287552.00
2017/05/02	47.62	50.01	47.38	48.77	28066685	1380394880.00
2017/05/03	48.81	50.03	48.32	49.02	26396248	1304625408.00
2017/05/04	48.52	48.52	46.30	46.42	33440339	1588616960.00
2017/05/05	45.84	46.68	44.82	44.85	24216141	1108522624.00
2017/05/08	44.47	46.02	44.47	44.81	21692774	986153536.00
2017/05/09	44.52	45.62	42.62	45.62	23849828	1055219520.00
2017/05/10	46.00	46.18	43.20	43.26	25206210	1122912512.00
2017/05/11	42.83	44.55	42.50	44.36	19755464	859159808.00
2017/05/12	44.20	44.96	43.35	44.06	16412576	723470464.00
2017/05/15	43.58	44.88	42.90	44.08	20352256	893571392.00
2017/05/16	44.10	48.09	43.71	47.78	41245059	1893885952.00
2017/05/17	47.54	47.90	46.30	46.54	29132557	1367744384.00
2017/05/18	45.90	46.52	45.01	45.39	20482676	933350848.00
2017/05/19	46.17	46.95	43.57	44.69	27799153	1255016448.00
2017/05/22	44.00	45.13	43.40	44.72	17214400	762765504.00
2017/05/23	44.59	46.14	44.30	44.95	22926188	1037051392.00
2017/05/24	44.40	45.84	43.88	45.63	17897458	808286720.00
2017/05/25	45.65	45.86	44.01	45.21	20179680	907029312.00
2017/05/26	45.20	45.80	44.44	44.94	14261013	642011712.00
2017/05/31	45.73	46.00	44.09	44.45	15469364	691528000.00
2017/06/01	44.22	44.86	41.41	41.60	30400800	1291950464.00
2017/06/02	41.30	42.18	40.42	41.86	18253100	753061632.00
2017/06/05	42.02	43.60	42.02	42.97	19785400	850780160.00
2017/06/06	42.90	42.90	41.76	42.24	17460500	737201344.00
2017/06/07	42.60	44.52	42.30	44.02	28083100	1228825344.00
2017/06/08	44.10	46.10	44.10	45.26	31886400	1448836992.00
2017/06/09	45.30	45.88	44.76	45.51	18707500	846774208.00
2017/06/12	45.05	45.98	44.80	45.40	15992491	727091008.00
2017/06/13	45.14	49.94	45.10	49.27	57270236	2760719872.00
2017/06/14	49.50	51.94	49.16	50.00	54478892	2740380160.00
2017/06/15	49.75	50.48	49.08	49.93	31554219	1566684288.00
2017/06/16	49.88	51.10	48.99	49.64	32931935	1641816704.00
2017/06/19	49.80	49.95	48.35	48.90	25466800	1244747392.00
2017/06/20	50.98	53.50	50.04	52.84	53780626	2788930816.00
2017/06/21	52.00	53.15	51.81	52.90	27912100	1468625664.00
2017/06/22	52.86	55.77	52.20	52.80	46456800	2517122560.00
2017/06/23	52.80	55.36	51.57	55.18	43717600	2327831040.00
2017/06/26	55.29	56.52	54.05	55.80	43028800	2382715648.00
2017/06/27	55.00	55.65	54.56	54.61	24754200	1359777024.00
2017/06/28	54.40	55.02	53.45	54.16	23697047	1283149824.00
2017/06/29	54.26	55.15	53.80	53.86	22468100	1221326336.00
2017/06/30	53.55	54.62	52.33	54.35	30639800	1637726592.00
2017/07/03	54.30	54.73	53.36	54.45	21853500	1181641216.00
2017/07/04	54.09	56.50	53.86	53.93	33866700	1869755904.00
2017/07/05	53.25	56.86	53.12	56.21	43139400	2392720384.00
2017/07/06	55.90	59.87	55.80	57.53	47403400	2743168000.00
2017/07/07	57.58	59.56	56.65	58.75	29603300	1728006528.00
2017/07/10	58.60	59.61	57.50	58.48	24621800	1441865472.00
2017/07/11	58.16	59.33	57.00	57.50	23560800	1376046080.00
2017/07/12	58.15	61.85	58.15	61.82	41420800	2488755712.00
2017/07/13	62.00	62.38	60.02	61.04	31160300	1905719680.00
2017/07/14	60.67	63.76	60.05	62.90	30644200	1917811712.00
2017/07/17	62.78	64.59	59.00	61.87	38175000	2397843200.00
2017/07/18	61.00	61.86	59.86	61.86	28283600	1722326016.00
2017/07/19	61.25	64.82	61.25	63.75	28622600	1803746304.00
2017/07/20	63.63	68.50	63.35	66.05	32583800	2155865856.00
2017/07/21	65.75	68.92	65.59	68.44	36126994	2435198208.00
2017/07/24	68.60	69.86	64.81	66.00	41012300	2744386560.00
2017/07/25	64.62	66.80	63.15	65.16	37799200	2445757696.00
2017/07/26	65.26	65.59	62.72	64.22	32200000	2063844992.00
2017/07/27	63.46	63.46	60.60	62.00	41045500	2546667776.00
2017/07/28	61.50	66.63	61.50	65.65	45047300	2899742464.00
2017/07/31	65.00	67.15	64.03	66.00	35982600	2363800832.00
2017/08/01	65.07	68.63	64.60	66.04	35904100	2389906944.00
2017/08/02	68.50	71.00	67.30	70.93	55458800	3844359936.00
2017/08/03	69.50	70.54	68.70	69.27	28514000	1985852160.00
2017/08/04	68.75	69.98	65.42	65.50	32531000	2198968320.00
2017/08/07	64.57	67.45	64.57	66.76	24538700	1621557632.00
2017/08/08	66.00	67.60	64.60	64.94	23266300	1539192704.00
2017/08/09	64.00	65.95	62.90	65.19	18538100	1202311936.00
2017/08/10	65.37	65.40	63.23	63.39	24602600	1574687104.00
2017/08/11	62.75	64.10	59.88	60.80	31958500	1971185280.00
2017/08/14	60.99	66.00	60.99	65.70	36798900	2357105408.00
2017/08/15	65.70	68.42	65.15	66.58	29911500	2000283648.00
2017/08/16	66.43	66.43	62.52	64.00	26920500	1731774976.00
2017/08/17	64.49	66.32	62.82	64.70	26007700	1680534912.00
2017/08/18	62.97	63.36	61.89	62.23	25319000	1580613760.00
2017/08/21	62.46	63.54	61.59	62.22	16859200	1049940032.00
2017/08/22	62.24	65.60	61.78	64.37	34275900	2199051264.00
2017/08/23	64.00	66.27	63.60	64.40	23644600	1534830848.00
2017/08/24	65.50	65.60	62.82	63.34	17676300	1125991296.00
2017/08/25	63.22	65.95	62.67	64.50	26934300	1733170304.00
2017/08/28	64.47	69.28	64.44	68.84	45467500	3068284672.00
2017/08/29	67.57	68.74	66.80	68.19	27163200	1845137024.00
2017/08/30	68.20	69.35	66.80	68.23	25352300	1731755520.00
2017/08/31	68.52	71.30	68.50	69.82	35477800	2494673664.00
数据来源:通达信
