002460 赣锋锂业 日线 前复权
      日期	    开盘	    最高	    最低	    收盘	    成交量	    成交额
2010/08/10	9.72	10.13	9.25	9.44	17052545	1026890624.00
2010/08/11	8.74	10.15	8.49	9.95	14118682	835868992.00
2010/08/12	9.57	10.07	8.93	9.14	9380158	561242560.00
2010/08/13	8.95	9.22	8.57	9.11	6008513	335168640.00
2010/08/16	8.90	9.43	8.74	9.24	5556145	318264480.00
2010/08/17	9.09	10.21	9.09	10.21	9472045	577446848.00
2010/08/18	10.24	11.16	9.91	10.36	10670133	695880960.00
2010/08/19	10.22	10.91	10.09	10.60	6831512	449864096.00
2010/08/20	10.40	11.47	10.40	11.07	7382458	503992672.00
2010/08/23	10.90	11.40	10.68	10.84	5566685	379404736.00
2010/08/24	10.75	11.06	10.21	10.41	5121387	336870496.00
2010/08/25	10.31	10.65	10.22	10.28	4037707	262674416.00
2010/08/26	10.32	10.40	9.88	10.05	3936485	248093312.00
2010/08/27	10.01	11.10	10.00	10.92	6250656	413028992.00
2010/08/30	10.85	11.39	10.72	11.11	6375627	440289280.00
2010/08/31	10.77	11.32	10.75	10.96	5838409	400369344.00
2010/09/01	10.86	11.15	10.13	10.36	5960225	395387840.00
2010/09/03	10.50	11.44	10.37	11.44	9980284	700281984.00
2010/09/06	11.74	11.74	10.32	10.50	8016832	542115904.00
2010/09/07	10.30	10.74	10.18	10.45	3517834	231334192.00
2010/09/08	10.37	10.67	9.91	10.53	4025984	260576784.00
2010/09/09	10.58	10.64	10.32	10.32	3040744	198286304.00
2010/09/10	10.27	10.27	9.94	9.96	3205469	201462464.00
2010/09/13	9.90	10.35	9.15	10.25	3669481	224905536.00
2010/09/14	10.17	10.43	10.05	10.11	2465640	157806128.00
2010/09/15	10.04	10.04	9.47	9.52	2412282	146670928.00
2010/09/16	9.36	9.83	9.35	9.61	1672925	100602944.00
2010/09/17	9.68	9.69	9.17	9.21	1552280	90604952.00
2010/09/20	9.23	9.28	8.79	8.99	1494439	84790592.00
2010/09/21	8.91	9.03	8.66	8.66	1407622	77890920.00
2010/09/27	8.65	9.37	8.65	9.23	2080317	118202232.00
2010/09/29	9.00	9.94	9.00	9.29	2757791	163332736.00
2010/09/30	9.22	9.54	9.02	9.33	1410582	82331744.00
2010/10/08	9.62	9.74	9.40	9.58	2006664	120984808.00
2010/10/11	9.55	9.74	9.32	9.39	2390371	142152688.00
2010/10/12	9.34	9.48	9.23	9.45	2044849	120677736.00
2010/10/13	9.49	9.54	9.01	9.33	2466199	143867488.00
2010/10/14	9.32	9.42	8.88	8.95	1924968	110490680.00
2010/10/15	8.95	9.65	8.95	9.41	3081140	182072688.00
2010/10/18	9.40	9.40	8.89	8.91	2071927	117838512.00
2010/10/19	9.04	9.31	8.97	9.22	1520292	87677720.00
2010/10/20	8.94	9.74	8.94	9.60	3225878	192659120.00
2010/10/21	9.49	9.65	9.35	9.45	1979622	117529920.00
2010/10/22	9.46	9.69	9.35	9.50	1987413	118664328.00
2010/10/25	9.50	9.80	9.41	9.73	2717325	165214144.00
2010/10/26	9.74	10.23	9.58	10.05	3310430	207292528.00
2010/10/27	10.02	10.02	9.57	9.63	2610724	159400352.00
2010/10/28	9.57	9.76	9.46	9.49	1469762	88293584.00
2010/10/29	9.51	9.67	9.48	9.56	1194949	71665128.00
2010/11/01	9.57	10.30	9.57	10.02	2926393	183334352.00
2010/11/02	10.02	10.38	9.79	9.99	3146417	198060304.00
2010/11/03	9.99	9.99	9.52	9.55	1908025	115780992.00
2010/11/04	9.56	9.70	9.34	9.57	1614284	96308232.00
2010/11/05	9.64	9.73	9.52	9.53	1780917	107385432.00
2010/11/08	9.51	9.67	9.35	9.60	1733053	103404064.00
2010/11/09	9.58	9.75	9.46	9.73	2069691	125095880.00
2010/11/10	9.70	9.70	9.54	9.68	2909410	175283472.00
2010/11/11	9.68	9.87	9.55	9.57	3537945	216593616.00
2010/11/12	9.49	9.50	8.71	8.72	3814582	216856880.00
2010/11/15	8.70	8.89	8.66	8.87	1785908	98744080.00
2010/11/16	8.75	9.04	8.49	8.61	1936110	107493544.00
2010/11/17	8.55	8.57	8.21	8.22	1585671	83626912.00
2010/11/18	8.27	8.38	8.22	8.33	907094	47557956.00
2010/11/19	8.40	8.56	8.25	8.55	1667995	88119168.00
2010/11/22	8.47	8.78	8.41	8.63	1576677	85824272.00
2010/11/23	8.63	8.63	8.24	8.31	1274936	67265272.00
2010/11/24	8.29	8.57	8.24	8.57	1300592	69475400.00
2010/11/25	8.61	8.73	8.41	8.63	1440062	77819424.00
2010/11/26	8.65	8.65	8.48	8.51	925900	49820416.00
2010/11/29	8.53	8.70	8.51	8.67	1548879	84363216.00
2010/11/30	8.64	8.69	8.24	8.39	1434815	76334272.00
2010/12/01	8.33	8.45	8.29	8.36	563886	29704396.00
2010/12/02	8.42	8.57	8.38	8.47	1074849	57565260.00
2010/12/06	8.48	8.54	8.24	8.30	796775	42032764.00
2010/12/07	8.27	8.33	7.95	8.20	1199483	61447992.00
2010/12/08	8.16	8.32	8.07	8.12	883836	45645848.00
2010/12/09	8.10	8.25	8.01	8.17	785489	40443640.00
2010/12/10	8.17	8.22	7.99	8.15	805588	41182356.00
2010/12/13	8.13	8.40	8.13	8.37	1351854	70652320.00
2010/12/14	8.40	8.54	8.34	8.45	1396627	74439328.00
2010/12/15	8.45	8.62	8.41	8.46	1557318	83669056.00
2010/12/16	8.44	8.44	8.34	8.35	907544	47982816.00
2010/12/17	8.34	8.43	8.32	8.38	630338	33303448.00
2010/12/20	8.39	8.59	8.19	8.52	1667339	88924736.00
2010/12/21	8.51	8.59	8.41	8.53	1468385	78846944.00
2010/12/22	8.57	8.63	8.45	8.46	1225298	66005040.00
2010/12/23	8.49	8.49	8.11	8.23	964726	50451232.00
2010/12/24	8.20	8.20	8.00	8.06	618427	31531352.00
2010/12/27	8.02	8.20	7.74	7.75	705471	35661444.00
2010/12/28	7.74	7.74	7.32	7.39	832927	39444376.00
2010/12/29	7.33	7.54	7.33	7.46	396013	18652816.00
2010/12/30	7.45	7.49	7.38	7.45	452593	21356708.00
2010/12/31	7.51	7.82	7.45	7.74	927307	45056408.00
2011/01/04	7.77	7.90	7.68	7.79	740692	36458700.00
2011/01/05	7.79	7.80	7.67	7.71	645045	31517720.00
2011/01/06	7.70	7.73	7.57	7.57	516061	25021730.00
2011/01/07	7.58	8.36	7.46	8.22	2565278	131875040.00
2011/01/10	8.04	8.19	7.85	7.87	1175114	59626884.00
2011/01/11	7.79	8.17	7.68	7.98	1123905	56856900.00
2011/01/12	7.96	8.03	7.74	7.79	613689	30362238.00
2011/01/13	7.80	7.99	7.75	7.75	540773	26900572.00
2011/01/14	7.72	7.72	7.40	7.41	798386	37798132.00
2011/01/17	7.32	7.32	6.98	6.98	807142	36472784.00
2011/01/18	6.98	7.06	6.92	7.02	319743	14252112.00
2011/01/19	7.07	7.24	6.95	7.20	567093	25677772.00
2011/01/20	7.20	7.20	6.90	6.90	640041	28524056.00
2011/01/21	6.89	7.05	6.85	7.00	418767	18552904.00
2011/01/24	7.07	7.07	6.69	6.71	408251	17748832.00
2011/01/25	6.70	6.71	6.29	6.36	497809	20380006.00
2011/01/26	6.37	6.49	6.33	6.45	259336	10700170.00
2011/01/27	6.45	6.67	6.37	6.57	453552	19067254.00
2011/01/28	6.57	6.64	6.52	6.60	287308	12074334.00
2011/01/31	6.59	6.74	6.53	6.69	401918	17040598.00
2011/02/01	6.69	6.90	6.69	6.84	530538	23105872.00
2011/02/09	6.79	6.82	6.63	6.65	455402	19512736.00
2011/02/10	6.59	6.81	6.59	6.81	641639	27512778.00
2011/02/11	6.84	7.02	6.84	6.89	580187	25593500.00
2011/02/14	6.90	7.13	6.85	7.06	876410	39091248.00
2011/02/15	7.06	7.43	7.00	7.22	1286298	59228632.00
2011/02/16	7.19	7.37	7.10	7.31	870630	40182936.00
2011/02/17	7.34	8.04	7.24	7.80	2818662	136368368.00
2011/02/18	7.74	7.82	7.45	7.53	1545259	74655864.00
2011/02/21	7.41	7.64	7.27	7.56	915922	43834920.00
2011/02/22	7.57	7.65	7.07	7.15	1126545	53007732.00
2011/02/23	7.07	7.25	7.03	7.19	569459	26019284.00
2011/02/24	7.19	7.38	7.13	7.32	695432	32260400.00
2011/02/25	7.33	7.39	7.24	7.37	536132	24994902.00
2011/02/28	7.40	7.70	7.40	7.70	1533183	74071696.00
2011/03/01	7.74	8.40	7.74	8.05	3188771	164055056.00
2011/03/02	7.99	8.05	7.82	7.95	1225547	61369508.00
2011/03/03	7.98	8.32	7.84	7.87	1599371	81630600.00
2011/03/04	7.82	7.88	7.65	7.86	825888	40575984.00
2011/03/07	7.86	8.10	7.86	8.04	1131249	57177140.00
2011/03/08	8.04	8.31	8.04	8.17	1379197	71405112.00
2011/03/09	8.17	8.21	8.01	8.03	986221	50289676.00
2011/03/10	8.03	8.03	7.66	7.73	1052241	51985368.00
2011/03/11	7.73	7.89	7.69	7.72	723712	35667488.00
2011/03/14	7.82	7.82	7.66	7.75	563968	27597344.00
2011/03/15	7.76	7.83	7.37	7.65	1124622	53899528.00
2011/03/16	7.65	7.83	7.55	7.75	1007216	49248588.00
2011/03/17	7.68	7.68	7.39	7.43	791553	37834552.00
2011/03/18	7.44	7.59	7.43	7.48	387946	18514054.00
2011/03/21	7.42	7.53	7.41	7.48	315078	14932895.00
2011/03/22	7.48	7.50	7.36	7.41	351987	16542458.00
2011/03/23	7.40	7.65	7.40	7.61	563805	27082058.00
2011/03/24	7.61	7.72	7.57	7.59	387062	18746622.00
2011/03/25	7.59	7.67	7.45	7.61	675177	32367654.00
2011/03/28	7.61	7.88	7.60	7.78	1114622	54869544.00
2011/03/29	7.79	7.86	7.40	7.45	751310	36167344.00
2011/03/30	7.48	7.54	7.12	7.30	953419	43893360.00
2011/03/31	7.30	7.49	7.22	7.25	467645	21861922.00
2011/04/01	7.25	7.30	7.15	7.21	467728	21382062.00
2011/04/06	7.20	7.45	7.14	7.33	610408	28470702.00
2011/04/07	7.40	7.74	7.30	7.64	1258123	60138384.00
2011/04/08	7.62	7.64	7.50	7.58	728679	34952836.00
2011/04/11	7.58	7.65	7.32	7.33	738341	35292496.00
2011/04/12	7.31	7.39	7.25	7.31	520182	24169560.00
2011/04/13	7.28	7.29	7.14	7.27	426833	19558450.00
2011/04/14	7.28	7.29	7.15	7.19	544910	24899822.00
2011/04/15	7.17	7.22	7.12	7.14	391470	17818340.00
2011/04/18	7.15	7.30	7.14	7.30	563998	26000728.00
2011/04/19	7.30	7.30	7.04	7.05	624969	28204824.00
2011/04/20	7.06	7.13	7.05	7.10	267290	12058466.00
2011/04/21	7.10	7.16	7.10	7.13	268786	12190675.00
2011/04/22	7.16	7.20	7.07	7.11	299704	13612565.00
2011/04/25	7.07	7.16	6.82	6.82	437689	19363272.00
2011/04/26	6.82	6.99	6.82	6.90	320368	14094014.00
2011/04/27	6.90	6.95	6.62	6.62	347767	14988329.00
2011/04/28	6.62	6.70	6.34	6.38	353335	14717974.00
2011/04/29	6.38	6.54	6.38	6.54	221139	9178220.00
2011/05/03	6.57	6.61	6.54	6.61	188979	7948600.00
2011/05/04	6.65	6.65	6.44	6.46	258363	10787811.00
2011/05/05	6.43	6.57	6.43	6.51	165280	6889453.00
2011/05/06	6.45	6.57	6.32	6.50	272049	11183384.00
2011/05/09	6.52	6.69	6.50	6.58	207430	8740621.00
2011/05/11	6.63	6.65	6.59	6.60	245640	10396343.00
2011/05/12	6.60	6.60	6.41	6.41	230851	9591216.00
2011/05/13	6.41	6.53	6.35	6.44	176801	7245595.00
2011/05/16	6.37	6.46	6.36	6.37	200780	8220624.50
2011/05/17	6.36	6.57	6.29	6.49	357798	14742895.00
2011/05/18	6.47	6.54	6.44	6.50	155989	6485699.50
2011/05/19	6.49	6.60	6.49	6.54	218703	9168261.00
2011/05/20	6.51	6.55	6.44	6.46	160173	6649205.50
2011/05/23	6.48	6.73	6.48	6.66	909402	38501396.00
2011/05/24	6.60	7.15	6.57	7.05	1578075	69384488.00
2011/05/25	7.06	7.06	6.77	6.85	809319	35640116.00
2011/05/26	6.87	6.97	6.65	6.68	635616	27344322.00
2011/05/27	6.64	6.64	5.98	5.99	1184284	30660482.00
2011/05/30	5.86	5.86	5.60	5.63	1223145	29588546.00
2011/05/31	5.61	5.74	5.54	5.73	634489	15232547.00
2011/06/01	5.67	6.34	5.67	6.34	2260777	59057808.00
2011/06/02	6.29	6.50	6.15	6.36	2426112	65292780.00
2011/06/03	6.21	6.43	6.18	6.33	1246731	33207974.00
2011/06/07	6.29	6.56	6.24	6.46	1353084	36938516.00
2011/06/08	6.43	6.76	6.30	6.73	2243494	62644484.00
2011/06/09	6.73	6.75	6.34	6.34	1809203	50128020.00
2011/06/10	6.31	6.35	6.04	6.27	945560	24785364.00
2011/06/13	6.11	6.26	6.09	6.21	565294	14795943.00
2011/06/14	6.21	6.74	6.14	6.59	1522722	41839956.00
2011/06/15	6.56	6.74	6.40	6.50	1247399	34706436.00
2011/06/16	6.42	6.73	6.37	6.60	1975183	54916564.00
2011/06/17	6.61	6.66	6.36	6.38	1140574	31541300.00
2011/06/20	6.34	6.51	6.19	6.36	866693	23303510.00
2011/06/21	6.37	6.43	6.26	6.38	817154	21874282.00
2011/06/22	6.41	6.46	6.27	6.31	570426	15296940.00
2011/06/23	6.30	6.54	6.27	6.49	1110904	30237952.00
2011/06/24	6.48	6.73	6.39	6.61	1710785	47841880.00
2011/06/27	6.60	6.88	6.60	6.80	2133805	60574800.00
2011/06/28	6.69	6.82	6.69	6.73	1163359	33065982.00
2011/06/29	6.75	6.84	6.69	6.70	1167763	33290266.00
2011/06/30	6.70	7.06	6.65	6.91	2745525	80217208.00
2011/07/01	7.17	7.64	7.17	7.64	4944499	155930640.00
2011/07/04	8.11	8.44	7.94	8.44	6205892	215226160.00
2011/07/05	9.22	9.32	8.73	8.86	14095895	528587008.00
2011/07/06	8.78	8.86	8.53	8.66	7940501	287564608.00
2011/07/07	8.63	9.00	8.59	8.80	7680977	281906112.00
2011/07/08	8.66	8.80	8.23	8.41	6074398	213454640.00
2011/07/11	8.46	8.74	8.31	8.54	6360624	226682384.00
2011/07/12	8.36	9.04	8.29	8.69	9479991	342859328.00
2011/07/13	8.56	8.76	8.38	8.75	5284449	189122960.00
2011/07/14	8.80	8.96	8.57	8.87	6515979	239084544.00
2011/07/15	8.66	8.81	8.61	8.72	4268007	154540720.00
2011/07/18	8.70	9.11	8.70	8.73	5715514	211396528.00
2011/07/19	8.54	8.54	8.03	8.27	4612020	159694992.00
2011/07/20	8.26	8.38	8.06	8.20	2218891	75980448.00
2011/07/21	8.22	8.26	8.04	8.04	1994357	67630944.00
2011/07/22	8.06	8.13	7.89	7.92	2231735	74333240.00
2011/07/25	7.89	7.89	7.54	7.54	2384920	76918624.00
2011/07/26	7.56	7.71	7.46	7.67	1851725	59077248.00
2011/07/27	7.64	7.81	7.53	7.80	2414942	78213792.00
2011/07/28	7.66	7.66	7.44	7.57	2126412	67386184.00
2011/07/29	7.53	7.62	7.29	7.31	1836006	57286216.00
2011/08/01	7.28	7.79	7.21	7.63	3694160	117475688.00
2011/08/02	7.48	7.84	7.27	7.71	3355168	106114032.00
2011/08/03	7.51	7.78	7.44	7.56	2098554	67003388.00
2011/08/04	7.50	7.71	7.50	7.58	1308927	41725604.00
2011/08/05	7.29	7.39	7.14	7.28	1678935	51393516.00
2011/08/08	7.18	7.18	6.51	6.51	3420174	96907152.00
2011/08/09	6.14	6.55	5.87	6.36	2747575	72859120.00
2011/08/10	6.56	6.61	6.43	6.51	2744502	75701664.00
2011/08/11	6.31	6.61	6.14	6.59	2813207	76759032.00
2011/08/12	6.78	6.93	6.66	6.71	2582048	73769808.00
2011/08/15	6.91	7.42	6.91	7.42	4066099	124277288.00
2011/08/16	7.78	7.81	7.15	7.18	9839911	304877472.00
2011/08/17	7.11	7.46	7.02	7.34	5150810	157700304.00
2011/08/18	7.16	7.31	7.01	7.03	3242925	97471856.00
2011/08/19	6.64	6.96	6.64	6.80	2803331	80327752.00
2011/08/22	6.79	7.03	6.71	6.78	2272207	65684120.00
2011/08/23	6.84	7.09	6.74	7.07	3273673	95772752.00
2011/08/24	7.16	7.16	6.89	6.92	2507539	74312424.00
2011/08/25	6.93	7.11	6.88	7.06	2164496	63624724.00
2011/08/26	7.03	7.41	6.96	7.28	4233884	128609104.00
2011/08/29	7.17	7.39	7.10	7.23	3289204	100366288.00
2011/08/30	7.28	7.36	6.94	6.95	2373177	71532072.00
2011/08/31	6.97	7.03	6.66	6.79	2502072	71781120.00
2011/09/01	6.85	6.93	6.68	6.76	1553518	44588576.00
2011/09/05	6.64	6.64	6.39	6.43	1539891	42264324.00
2011/09/06	6.34	6.51	6.26	6.36	1582360	42708504.00
2011/09/07	6.41	7.03	6.41	7.03	6242555	180609568.00
2011/09/08	7.05	7.05	6.71	6.71	4276399	123967304.00
2011/09/09	6.71	6.98	6.67	6.85	2626181	75596096.00
2011/09/13	6.64	6.73	6.52	6.66	1718838	47882464.00
2011/09/14	6.72	7.00	6.72	6.98	3817806	110933840.00
2011/09/15	6.99	7.21	6.92	6.99	4323489	129043808.00
2011/09/16	6.94	7.20	6.94	7.11	3393607	101597792.00
2011/09/19	7.06	7.06	6.74	6.77	2765047	79684568.00
2011/09/20	6.75	7.04	6.53	6.93	2805825	80547352.00
2011/09/21	6.89	7.26	6.83	7.16	3894315	115989864.00
2011/09/22	7.06	7.13	6.79	6.80	2585439	76030048.00
2011/09/23	6.53	6.76	6.53	6.70	2156490	60506012.00
2011/09/26	6.63	6.79	6.59	6.63	1491097	42159232.00
2011/09/27	6.74	6.78	6.28	6.48	2456806	67581952.00
2011/09/28	6.56	6.56	6.34	6.40	1566183	42609352.00
2011/09/29	6.36	6.38	6.06	6.06	1659764	43430388.00
2011/09/30	6.08	6.33	6.07	6.15	1419752	37151916.00
2011/10/10	6.21	6.26	5.97	5.99	1474316	38018496.00
2011/10/11	6.21	6.24	5.83	5.98	1695496	43638156.00
2011/10/12	5.90	6.21	5.81	6.21	2302427	59636464.00
2011/10/13	6.16	6.60	6.14	6.42	3819498	103286256.00
2011/10/14	6.35	6.44	6.22	6.36	2322259	62005204.00
2011/10/17	6.38	6.48	6.29	6.36	2019756	54399996.00
2011/10/18	6.29	6.45	6.04	6.05	2524496	67069948.00
2011/10/19	6.09	6.18	5.89	6.02	1635877	41820720.00
2011/10/20	5.91	6.02	5.53	5.61	2519178	60728592.00
2011/10/21	5.57	5.60	5.39	5.39	1532163	35675380.00
2011/10/24	5.43	5.54	5.24	5.54	1753758	40594340.00
2011/10/25	5.54	5.77	5.44	5.71	2535375	60841752.00
2011/10/26	5.65	6.01	5.62	5.79	3207162	79422448.00
2011/10/27	5.83	5.97	5.77	5.81	2713820	67638440.00
2011/10/28	5.98	6.01	5.83	5.96	2714617	68414608.00
2011/10/31	6.06	6.59	6.06	6.59	9424749	260046384.00
2011/11/01	6.49	6.94	6.44	6.78	10806219	304528064.00
2011/11/02	6.58	6.83	6.48	6.79	6472418	181252768.00
2011/11/03	6.76	7.05	6.66	6.75	7369039	212832608.00
2011/11/04	6.86	6.86	6.64	6.68	3952179	111924584.00
2011/11/07	6.69	6.78	6.51	6.57	2541927	70910296.00
2011/11/08	6.56	6.88	6.54	6.78	5185294	147360272.00
2011/11/09	6.75	6.88	6.57	6.87	4282475	122059896.00
2011/11/10	6.75	6.83	6.65	6.65	3386769	96253072.00
2011/11/11	6.66	6.73	6.46	6.61	2944987	81715184.00
2011/11/14	6.80	7.29	6.79	7.23	11142598	331538560.00
2011/11/15	7.21	7.29	7.04	7.10	6791924	203624320.00
2011/11/16	7.03	7.09	6.75	6.79	4595958	133354584.00
2011/11/17	6.80	6.91	6.71	6.80	2985497	85698832.00
2011/11/18	6.71	6.74	6.50	6.51	2450034	68213648.00
2011/11/21	6.52	6.62	6.47	6.62	2196746	60694324.00
2011/11/22	6.52	6.59	6.31	6.48	1853749	50629740.00
2011/11/23	6.49	6.57	6.36	6.37	1507847	41050480.00
2011/11/24	6.14	6.33	6.06	6.24	2450273	64042308.00
2011/11/25	6.24	6.33	6.11	6.13	1732324	45657964.00
2011/11/28	6.19	6.28	6.10	6.15	1615791	42346532.00
2011/11/29	6.30	6.38	6.26	6.31	2757672	73632784.00
2011/11/30	6.31	6.33	5.66	5.91	3534717	89433312.00
2011/12/01	6.14	6.21	6.01	6.06	3108801	80593704.00
2011/12/02	5.99	5.99	5.75	5.79	2159276	53519312.00
2011/12/05	5.64	5.75	5.50	5.50	1527695	36425468.00
2011/12/06	5.57	5.74	5.54	5.64	2066470	49776304.00
2011/12/07	5.65	5.73	5.61	5.67	1447242	34926968.00
2011/12/08	5.64	5.81	5.52	5.75	2370226	57363648.00
2011/12/09	5.68	5.79	5.64	5.75	1413602	34407628.00
2011/12/12	5.78	5.93	5.72	5.72	1877746	46533828.00
2011/12/13	5.59	5.64	5.38	5.42	1927559	44870568.00
2011/12/14	5.37	5.45	5.31	5.32	1611684	36973428.00
2011/12/15	5.24	5.24	5.05	5.06	2007960	44278660.00
2011/12/16	5.12	5.34	5.06	5.33	1487937	33059124.00
2011/12/19	5.31	5.49	5.20	5.48	2696150	62113080.00
2011/12/20	5.44	5.56	5.39	5.39	1609466	37470532.00
2011/12/21	5.49	5.51	5.16	5.16	1469351	33610532.00
2011/12/22	5.10	5.13	4.83	5.06	1860439	39576696.00
2011/12/23	5.01	5.18	4.98	5.09	1265374	27620740.00
2011/12/26	5.09	5.20	4.99	4.99	1006792	21999298.00
2011/12/27	4.94	4.97	4.71	4.74	1289443	26872932.00
2011/12/28	4.68	4.73	4.47	4.68	1575123	31245914.00
2011/12/29	4.61	4.73	4.57	4.66	1013715	20406050.00
2011/12/30	4.69	4.84	4.69	4.83	1163442	23948096.00
2012/01/04	4.90	4.94	4.58	4.58	1596840	32839402.00
2012/01/05	4.55	4.64	4.34	4.34	1689398	32855812.00
2012/01/06	4.29	4.44	4.15	4.40	1454783	26874134.00
2012/01/09	4.39	4.68	4.32	4.68	1786172	35150972.00
2012/01/10	4.66	5.01	4.62	4.93	3069283	64202904.00
2012/01/11	4.92	5.22	4.84	5.03	3611224	78181464.00
2012/01/12	4.94	5.13	4.91	5.07	2845162	61452192.00
2012/01/13	5.01	5.11	4.71	4.79	2503073	52483424.00
2012/01/16	4.67	4.76	4.46	4.48	1527464	30363886.00
2012/01/17	4.49	4.96	4.48	4.96	2940388	60595364.00
2012/01/18	4.98	5.26	4.87	4.93	3486450	75735464.00
2012/01/19	4.82	5.26	4.82	5.24	3555577	77343440.00
2012/01/20	5.26	5.29	5.08	5.14	2510561	55307508.00
2012/01/30	5.18	5.24	5.04	5.05	1924348	42394316.00
2012/01/31	5.04	5.13	4.97	5.10	1672168	36207908.00
2012/02/01	5.07	5.14	4.89	4.91	1788943	38466000.00
2012/02/02	4.89	5.08	4.86	5.06	1908689	40730408.00
2012/02/03	5.08	5.21	5.01	5.19	3010540	66410416.00
2012/02/06	5.19	5.24	5.12	5.22	2243331	49729284.00
2012/02/07	5.14	5.17	5.04	5.09	2071667	45274212.00
2012/02/08	5.09	5.38	5.05	5.38	4307673	97131912.00
2012/02/09	5.41	5.48	5.31	5.34	4046685	93201784.00
2012/02/10	5.27	5.47	5.27	5.36	3029525	69463992.00
2012/02/13	5.30	5.48	5.29	5.43	2859402	66012184.00
2012/02/14	5.43	5.46	5.34	5.40	2238048	51422208.00
2012/02/15	5.34	5.60	5.34	5.50	3627182	84973200.00
2012/02/16	5.46	5.51	5.35	5.47	2950886	68483288.00
2012/02/17	5.52	6.01	5.52	5.75	8267866	203004128.00
2012/02/20	5.70	5.76	5.67	5.70	3778388	91789904.00
2012/02/21	5.66	5.74	5.52	5.71	2568727	61640184.00
2012/02/22	5.71	5.82	5.65	5.81	3291160	80586296.00
2012/02/23	5.78	5.85	5.66	5.76	3038151	74528312.00
2012/02/24	5.76	5.83	5.67	5.79	2803530	68479088.00
2012/02/27	5.81	5.90	5.75	5.77	3750046	92942384.00
2012/02/28	5.68	5.75	5.53	5.63	2702062	64793196.00
2012/02/29	5.60	5.72	5.55	5.59	1947730	46771208.00
2012/03/01	5.59	5.65	5.54	5.62	1486356	35449712.00
2012/03/02	5.66	5.85	5.66	5.82	3868604	95425160.00
2012/03/05	5.83	5.99	5.77	5.99	4527970	113270352.00
2012/03/06	6.06	6.14	5.89	5.96	4965404	126525768.00
2012/03/07	5.84	5.96	5.80	5.84	2861026	71362872.00
2012/03/08	5.89	6.14	5.89	5.98	3957346	101253672.00
2012/03/09	6.00	6.10	5.93	6.02	3373066	85758248.00
2012/03/12	6.01	6.07	5.91	5.98	2986784	75914984.00
2012/03/13	5.92	6.01	5.85	6.00	2692365	67600536.00
2012/03/14	6.00	6.13	5.59	5.63	5104464	127559616.00
2012/03/15	5.63	5.69	5.36	5.48	2727498	63991184.00
2012/03/16	5.43	5.85	5.42	5.83	3487772	83915328.00
2012/03/19	5.77	6.05	5.68	5.95	3539390	88287928.00
2012/03/20	5.97	6.10	5.89	5.96	5020691	127904776.00
2012/03/21	6.01	6.38	5.87	6.30	8298206	216821216.00
2012/03/22	6.24	6.24	6.03	6.07	4290671	111126808.00
2012/03/23	6.02	6.16	5.86	5.91	3410656	86931408.00
2012/03/26	5.87	6.01	5.87	5.98	2197246	55314620.00
2012/03/27	6.01	6.13	5.97	6.03	2672442	68615952.00
2012/03/28	5.96	5.96	5.41	5.48	3788279	90518576.00
2012/03/29	5.45	5.45	5.16	5.27	1973938	44909744.00
2012/03/30	5.24	5.37	5.21	5.30	1434996	32457356.00
2012/04/05	5.29	5.49	5.24	5.49	1758047	40599128.00
2012/04/06	5.50	5.59	5.44	5.51	1791854	42176856.00
2012/04/09	5.46	5.64	5.25	5.54	2010593	46775840.00
2012/04/10	5.48	5.61	5.36	5.56	2170510	50743776.00
2012/04/12	5.61	5.64	5.46	5.63	2692531	63797428.00
2012/04/13	5.65	5.94	5.63	5.87	4156740	102088816.00
2012/04/16	5.83	5.95	5.78	5.88	2879033	71958528.00
2012/04/17	5.89	5.93	5.72	5.74	1753504	43211984.00
2012/04/18	5.76	5.99	5.75	5.99	2449344	61442672.00
2012/04/19	6.19	6.21	5.85	5.88	4431309	113398992.00
2012/04/20	5.86	5.91	5.76	5.85	2655366	65700892.00
2012/04/23	5.81	5.83	5.64	5.64	1998859	48553344.00
2012/04/24	5.63	6.18	5.39	5.98	6385037	159525696.00
2012/04/25	5.87	6.09	5.74	5.83	4659689	115831168.00
2012/04/26	5.86	5.86	5.68	5.73	2461925	60259752.00
2012/04/27	5.72	5.87	5.69	5.72	2064311	50725640.00
2012/05/02	5.86	5.98	5.70	5.89	4241828	105647784.00
2012/05/03	5.86	5.93	5.84	5.90	2416614	60512352.00
2012/05/04	5.90	6.04	5.86	6.03	3474098	88153392.00
2012/05/07	5.99	6.14	5.92	6.10	4071527	104598592.00
2012/05/08	6.07	6.10	5.93	6.01	2816311	71625368.00
2012/05/09	5.89	5.96	5.83	5.85	2509093	62733300.00
2012/05/10	5.79	6.01	5.79	5.94	2218935	55673772.00
2012/05/11	5.93	5.96	5.80	5.80	2270627	56493060.00
2012/05/14	5.84	5.87	5.66	5.68	1803712	44382784.00
2012/05/15	5.61	5.61	5.49	5.59	1817998	42902140.00
2012/05/16	5.58	5.66	5.54	5.59	1298884	31012352.00
2012/05/17	5.65	5.73	5.63	5.68	1338511	32102578.00
2012/05/18	5.67	6.06	5.65	5.78	4339171	107837000.00
2012/05/21	5.74	5.85	5.59	5.73	1912428	45973256.00
2012/05/22	5.79	5.84	5.74	5.81	1304099	31828048.00
2012/05/23	5.81	5.82	5.64	5.69	1439224	34635112.00
2012/05/24	5.68	5.80	5.62	5.66	1394178	33483392.00
2012/05/25	5.63	5.71	5.49	5.50	1478965	34845852.00
2012/05/28	5.49	5.61	5.30	5.59	1567714	36040588.00
2012/05/29	5.59	5.77	5.54	5.74	2437348	58668184.00
2012/05/30	5.74	5.92	5.74	5.83	3094586	76180456.00
2012/05/31	5.78	6.08	5.75	5.95	5639325	141909616.00
2012/06/01	5.92	6.08	5.92	6.02	3268356	82649680.00
2012/06/04	5.91	6.43	5.85	6.06	7852945	203551408.00
2012/06/05	6.08	6.18	5.95	6.02	4165140	106353840.00
2012/06/06	6.02	6.15	5.84	5.90	2295155	57862032.00
2012/06/07	6.04	6.14	5.94	5.97	2740354	69504864.00
2012/06/08	6.15	6.60	6.09	6.58	15456141	421249568.00
2012/06/11	6.41	6.51	6.19	6.49	9933622	265543440.00
2012/06/12	6.36	6.60	6.34	6.38	6580998	178570752.00
2012/06/13	6.33	6.48	6.23	6.42	5397629	144188432.00
2012/06/14	6.37	6.39	6.21	6.21	4991144	131932920.00
2012/06/15	6.19	6.35	6.09	6.32	4682678	122003800.00
2012/06/18	6.31	6.53	6.26	6.43	4497446	121497856.00
2012/06/19	6.36	6.39	6.19	6.21	3003635	79114088.00
2012/06/20	6.26	6.34	6.14	6.15	2221743	58149264.00
2012/06/21	6.11	6.30	6.09	6.17	2734532	71362328.00
2012/06/25	6.25	6.39	6.17	6.21	2896818	76162736.00
2012/06/26	6.14	6.14	5.74	5.89	3175811	78862264.00
2012/06/27	5.89	6.06	5.80	5.90	2356514	59222424.00
2012/06/28	5.89	6.04	5.88	5.93	1991909	50050404.00
2012/06/29	5.96	6.11	5.81	6.11	2328539	58686720.00
2012/07/02	6.19	6.31	6.07	6.16	2784251	72341744.00
2012/07/03	6.16	6.21	6.06	6.10	2732733	70511520.00
2012/07/04	6.14	6.30	6.11	6.25	3775051	98718152.00
2012/07/05	6.25	6.26	5.81	5.81	3581410	90244256.00
2012/07/06	5.83	6.01	5.74	5.99	2486353	61636628.00
2012/07/09	5.94	6.02	5.65	5.67	2665939	65505768.00
2012/07/10	5.70	5.76	5.61	5.62	1490906	35660776.00
2012/07/11	5.62	5.66	5.55	5.65	1370287	32454592.00
2012/07/12	5.63	5.88	5.59	5.82	2290858	55760244.00
2012/07/13	5.81	5.88	5.73	5.74	1378062	33562564.00
2012/07/16	5.76	5.78	5.30	5.34	2695502	62425152.00
2012/07/17	5.34	5.41	5.32	5.37	1149491	26059092.00
2012/07/18	5.36	5.44	5.26	5.42	1210049	27516554.00
2012/07/19	5.40	5.57	5.39	5.47	1336948	30998136.00
2012/07/20	5.47	5.50	5.35	5.36	1196270	27386496.00
2012/07/23	5.36	5.43	5.26	5.37	906051	20516304.00
2012/07/24	5.36	5.54	5.33	5.48	1308453	30280454.00
2012/07/25	5.47	5.54	5.40	5.41	1160410	26858566.00
2012/07/26	5.40	5.49	5.34	5.35	845077	19301544.00
2012/07/27	5.41	5.43	5.35	5.40	877022	19979934.00
2012/07/30	5.47	5.55	5.36	5.45	1731992	40016968.00
2012/07/31	5.39	5.58	5.15	5.51	2761848	62607388.00
2012/08/01	5.69	6.08	5.59	5.67	5097898	124282480.00
2012/08/02	5.61	5.66	5.44	5.53	2296152	53936460.00
2012/08/03	5.49	5.66	5.49	5.62	2349716	55598268.00
2012/08/06	5.56	5.79	5.55	5.76	2883646	69383688.00
2012/08/07	5.87	6.03	5.77	5.79	4100500	101293960.00
2012/08/08	5.76	5.86	5.72	5.74	2408400	58583324.00
2012/08/09	5.76	5.80	5.64	5.77	2343932	56749280.00
2012/08/10	5.77	5.78	5.61	5.62	2846942	68084608.00
2012/08/13	5.59	5.66	5.47	5.53	2194926	51515224.00
2012/08/14	5.52	5.56	5.37	5.49	1971668	45397328.00
2012/08/15	5.49	5.55	5.32	5.33	1947982	44603088.00
2012/08/16	5.33	5.39	5.33	5.34	1091977	24754998.00
2012/08/17	5.34	5.41	5.30	5.41	822070	18661570.00
2012/08/20	5.41	5.43	5.33	5.43	940148	21380922.00
2012/08/21	5.44	5.55	5.41	5.50	2331343	54102316.00
2012/08/22	5.51	5.57	5.42	5.46	1798238	41768180.00
2012/08/23	5.43	5.69	5.42	5.63	3871596	90838544.00
2012/08/24	5.67	5.68	5.48	5.61	4146799	97875688.00
2012/08/27	5.58	5.58	5.19	5.44	2796250	63799420.00
2012/08/28	5.37	5.44	5.32	5.37	1012699	23033280.00
2012/08/29	5.35	5.42	5.29	5.32	829029	18758886.00
2012/08/30	5.31	5.38	5.10	5.37	1965983	43824508.00
2012/08/31	5.29	5.33	5.23	5.25	846375	18906372.00
2012/09/03	5.23	5.33	5.14	5.30	1023836	22906100.00
2012/09/04	5.29	5.35	5.22	5.22	1096089	24586160.00
2012/09/05	5.22	5.28	5.19	5.24	674752	14952889.00
2012/09/06	5.28	5.54	5.21	5.36	2749266	62562424.00
2012/09/07	5.35	5.60	5.33	5.50	4390058	101824176.00
2012/09/10	5.53	5.57	5.45	5.52	2453941	57181640.00
2012/09/11	5.51	5.62	5.45	5.49	3195430	74936568.00
2012/09/12	5.51	5.60	5.47	5.53	2240454	52333324.00
2012/09/13	5.53	5.53	5.34	5.34	2485985	57210028.00
2012/09/14	5.46	5.51	5.37	5.43	2504688	57601836.00
2012/09/17	5.43	5.57	5.34	5.35	2832759	65571880.00
2012/09/18	5.25	5.25	5.14	5.23	2087844	46008472.00
2012/09/19	5.20	5.27	5.19	5.25	1300228	28791100.00
2012/09/20	5.25	5.26	4.96	4.96	2238150	48265848.00
2012/09/21	4.95	5.03	4.86	4.88	1624236	34146508.00
2012/09/24	4.87	5.05	4.71	4.96	1677405	34624624.00
2012/09/25	5.01	5.08	4.94	4.95	1468775	31214702.00
2012/09/26	4.95	4.95	4.74	4.76	1248645	25531390.00
2012/09/27	4.75	4.90	4.73	4.84	1484603	30567752.00
2012/09/28	4.81	4.94	4.79	4.93	1533534	31906966.00
2012/10/08	4.97	4.99	4.86	4.88	1055741	22030182.00
2012/10/09	4.91	5.03	4.89	5.02	1988673	42131012.00
2012/10/10	5.01	5.13	4.97	5.07	1623805	34888724.00
2012/10/11	5.05	5.05	4.90	4.91	1742031	36841072.00
2012/10/12	4.91	5.01	4.84	4.89	1152872	24064374.00
2012/10/15	4.90	4.93	4.84	4.90	1123731	23283862.00
2012/10/16	4.89	4.97	4.86	4.89	892665	18648858.00
2012/10/17	4.86	5.21	4.86	5.09	3885347	84052128.00
2012/10/18	5.11	5.24	5.05	5.18	4212703	92558728.00
2012/10/19	5.16	5.18	5.09	5.10	1802671	39194200.00
2012/10/22	5.07	5.11	5.03	5.08	1662772	35722776.00
2012/10/23	5.08	5.18	5.07	5.09	1489561	32385246.00
2012/10/24	5.07	5.10	4.98	4.99	1226023	26203458.00
2012/10/25	5.01	5.05	4.97	5.04	1420326	30225668.00
2012/10/26	5.20	5.31	5.07	5.08	4059997	88922248.00
2012/10/29	4.85	4.96	4.85	4.88	2016149	42048896.00
2012/10/30	4.86	4.97	4.86	4.90	862559	18028652.00
2012/10/31	4.91	4.98	4.89	4.98	848776	17832738.00
2012/11/01	4.98	5.07	4.94	5.04	1617810	34552120.00
2012/11/02	5.05	5.06	4.97	5.00	1220880	25922986.00
2012/11/05	4.99	5.02	4.91	4.93	1103745	23234648.00
2012/11/06	4.91	4.96	4.83	4.88	1344714	28019232.00
2012/11/07	4.93	4.99	4.88	4.95	1386415	29110312.00
2012/11/08	4.90	4.91	4.74	4.74	1171627	24048352.00
2012/11/09	4.73	4.80	4.66	4.67	993614	19982644.00
2012/11/12	4.67	4.79	4.67	4.77	1002232	20232346.00
2012/11/13	4.78	4.80	4.68	4.68	781902	15754621.00
2012/11/14	5.02	5.18	4.75	4.79	2417742	50413056.00
2012/11/15	4.68	4.69	4.48	4.55	2340371	45517692.00
2012/11/16	4.52	4.52	4.40	4.46	975793	18532302.00
2012/11/19	4.40	4.53	4.40	4.50	626566	11940337.00
2012/11/20	4.55	4.59	4.49	4.50	722121	13970781.00
2012/11/21	4.48	4.58	4.40	4.56	866183	16664740.00
2012/11/22	4.51	4.53	4.41	4.46	684155	13089797.00
2012/11/23	4.46	4.51	4.44	4.45	648122	12419483.00
2012/11/26	4.47	4.48	4.41	4.43	395616	7519998.50
2012/11/27	4.40	4.41	4.16	4.16	1151394	21016362.00
2012/11/28	4.15	4.15	3.91	3.92	1494786	25593628.00
2012/11/29	3.92	3.98	3.84	3.85	841402	14196875.00
2012/11/30	3.87	3.94	3.84	3.91	708579	11913456.00
2012/12/03	3.91	3.97	3.71	3.73	725125	12107629.00
2012/12/04	3.74	3.77	3.54	3.76	1328621	21022470.00
2012/12/05	3.70	4.01	3.70	3.91	1839285	30924814.00
2012/12/06	3.91	3.97	3.84	3.85	1013806	17005238.00
2012/12/07	3.84	4.09	3.81	4.06	3198444	54750316.00
2012/12/10	3.99	4.18	3.99	4.14	2440500	43010140.00
2012/12/11	4.14	4.18	4.04	4.10	1742036	30779336.00
2012/12/12	4.10	4.26	4.08	4.16	2574491	46027888.00
2012/12/13	4.16	4.19	4.03	4.05	1752886	30788646.00
2012/12/14	4.03	4.30	4.02	4.28	3729089	67120920.00
2012/12/17	4.28	4.40	4.22	4.28	3338972	61645960.00
2012/12/18	4.26	4.41	4.25	4.30	3080558	57154912.00
2012/12/19	4.31	4.47	4.31	4.44	3394510	63956000.00
2012/12/20	4.41	4.66	4.39	4.66	4795472	92546584.00
2012/12/21	4.57	4.65	4.49	4.51	3651156	71020264.00
2012/12/24	4.52	4.63	4.48	4.52	1923126	37299156.00
2013/01/04	5.00	5.00	4.87	5.00	3930008	83172984.00
2013/01/07	5.01	5.01	4.81	4.86	5138737	106667056.00
2013/01/08	4.85	4.94	4.81	4.88	3432565	71261888.00
2013/01/09	4.87	5.01	4.81	4.94	4445812	92843872.00
2013/01/10	4.88	4.96	4.82	4.86	2545798	52909564.00
2013/01/11	4.85	4.88	4.61	4.63	3406437	68686824.00
2013/01/14	4.63	4.84	4.60	4.82	3040169	61439192.00
2013/01/15	4.82	4.98	4.82	4.93	3746381	78425360.00
2013/01/16	4.90	5.03	4.84	4.94	3943438	83077672.00
2013/01/17	4.99	4.99	4.80	4.80	2162466	44767788.00
2013/01/18	4.80	4.89	4.79	4.85	1669033	34421224.00
2013/01/21	4.86	5.10	4.86	5.06	4082352	86305816.00
2013/01/22	5.00	5.03	4.81	4.85	2922978	61148372.00
2013/01/23	4.81	4.84	4.68	4.76	2105222	42681736.00
2013/01/24	4.72	4.86	4.59	4.62	2638293	53225316.00
2013/01/25	4.59	4.93	4.59	4.85	2951261	60128072.00
2013/01/28	4.78	4.92	4.78	4.89	2298723	47495204.00
2013/01/29	4.89	5.00	4.82	4.96	2844452	59711932.00
2013/01/30	4.99	5.09	4.92	5.04	3770219	80506336.00
2013/01/31	4.99	5.17	4.99	5.06	3577877	77449768.00
2013/02/01	5.05	5.05	4.96	4.99	2309838	49004664.00
2013/02/04	5.03	5.18	5.03	5.17	4676748	102026760.00
2013/02/05	5.15	5.19	5.08	5.10	3125158	68165272.00
2013/02/06	5.10	5.19	5.09	5.11	1926939	41931084.00
2013/02/07	5.12	5.14	4.96	5.00	2283331	48639616.00
2013/02/08	5.04	5.10	4.99	5.06	1695795	36389288.00
2013/02/18	5.11	5.21	5.09	5.17	3163523	69215448.00
2013/02/19	5.19	5.21	4.98	5.03	2339938	50264272.00
2013/02/20	5.04	5.16	4.96	5.13	2401710	51928284.00
2013/02/21	5.05	5.07	4.88	4.92	2677501	56670892.00
2013/02/22	4.93	5.07	4.92	4.97	1932226	41013516.00
2013/02/25	4.97	5.00	4.89	4.93	1418095	29719454.00
2013/02/26	4.90	4.90	4.72	4.72	2611923	53447628.00
2013/02/27	4.74	4.83	4.74	4.79	1137695	23209334.00
2013/02/28	4.80	5.12	4.79	5.06	3790204	80849128.00
2013/03/01	5.09	5.15	5.00	5.09	2762020	59489300.00
2013/03/04	5.03	5.04	4.78	4.84	2308714	48346164.00
2013/03/05	4.85	4.91	4.81	4.90	1972075	40862260.00
2013/03/06	4.91	5.15	4.91	5.11	3041835	64817944.00
2013/03/07	5.05	5.16	5.01	5.08	3315530	71452120.00
2013/03/08	5.06	5.18	5.04	5.10	2517765	54691684.00
2013/03/11	5.08	5.28	5.06	5.21	5553585	122446456.00
2013/03/12	5.19	5.21	4.66	4.66	8409205	173232336.00
2013/03/13	4.58	4.58	4.44	4.48	4334604	83231672.00
2013/03/14	4.54	4.63	4.49	4.51	2541170	49413232.00
2013/03/15	4.54	4.58	4.41	4.48	2152221	41510028.00
2013/03/18	4.41	4.44	4.15	4.26	3043099	55719792.00
2013/03/19	4.26	4.30	4.15	4.28	1821344	33134936.00
2013/03/20	4.29	4.42	4.28	4.41	1884900	35199024.00
2013/03/21	4.40	4.53	4.40	4.46	1817389	34733128.00
2013/03/22	4.46	4.47	4.39	4.42	1389750	26317216.00
2013/03/25	4.40	4.49	4.40	4.48	1166330	22243556.00
2013/03/26	4.48	4.48	4.33	4.40	1676085	31449418.00
2013/03/27	4.39	4.61	4.38	4.49	2604747	49891368.00
2013/03/28	4.44	4.44	4.26	4.26	1773407	32909056.00
2013/03/29	4.24	4.30	4.23	4.23	955812	17440354.00
2013/04/01	4.24	4.36	4.24	4.28	1016370	18735784.00
2013/04/02	4.28	4.35	4.26	4.27	1250161	23149618.00
2013/04/03	4.24	4.30	4.19	4.25	851619	15508368.00
2013/04/08	4.19	4.35	4.15	4.34	1048073	19147174.00
2013/04/09	4.34	4.46	4.32	4.44	1837619	34801600.00
2013/04/10	4.41	4.50	4.38	4.42	1362182	25882528.00
2013/04/11	4.43	4.49	4.40	4.42	1247403	23754560.00
2013/04/12	4.41	4.43	4.28	4.29	954071	17742322.00
2013/04/15	4.22	4.26	4.20	4.21	735746	13333735.00
2013/04/16	4.19	4.36	4.11	4.35	1004017	18359734.00
2013/04/17	4.36	4.43	4.32	4.38	1037471	19473300.00
2013/04/18	4.33	4.43	4.29	4.31	1003751	18720814.00
2013/04/19	4.32	4.49	4.32	4.46	1998900	38086124.00
2013/04/22	4.43	4.57	4.41	4.55	1940495	37313496.00
2013/04/23	4.55	4.55	4.37	4.38	2011436	38276700.00
2013/04/24	4.39	4.56	4.38	4.51	1993624	38387260.00
2013/04/25	4.53	4.58	4.42	4.44	1866074	35978544.00
2013/04/26	4.46	4.50	4.37	4.38	1292924	24507750.00
2013/05/02	4.37	4.50	4.24	4.48	1662492	31230812.00
2013/05/03	4.48	4.83	4.48	4.67	4721104	94528984.00
2013/05/06	4.74	4.94	4.71	4.85	5255812	108073968.00
2013/05/07	4.86	4.93	4.78	4.83	3494756	72145696.00
2013/05/08	4.85	4.99	4.84	4.91	3598281	75279128.00
2013/05/09	4.94	5.25	4.91	5.19	6673857	144617840.00
2013/05/10	5.14	5.34	5.05	5.12	4509674	99123160.00
2013/05/13	5.12	5.12	4.91	5.00	3516694	74776296.00
2013/05/14	5.00	5.04	4.84	4.98	2499905	52463192.00
2013/05/15	4.98	5.06	4.95	5.06	2409648	51331988.00
2013/05/16	5.09	5.59	5.09	5.59	6908906	160635152.00
2013/05/17	5.75	6.07	5.68	5.94	15504174	381643968.00
2013/05/20	5.89	6.33	5.89	6.33	11764346	305481760.00
2013/05/21	6.25	6.34	6.08	6.29	5718159	149223696.00
2013/05/22	6.23	6.24	6.05	6.06	4764268	122412600.00
2013/05/23	5.99	6.23	5.90	5.97	4427338	112776968.00
2013/05/24	5.99	6.19	5.94	6.08	4270256	108326200.00
2013/05/27	5.99	6.14	5.83	6.12	8991893	225888608.00
2013/05/28	6.06	6.09	5.78	5.92	5790407	144581056.00
2013/05/29	5.91	6.48	5.89	6.19	7962382	207189328.00
2013/05/30	6.07	6.14	5.89	5.99	4990914	125734568.00
2013/05/31	5.99	6.06	5.86	5.96	3408758	85426536.00
2013/06/03	5.94	5.94	5.70	5.76	3316834	81302736.00
2013/06/04	5.73	5.88	5.69	5.85	2783122	68000080.00
2013/06/05	5.81	6.13	5.80	5.91	4910192	123298432.00
2013/06/06	5.82	6.16	5.70	6.02	5701860	143755136.00
2013/06/07	6.06	6.29	5.83	6.04	6517079	167180096.00
2013/06/13	5.79	5.80	5.40	5.44	4867772	113559336.00
2013/06/14	5.45	5.58	5.42	5.51	3156988	73487080.00
2013/06/17	5.53	5.67	5.45	5.52	2771276	65071028.00
2013/06/18	5.53	5.53	5.23	5.38	3717421	84505440.00
2013/06/19	5.39	5.55	5.36	5.53	3119063	71979112.00
2013/06/20	5.49	5.51	5.25	5.26	2296400	51923504.00
2013/06/21	5.07	5.22	4.94	5.11	2270504	48788124.00
2013/06/24	5.11	5.12	4.57	4.57	3656629	73879048.00
2013/06/25	4.48	4.61	4.09	4.58	4539641	83546856.00
2013/06/26	4.53	4.76	4.50	4.71	4267085	83707520.00
2013/06/27	4.71	4.94	4.62	4.66	5034770	101626104.00
2013/06/28	4.61	4.74	4.49	4.59	2286114	44482256.00
2013/07/01	4.59	4.81	4.54	4.79	3216937	64033760.00
2013/07/02	4.80	5.04	4.77	5.00	4131030	86027064.00
2013/07/03	4.96	5.10	4.77	5.01	4063928	84570904.00
2013/07/04	4.94	5.53	4.91	5.45	8767097	197595200.00
2013/07/05	5.36	5.43	5.21	5.21	5556492	124356408.00
2013/07/08	5.02	5.15	4.90	4.97	3575670	75633904.00
2013/07/09	4.94	5.04	4.80	4.98	2171299	45140900.00
2013/07/10	5.01	5.33	4.99	5.30	4364376	94799912.00
2013/07/11	5.24	5.66	5.20	5.46	7405270	170101984.00
2013/07/12	5.42	5.54	5.36	5.36	3795779	86434640.00
2013/07/15	5.40	5.53	5.40	5.50	3581443	82328824.00
2013/07/16	5.47	5.74	5.47	5.61	3997786	93928456.00
2013/07/17	5.49	5.59	5.32	5.39	3991590	90618480.00
2013/07/18	5.39	5.59	5.31	5.41	3287429	75261120.00
2013/07/19	5.36	5.46	5.11	5.16	3120041	69170456.00
2013/07/22	5.12	5.31	5.09	5.31	1607271	35297632.00
2013/07/23	5.33	5.51	5.32	5.51	4896284	111435560.00
2013/07/24	5.46	5.60	5.42	5.59	4238203	97744192.00
2013/07/25	5.59	5.85	5.54	5.76	7325794	175410368.00
2013/07/26	5.78	5.80	5.56	5.70	4456584	106133144.00
2013/07/29	5.74	5.87	5.60	5.61	3395606	81598272.00
2013/07/30	5.62	5.74	5.44	5.65	3041211	71670192.00
2013/07/31	5.66	5.70	5.53	5.60	2280559	53637368.00
2013/08/01	5.60	5.78	5.59	5.77	2772440	66174144.00
2013/08/02	5.83	6.04	5.74	5.91	5199692	128461688.00
2013/08/05	5.98	6.09	5.88	5.94	4206270	105314992.00
2013/08/06	5.98	6.03	5.86	5.96	2942459	73175584.00
2013/08/07	5.96	5.99	5.73	5.75	3159290	76982416.00
2013/08/08	5.76	5.86	5.68	5.70	2187946	52761748.00
2013/08/09	5.76	5.93	5.73	5.82	4115092	99990608.00
2013/08/12	5.85	6.10	5.73	6.06	5226276	129414536.00
2013/08/13	6.02	6.35	5.99	6.11	5555199	143255648.00
2013/08/14	6.11	6.12	5.85	5.91	3580647	89079624.00
2013/08/15	5.87	5.92	5.81	5.82	2028832	49525672.00
2013/08/16	5.79	5.94	5.74	5.74	2066942	50417164.00
2013/08/19	5.69	5.92	5.66	5.90	2336637	56615208.00
2013/08/20	5.86	5.93	5.73	5.81	2699779	65722804.00
2013/08/21	5.76	5.86	5.76	5.82	1134320	27538044.00
2013/08/22	5.82	5.98	5.76	5.95	2688904	65972176.00
2013/08/23	5.96	6.06	5.79	6.02	3934644	98180408.00
2013/08/26	6.00	6.17	5.90	6.05	3667540	92715712.00
2013/08/27	6.00	6.14	5.99	6.02	2397439	60628280.00
2013/08/28	5.99	6.02	5.86	5.90	2209738	54643548.00
2013/08/29	5.90	5.95	5.71	5.72	2283179	55322904.00
2013/08/30	5.71	5.81	5.44	5.51	2699003	63389340.00
2013/09/02	5.51	5.58	5.38	5.51	2109771	48408632.00
2013/09/03	5.54	5.65	5.52	5.62	2348840	55117472.00
2013/09/04	5.61	5.61	5.44	5.47	2582054	59517492.00
2013/09/05	5.47	5.56	5.42	5.47	1749591	40251164.00
2013/09/06	5.48	5.70	5.45	5.68	3270804	77036512.00
2013/09/09	5.70	5.74	5.62	5.71	3041096	72412224.00
2013/09/10	5.71	5.76	5.63	5.69	2025189	48293256.00
2013/09/11	5.66	5.86	5.61	5.80	4172266	100035296.00
2013/09/12	5.69	5.79	5.64	5.65	2507003	59810348.00
2013/09/13	5.67	5.74	5.47	5.53	2571438	60174384.00
2013/09/16	5.45	5.58	5.45	5.49	1521953	35096452.00
2013/09/17	5.49	5.53	5.31	5.32	1786191	40395204.00
2013/09/18	5.38	5.41	5.13	5.33	2693844	59191424.00
2013/09/23	5.33	5.50	5.33	5.49	2088054	47584160.00
2013/09/24	5.54	5.63	5.48	5.58	2915836	68032672.00
2013/09/25	5.49	5.66	5.48	5.55	2196229	51249784.00
2013/09/26	5.57	5.63	5.51	5.52	1614746	37640092.00
2013/09/27	5.51	5.59	5.50	5.54	961062	22281026.00
2013/09/30	5.54	5.62	5.54	5.59	1087936	25419058.00
2013/10/08	5.54	5.70	5.49	5.69	2094104	49229232.00
2013/10/09	5.66	5.78	5.64	5.71	2428035	58204680.00
2013/10/10	5.71	5.78	5.57	5.60	2664294	63245536.00
2013/10/11	5.62	5.66	5.51	5.54	3379604	78781536.00
2013/10/14	5.61	5.63	5.45	5.51	2406121	55786908.00
2013/10/15	5.49	5.58	5.44	5.52	2687656	61901136.00
2013/10/16	5.49	5.50	5.26	5.30	2906889	65234552.00
2013/10/17	5.30	5.40	5.30	5.32	1717980	38499560.00
2013/10/18	5.32	5.33	5.19	5.25	2295950	50598060.00
2013/10/21	5.31	5.41	5.25	5.39	2511390	56350116.00
2013/10/22	5.40	5.44	5.33	5.35	2651337	59878084.00
2013/10/23	5.38	5.41	5.22	5.24	1595370	35524932.00
2013/10/24	5.26	5.40	5.18	5.39	2470251	55373340.00
2013/10/25	5.32	5.36	5.23	5.28	1647316	36594948.00
2013/10/28	5.28	5.41	5.21	5.36	1678329	37584196.00
2013/10/29	5.38	5.43	4.93	5.10	2343037	50937000.00
2013/10/30	5.14	5.15	4.99	5.14	1137363	24338218.00
2013/10/31	5.14	5.14	4.98	4.98	1202215	25454148.00
2013/11/01	4.94	5.11	4.93	5.02	777460	16418560.00
2013/11/04	5.03	5.08	4.97	5.02	719417	15186860.00
2013/11/05	5.01	5.10	4.99	5.09	938521	19931488.00
2013/11/06	5.08	5.16	5.05	5.07	1020760	21947120.00
2013/11/07	5.08	5.08	4.92	4.94	1241667	25998348.00
2013/11/08	4.94	5.01	4.92	4.94	714541	14926258.00
2013/11/11	4.92	5.00	4.92	4.98	487670	10205083.00
2013/11/12	4.99	5.06	4.91	4.93	1089337	22802834.00
2013/11/13	4.94	4.97	4.79	4.79	901784	18566922.00
2013/11/14	4.73	4.86	4.72	4.84	971304	19600730.00
2013/11/15	4.86	4.99	4.81	4.94	1361574	28306856.00
2013/11/18	4.98	5.06	4.94	5.05	1361952	28701564.00
2013/11/19	5.06	5.07	4.98	5.04	1249578	26381456.00
2013/11/20	5.07	5.21	5.07	5.17	1993453	43155892.00
2013/11/21	5.16	5.16	5.07	5.16	1110707	23917578.00
2013/11/22	5.18	5.18	5.12	5.16	1197214	25946148.00
2013/11/25	5.16	5.16	5.08	5.08	1154469	24825024.00
2013/11/26	5.08	5.13	5.04	5.10	714361	15311082.00
2013/11/27	5.12	5.29	5.07	5.23	1416143	31000828.00
2013/11/28	5.24	5.48	5.23	5.38	2816048	63575488.00
2013/11/29	5.34	5.43	5.32	5.37	1298808	29205352.00
2013/12/02	5.21	5.32	5.09	5.14	1794130	39044884.00
2013/12/03	5.12	5.45	5.09	5.38	2083035	46171204.00
2013/12/04	5.39	5.64	5.34	5.56	3466312	80345632.00
2013/12/05	5.56	5.65	5.50	5.55	2101583	49081152.00
2013/12/06	5.53	5.65	5.44	5.49	2396882	55726736.00
2013/12/09	5.59	5.59	5.44	5.46	2071079	47769408.00
2013/12/10	5.53	5.78	5.44	5.72	5187592	122414976.00
2013/12/11	5.66	5.69	5.54	5.57	2644325	62144152.00
2013/12/12	5.64	5.73	5.62	5.63	2019484	47950164.00
2013/12/13	5.60	5.67	5.56	5.59	1268783	29759322.00
2013/12/16	5.61	5.62	5.36	5.36	1723245	39412372.00
2013/12/17	5.36	5.41	5.32	5.35	1060092	23845402.00
2013/12/18	5.35	5.48	5.33	5.44	859078	19577418.00
2013/12/19	5.48	5.48	5.34	5.37	801560	18179400.00
2013/12/20	5.35	5.40	5.15	5.19	1163768	25728112.00
2013/12/23	5.19	5.30	5.14	5.29	774692	17025286.00
2013/12/24	5.25	5.34	5.21	5.26	832933	18457678.00
2013/12/25	5.26	5.43	5.26	5.42	1133594	25531506.00
2013/12/26	5.44	5.46	5.31	5.37	707656	15934890.00
2013/12/27	5.37	5.61	5.37	5.60	1851102	42971816.00
2013/12/30	5.59	5.61	5.53	5.58	930058	21676730.00
2013/12/31	5.54	5.64	5.54	5.60	992875	23279862.00
2014/01/02	5.57	5.69	5.49	5.67	1678714	39422060.00
2014/01/03	5.66	5.66	5.52	5.56	966970	22516624.00
2014/01/06	5.56	5.57	5.38	5.40	1241228	28490796.00
2014/01/07	5.40	5.58	5.36	5.58	1130162	26056108.00
2014/01/08	5.59	5.70	5.57	5.69	2164456	51093532.00
2014/01/09	5.69	5.70	5.58	5.59	1503115	35552352.00
2014/01/10	5.56	5.76	5.50	5.64	2656811	63140252.00
2014/01/13	5.66	5.73	5.48	5.53	1909798	44703732.00
2014/01/14	5.47	5.54	5.29	5.42	1684268	37963084.00
2014/01/15	5.42	5.51	5.37	5.48	1912025	43725016.00
2014/01/16	5.49	6.05	5.44	5.94	7711309	190620144.00
2014/01/17	5.85	5.94	5.80	5.89	3705001	90858080.00
2014/01/20	5.84	5.94	5.76	5.81	2562603	62472536.00
2014/01/21	5.83	6.03	5.83	5.94	2857620	70911008.00
2014/01/22	5.95	6.01	5.90	5.98	2798068	69573152.00
2014/01/23	5.97	6.04	5.91	5.93	2392685	59507036.00
2014/01/24	5.91	6.31	5.90	6.01	5161855	131871992.00
2014/01/27	5.96	6.19	5.91	6.03	3352317	84756592.00
2014/01/28	6.07	6.16	5.91	5.96	2214682	55233292.00
2014/01/29	6.03	6.14	5.92	6.13	2428853	61322296.00
2014/01/30	6.16	6.18	6.01	6.02	1293852	32820532.00
2014/02/07	5.99	6.33	5.93	6.30	3708920	96212368.00
2014/02/10	6.34	6.95	6.34	6.95	8813214	249807344.00
2014/02/11	7.24	7.53	6.78	7.20	16123552	480714816.00
2014/02/12	7.16	7.74	6.94	7.26	9712492	296553536.00
2014/02/13	7.21	7.79	7.19	7.37	8986041	279107968.00
2014/02/14	7.28	7.44	7.18	7.43	4129529	125147272.00
2014/02/17	7.51	7.71	7.24	7.45	6562897	201762352.00
2014/02/18	7.44	7.44	7.08	7.16	8519146	252701360.00
2014/02/19	7.11	7.18	6.96	7.12	4622808	135461552.00
2014/02/20	7.10	7.13	6.74	6.81	5136647	146688224.00
2014/02/21	6.81	6.93	6.74	6.90	3240196	92039144.00
2014/02/24	6.89	6.96	6.69	6.95	3031213	86088184.00
2014/02/25	6.96	7.15	6.23	6.43	8474053	238729632.00
2014/02/26	6.34	7.02	6.34	6.94	9242066	260994992.00
2014/02/27	6.94	7.56	6.94	7.14	10000752	300607808.00
2014/02/28	6.99	7.88	6.96	7.88	10754856	333909568.00
2014/03/03	8.31	8.54	7.86	8.24	10680513	363222048.00
2014/03/04	8.04	9.09	8.04	8.92	13065828	475833312.00
2014/03/05	8.79	8.86	8.45	8.68	8339058	295855680.00
2014/03/06	8.50	8.63	8.09	8.46	7256225	249347840.00
2014/03/07	8.34	9.21	8.28	8.54	6465817	231420528.00
2014/03/10	8.24	8.54	7.93	7.99	5596195	188153136.00
2014/06/09	7.99	7.99	7.16	7.22	8974768	275892640.00
2014/06/10	7.22	7.41	6.92	7.36	5034958	149805104.00
2014/06/11	7.26	7.38	7.19	7.37	3024642	91443144.00
2014/06/12	7.36	7.41	7.19	7.20	2775060	83864304.00
2014/06/13	7.18	7.95	7.15	7.95	8425448	268448480.00
2014/06/16	7.86	7.90	7.66	7.67	6403511	205817376.00
2014/06/17	7.67	7.85	7.49	7.50	4424065	140045552.00
2014/06/18	7.49	7.66	7.45	7.49	2864667	89706912.00
2014/06/19	7.48	7.58	6.91	7.15	3136800	94392128.00
2014/06/20	7.19	7.41	7.07	7.33	1867987	56310364.00
2014/06/23	7.36	8.09	7.35	7.80	6392094	204442560.00
2014/06/24	7.88	8.31	7.80	8.05	5500380	182954640.00
2014/06/25	8.04	8.04	7.71	7.93	3248043	105184000.00
2014/06/26	7.90	8.21	7.82	8.15	3642628	121371376.00
2014/06/27	8.34	8.94	8.20	8.70	7470764	265553024.00
2014/06/30	8.67	8.74	8.43	8.74	3985805	140911568.00
2014/07/01	8.72	9.21	8.64	8.74	7071419	261029600.00
2014/07/02	8.78	8.98	8.59	8.94	4020495	145042784.00
2014/07/03	8.96	9.16	8.79	8.86	3867225	142614368.00
2014/07/04	8.87	9.58	8.57	9.00	14285972	266139200.00
2014/07/07	9.00	9.37	8.92	9.02	9902579	184932768.00
2014/07/08	8.93	9.47	8.72	9.45	15382909	289151904.00
2014/07/09	9.28	9.72	9.21	9.25	14216977	276514432.00
2014/07/10	9.35	9.62	9.15	9.35	9290143	177622320.00
2014/07/11	9.24	9.60	9.18	9.43	7224395	139489072.00
2014/07/14	9.50	10.19	9.37	10.00	15815762	316816576.00
2014/07/15	9.93	9.97	9.53	9.72	11683684	233115856.00
2014/07/16	9.53	9.57	8.73	9.15	15610686	294137440.00
2014/07/17	9.00	9.13	8.85	9.01	5275050	97132152.00
2014/07/18	8.99	9.40	8.93	9.18	6965000	131850848.00
2014/07/21	9.17	9.41	8.98	9.15	4220561	79748728.00
2014/07/22	9.15	9.92	9.15	9.71	14400999	284326080.00
2014/07/23	9.73	9.75	9.42	9.54	8263572	161536320.00
2014/07/24	9.53	9.63	9.03	9.35	5974441	113944104.00
2014/07/25	9.42	9.79	9.36	9.62	6913286	136149472.00
2014/07/28	9.59	9.97	9.56	9.81	10654052	213426912.00
2014/07/29	9.82	10.37	9.61	10.17	14490013	297631936.00
2014/07/30	10.07	11.21	10.00	11.04	18489875	403848256.00
2014/07/31	10.93	11.43	10.68	11.03	13600940	306350944.00
2014/08/01	10.96	11.34	10.72	10.78	9457238	212173728.00
2014/08/04	10.78	11.02	10.67	10.95	7195529	159264720.00
2014/08/05	10.95	11.55	10.85	11.35	10211059	234754368.00
2014/08/06	11.35	11.35	11.03	11.25	6949064	158800224.00
2014/08/07	11.27	11.46	11.08	11.09	7868260	180194128.00
2014/08/08	11.09	11.29	10.83	11.23	7742190	174464336.00
2014/08/11	11.08	11.25	10.92	11.17	7577387	171489120.00
2014/08/12	11.12	11.12	10.87	10.89	8204039	183791088.00
2014/08/13	10.92	10.98	10.53	10.71	6797654	149264896.00
2014/08/14	10.73	10.90	10.68	10.68	4650636	102543032.00
2014/08/15	10.66	10.91	10.58	10.84	3912155	86268296.00
2014/08/18	10.84	11.11	10.83	11.07	6375882	143007120.00
2014/08/19	11.07	11.21	10.91	11.06	7044936	158573536.00
2014/08/20	11.06	11.14	10.91	10.92	4199215	94334984.00
2014/08/21	10.91	11.03	10.19	10.59	6556328	142561328.00
2014/08/22	10.57	10.72	10.43	10.69	5484887	118163232.00
2014/08/25	10.88	11.28	10.87	10.91	8531310	192690688.00
2014/08/26	10.91	11.01	10.17	10.35	8895943	190702304.00
2014/08/27	10.34	10.48	10.28	10.35	3627940	76847976.00
2014/08/28	10.35	10.35	10.02	10.11	4300407	89209696.00
2014/08/29	10.11	10.27	10.07	10.22	2210446	45939756.00
2014/09/01	10.22	10.42	10.18	10.34	4040760	85096224.00
2014/09/02	10.23	10.50	10.03	10.46	6800675	143020064.00
2014/09/03	10.45	10.57	10.36	10.53	6382043	136695296.00
2014/09/04	10.54	10.60	10.38	10.39	6640279	141504880.00
2014/09/05	10.40	10.48	10.27	10.33	6587132	139299920.00
2014/09/09	10.33	10.40	10.26	10.39	5420468	114569984.00
2014/09/10	10.33	10.35	10.17	10.20	6291167	131259904.00
2014/09/11	10.20	10.28	10.04	10.08	6357138	132121704.00
2014/09/12	10.07	10.32	10.02	10.31	5140922	106824424.00
2014/09/15	10.31	10.36	10.12	10.19	4738749	98829056.00
2014/09/16	10.19	10.35	9.73	9.77	7757313	160317728.00
2014/09/17	9.74	9.75	8.87	9.22	17082121	320743840.00
2014/09/18	9.13	9.26	8.97	9.22	6914807	129507336.00
2014/09/19	9.23	9.46	9.18	9.37	6122770	117027448.00
2014/09/22	9.37	9.38	9.08	9.15	5006666	94227336.00
2014/09/23	9.15	9.26	9.15	9.22	3718105	70122392.00
2014/09/24	9.22	9.53	9.12	9.43	7050949	134382448.00
2014/09/25	9.38	9.65	9.38	9.64	8841159	172110736.00
2014/09/26	9.55	9.70	9.48	9.53	6002154	117754488.00
2014/09/29	9.54	9.64	9.48	9.56	4987384	97400168.00
2014/09/30	9.61	9.71	9.58	9.66	5246835	103525960.00
2014/10/08	9.71	9.86	9.63	9.84	7037106	140693680.00
2014/10/09	9.89	10.20	9.89	10.17	12311718	253662272.00
2014/10/10	10.17	10.17	9.90	9.95	7018989	143706272.00
2014/10/13	9.89	9.89	9.61	9.74	5296881	105060720.00
2014/10/14	9.71	9.87	9.68	9.79	5234409	104599424.00
2014/10/15	9.80	9.86	9.59	9.84	7240563	144371856.00
2014/10/16	9.77	10.12	9.64	9.94	14987563	304532992.00
2014/10/17	9.88	9.99	9.58	9.89	10389260	209191392.00
2014/10/20	9.93	10.12	9.79	10.10	12967778	265712608.00
2014/10/21	10.09	10.09	9.68	9.68	8850796	178451280.00
2014/10/22	9.67	9.75	9.17	9.25	11023389	211907584.00
2014/10/23	9.18	9.27	8.87	8.93	7120206	131467760.00
2014/10/24	8.93	8.98	8.82	8.86	4318579	78771816.00
2014/10/27	8.75	8.98	8.75	8.94	2776774	50768072.00
2014/10/28	8.94	9.17	8.94	9.16	4190959	78212952.00
2014/10/29	9.21	9.35	9.08	9.29	6953108	131334344.00
2014/10/30	9.29	9.33	9.15	9.19	4716866	89171672.00
2014/10/31	9.16	9.23	8.98	9.09	4278860	79635816.00
2014/11/03	9.09	9.25	9.07	9.21	5171837	96939888.00
2014/11/04	9.21	9.31	9.14	9.28	6308211	119270008.00
2014/11/06	9.27	9.46	9.17	9.40	9197682	176662896.00
2014/11/07	9.38	9.38	8.98	9.01	8999601	168949504.00
2014/11/10	9.01	9.05	8.77	8.90	7098242	128909160.00
2014/11/11	8.91	8.95	8.58	8.64	6590204	117931656.00
2014/11/12	8.64	8.87	8.61	8.82	4101495	73946072.00
2014/11/13	8.81	8.82	8.54	8.65	5880704	104099816.00
2014/11/14	8.68	9.46	8.67	9.16	15933246	298164512.00
2014/11/17	9.16	9.38	9.03	9.18	9929463	187324096.00
2014/11/18	9.20	9.35	9.12	9.20	6574107	124258032.00
2014/11/19	9.17	9.23	8.98	9.08	5055623	94120432.00
2014/11/20	9.09	9.12	8.98	8.99	3896900	72159096.00
2014/11/21	8.97	9.06	8.96	9.03	3574953	66065932.00
2014/11/24	9.15	9.22	9.05	9.16	6405700	119900248.00
2014/11/25	9.18	9.56	9.08	9.53	14365189	276849280.00
2014/11/26	9.54	9.57	9.31	9.38	9178088	176850672.00
2014/11/27	9.41	10.28	9.41	10.03	24746031	499787040.00
2014/11/28	9.93	10.26	9.82	10.00	18443694	378908768.00
2014/12/01	10.02	10.07	9.74	9.83	8721887	175460240.00
2014/12/02	9.78	9.91	9.73	9.82	8758399	175698384.00
2014/12/03	9.78	10.61	9.57	10.22	23984938	496541984.00
2014/12/04	10.21	10.52	10.03	10.22	20142155	420924608.00
2014/12/05	10.22	10.26	9.28	9.68	17583427	352970592.00
2014/12/08	9.57	9.85	9.38	9.45	18011794	350660896.00
2014/12/09	9.37	9.37	8.71	8.73	19879635	369852256.00
2014/12/10	8.68	9.03	8.64	9.02	9217706	167997856.00
2014/12/11	9.03	9.21	8.90	9.14	7583640	140633824.00
2014/12/12	9.13	9.35	9.04	9.28	8667048	163409888.00
2014/12/15	9.23	9.26	9.10	9.21	6761594	127244328.00
2014/12/16	9.20	9.22	9.03	9.07	6729447	125388752.00
2014/12/17	9.05	9.07	8.79	9.00	8263808	150922960.00
2014/12/18	8.98	9.22	8.86	8.90	8961408	165852672.00
2014/12/19	8.83	8.93	8.70	8.81	6644020	119574664.00
2014/12/22	8.73	8.78	8.32	8.35	8191061	143543184.00
2014/12/23	8.36	8.60	8.36	8.44	3952357	68936664.00
2014/12/24	8.46	8.56	8.43	8.52	3235585	56366792.00
2014/12/25	8.55	8.59	8.46	8.55	3371955	58926952.00
2014/12/26	8.58	8.68	8.52	8.58	4676833	82373280.00
2014/12/29	8.57	8.57	8.21	8.24	7133572	122284880.00
2014/12/30	8.22	8.22	7.58	7.73	12931716	207195296.00
2014/12/31	7.58	7.76	7.03	7.32	16721826	253022400.00
2015/01/05	7.28	7.78	7.24	7.77	12438713	193868048.00
2015/01/06	7.72	7.93	7.61	7.87	9341199	150181024.00
2015/01/07	7.87	8.03	7.73	7.80	7992009	129048264.00
2015/01/08	7.80	7.84	7.57	7.68	5565435	88302040.00
2015/01/09	7.73	7.92	7.69	7.73	7202547	115679760.00
2015/01/12	7.73	8.47	7.55	8.07	16349485	269360192.00
2015/01/13	8.18	8.52	8.10	8.50	18816678	324042592.00
2015/01/14	8.48	8.53	8.24	8.26	11310960	194011312.00
2015/01/15	8.26	8.42	8.13	8.18	6610950	111930600.00
2015/01/16	8.17	8.30	8.08	8.26	5327170	89930080.00
2015/01/19	8.10	8.35	7.67	7.88	9096898	150578592.00
2015/01/20	7.90	8.16	7.90	8.12	7675116	127174256.00
2015/01/21	8.12	8.35	8.08	8.30	9744197	165656928.00
2015/01/22	8.31	8.58	8.28	8.58	15147625	263886272.00
2015/01/23	8.65	8.71	8.39	8.40	11758876	205084000.00
2015/01/26	8.43	8.58	8.38	8.55	8311314	144871680.00
2015/01/27	8.63	8.86	8.50	8.86	19221273	342833216.00
2015/01/28	9.05	9.42	8.88	9.15	34660316	650149504.00
2015/01/29	9.03	9.03	8.79	8.83	13266306	241815024.00
2015/01/30	8.91	9.01	8.62	8.64	9165296	164469328.00
2015/02/02	8.55	8.75	8.40	8.66	6323070	111163712.00
2015/02/03	8.70	8.79	8.66	8.79	6199884	111056288.00
2015/02/04	8.80	8.95	8.78	8.79	8314230	150833392.00
2015/02/05	8.88	8.88	8.60	8.62	8913535	159558624.00
2015/02/06	8.66	8.66	8.25	8.28	7064684	122127912.00
2015/02/09	8.20	8.34	8.08	8.10	4647889	78282512.00
2015/02/10	8.10	8.31	8.10	8.27	3140192	53066628.00
2015/02/11	8.38	8.53	8.34	8.49	6028413	104611720.00
2015/02/12	8.47	8.54	8.40	8.51	5136459	89447208.00
2015/02/13	8.56	8.69	8.47	8.67	9889946	174508416.00
2015/02/16	8.67	9.40	8.67	9.22	28743588	533493408.00
2015/02/17	9.37	10.17	9.26	10.17	42966987	859344640.00
2015/02/25	10.51	10.52	9.70	9.78	38322613	781747136.00
2015/02/26	9.77	10.78	9.68	10.56	55509923	1187911680.00
2015/02/27	10.57	10.74	10.28	10.70	35600961	765346176.00
2015/03/02	10.72	11.50	10.68	11.18	48906667	1101156608.00
2015/03/03	10.89	11.36	10.65	10.70	35488417	797416384.00
2015/03/04	10.70	10.87	10.54	10.63	20053341	437066752.00
2015/03/05	10.61	11.72	10.50	11.55	43379773	991829760.00
2015/03/06	11.38	11.43	10.73	10.78	32727238	733561280.00
2015/03/09	10.68	10.92	10.54	10.73	14963221	326743264.00
2015/03/10	10.78	11.08	10.73	10.85	15405069	342186144.00
2015/03/11	10.78	10.87	10.34	10.43	16493140	356230688.00
2015/03/12	10.51	10.79	10.05	10.74	19457531	412283424.00
2015/03/13	10.67	10.87	10.48	10.78	15540522	339567808.00
2015/03/16	10.78	11.11	10.63	11.01	16989844	380000192.00
2015/03/17	11.03	11.53	10.94	11.12	23949202	548585216.00
2015/03/18	11.13	11.58	10.99	11.42	24709921	570463808.00
2015/03/19	11.43	11.82	11.13	11.32	26583298	623003200.00
2015/03/20	11.25	11.42	10.98	11.22	17778925	406228928.00
2015/03/23	11.28	11.57	11.26	11.39	21102184	488751456.00
2015/03/24	11.66	12.50	11.53	12.41	44823525	1098032000.00
2015/03/25	12.19	12.49	11.92	12.28	29179913	725272448.00
2015/03/26	12.15	12.67	11.78	11.99	30638711	757622528.00
2015/03/27	11.97	12.15	11.83	12.04	13567925	330731424.00
2015/03/30	12.02	12.02	11.79	11.87	16105688	389523232.00
2015/03/31	11.89	12.14	11.79	11.88	16277270	396603488.00
2015/04/01	12.15	12.91	12.15	12.53	32760821	837179328.00
2015/04/02	12.82	13.02	12.30	12.76	37924046	983348800.00
2015/04/03	13.00	13.41	12.76	13.10	32801168	873731520.00
2015/04/07	13.13	13.39	12.79	13.12	25946069	689529408.00
2015/04/08	13.12	13.12	12.38	12.48	25100510	647181120.00
2015/04/09	12.57	12.57	11.68	12.09	20489733	502114336.00
2015/04/10	11.98	12.77	11.88	12.67	19534638	500132832.00
2015/04/13	12.62	12.85	12.38	12.73	19469396	500531552.00
2015/04/14	12.68	12.68	12.18	12.36	17508314	442210976.00
2015/04/15	12.32	12.32	11.72	11.72	13415584	327083456.00
2015/04/16	11.58	12.05	11.43	11.81	10800927	259849328.00
2015/04/17	11.84	12.10	11.84	11.97	13213076	321776640.00
2015/04/20	11.97	11.97	11.51	11.61	14959721	358618400.00
2015/04/21	11.56	12.07	11.51	12.05	13727648	332414816.00
2015/04/22	12.25	12.66	12.24	12.52	19907663	507004288.00
2015/04/23	12.64	13.09	12.54	12.96	29122683	758815616.00
2015/04/24	12.67	12.87	12.38	12.52	19078058	488890720.00
2015/04/27	12.65	12.87	12.23	12.41	17373479	443001440.00
2015/04/28	12.41	12.59	11.84	11.88	15221197	377113376.00
2015/04/29	11.75	12.56	11.75	12.54	17545888	442553184.00
2015/04/30	12.55	12.69	12.10	12.12	12718365	319912320.00
2015/05/04	12.15	12.83	12.14	12.75	23475235	602257728.00
2015/05/05	12.61	12.61	11.90	12.05	14921152	373801344.00
2015/05/06	12.07	12.35	11.53	11.73	11457142	281147904.00
2015/05/07	11.75	11.82	10.98	11.02	11605497	268878144.00
2015/05/08	11.30	11.53	11.11	11.50	10677999	245867424.00
2015/05/11	11.62	11.92	11.57	11.90	12143172	292442208.00
2015/05/12	11.98	12.15	11.76	12.03	16989472	414028512.00
2015/05/20	13.18	13.26	12.33	13.25	40220829	1061644096.00
2015/05/21	13.28	14.23	13.00	13.91	38031176	1057130944.00
2015/05/22	13.91	13.91	13.33	13.60	28318968	781374272.00
2015/05/25	13.40	13.87	13.34	13.76	24873426	691789504.00
2015/05/26	13.80	14.44	13.44	14.27	34201710	973883584.00
2015/05/27	14.32	14.32	13.78	14.08	23541493	670836800.00
2015/05/28	14.08	15.20	13.18	13.33	34353943	1002723008.00
2015/05/29	13.48	14.68	12.77	14.68	46462649	1339940480.00
2015/06/01	15.28	15.88	14.81	15.75	45443889	1436152960.00
2015/06/02	15.73	16.92	15.48	16.25	31573063	1033624896.00
2015/06/03	15.93	16.81	15.59	15.98	26875799	879010624.00
2015/06/04	16.03	17.60	14.91	17.60	35290243	1180604032.00
2015/06/05	18.33	19.17	17.77	17.80	41886397	1548506496.00
2015/06/08	17.83	18.01	16.48	16.91	30074186	1030129920.00
2015/06/09	16.58	17.74	16.48	17.07	18726593	650723520.00
2015/06/10	16.83	17.54	16.59	17.13	17637291	610998912.00
2015/06/11	16.89	17.82	16.68	17.38	19305043	675983168.00
2015/06/12	17.53	18.30	17.20	17.63	21665863	778358912.00
2015/06/15	17.58	17.91	16.20	16.43	21708416	746963264.00
2015/06/16	16.14	16.30	15.10	15.33	18736703	594892480.00
2015/06/17	15.35	16.83	14.91	16.83	15446057	485281024.00
2015/06/18	16.34	16.67	15.39	15.63	14359588	471739872.00
2015/06/19	15.13	15.82	14.05	14.40	14420876	435944800.00
2015/06/23	14.49	14.98	13.34	14.94	12550041	367563968.00
2015/06/24	15.10	15.58	14.79	15.15	16194680	497279040.00
2015/06/25	15.15	15.23	13.88	14.16	14379432	427643968.00
2015/06/26	13.83	13.83	12.72	12.72	14074976	375452512.00
2015/06/29	13.17	13.17	11.43	11.43	17481671	426930080.00
2015/06/30	10.59	12.02	10.27	11.93	24289421	550055296.00
2015/07/01	11.78	12.10	10.72	10.72	18881000	446919008.00
2015/07/02	10.65	10.65	9.63	9.63	21609970	437720992.00
2015/07/03	9.01	9.77	8.65	8.65	20900028	380146240.00
2015/07/06	9.53	9.53	7.77	7.77	28437965	489900160.00
2015/07/20	8.56	8.56	8.56	8.56	390313	6818768.00
2015/07/21	9.44	9.44	9.44	9.44	403183	7749177.50
2015/07/22	10.40	10.40	10.40	10.40	2552448	53958752.00
2015/07/23	11.44	11.45	11.13	11.45	30042285	694523520.00
2015/07/24	11.73	12.02	11.33	11.45	54606276	1293052032.00
2015/07/27	11.23	11.67	10.29	10.29	32430592	733827968.00
2015/07/28	9.76	10.63	9.28	9.91	25588384	514925440.00
2015/07/29	10.18	10.60	9.70	10.56	21710038	446152672.00
2015/07/30	10.52	11.08	10.05	10.27	25663849	559626624.00
2015/07/31	10.18	10.75	9.83	10.19	21189680	447617408.00
2015/08/03	9.98	10.02	9.16	9.24	19415845	375140576.00
2015/08/04	9.28	10.18	9.28	10.18	22395491	448986432.00
2015/08/05	10.16	10.98	10.08	10.53	32095084	690919680.00
2015/08/06	10.33	11.60	10.18	11.60	26878015	613312128.00
2015/08/07	12.33	12.75	11.89	12.30	51778179	1285261568.00
2015/08/10	12.30	13.32	11.99	12.94	46376748	1194671104.00
2015/08/11	12.83	14.25	12.77	13.90	57806527	1631264256.00
2015/08/12	13.83	14.06	13.26	13.40	39882040	1098062592.00
2015/08/13	13.33	14.18	13.22	14.01	38492941	1070022848.00
2015/08/14	14.07	14.17	13.27	13.46	28333450	783827648.00
2015/08/17	13.17	14.26	13.03	13.75	26587273	744082944.00
2015/08/18	13.53	13.68	12.36	12.36	28812375	757795840.00
2015/08/19	11.82	12.77	11.10	12.62	28829506	695911872.00
2015/08/20	12.31	12.50	11.48	11.48	18558960	454894560.00
2015/08/21	11.16	11.47	10.34	10.52	23725895	523085696.00
2015/08/24	10.27	10.27	9.45	9.45	17054839	334644544.00
2015/08/25	8.49	8.97	8.49	8.49	20879491	365396288.00
2015/08/26	8.55	9.30	8.18	8.63	34338323	612492608.00
2015/08/27	9.13	9.51	9.02	9.51	44028273	844418752.00
2015/08/28	10.12	10.38	9.70	10.27	48082750	983947008.00
2015/08/31	9.86	10.67	9.72	10.05	37113816	768074816.00
2015/09/01	9.73	9.82	9.03	9.03	24759402	468422624.00
2015/09/02	8.33	9.72	8.32	8.80	27748314	514352064.00
2015/09/07	8.98	9.70	8.77	9.01	27528423	516674144.00
2015/09/08	9.02	9.93	8.84	9.93	26969172	515708512.00
2015/09/09	10.23	10.94	10.23	10.94	45374786	987216064.00
2015/09/10	10.53	11.27	10.33	10.50	37821782	831709760.00
2015/09/11	10.65	11.07	10.43	10.90	29872503	653977664.00
2015/09/14	10.96	11.07	9.80	9.80	27714647	581382656.00
2015/09/15	9.40	9.58	8.80	8.80	28173648	523576096.00
2015/09/16	9.08	9.70	8.96	9.70	32663882	630656768.00
2015/09/17	10.58	10.69	10.42	10.69	20599260	446110816.00
2015/09/18	11.14	11.78	10.98	11.43	74074577	1718348928.00
2015/09/21	11.02	12.48	10.98	12.38	64948741	1529334272.00
2015/09/22	12.18	12.43	11.79	11.90	49956008	1220780928.00
2015/09/23	11.82	13.11	11.79	13.07	70007632	1822553472.00
2015/09/24	13.07	13.08	12.33	12.62	55554184	1421434880.00
2015/09/25	12.48	12.93	11.66	12.32	48185296	1216764288.00
2015/09/28	12.23	13.03	11.68	12.85	41366812	1057881728.00
2015/09/29	12.58	13.77	12.34	12.82	44295019	1174593280.00
2015/09/30	13.14	13.44	12.17	12.42	33099111	851183424.00
2015/10/08	12.95	13.58	12.63	13.28	38723604	1038941184.00
2015/10/09	13.09	13.51	12.90	13.22	38231766	1025618304.00
2015/10/12	13.22	14.52	13.18	13.64	45770839	1281084672.00
2015/10/13	13.33	14.83	13.29	14.66	44477594	1251384960.00
2015/10/14	14.63	14.78	14.03	14.15	41108639	1196689024.00
2015/10/15	13.99	14.71	13.92	14.49	31314625	910165760.00
2015/10/16	14.93	15.83	14.58	14.71	44064115	1343091200.00
2015/10/19	14.58	15.98	14.16	15.58	49157276	1495349248.00
2015/10/20	15.33	15.35	14.93	15.23	28964316	887918528.00
2015/10/21	15.22	15.58	13.69	13.69	43988413	1287542144.00
2015/10/22	13.65	14.38	13.25	14.27	38660756	1088668544.00
2015/10/23	14.68	15.20	14.16	14.75	39862418	1186043904.00
2015/10/26	14.83	15.80	14.37	15.39	43372857	1337010688.00
2015/10/27	14.88	15.26	13.98	15.02	31331230	931231872.00
2015/10/28	14.83	15.82	14.68	15.29	41225385	1283866368.00
2015/10/29	16.33	16.72	15.12	15.51	37366912	1184524544.00
2015/10/30	15.33	17.08	15.23	16.86	60641822	2025793536.00
2015/11/02	15.93	17.54	15.88	16.18	52553185	1770696704.00
2015/11/03	15.98	17.04	15.88	16.43	38542207	1283676032.00
2015/11/04	16.50	18.09	16.27	18.09	42859273	1505722112.00
2015/11/05	18.58	19.75	18.10	18.35	59518361	2265916160.00
2015/11/06	18.15	19.32	18.08	19.01	43114614	1618032128.00
2015/11/09	18.63	20.92	18.53	20.59	45569882	1827589120.00
2015/11/10	20.33	22.67	20.17	22.67	42909249	1863653376.00
2015/11/11	23.73	24.32	22.62	23.28	50761903	2399183872.00
2015/11/12	22.77	24.08	21.87	22.91	48760717	2249669376.00
2015/11/13	22.55	24.83	21.98	22.74	54606455	2559550720.00
2015/11/16	22.08	23.17	22.08	22.69	26876610	1220587904.00
2015/11/17	23.63	24.57	22.72	22.83	41371100	1963650048.00
2015/11/18	23.23	23.58	21.83	22.33	36037395	1646521088.00
2015/11/19	22.63	24.58	21.83	24.58	52619764	2482545920.00
2015/11/20	25.28	27.05	24.49	25.28	65722691	3396573184.00
2015/11/23	24.83	25.73	22.73	23.05	54842651	2649745920.00
2015/11/24	23.41	24.15	23.00	23.74	30023678	1421936256.00
2015/11/25	23.74	24.06	23.33	23.78	23479205	1122413312.00
2015/11/26	23.68	23.68	22.25	22.66	33477602	1538420992.00
2015/11/27	22.33	23.14	20.94	21.38	27298242	1228682240.00
2015/11/30	21.95	23.53	21.33	23.53	35333693	1601132672.00
2015/12/01	23.52	23.52	21.16	21.87	38645217	1740008320.00
2015/12/02	21.57	23.25	20.83	22.48	32484553	1455088000.00
2015/12/03	22.98	24.74	22.88	24.74	59173545	2879584768.00
2015/12/04	24.53	25.00	23.63	24.58	45600826	2235333120.00
2015/12/07	25.15	27.05	24.34	26.52	50853825	2663936256.00
2015/12/08	26.10	28.92	25.84	28.33	50564856	2766105088.00
2015/12/09	28.33	31.18	27.83	31.18	60992270	3768014080.00
2015/12/10	31.32	32.53	30.23	31.43	64389984	4042953472.00
2015/12/11	30.83	32.02	29.58	29.79	41697307	2584349696.00
2015/12/14	29.17	29.96	27.78	29.35	40295767	2338088448.00
2015/12/15	29.17	31.83	28.98	31.20	42420324	2582104832.00
2015/12/16	30.76	31.20	29.85	30.03	33462595	2054411008.00
2015/12/17	30.21	31.40	29.83	30.32	34922572	2142786432.00
2015/12/18	30.23	32.88	30.15	31.32	48297182	3051182848.00
2015/12/21	30.84	31.21	29.33	29.81	33701515	2031049984.00
2015/12/22	29.83	30.08	29.09	29.90	21101781	1257500928.00
2015/12/23	29.87	30.83	29.26	29.55	27767040	1679832192.00
2015/12/24	29.38	30.08	28.59	29.28	20185117	1187599872.00
2015/12/25	29.49	31.32	29.49	30.23	33844574	2069760128.00
2015/12/28	29.83	30.77	29.32	29.40	22442043	1350158976.00
2015/12/29	29.53	32.32	29.23	31.77	44537722	2776779776.00
2015/12/30	31.75	32.07	30.66	31.43	30132370	1893533824.00
2015/12/31	31.44	33.31	31.00	31.29	37033807	2406573056.00
2016/01/04	31.33	31.33	28.15	28.15	30200471	1752339200.00
2016/01/05	25.32	26.58	25.32	25.36	38122597	1966112768.00
2016/01/06	25.68	26.09	23.85	26.08	35820439	1818113792.00
2016/01/07	25.13	25.13	23.45	23.45	7668038	372185280.00
2016/01/08	23.58	23.69	21.09	22.43	35584294	1624747904.00
2016/01/11	21.08	23.02	20.58	21.31	31506958	1400004736.00
2016/01/12	21.88	22.73	21.23	22.24	32635241	1452790912.00
2016/01/13	22.28	22.58	20.85	21.33	30705328	1348833536.00
2016/01/14	20.08	23.48	19.85	23.48	41116419	1846719744.00
2016/01/15	22.93	24.15	22.83	22.99	44490318	2093987072.00
2016/01/18	22.13	23.58	21.89	23.03	33646106	1536338944.00
2016/01/19	22.95	24.07	22.85	24.03	33971573	1612727936.00
2016/01/20	23.77	25.19	23.59	24.21	35473124	1742201984.00
2016/01/21	23.50	24.42	21.77	21.77	39061743	1801455616.00
2016/01/22	21.67	22.40	20.43	21.77	29086828	1264839936.00
2016/01/25	22.08	22.45	21.08	21.46	22166162	978553280.00
2016/01/26	21.08	21.10	19.29	19.29	27220609	1106513536.00
2016/01/27	19.29	19.58	17.35	18.40	30974094	1132673024.00
2016/01/28	17.98	18.27	16.55	16.55	22037829	774732800.00
2016/01/29	16.38	18.22	16.08	18.22	38304037	1359925504.00
2016/02/01	18.32	18.92	17.13	17.83	40137657	1475862400.00
2016/02/02	17.93	19.08	17.64	18.33	28417187	1059807552.00
2016/02/03	17.90	19.62	17.87	19.36	31826812	1200305408.00
2016/02/04	19.50	21.31	19.23	21.31	40750942	1652644608.00
2016/02/05	22.48	22.73	21.13	21.28	42639383	1891569920.00
2016/02/15	20.60	22.72	20.34	22.21	34350324	1492965760.00
2016/02/16	22.13	22.93	21.70	22.64	36529380	1645457920.00
2016/02/17	22.47	22.82	21.85	22.44	27378541	1231116928.00
2016/02/18	22.65	23.44	22.08	22.12	28462981	1304507264.00
2016/02/19	22.13	22.55	21.60	22.13	20936853	931217600.00
2016/02/22	22.38	23.58	21.95	23.25	36309803	1673435392.00
2016/02/23	23.23	23.25	21.68	22.22	33401258	1504295680.00
2016/02/24	21.83	22.38	21.58	22.17	21245286	942689728.00
2016/02/25	22.73	22.98	19.93	20.17	36143522	1581987584.00
2016/02/26	20.40	20.56	18.88	19.76	24346328	979207168.00
2016/02/29	19.57	19.57	17.77	17.77	25472407	927632896.00
2016/03/01	17.78	18.57	17.03	18.34	23987668	865154816.00
2016/03/02	18.23	19.73	17.93	19.31	26272295	996626432.00
2016/03/03	19.08	20.06	19.04	19.18	25960344	1022650688.00
2016/03/04	19.22	19.58	17.58	17.80	23791698	884161408.00
2016/03/07	18.23	18.65	17.98	18.25	15082704	558114624.00
2016/03/08	18.32	19.83	17.03	19.37	34389663	1301673600.00
2016/03/09	18.69	19.60	18.47	18.58	23763210	910658944.00
2016/03/10	18.73	19.43	18.33	18.86	23794380	910807424.00
2016/03/11	18.38	18.90	18.08	18.42	17333503	648170944.00
2016/03/14	18.92	20.25	18.92	19.85	33337289	1328735872.00
2016/03/15	19.68	21.12	19.53	20.00	40624159	1673188736.00
2016/03/16	20.43	20.91	19.75	20.43	34297368	1409570048.00
2016/03/17	20.59	22.49	20.43	22.49	49135617	2139948288.00
2016/03/18	22.46	23.46	22.18	22.82	54555539	2495495168.00
2016/03/21	23.11	23.30	22.36	23.24	40285857	1856474624.00
2016/03/23	22.63	22.73	21.89	22.56	37658090	1694033792.00
2016/03/24	22.18	24.24	21.83	23.11	44371917	2072623872.00
2016/03/25	23.38	23.55	22.26	22.68	31301970	1437264000.00
2016/03/28	23.28	24.73	23.09	23.67	48021748	2304984576.00
2016/03/29	23.38	23.90	22.58	23.13	29626730	1382851712.00
2016/03/30	23.43	25.46	23.43	25.46	47353829	2342231552.00
2016/03/31	26.17	26.50	25.28	25.45	52069827	2704740096.00
2016/04/01	25.31	26.07	24.77	26.02	33615903	1715120384.00
2016/04/05	26.58	27.64	26.16	26.69	38984219	2107243264.00
2016/04/06	26.18	28.82	26.08	27.99	40845419	2235750400.00
2016/04/07	27.83	30.13	27.53	28.83	49529114	2871529984.00
2016/04/08	28.54	29.43	28.24	29.19	38812926	2244869376.00
2016/04/11	30.07	30.07	28.60	29.50	38190568	2257379840.00
2016/04/12	28.98	29.23	26.58	27.22	43856801	2457834752.00
2016/04/13	27.29	28.17	27.25	27.35	31752567	1771773184.00
2016/04/14	27.44	28.12	27.08	27.70	24899215	1383886848.00
2016/04/15	27.61	27.82	26.73	27.57	25654045	1409615744.00
2016/04/18	27.16	29.83	27.10	29.08	47023412	2704305152.00
2016/04/19	28.88	30.18	28.88	29.48	39666310	2358560256.00
2016/04/20	29.58	31.27	28.70	30.40	66499539	4036343552.00
2016/04/21	29.80	30.09	27.48	27.65	46016630	2672189184.00
2016/04/22	27.22	29.78	26.84	29.52	43133273	2456642560.00
2016/04/25	29.18	29.77	27.62	28.74	33907097	1970773376.00
2016/04/26	28.33	30.26	28.28	29.43	40866940	2435348480.00
2016/04/27	29.53	30.88	29.33	29.60	41615051	2525505792.00
2016/04/28	29.73	30.76	28.31	30.33	44242130	2622853632.00
2016/04/29	29.90	31.60	29.87	30.94	47163107	2929605376.00
2016/05/03	30.98	33.48	30.45	33.07	48967829	3159321600.00
2016/05/04	32.87	34.37	32.74	33.16	47759534	3213181184.00
2016/05/05	32.83	34.83	32.73	34.48	41704369	2817142784.00
2016/05/06	34.29	36.22	33.58	33.63	59907930	4197353216.00
2016/05/09	33.32	34.13	31.03	32.86	44332170	2927372800.00
2016/05/10	32.53	32.53	30.20	31.08	35270258	2230512896.00
2016/05/11	31.59	32.46	30.83	30.99	32710314	2084761984.00
2016/05/12	30.33	34.01	29.97	33.72	52649488	3408936448.00
2016/05/13	33.29	35.41	32.84	34.34	55043975	3798378496.00
2016/05/16	34.05	35.60	33.65	35.06	45010552	3145796864.00
2016/05/17	34.98	37.48	34.79	35.06	55038387	3965371648.00
2016/05/18	34.08	34.78	32.43	33.73	41985521	2839433472.00
2016/05/19	33.84	35.62	33.44	34.97	45511509	3179333632.00
2016/05/20	35.27	36.47	33.41	34.23	48576957	3419476992.00
2016/05/23	34.73	35.32	33.43	35.00	37422439	2588874752.00
2016/05/24	34.60	35.00	33.33	33.94	32263463	2217831680.00
2016/05/25	34.02	34.49	31.93	32.40	35070906	2348999680.00
2016/05/26	32.40	32.58	30.73	32.44	30920266	1966446976.00
2016/05/27	32.09	32.72	30.18	30.63	28788984	1814004352.00
2016/05/30	29.99	30.92	29.92	30.47	19090469	1173244032.00
2016/05/31	30.76	31.97	30.59	31.83	25246212	1603223552.00
2016/06/01	31.85	34.07	31.68	32.64	36616790	2425034496.00
2016/06/02	32.40	33.15	32.03	32.44	22813872	1490467584.00
2016/06/03	32.58	33.52	32.34	32.89	26740674	1771336064.00
2016/06/06	32.98	33.33	32.53	33.24	23136292	1531272704.00
2016/06/07	33.33	33.42	32.59	32.83	20724126	1371452672.00
2016/06/08	32.58	35.93	32.48	34.86	49592229	3413371904.00
2016/06/13	34.20	34.67	32.43	32.43	35395946	2395872256.00
2016/06/14	32.07	33.07	31.64	31.98	21602880	1397460224.00
2016/06/15	31.35	35.17	31.34	34.02	38488075	2617606912.00
2016/06/16	34.08	36.01	33.85	34.89	47365818	3333451520.00
2016/06/17	34.68	35.10	33.84	34.50	29164485	2015575808.00
2016/06/20	35.07	35.70	34.33	35.58	36910800	2599493632.00
2016/06/21	36.23	36.59	33.84	34.09	38792096	2752640512.00
2016/06/22	33.58	34.32	33.03	34.32	22079366	1494013952.00
2016/06/23	33.85	34.10	33.18	33.26	19484579	1310557184.00
2016/06/24	33.30	33.89	30.70	32.10	47729606	1565467520.00
2016/06/27	31.70	32.48	31.20	32.35	44200259	1410638080.00
2016/06/28	32.05	32.14	31.26	31.70	36015851	1143705344.00
2016/06/29	31.93	34.80	31.93	34.30	91346126	3086449408.00
2016/06/30	33.85	34.08	32.60	33.35	58505568	1953708160.00
2016/07/01	33.50	34.03	33.12	33.36	42453717	1432607616.00
2016/07/04	32.80	34.55	32.50	34.05	49526732	1680617984.00
2016/07/05	34.20	35.39	33.54	34.57	70563135	2433332736.00
2016/07/06	34.09	35.07	33.75	34.13	51016406	1754595456.00
2016/07/07	34.55	37.55	34.44	37.55	131471917	4761661952.00
2016/07/08	38.45	39.70	37.27	37.29	139207262	5335873536.00
2016/07/12	35.90	36.18	33.90	35.60	88472492	3137308160.00
2016/07/13	35.97	36.59	35.25	35.83	56707502	2041584384.00
2016/07/14	35.90	37.22	35.28	36.97	60180034	2195120896.00
2016/07/15	36.59	39.50	36.43	38.60	85850785	3291422976.00
2016/07/18	37.90	39.68	37.61	38.60	68799967	2676047872.00
2016/07/19	38.41	39.50	37.45	38.21	52995152	2037225728.00
2016/07/20	38.10	38.33	37.48	37.77	33403456	1267911680.00
2016/07/21	37.51	38.88	36.78	38.57	61058274	2320576000.00
2016/07/22	38.10	38.35	36.29	36.53	58218196	2174395648.00
2016/07/25	35.88	35.89	34.20	34.85	48382999	1703868928.00
2016/07/26	34.90	35.78	34.90	35.35	27798891	985163968.00
2016/07/27	35.38	35.85	32.51	33.99	42747052	1467228800.00
2016/07/28	33.50	34.69	33.32	34.24	30832539	1053867264.00
2016/07/29	34.22	34.48	33.23	33.62	23716922	804975104.00
2016/08/01	33.30	33.37	32.05	32.87	26482794	865882880.00
2016/08/02	32.85	33.18	32.41	32.91	18280365	601973504.00
2016/08/03	32.91	33.32	32.66	32.88	18947229	626509504.00
2016/08/04	32.97	34.03	32.36	33.43	35327965	1181853184.00
2016/08/05	33.00	33.22	32.72	32.76	21315827	704149568.00
2016/08/08	32.60	32.65	31.93	32.61	18649112	604284800.00
2016/08/09	32.58	33.20	32.47	33.02	19805822	654566336.00
2016/08/10	33.13	34.09	32.93	33.21	28743486	964027200.00
2016/08/11	33.00	33.09	32.13	32.14	23191296	756252608.00
2016/08/12	31.99	32.54	31.99	32.36	13663764	442620160.00
2016/08/15	32.37	33.40	32.09	33.06	28486278	940575104.00
2016/08/16	32.91	34.28	32.90	34.02	40778555	1385516416.00
2016/08/17	33.80	33.96	33.39	33.57	22607146	762037248.00
2016/08/18	33.57	34.17	33.30	33.36	21438520	723206656.00
2016/08/19	33.55	33.67	33.03	33.58	16435920	550519104.00
2016/08/22	33.70	34.19	33.52	33.72	24307611	825196096.00
2016/08/23	33.94	34.03	32.60	33.10	22575204	751234688.00
2016/08/24	32.99	33.42	32.90	33.15	16360086	544466816.00
2016/08/25	33.15	33.30	32.54	32.98	16738620	552628096.00
2016/08/26	33.14	33.37	32.81	32.85	13558383	449884704.00
2016/08/29	32.75	32.89	32.21	32.38	14079735	458960768.00
2016/08/30	32.31	32.87	32.31	32.42	10121644	330484896.00
2016/08/31	32.47	32.99	32.33	32.82	15491591	508905344.00
2016/09/01	32.70	32.78	32.31	32.33	12016125	391606720.00
2016/09/02	32.35	32.60	31.54	31.70	14798928	475164928.00
2016/09/05	31.75	31.95	31.54	31.58	10035493	319218368.00
2016/09/06	31.63	33.40	31.40	32.84	28807093	937054848.00
2016/09/07	32.80	32.80	32.01	32.12	18107997	589191040.00
2016/09/08	32.28	33.16	32.15	32.71	25338607	833002368.00
2016/09/09	32.80	33.09	32.16	32.22	17990698	587125248.00
2016/09/12	31.25	31.55	29.90	30.35	24086397	744784128.00
2016/09/13	30.36	30.78	29.78	30.02	16760386	504534624.00
2016/09/14	29.89	29.89	28.78	29.04	20982777	611700544.00
2016/09/19	29.05	30.20	29.05	29.73	18617755	556720640.00
2016/09/20	29.72	30.60	29.14	30.10	18956350	568550976.00
2016/09/21	29.86	30.44	29.80	29.90	10125270	305683808.00
2016/09/22	30.12	30.28	29.70	29.74	9708315	291891008.00
2016/09/23	29.79	29.89	29.30	29.31	9720111	287494528.00
2016/09/26	29.02	29.25	27.80	27.83	17485382	500154432.00
2016/09/27	27.80	28.38	27.68	28.10	15289260	431138240.00
2016/09/28	28.12	28.75	28.09	28.36	14304559	407587744.00
2016/09/29	28.32	28.48	28.04	28.08	8710655	246353536.00
2016/09/30	28.01	29.13	28.01	28.73	14062777	404235136.00
2016/10/10	28.80	29.38	28.80	29.31	14169444	415320992.00
2016/10/11	29.39	29.79	29.00	29.22	12611158	371450336.00
2016/10/12	29.13	29.48	28.85	29.22	8293434	242784736.00
2016/10/13	29.15	29.36	28.95	29.06	8667743	253504464.00
2016/10/14	29.11	29.25	28.78	29.07	9284160	270221632.00
2016/10/17	29.11	30.24	29.05	29.74	29817642	892311744.00
2016/10/18	29.60	31.80	29.50	31.53	43737460	1363793792.00
2016/10/19	31.59	31.59	30.75	31.13	26101448	816245376.00
2016/10/20	31.15	32.20	30.90	31.52	30554395	973620992.00
2016/10/21	31.33	31.50	30.41	30.93	20114122	624104000.00
2016/10/24	31.13	31.28	30.90	31.09	13034499	406424256.00
2016/10/25	31.28	31.77	31.11	31.24	17972727	565209536.00
2016/10/26	31.13	31.70	30.61	31.41	20840017	649651520.00
2016/10/27	31.51	32.39	31.30	31.89	29633774	951290112.00
2016/10/28	31.89	31.90	31.31	31.35	16950465	536314368.00
2016/10/31	31.08	32.22	30.92	32.07	26729912	854709824.00
2016/11/01	31.91	32.38	31.62	32.09	21530588	689993600.00
2016/11/02	31.94	32.05	31.31	31.38	20287755	644628288.00
2016/11/03	31.14	31.85	31.06	31.16	16928457	532354592.00
2016/11/04	31.30	31.40	30.42	30.54	18141247	561088256.00
2016/11/07	30.30	31.09	30.20	30.57	11124610	342735808.00
2016/11/08	30.79	31.07	30.40	30.57	9316989	286115264.00
2016/11/09	30.53	30.69	29.50	29.86	17188927	517150304.00
2016/11/10	30.15	30.48	29.96	30.08	12382376	375120128.00
2016/11/11	30.10	31.06	29.70	30.85	24372543	745607808.00
2016/11/14	30.59	30.76	30.25	30.40	15403992	470582528.00
2016/11/15	30.26	30.48	30.07	30.32	9888827	299738784.00
2016/11/16	30.39	30.83	30.39	30.45	13629633	418365280.00
2016/11/17	30.44	30.44	29.84	29.97	11533853	346971776.00
2016/11/18	30.00	30.08	29.68	29.69	10089547	301428800.00
2016/11/21	29.66	29.80	29.35	29.55	9211280	272890720.00
2016/11/22	29.56	30.16	29.51	30.15	15111956	453667040.00
2016/11/23	30.40	30.85	30.05	30.09	18359238	561238976.00
2016/11/24	30.08	30.08	29.56	29.68	11398330	340135232.00
2016/11/25	29.79	30.17	28.90	29.99	15489991	459467936.00
2016/11/28	29.99	30.28	29.60	29.86	12951141	388954400.00
2016/11/29	29.80	29.90	29.30	29.30	10965462	325585504.00
2016/11/30	29.20	29.86	29.11	29.40	8921532	264609792.00
2016/12/01	29.56	29.70	29.20	29.30	7514626	221145040.00
2016/12/02	29.40	29.49	28.91	28.94	9118135	266659952.00
2016/12/05	28.71	29.40	28.58	28.95	7044771	205810384.00
2016/12/06	29.10	30.59	28.94	30.25	21839940	655457600.00
2016/12/07	29.87	30.54	29.80	30.16	17694428	535955264.00
2016/12/08	30.19	30.78	29.96	30.47	22954037	701072064.00
2016/12/09	30.60	30.99	30.11	30.22	18157045	556954752.00
2016/12/12	29.90	30.09	28.90	29.16	21493761	634835840.00
2016/12/13	28.97	29.48	28.91	28.96	10874164	318249216.00
2016/12/14	28.90	29.18	27.64	28.30	17748977	504467264.00
2016/12/15	28.02	28.80	28.00	28.43	10481518	298195648.00
2016/12/16	28.30	28.80	28.26	28.46	8071807	230845344.00
2016/12/19	28.35	28.57	27.94	28.01	7900621	223385744.00
2016/12/20	28.05	28.48	27.97	28.13	7370857	208782032.00
2016/12/21	28.15	28.35	28.01	28.21	6393024	180614080.00
2016/12/22	28.23	28.29	27.98	28.03	5589321	157477904.00
2016/12/23	28.08	28.16	27.07	27.12	10885243	300826880.00
2016/12/26	27.10	27.70	26.26	27.55	12261989	330835456.00
2016/12/27	27.46	27.69	27.03	27.58	6867342	188718192.00
2016/12/28	27.48	27.88	27.26	27.52	8048425	222820368.00
2016/12/29	27.09	27.35	26.75	26.78	7719478	209791744.00
2016/12/30	26.90	27.04	26.33	26.41	6603702	176159392.00
2017/01/03	26.36	26.85	26.36	26.44	6388227	170192112.00
2017/01/04	26.53	28.73	26.43	28.17	28263529	789518464.00
2017/01/05	27.95	28.35	27.81	28.05	14844820	418047072.00
2017/01/06	27.84	28.05	27.21	27.29	13127933	363401984.00
2017/01/09	27.21	28.32	27.11	27.62	18418656	513837120.00
2017/01/10	27.48	27.64	27.08	27.16	10632545	290990688.00
2017/01/11	27.19	27.50	26.94	27.30	8596969	235116112.00
2017/01/12	27.29	27.77	27.13	27.54	12675339	350218656.00
2017/01/13	27.65	27.65	26.93	27.01	8588226	234865088.00
2017/01/16	26.81	26.98	24.30	25.48	13557041	351740640.00
2017/01/17	25.48	25.82	25.00	25.71	8036756	205716912.00
2017/01/18	25.92	26.37	25.57	25.62	7875552	204831504.00
2017/01/19	25.50	25.90	25.15	25.44	6793561	174512448.00
2017/01/20	25.42	25.96	25.42	25.75	8504632	219790864.00
2017/01/23	25.83	26.16	25.75	25.80	6839023	178078912.00
2017/01/24	25.75	26.00	25.69	25.84	5150890	133629968.00
2017/01/25	25.75	25.96	25.63	25.73	5860470	151607920.00
2017/01/26	25.86	26.02	25.74	26.02	6169934	160667504.00
2017/02/03	26.10	26.26	25.70	25.79	4329971	112368952.00
2017/02/06	25.70	26.06	25.60	26.00	6433381	167193344.00
2017/02/07	25.90	26.04	25.43	25.63	9222429	238031728.00
2017/02/08	25.79	26.09	25.69	26.02	10539540	274598144.00
2017/02/09	26.03	27.59	25.88	26.72	18738272	502802464.00
2017/02/10	26.72	26.98	26.30	26.70	12048787	321613696.00
2017/02/13	26.62	27.09	26.55	26.92	10164062	274275872.00
2017/02/14	26.92	27.05	26.71	26.96	7795865	210199024.00
2017/02/15	26.96	26.96	26.23	26.28	10492505	279670400.00
2017/02/16	26.22	26.78	26.18	26.49	9730363	258896448.00
2017/02/17	26.49	26.49	26.01	26.05	8978937	236207392.00
2017/02/20	26.06	26.35	25.88	26.23	7032817	184335664.00
2017/02/21	26.38	26.84	26.28	26.78	14861625	397836896.00
2017/02/22	26.80	28.28	26.64	27.36	28804183	793511552.00
2017/02/23	27.20	29.18	27.10	28.79	46771988	1330971648.00
2017/02/24	28.54	29.00	28.30	28.54	26991916	773904192.00
2017/02/27	28.78	29.40	28.40	28.49	22372677	648490688.00
2017/02/28	28.49	29.12	28.34	28.60	21891871	630585216.00
2017/03/01	28.48	28.68	27.87	28.46	22708674	643153152.00
2017/03/02	28.55	29.38	28.24	28.95	31153059	903930752.00
2017/03/03	28.78	31.86	28.76	31.66	77993687	2419261952.00
2017/03/06	31.97	33.82	31.97	32.76	81962240	2707485440.00
2017/03/07	33.20	34.84	32.56	33.06	61492110	2071957376.00
2017/03/08	33.00	34.40	32.59	34.06	60498122	2049240320.00
2017/03/09	33.68	34.70	33.28	34.07	46025790	1569832960.00
2017/03/10	34.25	37.49	34.25	37.38	94289250	3435033856.00
2017/03/13	37.44	38.10	36.46	37.60	70572844	2635050240.00
2017/03/14	37.31	37.68	36.00	36.60	67860374	2491817216.00
2017/03/15	36.50	37.86	36.22	37.05	58167565	2163890432.00
2017/03/16	37.28	37.56	36.24	37.25	48336438	1791453184.00
2017/03/17	37.10	37.63	36.30	36.35	41222788	1527253632.00
2017/03/20	36.56	37.26	35.99	37.08	38363074	1412773504.00
2017/03/21	36.94	36.98	35.76	36.11	34506790	1253744128.00
2017/03/22	35.87	36.46	35.68	36.13	25716534	930786304.00
2017/03/23	36.00	37.14	35.68	36.29	48406909	1773511680.00
2017/03/24	36.23	36.40	35.03	35.31	35329918	1256685440.00
2017/03/27	35.31	36.10	34.90	35.67	30685067	1093379328.00
2017/03/28	35.53	38.71	35.21	38.00	72284766	2729494528.00
2017/03/29	37.87	40.49	37.68	39.34	70251940	2755430400.00
2017/03/30	39.34	39.87	38.33	39.52	45316006	1773544192.00
2017/03/31	39.52	42.90	38.70	41.23	61183684	2508753152.00
2017/04/05	40.93	44.90	40.93	44.70	57568486	2522577920.00
2017/04/06	44.74	44.85	42.90	43.74	48248907	2107133952.00
2017/04/07	44.10	44.69	42.73	42.92	36223466	1580879616.00
2017/04/10	42.88	43.90	41.65	42.72	36573590	1577810304.00
2017/04/11	42.90	44.07	38.95	41.99	47684021	2015592064.00
2017/04/12	41.01	43.56	40.51	42.29	32209081	1367233152.00
2017/04/13	41.95	44.78	41.71	44.65	39300358	1714885376.00
2017/04/14	44.41	45.08	42.10	42.75	30534588	1332433664.00
2017/04/17	41.90	44.00	41.58	42.78	26576931	1141980672.00
2017/04/18	42.60	43.08	41.17	41.30	21223930	891048832.00
2017/04/19	40.78	41.66	39.21	41.27	25608836	1036464256.00
2017/04/20	41.28	41.45	39.49	39.70	21527454	869591040.00
2017/04/21	39.70	41.40	39.50	40.00	22524766	917486592.00
2017/04/24	39.10	39.30	36.67	36.80	27549142	1052147584.00
2017/04/25	36.97	38.23	36.92	37.40	21336881	802554880.00
2017/04/26	37.58	41.15	37.58	41.15	38975589	1561201408.00
2017/04/27	41.50	43.07	40.52	42.50	42845025	1797970432.00
2017/04/28	42.40	42.93	41.71	42.06	24451114	1035999424.00
2017/05/02	42.02	44.66	41.90	43.89	31616632	1383699840.00
2017/05/03	44.23	45.35	42.95	43.95	33004466	1461639040.00
2017/05/04	43.50	43.68	42.05	42.26	29327501	1257570304.00
2017/05/05	42.30	43.23	41.41	41.70	24655463	1046594176.00
2017/05/08	41.74	43.30	41.50	42.21	28622466	1217321600.00
2017/05/09	41.50	42.17	39.78	42.00	27553938	1133816320.00
2017/05/10	42.40	42.85	39.62	39.73	31822555	1304829952.00
2017/05/11	39.60	41.63	39.20	41.60	26424438	1071218496.00
2017/05/12	41.56	42.10	40.40	41.10	20349871	840342080.00
2017/05/15	40.85	41.52	39.53	40.80	23865231	969536256.00
2017/05/16	40.91	44.89	40.30	44.89	57434772	2481970432.00
2017/05/17	45.45	45.80	44.34	44.89	47785971	2158379008.00
2017/05/18	44.45	45.25	43.45	44.15	37696965	1670699776.00
2017/05/19	44.79	45.57	40.80	41.92	63521005	2736996608.00
2017/05/22	40.56	42.35	39.81	41.36	32656500	1345848192.00
2017/05/23	41.20	43.34	41.00	41.69	34570762	1467353984.00
2017/05/24	40.90	43.18	40.00	42.88	31603381	1345310720.00
2017/05/25	42.89	43.30	41.40	42.82	30092130	1278506496.00
2017/05/26	42.87	44.09	41.80	42.40	27535583	1184265984.00
2017/05/31	43.10	43.34	41.06	41.51	24534219	1028606464.00
2017/06/01	41.33	42.00	38.50	39.17	36231500	1448704128.00
2017/06/02	39.05	39.83	37.70	39.30	22107500	858297792.00
2017/06/05	39.44	40.35	38.85	39.67	22793800	909787456.00
2017/06/06	39.26	39.26	36.34	37.21	46604200	1755842304.00
2017/06/07	37.41	38.68	37.41	38.25	32717600	1251340416.00
2017/06/08	38.40	39.77	38.30	38.63	30560000	1198148864.00
2017/06/09	39.00	39.70	38.32	39.42	20913200	817537280.00
2017/06/12	38.90	39.38	38.40	38.55	15076032	586191424.00
2017/06/13	38.28	42.40	38.21	41.89	53380364	2182945024.00
2017/06/14	41.95	43.55	41.26	41.95	49224376	2092694400.00
2017/06/15	41.99	42.76	41.52	42.65	30650343	1296929920.00
2017/06/16	42.90	44.28	42.40	42.99	38999722	1691377152.00
2017/06/19	42.88	43.35	42.10	42.52	22945500	980820992.00
2017/06/20	43.15	45.79	43.15	44.45	49852649	2224870656.00
2017/06/21	44.01	44.55	43.34	43.90	26616500	1169936000.00
2017/06/22	43.78	45.56	42.54	42.82	40400700	1794025856.00
2017/06/23	42.59	43.70	41.54	43.58	34604900	1476907776.00
2017/06/26	43.95	47.20	43.39	46.83	61860700	2809634304.00
2017/06/27	46.50	46.60	45.41	46.00	37773300	1740077056.00
2017/06/28	45.97	46.58	45.35	46.58	31420007	1449731328.00
2017/06/29	46.50	47.40	45.91	46.12	32936400	1536386816.00
2017/06/30	45.40	46.82	44.85	46.15	31511600	1440230144.00
2017/07/03	46.18	46.80	45.20	46.60	25519100	1178741632.00
2017/07/04	46.20	48.23	45.99	45.99	38292500	1811867264.00
2017/07/05	45.58	49.37	45.41	48.60	48562600	2323457280.00
2017/07/06	48.40	50.89	48.21	48.96	53934000	2672524800.00
2017/07/07	49.48	51.17	48.61	50.80	39813100	1991633792.00
2017/07/10	50.50	51.23	49.37	50.18	32305300	1626373376.00
2017/07/11	49.77	50.60	48.54	48.73	25333400	1256684288.00
2017/07/12	49.05	51.69	49.05	51.69	38969200	1966983808.00
2017/07/13	51.69	52.32	50.53	51.19	29362300	1505492224.00
2017/07/14	51.15	52.97	50.28	51.60	30482600	1585886592.00
2017/07/17	52.20	54.30	49.57	52.12	44929900	2366927872.00
2017/07/18	51.40	52.99	50.98	52.99	26459400	1376844160.00
2017/07/19	52.79	55.48	52.25	54.72	32375200	1740411008.00
2017/07/20	54.10	60.00	54.10	58.22	40207300	2302902784.00
2017/07/21	57.70	63.89	57.62	63.70	46748228	2857611264.00
2017/07/24	63.71	63.89	59.61	61.20	51707100	3191398144.00
2017/07/25	60.48	62.19	59.50	61.98	40738500	2474770944.00
2017/07/26	62.52	62.62	59.60	62.00	36043700	2219574272.00
2017/07/27	60.97	61.25	57.85	60.18	37885400	2273237760.00
2017/07/28	59.60	66.00	59.60	65.50	46871200	2973326336.00
2017/07/31	65.41	68.20	64.00	67.11	40053600	2651780096.00
2017/08/01	66.59	70.25	66.03	67.79	33159600	2256045824.00
2017/08/02	69.10	70.64	67.80	68.76	40567500	2805392640.00
2017/08/03	67.78	69.66	67.50	67.98	21033100	1436588800.00
2017/08/04	67.70	68.27	62.88	63.54	40257100	2645756928.00
2017/08/07	63.15	65.11	62.79	64.37	25275500	1616756992.00
2017/08/08	64.00	65.97	62.39	62.66	24609900	1580923776.00
2017/08/09	62.31	64.65	61.76	64.19	22044400	1402294528.00
2017/08/10	64.40	65.51	63.12	63.85	22848100	1469592960.00
2017/08/11	63.90	64.79	59.02	62.10	33623300	2092457472.00
2017/08/14	62.30	68.31	62.30	68.31	43213300	2859899648.00
2017/08/15	68.29	70.45	67.82	69.51	35577400	2457772288.00
2017/08/16	69.00	69.93	67.00	68.38	26531000	1810684288.00
2017/08/17	69.03	70.15	66.40	68.29	27577600	1881316736.00
2017/08/18	66.88	67.73	65.16	65.95	21476800	1425371776.00
2017/08/21	66.01	67.27	65.40	66.50	17315600	1151400576.00
2017/08/22	66.50	71.76	65.78	70.49	41862700	2917871616.00
2017/08/24	72.20	73.28	68.50	70.14	34637700	2446172672.00
数据来源:通达信
