002456 欧菲光 日线 前复权
      日期	    开盘	    最高	    最低	    收盘	    成交量	    成交额
2010/08/03	2.12	2.21	2.05	2.14	16558813	756777728.00
2010/08/04	2.24	2.35	2.20	2.28	11094480	542041472.00
2010/08/05	2.25	2.30	2.22	2.28	6776008	330006464.00
2010/08/06	2.32	2.45	2.32	2.35	6906679	352389088.00
2010/08/09	2.36	2.50	2.36	2.48	6001266	314934528.00
2010/08/10	2.56	2.71	2.52	2.61	5254305	292879776.00
2010/08/11	2.55	2.68	2.53	2.64	4405775	244787216.00
2010/08/12	2.60	2.61	2.37	2.42	5203617	278529760.00
2010/08/13	2.42	2.48	2.34	2.46	3431365	178400768.00
2010/08/16	2.45	2.52	2.41	2.50	2850020	151623776.00
2010/08/17	2.48	2.63	2.48	2.60	3014515	164976464.00
2010/08/18	2.58	2.60	2.50	2.54	2997820	163149840.00
2010/08/19	2.54	2.63	2.54	2.55	2076432	114412056.00
2010/08/20	2.50	2.56	2.40	2.45	2488116	131998160.00
2010/08/23	2.42	2.46	2.35	2.36	1795215	92245768.00
2010/08/24	2.36	2.49	2.35	2.44	1558792	81593040.00
2010/08/25	2.36	2.42	2.36	2.36	1250303	63895656.00
2010/08/26	2.38	2.43	2.32	2.43	1313745	67498272.00
2010/08/27	2.42	2.46	2.37	2.46	1494673	77638840.00
2010/08/30	2.46	2.56	2.45	2.55	1537195	83282176.00
2010/08/31	2.52	2.75	2.47	2.70	2504447	138485648.00
2010/09/01	2.68	2.79	2.60	2.65	2445863	139756272.00
2010/09/02	2.68	2.81	2.63	2.77	2491121	145772160.00
2010/09/03	2.77	2.80	2.71	2.76	1402506	82343712.00
2010/09/06	2.76	2.79	2.58	2.61	1653918	93300920.00
2010/09/07	2.59	2.68	2.56	2.66	959706	53817852.00
2010/09/08	2.65	2.65	2.57	2.60	1039764	57830848.00
2010/09/09	2.59	2.62	2.55	2.55	929211	51142384.00
2010/09/10	2.52	2.59	2.45	2.58	1118240	60145116.00
2010/09/13	2.57	2.62	2.54	2.60	798399	44257780.00
2010/09/14	2.62	2.64	2.59	2.62	706693	39556988.00
2010/09/15	2.63	2.63	2.47	2.48	843962	46056692.00
2010/09/16	2.47	2.51	2.42	2.48	541498	28511660.00
2010/09/17	2.47	2.59	2.45	2.51	816403	44108068.00
2010/09/20	2.51	2.57	2.48	2.54	471473	25536102.00
2010/09/21	2.53	2.60	2.48	2.49	378139	20477628.00
2010/09/27	2.49	2.60	2.47	2.58	649327	35550692.00
2010/09/28	2.58	2.65	2.55	2.64	889718	49479784.00
2010/09/29	2.64	2.70	2.58	2.62	852254	48063400.00
2010/09/30	2.62	2.62	2.47	2.55	802406	43628596.00
2010/10/11	2.61	2.61	2.52	2.55	898029	49292204.00
2010/10/12	2.57	2.59	2.48	2.49	647849	34882456.00
2010/10/13	2.49	2.52	2.36	2.45	954658	49707576.00
2010/10/14	2.45	2.46	2.33	2.34	840941	42762568.00
2010/10/15	2.29	2.34	2.19	2.20	1250099	61052116.00
2010/10/18	2.22	2.31	2.20	2.29	695465	33927136.00
2010/10/19	2.28	2.40	2.27	2.34	1006071	50731908.00
2010/10/20	2.31	2.33	2.25	2.27	700969	34522768.00
2010/10/21	2.32	2.38	2.29	2.36	1004199	50548768.00
2010/10/22	2.42	2.62	2.36	2.56	1931091	103484640.00
2010/10/25	2.55	2.72	2.51	2.63	1435260	80534120.00
2010/10/26	2.64	2.68	2.60	2.65	832948	46899452.00
2010/10/27	2.65	2.81	2.60	2.80	1541276	90551744.00
2010/10/28	2.79	3.06	2.76	2.86	1618557	99936016.00
2010/10/29	2.82	3.11	2.82	2.99	1646669	104713840.00
2010/11/01	2.97	3.02	2.88	2.96	1515268	94647064.00
2010/11/02	2.92	3.02	2.82	2.93	1294289	80188440.00
2010/11/03	2.85	3.01	2.79	2.92	2549774	156404304.00
2010/11/04	2.89	2.99	2.85	2.96	1207009	74745744.00
2010/11/08	3.00	3.27	2.91	3.26	2413170	158067600.00
2010/11/09	3.22	3.34	3.12	3.15	1708104	116048024.00
2010/11/10	3.13	3.21	3.10	3.17	779394	51854564.00
2010/11/11	3.16	3.34	3.11	3.22	1125967	77699296.00
2010/11/12	3.22	3.31	3.03	3.07	1116713	74571648.00
2010/11/15	3.10	3.27	3.06	3.26	840943	56594916.00
2010/11/16	3.27	3.30	3.06	3.10	813529	54380884.00
2010/11/17	3.05	3.27	3.00	3.04	878623	58078916.00
2010/11/18	3.04	3.22	3.04	3.21	685011	45944732.00
2010/11/19	3.27	3.55	3.22	3.55	1701003	125452536.00
2010/11/22	3.73	3.80	3.55	3.62	2150579	165090624.00
2010/11/23	3.57	3.67	3.42	3.63	848449	63328744.00
2010/11/24	3.57	3.61	3.53	3.60	644601	48384332.00
2010/11/25	3.56	3.60	3.47	3.48	623599	46089776.00
2010/11/26	3.47	3.57	3.46	3.49	341874	25237500.00
2010/11/29	3.43	3.62	3.42	3.57	475019	35210000.00
2010/11/30	3.55	3.55	3.19	3.32	914055	63859356.00
2010/12/01	3.27	3.32	3.20	3.28	238651	16361114.00
2010/12/02	3.34	3.36	3.24	3.25	398708	27470604.00
2010/12/03	3.25	3.26	3.00	3.10	516789	33981144.00
2010/12/06	3.07	3.11	2.87	2.97	854970	54303180.00
2010/12/07	2.93	3.27	2.93	3.22	1008261	66931428.00
2010/12/08	3.17	3.37	3.15	3.19	509517	34878692.00
2010/12/09	3.16	3.37	3.12	3.27	692246	47808028.00
2010/12/10	3.24	3.36	3.17	3.33	459083	31535614.00
2010/12/13	3.33	3.50	3.33	3.44	476888	34376400.00
2010/12/14	3.44	3.45	3.35	3.39	549410	39125408.00
2010/12/15	3.39	3.42	3.34	3.39	300359	21407372.00
2010/12/16	3.38	3.44	3.35	3.38	334461	23937128.00
2010/12/17	3.39	3.42	3.27	3.32	411392	28928120.00
2010/12/20	3.35	3.35	3.07	3.20	488415	33001944.00
2010/12/21	3.19	3.27	3.14	3.25	327873	22049772.00
2010/12/22	3.25	3.27	3.20	3.21	245033	16695839.00
2010/12/23	3.17	3.21	3.08	3.10	226553	15079432.00
2010/12/24	3.10	3.16	2.99	3.11	325605	21044852.00
2010/12/27	3.08	3.17	2.96	2.98	186139	12095421.00
2010/12/28	2.95	3.00	2.85	2.94	327676	20209856.00
2010/12/29	2.99	3.15	2.92	3.13	385515	24885552.00
2010/12/30	3.10	3.14	3.06	3.11	209596	13735265.00
2010/12/31	3.11	3.30	3.10	3.28	473751	32219150.00
2011/01/04	3.25	3.30	3.22	3.29	298176	20509430.00
2011/01/05	3.26	3.27	3.01	3.07	1033417	68097432.00
2011/01/06	3.06	3.09	3.01	3.05	338953	21799870.00
2011/01/07	3.02	3.03	2.89	2.94	661446	41437416.00
2011/01/10	2.90	3.00	2.86	2.90	372424	23071864.00
2011/01/11	2.86	2.92	2.74	2.80	436393	25963984.00
2011/01/12	2.81	2.91	2.77	2.90	378266	22763284.00
2011/01/13	2.92	2.95	2.84	2.87	192496	11841169.00
2011/01/14	2.84	2.89	2.67	2.70	567519	32885264.00
2011/01/17	2.70	2.72	2.41	2.51	666946	36274112.00
2011/01/18	2.50	2.55	2.45	2.50	319289	17166746.00
2011/01/20	2.57	2.60	2.42	2.44	501955	26790230.00
2011/01/21	2.40	2.47	2.36	2.43	239780	12441826.00
2011/01/24	2.42	2.45	2.36	2.37	199135	10320297.00
2011/01/25	2.37	2.45	2.35	2.43	381110	19617700.00
2011/01/26	2.43	2.62	2.42	2.57	473782	25827890.00
2011/01/27	2.52	2.61	2.49	2.56	336326	18461252.00
2011/01/28	2.52	2.58	2.52	2.55	196072	10682932.00
2011/01/31	2.56	2.64	2.56	2.63	370472	20694148.00
2011/02/01	2.63	2.66	2.57	2.64	343843	19317740.00
2011/02/09	2.59	2.64	2.52	2.64	289104	15978948.00
2011/02/10	2.64	2.70	2.58	2.67	277642	15682380.00
2011/02/11	2.67	2.77	2.66	2.74	401163	23229818.00
2011/02/14	2.75	2.79	2.71	2.75	328914	19244754.00
2011/02/15	2.74	2.79	2.69	2.72	386749	22467040.00
2011/02/16	2.72	2.82	2.70	2.79	410240	24241150.00
2011/02/17	2.81	2.87	2.77	2.85	743899	44693824.00
2011/02/18	2.85	2.92	2.79	2.85	951550	58119796.00
2011/02/21	2.82	2.91	2.79	2.90	288749	17700968.00
2011/02/22	2.92	2.92	2.84	2.85	387884	23624564.00
2011/02/23	2.84	3.09	2.82	2.97	823148	52063120.00
2011/02/24	2.96	3.10	2.93	3.05	785371	50439696.00
2011/02/25	3.05	3.08	3.02	3.05	508437	32845158.00
2011/02/28	3.04	3.08	2.98	3.07	1066417	68481680.00
2011/03/01	3.10	3.10	2.96	2.97	1109325	70941704.00
2011/03/02	2.96	3.00	2.88	2.92	486118	30214904.00
2011/03/03	2.88	2.94	2.77	2.82	1150065	69328272.00
2011/03/04	2.81	3.02	2.77	3.02	619857	38365868.00
2011/03/07	3.02	3.10	3.00	3.05	700097	45545692.00
2011/03/08	3.05	3.18	3.02	3.18	562753	37067672.00
2011/03/09	3.18	3.33	3.16	3.22	1029162	70810112.00
2011/03/10	3.26	3.26	3.10	3.12	739031	49485880.00
2011/03/11	3.12	3.20	3.10	3.15	563837	37415400.00
2011/03/14	3.19	3.29	3.11	3.13	452277	30494040.00
2011/03/15	3.11	3.12	2.97	3.08	430296	27821232.00
2011/03/16	3.08	3.15	3.02	3.12	232346	15179521.00
2011/03/17	3.07	3.12	2.97	2.97	300891	19307792.00
2011/03/18	2.97	3.02	2.96	2.99	196309	12406570.00
2011/03/21	2.97	2.98	2.87	2.90	560659	34545812.00
2011/03/22	2.94	3.05	2.88	2.93	329581	20526544.00
2011/03/23	2.92	2.96	2.92	2.96	212645	13263760.00
2011/03/24	2.96	2.96	2.87	2.91	292351	18121030.00
2011/03/25	2.91	2.95	2.88	2.94	314991	19475932.00
2011/03/28	2.90	2.95	2.89	2.92	229384	14184408.00
2011/03/29	2.93	2.94	2.82	2.82	248909	15156010.00
2011/03/30	2.80	2.82	2.69	2.79	292611	17084234.00
2011/04/01	2.76	2.79	2.69	2.77	129425	7572405.00
2011/04/06	2.72	2.79	2.70	2.77	168454	9795218.00
2011/04/07	2.77	2.79	2.72	2.77	83871	4912143.50
2011/04/08	2.80	2.90	2.77	2.86	309841	18924170.00
2011/04/11	2.87	2.90	2.81	2.81	238401	14450115.00
2011/04/12	2.78	2.85	2.77	2.79	214465	12819671.00
2011/04/13	2.77	2.77	2.70	2.72	339700	19740620.00
2011/04/14	2.72	2.74	2.61	2.61	754690	42616404.00
2011/04/15	2.63	2.63	2.54	2.58	745090	40998264.00
2011/04/18	2.57	2.58	2.51	2.54	564733	30720086.00
2011/04/19	2.54	2.67	2.50	2.65	590595	32656794.00
2011/04/20	2.63	2.63	2.56	2.59	523011	28948810.00
2011/04/21	2.59	2.65	2.53	2.56	488617	26793794.00
2011/04/22	2.52	2.53	2.44	2.45	1017430	54084840.00
2011/04/25	2.45	2.51	2.31	2.33	1017785	52446784.00
2011/04/26	2.33	2.38	2.30	2.32	400110	20055960.00
2011/04/27	2.33	2.36	2.30	2.33	229012	11496784.00
2011/04/28	2.33	2.35	2.29	2.30	218992	10920869.00
2011/04/29	2.30	2.31	2.09	2.20	724886	17121572.00
2011/05/03	2.18	2.19	2.12	2.16	534523	12382165.00
2011/05/04	2.16	2.17	2.10	2.11	726317	16686246.00
2011/05/05	2.11	2.13	2.05	2.12	308549	7007498.50
2011/05/06	2.11	2.15	2.08	2.12	465177	10630913.00
2011/05/09	2.15	2.18	2.06	2.10	987026	22618298.00
2011/05/10	2.10	2.12	1.93	2.09	575598	12846155.00
2011/05/11	2.08	2.08	2.03	2.04	616853	13685871.00
2011/05/12	2.06	2.12	2.03	2.05	701483	15758132.00
2011/05/13	2.04	2.09	2.04	2.08	419159	9368481.00
2011/05/16	2.08	2.09	2.03	2.03	354094	7863146.00
2011/05/17	2.05	2.06	2.01	2.04	635169	13997114.00
2011/05/18	2.02	2.05	2.01	2.04	348713	7628650.00
2011/05/19	2.04	2.05	2.01	2.01	321800	7063711.50
2011/05/20	2.04	2.23	2.03	2.23	2827166	65713908.00
2011/05/23	2.30	2.47	2.30	2.42	5524132	142773920.00
2011/05/24	2.42	2.60	2.24	2.45	3474738	89693568.00
2011/05/25	2.40	2.53	2.37	2.43	2463611	64388008.00
2011/05/26	2.42	2.44	2.30	2.33	1964582	49495184.00
2011/05/27	2.30	2.30	2.09	2.17	1921235	45544520.00
2011/05/30	2.13	2.14	1.99	2.04	1296801	28890444.00
2011/05/31	2.03	2.14	2.03	2.12	1099558	24826068.00
2011/06/01	2.13	2.35	2.07	2.35	1448814	34195888.00
2011/06/02	2.38	2.48	2.30	2.38	3180471	81089048.00
2011/06/03	2.38	2.55	2.32	2.51	3373980	88534640.00
2011/06/07	2.49	2.50	2.40	2.48	1867748	49065688.00
2011/06/08	2.44	2.58	2.44	2.52	2214660	59488336.00
2011/06/09	2.49	2.51	2.33	2.33	1558685	40509928.00
2011/06/10	2.30	2.43	2.28	2.40	1521417	38714400.00
2011/06/13	2.41	2.42	2.31	2.40	875704	22177764.00
2011/06/14	2.38	2.52	2.36	2.48	1203865	31802110.00
2011/06/15	2.45	2.53	2.41	2.42	1153604	30399260.00
2011/06/16	2.38	2.38	2.33	2.36	865512	21846482.00
2011/06/17	2.33	2.37	2.23	2.25	935201	23209200.00
2011/06/20	2.24	2.24	2.09	2.11	1437525	33437890.00
2011/06/21	2.15	2.26	2.12	2.24	953073	22506658.00
2011/06/22	2.24	2.26	2.20	2.20	618011	14779053.00
2011/06/23	2.18	2.26	2.11	2.24	1107953	26160038.00
2011/06/24	2.23	2.48	2.20	2.48	1990350	51565436.00
2011/06/27	2.61	2.66	2.54	2.56	7969527	219472144.00
2011/06/28	2.53	2.65	2.53	2.54	3893291	106948632.00
2011/06/29	2.51	2.58	2.47	2.49	2791674	74902664.00
2011/06/30	2.47	2.58	2.47	2.57	2816178	76369528.00
2011/07/01	2.53	2.58	2.49	2.52	1577460	42733016.00
2011/07/04	2.53	2.59	2.50	2.58	2400994	65210252.00
2011/07/05	2.58	2.68	2.54	2.63	3818296	106083496.00
2011/07/06	2.62	2.89	2.59	2.79	5757035	164889120.00
2011/07/07	2.76	2.77	2.68	2.71	3800414	109978320.00
2011/07/08	2.68	2.71	2.59	2.61	2706267	75600792.00
2011/07/11	2.61	2.71	2.58	2.66	2367058	66944756.00
2011/07/12	2.63	2.63	2.55	2.55	1765788	48653692.00
2011/07/13	2.54	2.66	2.54	2.62	1732729	48199612.00
2011/07/14	2.54	2.54	2.39	2.46	5893502	154235520.00
2011/07/15	2.45	2.46	2.39	2.40	3656184	94695904.00
2011/07/18	2.42	2.48	2.42	2.44	2936958	76779336.00
2011/07/19	2.44	2.67	2.43	2.63	6780582	185943376.00
2011/07/20	2.62	2.64	2.53	2.56	3098668	85055416.00
2011/07/21	2.58	2.61	2.45	2.49	2139731	57640772.00
2011/07/22	2.48	2.50	2.45	2.48	1827825	48187332.00
2011/07/25	2.47	2.47	2.29	2.30	3133630	79233768.00
2011/07/26	2.28	2.31	2.20	2.27	2226567	53875436.00
2011/07/27	2.26	2.33	2.21	2.31	1383020	33892820.00
2011/07/28	2.27	2.33	2.24	2.27	1639848	40282676.00
2011/07/29	2.27	2.28	2.17	2.17	2341650	55497392.00
2011/08/01	2.13	2.19	2.11	2.15	1179813	27409402.00
2011/08/02	2.15	2.15	2.06	2.13	1232341	27960642.00
2011/08/03	2.10	2.24	2.10	2.21	2195675	52093820.00
2011/08/04	2.20	2.23	2.18	2.20	1078493	25515422.00
2011/08/05	2.08	2.15	2.07	2.14	1085760	24917678.00
2011/08/08	2.10	2.13	1.91	1.92	2573807	54877324.00
2011/08/09	1.84	1.92	1.75	1.86	1618974	32356546.00
2011/08/10	1.91	1.92	1.85	1.86	1489144	30667334.00
2011/08/11	1.80	1.88	1.78	1.87	1279095	25711072.00
2011/08/12	1.90	1.94	1.90	1.92	1811878	37756044.00
2011/08/15	1.92	1.97	1.90	1.95	1348903	28501950.00
2011/08/16	1.96	1.96	1.88	1.89	1825015	38090080.00
2011/08/17	1.88	1.93	1.87	1.92	1327414	27614232.00
2011/08/18	1.92	1.92	1.85	1.87	1103164	22559052.00
2011/08/19	1.82	1.84	1.77	1.84	830196	16429487.00
2011/08/22	1.84	1.87	1.81	1.85	634164	12735357.00
2011/08/23	1.86	1.91	1.84	1.90	1368548	28158148.00
2011/08/24	1.91	2.01	1.89	1.93	2643923	56135044.00
2011/08/25	1.93	1.96	1.88	1.94	1701636	35471528.00
2011/08/26	1.94	2.01	1.91	1.98	2676055	57210464.00
2011/08/29	2.03	2.12	1.98	1.99	3163038	69844312.00
2011/08/30	1.99	2.00	1.92	1.92	1679340	35741396.00
2011/08/31	1.91	1.93	1.86	1.88	1135002	23281826.00
2011/09/01	1.89	1.92	1.83	1.83	1228778	25016978.00
2011/09/02	1.82	1.88	1.80	1.83	1848870	37146688.00
2011/09/05	1.81	1.82	1.72	1.72	1579404	30420164.00
2011/09/06	1.67	1.75	1.67	1.67	1085616	20228720.00
2011/09/07	1.70	1.72	1.67	1.71	1135492	21238138.00
2011/09/08	1.72	1.78	1.71	1.71	1488176	28447378.00
2011/09/09	1.71	1.74	1.66	1.68	782372	14542548.00
2011/09/13	1.64	1.64	1.59	1.61	937105	16710880.00
2011/09/15	1.64	1.78	1.63	1.78	3560591	68011328.00
2011/09/16	1.82	1.96	1.82	1.89	6660240	137307392.00
2011/09/19	1.87	1.95	1.84	1.92	4650746	96437096.00
2011/09/20	1.91	1.96	1.84	1.96	5799345	119560624.00
2011/09/21	1.94	2.02	1.91	2.01	7504303	160989760.00
2011/09/22	1.98	2.00	1.90	1.92	5468854	115826656.00
2011/09/23	1.87	1.95	1.86	1.92	3672575	76288192.00
2011/09/26	1.90	1.95	1.88	1.92	3683565	76918128.00
2011/09/27	1.94	1.97	1.84	1.85	3553712	73248680.00
2011/09/28	1.86	1.92	1.79	1.81	2839520	58016808.00
2011/09/29	1.79	1.79	1.61	1.62	3903393	71738200.00
2011/09/30	1.63	1.65	1.57	1.65	2191870	39162904.00
2011/10/10	1.65	1.67	1.60	1.63	1171395	21163732.00
2011/10/11	1.68	1.71	1.57	1.60	2161863	39493564.00
2011/10/12	1.59	1.69	1.52	1.67	2416145	43571932.00
2011/10/13	1.65	1.85	1.65	1.85	5400429	104858104.00
2011/10/14	1.89	1.89	1.81	1.83	4957110	99720600.00
2011/10/17	1.83	1.92	1.82	1.85	5280083	107385648.00
2011/10/18	1.83	1.85	1.73	1.73	3357783	66191904.00
2011/10/19	1.74	1.78	1.68	1.72	2028667	38550008.00
2011/10/20	1.69	1.76	1.64	1.66	2093677	38726412.00
2011/10/21	1.66	1.68	1.61	1.61	1359506	24682702.00
2011/10/24	1.62	1.74	1.58	1.73	2868632	52703172.00
2011/10/25	1.73	1.80	1.68	1.76	3520554	67248128.00
2011/10/26	1.74	1.86	1.71	1.80	4625697	90665368.00
2011/10/27	1.79	1.85	1.76	1.78	3554628	70155160.00
2011/10/28	1.81	1.82	1.76	1.80	3172981	62139696.00
2011/10/31	1.78	1.81	1.74	1.81	3383932	65950656.00
2011/11/01	1.80	2.01	1.78	2.01	10327560	216678336.00
2011/11/02	1.97	2.22	1.97	2.17	15519205	348640864.00
2011/11/03	2.16	2.23	2.11	2.17	8714976	204225200.00
2011/11/04	2.17	2.19	2.10	2.14	5033529	116162568.00
2011/11/07	2.12	2.12	2.05	2.08	5831242	131123584.00
2011/11/08	2.06	2.10	2.04	2.07	3505085	78550696.00
2011/11/09	2.09	2.20	2.06	2.20	7377821	169608736.00
2011/11/10	2.18	2.29	2.13	2.24	8589548	206931632.00
2011/11/11	2.21	2.24	2.14	2.17	5642199	132859424.00
2011/11/14	2.18	2.29	2.18	2.23	5453165	131653336.00
2011/11/16	2.22	2.38	2.19	2.21	5297702	129076032.00
2011/11/17	2.19	2.29	2.18	2.25	3543484	85611904.00
2011/11/18	2.19	2.24	2.11	2.12	3812889	89271064.00
2011/11/21	2.12	2.16	2.01	2.05	2939945	65740428.00
2011/11/22	2.03	2.12	1.96	2.11	2230820	49415964.00
2011/11/23	2.11	2.15	2.04	2.04	2021156	45745088.00
2011/11/24	2.00	2.09	1.89	2.07	2163821	47808572.00
2011/11/25	2.08	2.14	2.03	2.05	2293197	51987608.00
2011/11/28	2.06	2.08	1.98	2.02	1584846	34727728.00
2011/11/29	2.06	2.10	2.04	2.09	3087460	69216384.00
2011/11/30	2.10	2.13	1.93	2.00	4061150	89273440.00
2011/12/01	2.08	2.10	2.02	2.03	2947706	65718628.00
2011/12/02	2.02	2.06	1.92	1.95	2075850	44281340.00
2011/12/05	1.95	1.95	1.82	1.84	1579598	31997174.00
2011/12/06	1.84	1.87	1.79	1.85	813561	16303878.00
2011/12/07	1.87	1.91	1.84	1.86	912079	18628834.00
2011/12/08	1.83	1.91	1.82	1.85	1035751	21145080.00
2011/12/09	1.82	1.87	1.78	1.79	1096188	21702924.00
2011/12/12	1.80	1.82	1.78	1.78	1005549	19791862.00
2011/12/13	1.78	1.79	1.71	1.72	1095264	20916420.00
2011/12/14	1.66	1.73	1.64	1.72	1458065	27156984.00
2011/12/15	1.66	1.74	1.65	1.71	1403776	26140394.00
2011/12/16	1.71	1.78	1.69	1.78	853969	16271314.00
2011/12/19	1.77	1.81	1.72	1.80	868568	16780710.00
2011/12/20	1.79	1.85	1.76	1.77	1155806	22852538.00
2011/12/21	1.80	1.81	1.72	1.72	872862	16782350.00
2011/12/22	1.71	1.75	1.62	1.72	1036078	18999374.00
2011/12/23	1.71	1.75	1.68	1.73	587126	11094940.00
2011/12/26	1.66	1.74	1.65	1.71	293737	5518779.00
2011/12/27	1.73	1.73	1.63	1.63	801166	14532158.00
2011/12/28	1.61	1.63	1.50	1.62	1158260	20001368.00
2011/12/29	1.58	1.63	1.57	1.63	475097	8453429.00
2011/12/30	1.60	1.69	1.60	1.68	549551	10100028.00
2012/01/04	1.70	1.73	1.59	1.61	550452	10074909.00
2012/01/05	1.58	1.60	1.46	1.47	922020	15675393.00
2012/01/06	1.47	1.51	1.38	1.43	1093695	17523902.00
2012/01/09	1.44	1.48	1.34	1.47	2510378	40160380.00
2012/01/10	1.48	1.56	1.45	1.53	2161064	36255704.00
2012/01/11	1.52	1.61	1.50	1.53	1916384	33024448.00
2012/01/12	1.52	1.58	1.51	1.53	1292031	22109388.00
2012/01/13	1.55	1.56	1.42	1.43	1775056	28809976.00
2012/01/16	1.39	1.42	1.27	1.30	2010251	30114958.00
2012/01/17	1.28	1.38	1.20	1.36	2184589	31678678.00
2012/01/18	1.37	1.38	1.21	1.23	2055819	29879350.00
2012/01/19	1.23	1.25	1.15	1.24	1694703	23281664.00
2012/01/20	1.24	1.30	1.23	1.28	1427600	20766846.00
2012/01/30	1.28	1.35	1.25	1.29	1265205	18725642.00
2012/01/31	1.27	1.30	1.26	1.29	1029920	14881242.00
2012/02/01	1.28	1.31	1.26	1.28	923774	13527808.00
2012/02/02	1.27	1.33	1.27	1.33	1265427	18822720.00
2012/02/03	1.33	1.48	1.33	1.48	3863395	61736060.00
2012/02/06	1.55	1.62	1.54	1.56	6107001	106353376.00
2012/02/07	1.56	1.66	1.55	1.59	6907736	122269752.00
2012/02/08	1.57	1.67	1.57	1.65	6485195	115507544.00
2012/02/09	1.62	1.71	1.61	1.64	5693430	104641888.00
2012/02/10	1.64	1.72	1.62	1.68	4606781	84328496.00
2012/02/13	1.64	1.86	1.64	1.82	10566723	208410432.00
2012/02/16	1.91	1.91	1.73	1.79	11255514	222504800.00
2012/02/17	1.75	1.84	1.75	1.83	5561756	109535224.00
2012/02/20	1.84	1.91	1.80	1.82	5228835	105853528.00
2012/02/21	1.79	1.82	1.75	1.81	4243247	82574736.00
2012/02/22	1.80	1.88	1.79	1.85	4396807	88692840.00
2012/02/23	1.85	1.95	1.84	1.88	6000598	123938920.00
2012/02/24	1.85	1.92	1.85	1.89	4184974	86183616.00
2012/02/27	1.93	2.04	1.89	1.99	6930697	149206912.00
2012/02/28	1.99	2.02	1.93	1.99	4204143	90189984.00
2012/02/29	1.98	2.08	1.95	2.06	6572947	143709312.00
2012/03/01	2.05	2.08	2.02	2.03	3837768	85473744.00
2012/03/05	2.04	2.17	2.04	2.12	7878733	180340016.00
2012/03/06	2.12	2.27	2.10	2.22	7384417	173887648.00
2012/03/07	2.18	2.20	2.12	2.14	5611891	130310536.00
2012/03/08	2.14	2.15	2.04	2.12	7191841	161901520.00
2012/03/09	2.12	2.12	2.07	2.10	5926176	133766536.00
2012/03/13	2.07	2.29	2.07	2.26	10737457	254996656.00
2012/03/14	2.27	2.27	2.13	2.18	8701454	207625584.00
2012/03/15	2.17	2.28	2.05	2.26	5575705	131071112.00
2012/03/16	2.24	2.39	2.21	2.34	6107827	150285072.00
2012/03/19	2.32	2.40	2.30	2.37	3550362	89547424.00
2012/03/20	2.35	2.37	2.23	2.27	3206562	78381896.00
2012/03/21	2.28	2.28	2.12	2.14	4643141	108481480.00
2012/03/22	2.17	2.19	2.12	2.16	2040771	47438192.00
2012/03/23	2.16	2.22	2.13	2.15	1742126	41053056.00
2012/03/26	2.15	2.17	2.05	2.10	1211010	27437178.00
2012/03/27	2.13	2.15	2.08	2.08	1040475	23854160.00
2012/03/28	2.06	2.08	1.98	1.98	2276556	49907360.00
2012/03/29	1.98	2.01	1.92	2.00	1653972	35148892.00
2012/03/30	2.00	2.15	2.00	2.03	1962069	43898896.00
2012/04/05	2.05	2.13	1.93	2.12	2093248	46521324.00
2012/04/06	2.10	2.21	2.09	2.16	2995736	69501992.00
2012/04/09	2.13	2.13	2.03	2.05	1723011	38882100.00
2012/04/10	2.04	2.07	1.95	2.03	1969016	42990088.00
2012/04/12	2.06	2.10	2.05	2.08	2938229	66003100.00
2012/04/13	2.08	2.15	2.07	2.11	1876373	42708560.00
2012/04/16	2.11	2.33	2.09	2.30	6961443	167384848.00
2012/04/17	2.25	2.31	2.21	2.28	4356505	105930320.00
2012/04/18	2.28	2.39	2.28	2.35	6304019	158463104.00
2012/04/19	2.35	2.38	2.29	2.38	3743552	94003456.00
2012/04/20	2.34	2.36	2.22	2.25	5664595	137895232.00
2012/04/23	2.25	2.25	2.16	2.18	3298317	78340248.00
2012/04/24	2.13	2.20	2.05	2.11	4203092	95735112.00
2012/04/25	2.10	2.15	2.01	2.12	3556343	79441032.00
2012/04/26	2.12	2.13	2.07	2.09	1416499	31977324.00
2012/04/27	2.09	2.12	2.05	2.09	1477559	33341364.00
2012/05/02	2.13	2.17	2.10	2.11	2819190	65050216.00
2012/05/03	2.09	2.16	2.09	2.14	1861555	42910624.00
2012/05/04	2.14	2.26	2.13	2.23	3688207	88029240.00
2012/05/07	2.22	2.35	2.18	2.32	4900879	118972224.00
2012/05/08	2.30	2.34	2.23	2.24	3971007	97241296.00
2012/05/10	2.20	2.25	2.18	2.22	2042828	48637048.00
2012/05/11	2.21	2.22	2.16	2.17	2112972	49737628.00
2012/05/14	2.20	2.41	2.20	2.32	10295328	257364112.00
2012/05/15	2.26	2.38	2.25	2.29	6593457	163676960.00
2012/05/16	2.27	2.48	2.27	2.39	7832541	200146496.00
2012/05/17	2.40	2.45	2.35	2.44	5398594	139343200.00
2012/05/18	2.45	2.48	2.37	2.44	5538702	143856240.00
2012/05/21	2.43	2.45	2.24	2.29	5286114	130655736.00
2012/05/22	2.30	2.38	2.30	2.31	3817707	95515688.00
2012/05/23	2.31	2.41	2.26	2.40	4094222	102593024.00
2012/05/24	2.38	2.48	2.36	2.40	4626608	120203240.00
2012/05/25	2.41	2.47	2.34	2.35	3346216	85191904.00
2012/05/28	2.33	2.42	2.29	2.42	2616759	66185004.00
2012/05/29	2.40	2.57	2.40	2.52	6737444	180272192.00
2012/05/30	2.51	2.55	2.47	2.55	4107816	110520408.00
2012/05/31	2.52	2.75	2.52	2.63	7438336	208690256.00
2012/06/01	2.61	2.72	2.59	2.64	5914967	166925632.00
2012/06/04	2.57	2.65	2.53	2.56	4357236	119646344.00
2012/06/05	2.56	2.60	2.52	2.58	2898181	79193712.00
2012/06/06	2.59	2.59	2.47	2.49	3759876	101441936.00
2012/06/07	2.51	2.54	2.46	2.51	2940432	78455136.00
2012/06/08	2.55	2.59	2.50	2.53	3509959	95322776.00
2012/06/11	2.53	2.64	2.45	2.63	6103616	167175472.00
2012/06/12	2.62	2.66	2.58	2.63	2616574	72985856.00
2012/06/13	2.62	2.68	2.60	2.65	2968241	83441168.00
2012/06/14	2.63	2.67	2.55	2.56	2743599	76167304.00
2012/06/15	2.56	2.58	2.53	2.56	2385585	64731080.00
2012/06/18	2.58	2.64	2.55	2.62	2675845	74232128.00
2012/06/19	2.63	2.70	2.61	2.65	3292537	93098752.00
2012/06/20	2.66	2.72	2.64	2.64	2438846	69357160.00
2012/06/21	2.60	2.72	2.60	2.72	3145970	88615184.00
2012/06/25	2.72	2.77	2.66	2.69	2633941	76038840.00
2012/06/26	2.67	2.69	2.56	2.68	2202821	61391488.00
2012/06/27	2.72	2.81	2.69	2.71	5098949	148874736.00
2012/06/29	2.63	2.83	2.62	2.80	4680713	137842944.00
2012/07/02	2.80	2.99	2.78	2.99	5337323	164485024.00
2012/07/03	2.99	3.01	2.94	2.99	4255626	133820944.00
2012/07/04	3.00	3.02	2.86	2.87	3560675	110389648.00
2012/07/05	2.83	2.87	2.76	2.83	3527838	105359312.00
2012/07/06	2.84	2.94	2.73	2.92	4449895	133945032.00
2012/07/09	2.90	2.95	2.85	2.85	2160956	66305432.00
2012/07/10	2.84	2.86	2.73	2.76	3030514	89302664.00
2012/07/11	2.74	2.86	2.73	2.85	2541937	75598984.00
2012/07/12	2.83	2.91	2.80	2.85	2832362	85936176.00
2012/07/13	2.84	2.87	2.80	2.81	1650637	49395932.00
2012/07/16	2.81	2.81	2.51	2.57	6252230	174190064.00
2012/07/17	2.57	2.63	2.54	2.61	1981714	54717692.00
2012/07/18	2.61	2.66	2.52	2.64	1788631	49417552.00
2012/07/19	2.64	2.73	2.60	2.71	3098278	88480128.00
2012/07/20	2.70	2.73	2.64	2.67	1044985	29673856.00
2012/07/23	2.65	2.79	2.59	2.73	2167257	62980944.00
2012/07/24	2.67	2.77	2.67	2.74	1205660	34931960.00
2012/07/25	2.74	2.89	2.74	2.86	3450326	104028248.00
2012/07/26	2.87	2.98	2.87	2.90	3528250	109717720.00
2012/07/27	2.88	2.96	2.86	2.92	1577213	48423008.00
2012/07/30	2.92	2.95	2.77	2.80	1686223	50949548.00
2012/07/31	2.76	2.86	2.73	2.83	1441566	42952908.00
2012/08/01	2.87	2.91	2.83	2.87	1695636	51516564.00
2012/08/02	2.87	3.06	2.85	3.06	5038730	159817264.00
2012/08/03	3.06	3.18	3.03	3.15	4479768	147729824.00
2012/08/06	3.12	3.25	3.08	3.14	3377059	113485184.00
2012/08/07	3.11	3.22	3.11	3.20	2645757	87921304.00
2012/08/08	3.18	3.25	3.15	3.19	2388090	80851216.00
2012/08/09	3.20	3.24	3.15	3.22	1477083	49611680.00
2012/08/10	3.23	3.33	3.20	3.30	2956128	102049864.00
2012/08/13	3.30	3.31	3.20	3.28	1644717	56399048.00
2012/08/14	3.25	3.27	3.08	3.21	2668662	89469112.00
2012/08/15	3.21	3.24	3.18	3.22	1035214	35053936.00
2012/08/16	3.22	3.29	3.07	3.09	2051147	68653480.00
2012/08/17	3.05	3.16	3.00	3.09	2092795	67551648.00
2012/08/20	3.09	3.15	3.00	3.12	1426105	46612576.00
2012/08/21	3.11	3.44	3.10	3.33	5540835	191010336.00
2012/08/22	3.33	3.35	3.22	3.27	2193085	75598352.00
2012/08/23	3.28	3.36	3.23	3.27	1898285	65551816.00
2012/08/24	3.39	3.43	3.27	3.27	5303428	186413056.00
2012/08/27	3.26	3.28	3.08	3.10	4750644	157719776.00
2012/08/28	3.09	3.26	3.07	3.21	3437567	115323864.00
2012/08/29	3.20	3.37	3.20	3.27	4014518	139282208.00
2012/08/30	3.23	3.32	3.07	3.30	3094693	104535800.00
2012/08/31	3.29	3.35	3.25	3.34	2507981	87232952.00
2012/09/03	3.34	3.49	3.29	3.43	3708075	132928336.00
2012/09/04	3.44	3.50	3.38	3.41	1854763	66788884.00
2012/09/05	3.38	3.47	3.35	3.43	2076089	74177520.00
2012/09/06	3.43	3.43	3.33	3.38	1843482	65205404.00
2012/09/07	3.39	3.43	3.32	3.40	3581238	127071216.00
2012/09/10	3.40	3.40	3.32	3.35	1948921	68756728.00
2012/09/11	3.33	3.41	3.33	3.35	1841312	65106000.00
2012/09/12	3.36	3.37	3.30	3.32	1896544	66139468.00
2012/09/13	3.32	3.33	3.13	3.21	4826057	162064800.00
2012/09/14	3.18	3.25	3.14	3.17	1840019	61762552.00
2012/09/17	3.17	3.23	3.08	3.11	1646768	54900768.00
2012/09/18	3.11	3.21	3.08	3.21	1935411	64601916.00
2012/09/19	3.22	3.24	3.18	3.22	1397841	47263456.00
2012/09/20	3.22	3.22	3.10	3.12	1098418	36369088.00
2012/09/21	3.12	3.13	3.08	3.11	1197045	39070344.00
2012/09/24	3.13	3.27	3.08	3.25	1859752	62785148.00
2012/09/25	3.27	3.28	3.23	3.26	1197935	41063664.00
2012/09/26	3.23	3.26	3.17	3.19	1037750	35003740.00
2012/09/27	3.19	3.34	3.16	3.34	2344117	81460640.00
2012/09/28	3.31	3.50	3.30	3.44	2726771	97880360.00
2012/10/08	3.43	3.50	3.42	3.47	2005362	72847352.00
2012/10/09	3.46	3.82	3.46	3.70	4010513	153864224.00
2012/10/10	3.71	3.92	3.71	3.74	4293191	169495280.00
2012/10/11	3.74	3.78	3.68	3.68	1622194	62940308.00
2012/10/12	3.71	3.83	3.67	3.82	2183952	85540864.00
2012/10/15	3.83	3.86	3.77	3.83	1797143	71452872.00
2012/10/16	3.83	3.83	3.71	3.72	2169759	85269256.00
2012/10/17	3.72	3.92	3.69	3.90	2509367	100110080.00
2012/10/18	3.90	3.97	3.86	3.88	2593336	105614384.00
2012/10/19	3.89	3.91	3.82	3.86	1319277	53182040.00
2012/10/22	3.83	3.88	3.81	3.85	1274392	51228832.00
2012/10/23	3.99	4.00	3.67	3.73	4520494	180968032.00
2012/10/24	3.70	3.81	3.70	3.74	2896264	113652272.00
2012/10/25	3.75	4.08	3.74	3.83	3778227	153342080.00
2012/10/26	3.87	3.89	3.72	3.86	2758431	109326704.00
2012/10/29	3.83	4.07	3.83	4.06	3916696	162580432.00
2012/10/30	4.04	4.19	3.99	4.15	3516111	149828896.00
2012/10/31	4.16	4.18	4.08	4.14	2030893	87220616.00
2012/11/01	4.15	4.19	4.09	4.18	1943421	83693512.00
2012/11/02	4.17	4.17	4.08	4.08	2112575	90497592.00
2012/11/05	4.07	4.18	3.96	4.11	3375237	142845056.00
2012/11/06	4.09	4.12	3.98	4.03	1596078	67154232.00
2012/11/07	4.01	4.02	3.92	3.99	2332052	96100608.00
2012/11/08	3.98	3.98	3.83	3.87	1691360	68928656.00
2012/11/09	3.85	3.93	3.80	3.86	1500019	60357964.00
2012/11/12	3.89	3.89	3.62	3.85	4057969	157876944.00
2012/11/13	3.80	3.82	3.71	3.71	1274604	49934264.00
2012/11/14	3.73	3.77	3.63	3.76	2189960	84790584.00
2012/11/15	3.73	3.77	3.66	3.66	1398152	54375704.00
2012/11/16	3.63	3.72	3.61	3.66	1103235	42277624.00
2012/11/19	3.66	3.77	3.63	3.70	2148079	83295552.00
2012/11/20	3.75	3.80	3.70	3.71	1894231	74149168.00
2012/11/21	3.73	3.76	3.51	3.65	4035353	152242336.00
2012/11/22	3.63	3.63	3.53	3.53	2173550	80833736.00
2012/11/23	3.51	3.58	3.50	3.54	1416396	52642032.00
2012/11/26	3.55	3.58	3.33	3.38	3317800	119896472.00
2012/11/27	3.40	3.45	3.34	3.34	1439080	51320104.00
2012/11/28	3.32	3.33	3.21	3.22	3264281	111890976.00
2012/11/29	3.21	3.34	3.19	3.32	1899464	65947740.00
2012/11/30	3.29	3.58	3.29	3.54	3122332	113466112.00
2012/12/03	3.54	3.69	3.53	3.62	3397528	129139864.00
2012/12/04	3.61	3.66	3.53	3.63	1313369	49629144.00
2012/12/05	3.63	3.83	3.62	3.79	3299859	129122208.00
2012/12/06	3.77	3.93	3.68	3.83	3095911	122622480.00
2012/12/07	3.83	3.88	3.75	3.87	2442515	97523216.00
2012/12/10	3.86	3.86	3.78	3.81	1821990	72628416.00
2012/12/11	3.81	3.97	3.78	3.78	2312067	93494912.00
2012/12/12	3.78	3.82	3.73	3.81	1549683	61169120.00
2012/12/13	3.81	3.81	3.75	3.80	954945	37670760.00
2012/12/14	3.78	3.93	3.76	3.87	2574131	103915640.00
2012/12/17	3.83	3.87	3.48	3.75	5170668	198417808.00
2012/12/18	3.66	3.76	3.60	3.68	2023400	78220568.00
2012/12/19	3.69	3.74	3.68	3.72	1336155	51887940.00
2012/12/20	3.72	3.80	3.60	3.77	2377357	92739880.00
2012/12/21	3.78	3.79	3.70	3.78	1582610	62124032.00
2012/12/24	3.78	4.17	3.73	4.12	4942363	204552704.00
2012/12/25	4.12	4.17	4.06	4.12	3427016	146660976.00
2012/12/26	4.08	4.29	4.08	4.15	3549225	155176528.00
2012/12/27	4.17	4.31	4.05	4.05	3769907	164606480.00
2012/12/28	4.07	4.15	3.92	4.06	3284218	137743040.00
2012/12/31	4.03	4.16	3.96	4.03	4816978	201677008.00
2013/01/04	4.11	4.15	3.99	4.14	4066727	172528064.00
2013/01/07	4.14	4.21	4.08	4.17	3601783	155115680.00
2013/01/08	4.23	4.51	4.18	4.41	5944160	269996416.00
2013/01/09	4.35	4.47	4.33	4.43	3644563	166052576.00
2013/01/11	4.41	4.60	4.27	4.45	5325792	244265840.00
2013/01/14	4.42	4.65	4.31	4.60	5303040	247750624.00
2013/01/15	4.58	4.68	4.52	4.58	3202231	152209744.00
2013/01/16	4.58	4.61	4.45	4.53	2476018	116110960.00
2013/01/17	4.49	4.57	4.46	4.48	1411369	65984268.00
2013/01/18	4.51	4.68	4.48	4.67	3095389	148129280.00
2013/01/21	4.67	4.72	4.60	4.67	1889730	91044232.00
2013/01/22	4.66	4.70	4.50	4.50	1584179	75255336.00
2013/01/23	4.47	4.47	4.33	4.44	2096669	95553672.00
2013/01/24	4.38	4.44	4.17	4.27	3634979	162801616.00
2013/01/25	4.22	4.31	4.15	4.20	1451660	63838540.00
2013/01/28	4.19	4.32	4.19	4.32	2651314	117198448.00
2013/01/29	4.32	4.34	4.17	4.31	2433975	107951528.00
2013/01/30	4.30	4.42	4.27	4.34	2742998	124419792.00
2013/01/31	4.38	4.53	4.29	4.30	2152441	98187472.00
2013/02/01	4.28	4.34	4.21	4.34	1777838	78743368.00
2013/02/04	4.33	4.38	4.10	4.10	2769468	120948352.00
2013/02/05	4.08	4.25	4.05	4.20	1631232	70859408.00
2013/02/06	4.23	4.36	4.20	4.28	1670415	74297000.00
2013/02/07	4.31	4.48	4.27	4.43	2908015	133297960.00
2013/02/08	4.43	4.67	4.41	4.57	2769568	131528376.00
2013/02/18	4.57	4.78	4.57	4.67	2541964	123076096.00
2013/02/19	4.65	4.71	4.56	4.65	1421716	68038552.00
2013/02/20	4.65	4.80	4.61	4.79	2140239	105288800.00
2013/02/21	4.79	4.86	4.56	4.66	2293230	112263064.00
2013/02/22	4.65	4.90	4.63	4.70	3329231	165811920.00
2013/02/25	4.73	4.89	4.64	4.88	2188230	108388984.00
2013/02/26	4.87	4.99	4.73	4.74	2350987	118244152.00
2013/02/27	4.74	4.87	4.62	4.84	2584068	127715944.00
2013/02/28	4.82	4.91	4.76	4.82	2572323	128256832.00
2013/03/01	4.83	5.00	4.75	4.97	2400600	121384032.00
2013/03/04	4.95	5.08	4.92	4.99	2095378	108682584.00
2013/03/05	5.03	5.43	5.00	5.33	3798910	206910512.00
2013/03/06	5.38	5.78	5.30	5.59	2880861	163493312.00
2013/03/07	5.61	5.67	5.51	5.67	2907493	167243616.00
2013/03/08	5.66	5.87	5.20	5.50	4044319	229708128.00
2013/03/11	5.43	5.64	5.33	5.60	2790759	158168480.00
2013/03/12	5.59	5.59	5.21	5.31	3186373	176637232.00
2013/03/13	5.26	5.45	5.05	5.41	2592815	139645728.00
2013/03/14	5.40	5.97	5.33	5.97	4931283	293573152.00
2013/03/15	5.97	6.32	5.90	5.97	4952516	310602144.00
2013/03/18	5.96	6.23	5.76	6.07	3122196	196291072.00
2013/03/19	6.03	6.17	5.92	5.96	2423138	149954800.00
2013/03/20	5.89	6.10	5.86	6.04	2280572	140433760.00
2013/03/21	6.03	6.61	5.98	6.54	3593364	233866928.00
2013/03/22	6.48	6.80	6.44	6.61	2777065	188984992.00
2013/03/25	6.61	6.75	6.45	6.60	3072541	206728048.00
2013/03/26	6.60	6.91	6.53	6.78	3593187	247768080.00
2013/03/27	6.82	6.92	6.71	6.90	2508555	175199600.00
2013/03/28	6.88	6.88	6.64	6.68	3087370	212641936.00
2013/03/29	6.69	7.37	6.69	7.37	3919986	281969152.00
2013/04/01	7.38	7.45	7.03	7.31	4739361	351099584.00
2013/04/02	7.29	7.88	6.72	6.97	7760482	582719488.00
2013/04/03	6.81	7.21	6.68	6.88	5161442	366265536.00
2013/04/08	6.63	7.59	6.45	7.52	4873515	359399616.00
2013/04/09	7.66	8.02	7.42	7.81	4265518	335734624.00
2013/04/10	7.76	7.89	7.46	7.81	3577446	282002976.00
2013/04/11	7.79	8.09	7.62	7.90	3244597	259811376.00
2013/04/12	7.88	8.23	7.85	7.98	4743974	389736224.00
2013/04/15	8.02	8.11	7.60	7.97	3795657	304218080.00
2013/04/16	7.94	8.27	7.75	8.06	10745453	438002112.00
2013/04/17	8.06	8.85	7.96	8.85	14581667	632882624.00
2013/04/18	8.65	9.02	8.65	8.84	13239099	594150784.00
2013/04/19	8.91	8.95	8.75	8.84	10091193	453422400.00
2013/04/22	8.82	9.57	8.75	9.53	13266830	622623808.00
2013/04/23	9.56	9.85	9.33	9.79	14892080	723193088.00
2013/04/24	9.78	10.79	9.64	10.78	17165890	903541824.00
2013/04/25	10.75	11.65	9.75	10.05	26681264	1460533632.00
2013/04/26	9.91	9.93	9.03	9.13	22343025	1068843648.00
2013/05/02	9.05	9.85	9.05	9.82	16245969	789084544.00
2013/05/03	9.77	10.41	9.72	9.85	14588427	738318400.00
2013/05/06	9.85	10.25	9.57	9.70	13159713	659140224.00
2013/05/07	9.64	9.64	9.17	9.41	13701494	649485440.00
2013/05/08	9.45	10.30	9.31	10.27	20295161	1009881792.00
2013/05/09	10.27	10.52	9.99	10.29	18232834	949364928.00
2013/05/10	10.15	10.31	9.85	10.06	9920989	507603488.00
2013/05/13	9.96	10.53	9.96	10.39	11303111	593259968.00
2013/05/14	10.45	10.49	10.15	10.25	9235725	483659360.00
2013/05/15	10.40	11.15	10.25	10.90	16112451	877484224.00
2013/05/16	10.77	11.14	10.57	10.80	13770972	754885760.00
2013/05/17	10.81	10.91	10.60	10.79	8760697	477125760.00
2013/05/20	10.79	10.89	10.25	10.68	9939736	532999360.00
2013/05/21	10.69	11.39	10.35	11.08	15555897	860768128.00
2013/05/22	11.08	11.34	10.75	10.84	9501972	529611488.00
2013/05/23	10.77	10.97	10.70	10.70	6732369	369467520.00
2013/05/24	10.62	10.85	10.46	10.67	7185592	388592128.00
2013/05/27	10.67	11.15	10.53	11.05	10672742	592121536.00
2013/05/28	11.05	11.21	10.55	10.67	10863090	594526976.00
2013/05/29	10.65	10.65	9.59	10.49	14079044	726349696.00
2013/05/30	10.25	10.39	9.83	9.94	10650660	544500544.00
2013/05/31	10.03	10.03	9.35	9.52	13662328	666810880.00
2013/06/03	9.45	10.00	9.35	9.68	9925908	492043904.00
2013/06/04	9.67	9.78	9.36	9.44	6113763	294548416.00
2013/06/05	9.44	9.83	9.38	9.75	7815955	384582400.00
2013/06/06	9.75	9.83	9.66	9.71	4258638	210643024.00
2013/06/07	9.72	10.10	9.72	9.91	8015775	404634720.00
2013/06/13	9.85	9.85	9.19	9.70	5990959	291005568.00
2013/06/14	9.71	10.13	9.71	10.06	6441815	327872736.00
2013/06/17	10.15	10.25	9.55	9.59	10661563	534522688.00
2013/06/18	9.59	9.59	9.23	9.37	7233515	344712512.00
2013/06/19	9.37	9.74	9.18	9.65	7050039	341973888.00
2013/06/20	9.59	9.70	9.30	9.32	3601756	173836160.00
2013/06/21	9.23	9.29	8.59	9.10	5681636	260707040.00
2013/06/24	9.05	9.06	8.22	8.22	7383761	321143328.00
2013/06/25	8.05	8.65	7.41	8.60	9831037	407876576.00
2013/06/26	8.55	9.44	8.48	9.39	10542799	485422496.00
2013/06/27	9.47	9.56	8.94	9.19	7171862	337351456.00
2013/06/28	9.29	9.76	9.05	9.38	8304198	397212800.00
2013/07/01	9.49	10.15	9.38	10.03	11782053	595411776.00
2013/07/02	10.11	10.55	9.97	10.45	10077654	530405920.00
2013/07/03	10.61	11.51	10.46	11.51	17038479	960220608.00
2013/07/04	11.56	11.75	11.21	11.44	12193115	710357888.00
2013/07/05	11.43	11.55	10.77	10.81	8817650	500101280.00
2013/07/08	10.53	11.01	10.15	10.28	10578806	561855680.00
2013/07/09	10.28	10.51	9.95	10.32	8709556	452027904.00
2013/07/10	10.40	10.45	10.01	10.24	9082079	472259008.00
2013/07/11	10.30	10.80	10.15	10.80	9917182	528407008.00
2013/07/12	10.84	11.05	10.32	10.33	9499348	514724896.00
2013/07/15	10.15	10.47	10.15	10.38	9334696	486776352.00
2013/07/16	10.52	10.77	10.35	10.67	9074340	490686944.00
2013/07/17	10.79	10.88	10.22	10.38	7942821	423763008.00
2013/07/18	10.24	10.35	9.96	10.02	10152346	519034368.00
2013/07/19	9.96	10.15	9.35	9.36	14111642	696033472.00
2013/07/22	9.35	9.75	9.15	9.63	7024946	340782752.00
2013/07/23	9.78	10.15	9.75	10.14	8130925	413240384.00
2013/07/24	10.14	10.40	10.03	10.19	9266865	482310304.00
2013/07/25	10.17	10.32	9.57	9.57	8219849	410267648.00
2013/07/26	9.51	9.77	9.38	9.46	5922585	286838528.00
2013/07/29	9.45	9.45	9.01	9.12	7064170	331038016.00
2013/07/30	9.21	9.41	9.13	9.31	5136518	242068080.00
2013/07/31	9.27	9.55	9.21	9.31	4951718	236338672.00
2013/08/01	9.19	9.42	8.75	9.42	12490449	573562688.00
2013/08/02	9.43	9.45	9.05	9.09	8737779	409795456.00
2013/08/05	9.05	9.21	8.95	9.10	8467742	389344320.00
2013/08/06	9.16	9.97	9.16	9.84	13849649	670190912.00
2013/08/07	9.75	9.99	9.50	9.65	8455555	416796032.00
2013/08/08	9.54	10.25	9.51	9.96	16064099	815905088.00
2013/08/09	9.99	10.21	9.75	9.91	9274606	468182816.00
2013/08/12	9.91	9.95	9.21	9.49	14532573	700186688.00
2013/08/13	9.49	9.56	9.25	9.52	6253157	300032608.00
2013/08/14	9.52	9.54	9.27	9.29	8472663	401676096.00
2013/08/15	9.31	9.45	9.21	9.23	5010286	237314000.00
2013/08/16	9.17	9.25	8.92	8.95	8541293	391964800.00
2013/08/19	8.95	9.08	8.68	8.93	11320931	508303264.00
2013/08/20	8.95	9.32	8.85	9.22	10092501	467949600.00
2013/08/21	9.20	9.21	8.99	9.05	5333591	245695248.00
2013/08/22	9.01	9.22	9.01	9.09	5107237	236530272.00
2013/08/23	9.15	9.70	9.15	9.61	18062649	871428736.00
2013/08/26	9.59	9.96	9.59	9.67	12476724	619177664.00
2013/08/27	9.61	9.69	9.41	9.48	7092284	341369888.00
2013/08/28	9.40	9.40	9.12	9.15	7989101	374248864.00
2013/08/29	9.11	9.53	8.85	9.39	8810611	417545120.00
2013/08/30	9.39	9.52	8.85	9.01	8801481	411232384.00
2013/09/02	8.96	9.16	8.91	9.05	4746044	218055152.00
2013/09/03	9.12	9.51	9.08	9.27	5966963	282219168.00
2013/09/04	9.25	9.95	9.23	9.86	18700661	920834112.00
2013/09/05	9.91	9.96	9.56	9.68	12026181	595427136.00
2013/09/06	9.63	9.94	9.56	9.73	8679780	432477984.00
2013/09/09	9.69	9.69	9.32	9.41	9937723	475898944.00
2013/09/10	9.43	9.49	9.16	9.25	7068557	332992416.00
2013/09/11	9.25	9.25	8.69	8.79	13661197	618011200.00
2013/09/12	8.83	9.03	8.83	8.99	5654858	256766784.00
2013/09/13	8.99	9.07	8.85	9.00	3702165	168601536.00
2013/09/16	9.00	9.05	8.83	8.97	5036631	229037680.00
2013/09/17	9.00	9.01	8.63	8.66	8815937	391597600.00
2013/09/18	8.65	8.77	8.60	8.67	4631955	204135456.00
2013/09/23	8.75	8.92	8.67	8.91	5435474	243700112.00
2013/09/24	8.95	9.12	8.85	8.89	5817806	265292368.00
2013/09/25	8.83	8.83	8.60	8.62	8463873	372380160.00
2013/09/26	8.62	8.62	8.29	8.31	7275927	310890016.00
2013/09/27	8.30	8.60	8.27	8.36	4792313	205485344.00
2013/09/30	8.34	8.49	8.34	8.35	3930602	167397552.00
2013/10/08	8.35	8.52	8.17	8.46	7165834	306697344.00
2013/10/09	8.46	8.51	8.25	8.48	5656961	241222736.00
2013/10/10	8.31	8.33	7.95	7.99	12581845	521563680.00
2013/10/11	7.97	8.02	7.59	7.64	19024658	749273536.00
2013/10/14	7.71	8.33	7.63	8.25	17169030	704252672.00
2013/10/15	8.25	8.63	8.13	8.31	13615725	582100096.00
2013/10/16	8.31	8.51	8.16	8.27	8974382	381779392.00
2013/10/17	8.85	9.12	8.85	9.12	14198860	656512320.00
2013/10/18	9.75	9.75	9.14	9.29	21046011	1002885568.00
2013/10/21	9.37	9.38	8.78	9.13	13488501	621929536.00
2013/10/22	9.04	9.36	9.01	9.14	11500139	538331264.00
2013/10/23	9.05	9.06	8.59	8.63	10241904	455182592.00
2013/10/24	8.51	8.80	8.37	8.77	5686919	248371968.00
2013/10/25	8.61	8.96	8.56	8.66	5395100	241027632.00
2013/10/28	8.72	8.95	8.54	8.68	6429181	286805856.00
2013/10/29	8.68	8.68	7.97	8.40	7228699	306670848.00
2013/10/30	8.44	8.70	8.43	8.64	4547642	198393648.00
2013/10/31	8.67	8.70	8.39	8.40	3226212	139893904.00
2013/11/01	8.26	8.34	8.05	8.21	3966394	165580320.00
2013/11/04	8.21	8.51	8.21	8.42	3779332	161328864.00
2013/11/05	8.35	8.52	8.35	8.44	2627415	112821224.00
2013/11/06	8.45	8.66	8.43	8.46	4095258	178116832.00
2013/11/07	8.24	8.37	8.18	8.21	7660483	321607328.00
2013/11/08	8.21	8.41	8.20	8.21	2743827	115692736.00
2013/11/11	8.20	8.32	8.11	8.28	2540103	106348208.00
2013/11/12	8.29	8.33	8.21	8.29	2686016	113137256.00
2013/11/13	8.31	8.43	8.25	8.29	3393483	144119728.00
2013/11/14	8.25	8.40	8.21	8.35	2604279	110153792.00
2013/11/15	8.33	8.65	8.27	8.47	6158402	266005696.00
2013/11/18	8.49	8.62	8.40	8.55	4795571	208179600.00
2013/11/19	8.55	9.27	8.52	9.01	11647595	532458560.00
2013/11/20	9.01	9.09	8.65	8.92	6327763	284097472.00
2013/11/21	8.81	8.85	8.57	8.81	5498268	243950560.00
2013/11/22	8.79	8.91	8.72	8.73	3721949	167060816.00
2013/11/25	8.77	9.01	8.70	8.84	6083533	275246144.00
2013/11/26	8.87	9.20	8.77	9.15	8957216	411015264.00
2013/11/27	9.15	9.55	9.09	9.40	10578337	503319136.00
2013/11/28	9.41	9.47	9.27	9.33	6400234	304095520.00
2013/11/29	9.39	9.64	9.39	9.42	6644309	321901792.00
2013/12/02	9.14	9.27	8.88	8.93	7733517	356117248.00
2013/12/03	8.87	9.22	8.87	9.17	3845175	177460912.00
2013/12/04	9.22	9.65	9.22	9.37	6470879	312622976.00
2013/12/05	9.41	9.59	9.09	9.10	4126004	194236752.00
2013/12/06	9.10	9.15	8.81	8.93	4460139	202111856.00
2013/12/09	9.01	9.10	8.83	8.91	4799315	217206208.00
2013/12/10	8.95	9.02	8.85	8.95	3284894	148891120.00
2013/12/11	8.95	8.96	8.79	8.84	3022142	136139920.00
2013/12/12	8.84	8.97	8.82	8.96	3208663	145334672.00
2013/12/13	8.90	9.01	8.81	8.93	3351364	151721856.00
2013/12/16	8.95	9.13	8.87	9.12	4712816	215690800.00
2013/12/17	9.12	9.16	8.97	9.03	2553526	117521008.00
2013/12/18	8.95	9.07	8.84	8.91	2148279	97717992.00
2013/12/19	8.90	9.11	8.90	8.98	2902285	133331224.00
2013/12/20	9.11	9.30	8.79	8.83	3710565	170405888.00
2013/12/23	8.83	8.85	8.61	8.83	3188931	141426880.00
2013/12/24	8.83	8.91	8.64	8.72	2772283	124129448.00
2013/12/25	8.72	8.96	8.65	8.96	3449710	155648128.00
2013/12/26	8.91	9.04	8.83	8.88	2860563	129744832.00
2013/12/27	8.88	9.22	8.84	9.22	5391612	248919056.00
2013/12/30	9.22	9.35	9.15	9.31	3904940	183599280.00
2013/12/31	9.29	9.50	9.16	9.47	5214280	248442464.00
2014/01/02	9.66	9.85	9.45	9.54	6479890	316005984.00
2014/01/03	9.41	9.68	9.38	9.52	6907421	334230336.00
2014/01/06	9.52	9.53	9.17	9.22	5131380	241560480.00
2014/01/07	9.11	9.29	9.07	9.15	3284954	153015904.00
2014/01/08	9.20	9.53	9.16	9.45	4897737	233591824.00
2014/01/09	9.47	9.57	9.33	9.47	3970620	190812160.00
2014/01/10	9.41	9.47	9.09	9.09	3047180	143038960.00
2014/01/13	9.10	9.15	8.49	8.59	6415529	285698560.00
2014/01/14	8.59	8.74	8.51	8.69	3550304	155473936.00
2014/01/15	8.71	8.79	8.65	8.74	2909535	128930208.00
2014/01/16	8.74	8.82	8.67	8.74	3002753	133742560.00
2014/01/17	8.74	8.80	8.29	8.34	6435310	275804512.00
2014/01/20	8.27	8.40	8.16	8.21	3807307	160769632.00
2014/01/21	8.21	8.42	8.20	8.29	2536146	106975032.00
2014/01/22	8.32	8.61	8.29	8.58	3906978	167654208.00
2014/01/23	8.59	8.64	8.39	8.42	4851541	208857472.00
2014/01/24	8.41	8.56	8.31	8.49	4816964	206806272.00
2014/01/27	8.45	8.58	8.34	8.49	3504331	151043152.00
2014/01/28	8.44	8.57	8.23	8.29	3639311	153979952.00
2014/01/29	8.33	8.35	8.16	8.20	3552122	148464880.00
2014/01/30	8.17	8.45	8.17	8.35	2853938	121574328.00
2014/02/07	8.31	8.53	8.15	8.44	10018982	427583552.00
2014/02/10	8.49	8.84	8.45	8.77	12705808	565388288.00
2014/02/11	9.05	9.66	9.05	9.23	18076770	857688000.00
2014/02/12	9.25	9.61	9.09	9.49	9508538	454060768.00
2014/02/13	9.49	9.74	9.35	9.42	13256756	645113920.00
2014/02/14	9.43	10.25	9.43	10.18	13962527	704720768.00
2014/02/17	10.19	10.32	10.02	10.19	10390429	536366112.00
2014/02/18	10.19	10.19	9.62	9.74	12969537	649736704.00
2014/02/19	9.71	9.72	9.41	9.55	7068067	342455200.00
2014/02/20	9.55	9.73	9.32	9.41	6285823	303307456.00
2014/02/21	9.42	9.71	9.33	9.47	7315013	352269664.00
2014/03/27	9.65	9.71	8.51	8.53	22756666	1019855040.00
2014/03/28	8.35	8.71	7.66	8.58	18675801	782726016.00
2014/03/31	8.33	8.53	8.15	8.27	5452372	230866096.00
2014/04/01	8.28	8.49	8.18	8.47	5382585	229199680.00
2014/04/02	8.53	8.84	8.53	8.73	9950818	443091392.00
2014/04/03	8.73	8.81	8.56	8.64	4387461	193646256.00
2014/04/04	8.64	8.78	8.59	8.70	4184547	185267600.00
2014/04/08	8.72	9.10	8.65	8.97	5967073	270258784.00
2014/04/09	9.04	9.29	8.95	9.03	5231836	241936096.00
2014/04/10	9.05	9.35	9.05	9.34	8320662	391235296.00
2014/04/11	9.27	9.33	9.16	9.29	4737657	222729280.00
2014/04/14	9.35	9.40	8.96	9.05	7092617	327036416.00
2014/04/15	9.04	9.13	8.68	8.78	6369839	287391072.00
2014/04/16	8.78	8.95	8.68	8.91	3392201	153059328.00
2014/04/17	9.00	9.31	9.00	9.25	5346642	249433280.00
2014/04/18	9.25	9.30	9.08	9.23	3656440	171033904.00
2014/04/21	9.16	9.59	9.07	9.27	6585668	313664352.00
2014/04/22	9.15	9.35	8.61	9.01	16273685	367353856.00
2014/04/23	9.01	9.06	8.72	8.80	7098241	159341824.00
2014/04/24	8.83	8.88	8.63	8.67	6025137	132859064.00
2014/04/25	8.63	8.92	8.49	8.50	9063185	199416240.00
2014/04/28	8.49	8.49	8.09	8.26	8582477	179324496.00
2014/04/29	8.25	8.47	8.21	8.36	7371909	155724832.00
2014/04/30	8.35	8.47	8.29	8.37	6340499	134915808.00
2014/05/05	8.37	9.22	8.37	9.22	20726482	467364832.00
2014/05/06	9.39	9.71	9.23	9.37	30696687	737351552.00
2014/05/07	9.39	9.65	9.22	9.37	20855619	497051904.00
2014/05/08	9.20	9.44	8.97	8.99	16344201	382768512.00
2014/05/09	9.01	9.15	8.29	9.12	16047367	359892128.00
2014/05/12	9.16	9.29	8.93	9.18	10652215	245461328.00
2014/05/13	9.18	9.18	8.88	8.96	9674316	221119776.00
2014/05/14	8.87	9.03	8.82	8.98	6054700	136975312.00
2014/05/15	9.01	9.02	8.57	8.61	11418834	252152912.00
2014/05/16	8.55	8.79	8.52	8.72	7531638	165524064.00
2014/05/19	8.72	8.72	8.45	8.47	8453614	182390128.00
2014/05/20	8.57	8.66	8.44	8.46	5587221	120754992.00
2014/05/21	8.47	8.67	8.29	8.65	8321797	179551760.00
2014/05/22	8.68	8.83	8.58	8.59	6974174	153951328.00
2014/05/23	8.61	8.67	8.52	8.67	4497468	97932576.00
2014/05/26	8.77	8.82	8.63	8.75	7245906	159911344.00
2014/05/27	8.77	8.79	8.44	8.62	9241688	200817392.00
2014/05/28	8.61	8.64	8.45	8.63	8846513	191317920.00
2014/05/29	8.62	8.67	8.44	8.44	10013270	216080416.00
2014/05/30	8.45	8.46	8.25	8.39	9015045	190796976.00
2014/06/03	8.42	8.52	8.42	8.44	5528186	118499504.00
2014/06/04	8.42	8.44	8.24	8.30	7465432	157025696.00
2014/06/05	8.30	8.38	8.21	8.35	9937451	208537696.00
2014/06/06	8.35	8.59	8.33	8.46	10941884	234867984.00
2014/06/09	8.47	8.48	8.29	8.29	9079422	191732640.00
2014/06/10	8.30	8.54	8.28	8.47	8997208	192351392.00
2014/06/11	8.46	8.58	8.35	8.49	6135744	131821632.00
2014/06/12	8.48	8.77	8.45	8.60	14198959	311275552.00
2014/06/13	8.56	8.67	8.49	8.52	10923300	236669008.00
2014/06/16	8.53	8.78	8.52	8.74	12901990	283439168.00
2014/06/17	8.74	8.74	8.57	8.63	7482884	163537792.00
2014/06/18	8.60	8.72	8.56	8.60	7496473	164165568.00
2014/06/19	8.59	8.61	8.21	8.23	11795250	249401936.00
2014/06/20	8.23	8.37	8.21	8.29	4829383	101546816.00
2014/06/23	8.34	8.38	8.26	8.31	4680250	98828736.00
2014/06/24	8.28	8.34	8.22	8.30	5962378	124995528.00
2014/06/25	8.34	8.34	8.22	8.26	4098330	85840384.00
2014/06/26	8.29	8.52	8.26	8.40	6924998	147930624.00
2014/06/27	8.41	8.42	8.29	8.33	6506769	137508832.00
2014/06/30	8.33	8.48	8.29	8.46	7678520	163517184.00
2014/07/01	8.46	8.58	8.36	8.54	8330233	179344576.00
2014/07/02	8.54	8.62	8.47	8.54	7546746	163183184.00
2014/07/21	8.94	9.18	8.53	8.68	34964668	773542912.00
2014/07/22	8.64	8.64	8.29	8.51	21353604	454925312.00
2014/07/23	8.44	8.53	8.16	8.24	16809151	355155552.00
2014/07/24	8.25	8.31	7.91	7.92	17992207	365609472.00
2014/07/25	7.92	8.37	7.92	8.35	15841341	329171360.00
2014/07/28	8.36	8.49	8.35	8.44	11787429	251736000.00
2014/07/29	8.47	8.92	8.42	8.80	25853142	574976064.00
2014/07/30	8.81	8.92	8.61	8.85	13697365	305695776.00
2014/07/31	8.86	8.94	8.74	8.86	11609895	259240528.00
2014/08/01	8.85	8.92	8.73	8.75	12443074	277515232.00
2014/08/04	8.81	8.88	8.76	8.84	9890570	221192096.00
2014/08/05	8.84	8.87	8.72	8.82	10993887	244640256.00
2014/08/06	8.86	9.32	8.82	9.17	23722729	547534912.00
2014/08/07	9.19	9.20	8.89	8.94	12014255	274937472.00
2014/08/08	8.93	9.00	8.82	8.92	9112459	205640480.00
2014/08/11	8.97	9.07	8.90	9.02	11054751	251271008.00
2014/08/12	9.00	9.04	8.92	8.98	11155023	253298928.00
2014/08/13	8.99	9.06	8.92	9.02	9770892	222512592.00
2014/08/14	9.05	9.08	8.93	8.94	9627555	219057664.00
2014/08/15	8.96	9.29	8.93	9.18	18283221	423212928.00
2014/08/18	9.18	9.30	9.07	9.25	16237797	377327936.00
2014/08/19	9.25	9.75	9.18	9.51	27951457	670137088.00
2014/08/20	9.49	9.62	9.28	9.34	19468497	465681664.00
2014/08/21	9.46	9.61	9.37	9.56	18907412	454640672.00
2014/08/22	9.58	9.74	9.51	9.66	17816740	434205312.00
2014/08/25	9.69	9.75	9.35	9.41	13139612	315889664.00
2014/08/26	9.36	9.48	9.06	9.13	14375363	335502688.00
2014/08/27	9.09	9.24	9.00	9.17	9178248	211952496.00
2014/08/28	9.27	9.28	8.81	8.88	16848377	382171264.00
2014/08/29	8.87	9.08	8.87	9.05	7366581	167612144.00
2014/09/01	9.08	9.96	9.05	9.96	64725799	1603241728.00
2014/09/02	10.29	10.46	10.05	10.29	90180621	2332300032.00
2014/09/03	10.21	10.83	10.16	10.24	71359930	1878864384.00
2014/09/04	10.15	10.51	9.97	10.40	48637656	1269083776.00
2014/09/05	10.41	10.45	10.09	10.29	38664833	1002467584.00
2014/09/09	10.21	10.21	9.90	10.11	31166062	794819456.00
2014/09/10	10.18	10.37	10.04	10.16	33365457	860527680.00
2014/09/11	10.11	10.23	9.98	10.10	31226346	797704128.00
2014/09/12	10.09	10.15	9.93	10.13	23117010	586401152.00
2014/09/15	10.16	10.25	10.00	10.07	20506981	523051040.00
2014/09/16	10.07	10.19	9.48	9.61	28117001	704286848.00
2014/09/17	9.61	9.68	9.26	9.49	20306819	485918368.00
2014/09/18	9.49	9.62	9.37	9.58	14692704	353779424.00
2014/09/19	9.58	9.60	9.46	9.56	13273588	319973024.00
2014/09/22	9.52	9.52	9.17	9.28	20937302	491713888.00
2014/09/23	9.25	9.43	9.23	9.42	13109845	310579680.00
2014/09/24	9.38	9.56	9.25	9.48	21486208	511054560.00
2014/09/25	9.46	9.59	9.30	9.34	21597863	515668224.00
2014/09/26	9.33	9.35	9.19	9.29	15208002	356370720.00
2014/09/29	9.31	9.54	9.31	9.48	20707894	494576160.00
2014/09/30	9.56	9.57	9.41	9.46	14934902	357737344.00
2014/10/08	9.49	9.55	9.38	9.50	15897834	379864864.00
2014/10/09	9.54	9.71	9.49	9.68	24614455	599230272.00
2014/10/10	9.62	9.63	9.41	9.46	19865860	478568320.00
2014/10/13	9.39	9.39	9.09	9.16	26003193	604426496.00
2014/10/14	9.16	9.22	9.06	9.10	17084376	394858688.00
2014/10/15	9.10	9.22	9.05	9.18	13535649	313762496.00
2014/10/16	9.10	9.26	8.97	8.99	16643763	383821120.00
2014/10/17	9.00	9.06	8.74	8.85	15734849	353776032.00
2014/10/20	8.85	8.94	8.84	8.91	11014781	247858144.00
2014/10/21	8.96	9.00	8.74	8.75	13462414	301532032.00
2014/10/22	8.76	8.84	8.64	8.64	12075346	266613072.00
2014/10/23	8.64	8.69	8.28	8.36	17881805	380681632.00
2014/10/24	8.39	8.49	8.28	8.48	12836745	272574208.00
2014/10/27	8.39	8.55	8.34	8.52	11814789	253260688.00
2014/10/28	8.56	8.67	8.54	8.62	14900663	324535680.00
2014/10/29	8.65	8.68	8.49	8.57	27456128	596586816.00
2014/10/30	8.59	8.66	8.48	8.59	19039289	413885952.00
2014/10/31	8.58	8.58	8.39	8.48	16828171	360982976.00
2014/11/03	8.49	8.56	8.45	8.53	12258892	264313760.00
2014/11/04	8.55	8.55	8.40	8.46	14681218	314367776.00
2014/11/05	8.43	8.47	8.36	8.39	16804689	357362688.00
2014/11/06	8.41	8.55	8.37	8.51	14274063	305810656.00
2014/11/07	8.53	8.62	8.41	8.44	18582174	402212576.00
2014/11/10	8.44	8.52	8.41	8.52	11582455	248275120.00
2014/11/11	8.54	8.57	8.19	8.22	19927725	420463008.00
2014/11/12	8.19	8.48	8.17	8.48	14108685	298638304.00
2014/11/13	8.48	8.49	8.24	8.32	13750702	289913440.00
2014/11/14	8.32	8.49	8.29	8.40	12372823	263963184.00
2014/11/17	8.45	8.55	8.35	8.49	13176598	282780128.00
2014/11/18	8.51	8.76	8.51	8.68	23520404	516527648.00
2014/11/19	8.68	8.68	8.54	8.62	12398841	270331360.00
2014/11/20	8.60	8.60	8.44	8.47	11971918	257761328.00
2014/11/21	8.51	8.56	8.47	8.50	9297323	200520064.00
2014/11/24	8.56	8.60	8.46	8.51	14425312	311278944.00
2014/11/25	8.51	8.75	8.49	8.71	24366358	533558912.00
2014/11/26	8.73	8.77	8.58	8.62	16566015	362450464.00
2014/11/27	8.65	8.68	8.54	8.57	16923324	368286528.00
2014/11/28	8.58	9.08	8.52	8.88	40266407	904239680.00
2014/12/01	8.90	9.06	8.76	9.00	32885769	744179840.00
2014/12/02	8.96	9.06	8.93	9.00	22789919	519128480.00
2014/12/03	8.98	9.01	8.81	8.99	29169263	657529984.00
2014/12/04	9.00	9.20	9.00	9.06	31099401	716870848.00
2014/12/05	9.06	9.06	8.54	8.66	29704288	659716544.00
2014/12/08	8.66	8.66	8.42	8.49	26123622	562728000.00
2014/12/09	8.48	8.49	8.19	8.20	27266622	577825280.00
2014/12/10	8.25	8.50	8.22	8.49	16230239	346092224.00
2014/12/11	8.47	8.64	8.41	8.50	14906045	321713312.00
2014/12/12	8.58	8.61	8.43	8.48	14683466	315315232.00
2014/12/15	8.50	8.76	8.47	8.69	21313191	467224736.00
2014/12/16	8.75	8.82	8.65	8.69	17651457	390054528.00
2014/12/17	8.72	8.72	8.39	8.41	19780898	424099552.00
2014/12/18	8.41	8.53	8.36	8.38	12890643	275486464.00
2014/12/19	8.36	8.44	8.21	8.32	15142961	318046176.00
2014/12/22	8.31	8.31	7.71	7.74	21702394	433842112.00
2014/12/23	7.74	7.94	7.74	7.77	10400721	206622720.00
2014/12/24	7.85	7.88	7.76	7.84	8930204	177017776.00
2014/12/25	7.85	8.05	7.84	7.92	10171060	204677056.00
2014/12/26	7.92	7.93	7.81	7.86	12274753	243952736.00
2014/12/29	7.87	7.87	7.53	7.56	18791259	365836864.00
2014/12/30	7.50	7.55	7.06	7.13	25457908	466956672.00
2014/12/31	7.24	7.48	7.23	7.47	16854269	316406752.00
2015/01/05	7.50	7.63	7.38	7.60	16317256	312097184.00
2015/01/06	7.56	7.96	7.45	7.89	21406260	421613248.00
2015/01/07	7.92	7.94	7.75	7.89	12515644	249171184.00
2015/01/08	7.86	7.98	7.85	7.85	10274894	205772720.00
2015/01/09	7.81	8.00	7.77	7.77	18755307	375502880.00
2015/01/12	7.77	7.87	7.49	7.52	15619718	303033792.00
2015/01/13	7.52	8.29	7.50	8.29	44741760	921371200.00
2015/01/14	8.37	8.67	8.32	8.60	60500681	1308107136.00
2015/01/15	8.49	8.66	8.31	8.37	25110797	537178304.00
2015/01/16	8.32	8.61	8.27	8.53	24186760	517322912.00
2015/01/19	8.29	8.63	8.09	8.29	28751679	611675328.00
2015/01/20	8.33	8.58	8.30	8.53	32499620	695459456.00
2015/01/21	8.64	8.94	8.64	8.70	40181596	894068096.00
2015/01/22	8.71	9.07	8.66	8.99	42328327	956517056.00
2015/01/23	8.96	9.05	8.81	8.92	26017150	586397888.00
2015/01/26	8.92	9.04	8.86	8.96	20445153	462263872.00
2015/01/27	9.01	9.15	8.78	8.84	25586446	579501184.00
2015/01/28	8.79	8.80	8.56	8.57	27536986	604602560.00
2015/01/29	8.52	8.67	8.49	8.58	12913766	281312320.00
2015/01/30	8.60	8.72	8.53	8.56	12364411	269786816.00
2015/02/02	8.45	8.72	8.40	8.61	12147906	264664064.00
2015/02/03	8.71	8.75	8.57	8.70	13843707	304067648.00
2015/02/04	8.72	8.76	8.51	8.52	14555687	318718464.00
2015/02/05	8.57	8.64	8.35	8.35	16143525	347682880.00
2015/02/06	8.35	8.46	8.10	8.12	14503600	302891200.00
2015/02/09	8.07	8.19	8.04	8.05	8686652	178363600.00
2015/02/10	8.16	8.33	8.05	8.30	9932085	206742960.00
2015/02/11	8.34	8.42	8.29	8.37	10712726	226525648.00
2015/02/12	8.37	8.42	8.30	8.39	9647736	204345440.00
2015/02/13	8.42	8.63	8.36	8.57	17981521	389227168.00
2015/02/16	8.58	8.81	8.55	8.78	23972179	527616416.00
2015/02/17	8.83	8.86	8.64	8.78	20468942	455106976.00
2015/02/25	8.85	9.01	8.75	8.79	20182732	453178688.00
2015/02/26	8.78	8.87	8.73	8.84	16098587	358561696.00
2015/02/27	8.81	9.15	8.81	9.04	31866993	725987520.00
2015/03/02	9.07	9.47	9.01	9.46	46408707	1095752320.00
2015/03/03	9.39	9.56	9.24	9.33	40891359	971669504.00
2015/03/04	9.34	9.44	9.27	9.39	21624142	511942144.00
2015/03/05	9.41	9.66	9.37	9.61	35400202	852893440.00
2015/03/06	9.69	9.77	9.16	9.16	30767545	730438656.00
2015/03/09	9.14	9.30	8.87	9.23	21510640	494761056.00
2015/03/10	9.21	9.53	9.20	9.34	25417207	603631680.00
2015/03/11	9.34	9.44	9.22	9.37	18384684	434448576.00
2015/03/12	9.40	9.72	9.35	9.46	28942034	698914752.00
2015/03/13	9.54	9.55	9.32	9.42	18325143	436007840.00
2015/03/16	9.29	9.54	9.17	9.54	39899724	944474688.00
2015/03/17	9.60	9.72	9.47	9.64	39285594	955266624.00
2015/03/18	9.69	10.09	9.63	10.00	49172891	1233095552.00
2015/03/19	10.00	10.13	9.83	9.94	36582036	922734400.00
2015/03/20	9.89	10.02	9.84	9.92	29441973	736163648.00
2015/03/23	9.98	10.20	9.87	10.18	48554699	1232358144.00
2015/03/24	10.19	10.21	9.69	9.91	46796356	1174692096.00
2015/03/25	9.91	10.91	9.73	10.85	68438698	1791292032.00
2015/03/26	10.69	11.04	10.38	10.57	54465286	1476153472.00
2015/03/27	10.57	10.80	10.50	10.64	27946010	752875968.00
2015/03/30	10.66	10.76	10.50	10.64	30063748	806473280.00
2015/03/31	10.65	11.04	10.58	10.61	41993196	1144679680.00
2015/04/01	10.62	10.96	10.50	10.82	38099462	1030944064.00
2015/04/02	10.82	11.21	10.80	11.01	45774375	1271149056.00
2015/04/03	11.00	11.16	10.85	11.01	35830662	996946624.00
2015/04/07	11.04	11.28	10.97	11.15	42863631	1201601920.00
2015/04/08	11.15	11.19	10.61	10.70	48330371	1322669568.00
2015/04/09	10.68	10.68	9.86	10.24	38820839	1007129536.00
2015/04/10	10.18	11.01	10.14	10.88	40032468	1069747136.00
2015/04/13	10.93	11.98	10.88	11.79	93540533	2774526976.00
2015/04/14	11.61	12.00	11.33	11.65	57601103	1708889472.00
2015/04/15	11.64	11.64	11.00	11.00	34882480	989843200.00
2015/04/16	10.88	11.20	10.57	11.00	32002899	887408384.00
2015/04/17	11.04	11.13	10.79	10.98	39343476	1086803584.00
2015/04/20	10.89	10.93	10.45	10.53	36822776	996765568.00
2015/04/21	9.89	10.39	9.80	10.34	59142052	1515064576.00
2015/04/22	10.34	10.68	10.24	10.52	57976445	1524345600.00
2015/04/23	10.53	10.60	10.24	10.32	46439569	1217813504.00
2015/04/24	10.13	10.80	10.02	10.77	60184227	1591458304.00
2015/04/27	10.97	11.66	10.97	11.06	78618147	2239152384.00
2015/04/28	11.16	11.44	10.83	11.25	61837955	1746939520.00
2015/04/29	11.23	12.23	11.02	12.10	81524241	2399744512.00
2015/04/30	12.11	12.48	11.88	12.09	71031320	2181671424.00
2015/05/04	12.09	12.91	11.91	12.21	59770710	1877546240.00
2015/05/05	12.08	12.13	11.29	11.40	50291071	1485625088.00
2015/05/06	11.50	12.12	11.45	11.69	53587462	1596380160.00
2015/05/07	11.83	12.16	11.50	11.89	39052916	1169018496.00
2015/05/08	12.02	12.63	10.80	11.64	90313364	2688916736.00
2015/05/11	11.68	12.81	11.68	12.81	74903966	2343747584.00
2015/05/12	13.05	14.07	12.62	13.60	82549718	2754926848.00
2015/05/13	13.61	14.33	12.94	13.82	59522763	2077362304.00
2015/05/14	14.28	14.48	13.54	13.64	45423544	1588383360.00
2015/05/15	13.48	14.16	13.27	13.92	41297685	1436857600.00
2015/05/18	13.93	15.33	13.82	15.29	49138310	1811337856.00
2015/05/19	15.41	15.97	15.10	15.50	39302747	1537855872.00
2015/05/20	15.57	16.41	15.17	15.36	43911110	1754562432.00
2015/05/21	15.33	15.92	15.29	15.86	33605752	1325699968.00
2015/05/22	15.89	16.09	14.91	15.64	49636877	1921293824.00
2015/05/25	15.48	16.13	15.09	16.10	44440544	1750404224.00
2015/05/26	16.12	17.18	16.12	16.69	38253782	1611140480.00
2015/05/27	16.69	17.29	15.89	16.63	40101080	1690814976.00
2015/05/28	17.18	18.31	17.01	17.10	60312401	2693619968.00
2015/05/29	17.74	18.54	16.24	18.23	48834977	2183062784.00
2015/06/01	18.75	19.96	18.61	18.88	45708125	2198206208.00
2015/06/02	18.97	19.31	18.42	19.23	46223945	2194518528.00
2015/06/03	19.50	20.28	18.49	19.53	39424261	1928542848.00
2015/06/12	21.49	21.49	21.49	21.49	2150131	116128576.00
2015/06/15	21.49	21.64	19.33	19.33	62333601	3128023552.00
2015/06/16	18.25	19.13	17.39	17.93	60278675	2707523328.00
2015/06/17	17.69	18.49	16.89	18.21	40941679	1833843968.00
2015/06/18	17.66	18.17	16.38	16.38	45027440	1951774208.00
2015/06/19	15.90	16.82	15.10	15.97	45431299	1810188672.00
2015/06/23	15.98	16.61	14.49	16.43	34956910	1416308352.00
2015/06/24	16.69	16.77	15.69	16.01	34425504	1398246912.00
2015/06/25	16.47	16.64	14.81	15.04	37205492	1475064704.00
2015/06/26	14.41	14.41	13.52	13.52	38246107	1339111552.00
2015/06/29	13.71	13.71	12.16	12.16	50751289	1609056768.00
2015/06/30	12.16	13.38	11.23	13.38	64599732	2038581760.00
2015/07/01	13.49	14.73	13.41	13.77	69765300	2491061248.00
2015/07/13	15.12	15.15	14.32	15.15	78408693	2931708928.00
2015/07/14	15.13	16.19	14.64	15.04	73715388	2851527680.00
2015/07/15	14.68	14.69	13.53	13.53	32056251	1123696768.00
2015/07/16	12.73	13.65	12.17	12.98	52406436	1696790272.00
2015/07/17	13.07	14.19	12.56	13.76	49441491	1668230784.00
2015/07/20	13.73	14.20	13.41	13.47	42604679	1468045312.00
2015/07/21	13.13	13.67	12.93	13.32	29158140	974502464.00
2015/07/22	13.32	14.66	13.14	14.66	55554157	1949318400.00
2015/07/23	14.73	14.87	14.08	14.66	58051953	2112261376.00
2015/07/24	14.60	14.87	13.77	13.98	47585072	1732855808.00
2015/07/27	13.25	13.84	12.58	12.58	41046118	1368669568.00
2015/07/28	11.37	12.43	11.31	11.53	56402592	1650521728.00
2015/07/29	11.73	11.97	10.41	11.96	52846522	1487683968.00
2015/07/30	11.69	12.01	10.77	10.77	33985126	992284928.00
2015/07/31	10.55	11.35	10.44	10.92	43215542	1188440704.00
2015/08/03	10.68	11.13	10.22	10.70	40994036	1101543552.00
2015/08/04	10.72	11.52	10.65	11.52	24100836	674953728.00
2015/08/05	11.52	11.71	11.12	11.16	25482165	731892160.00
2015/08/06	10.91	11.19	10.81	10.87	14747441	407395744.00
2015/08/07	11.13	11.52	11.02	11.49	23075737	655257728.00
2015/08/10	11.66	12.28	11.53	12.14	33410807	1000974848.00
2015/08/11	12.25	12.40	11.89	11.97	29042166	885736192.00
2015/08/12	11.86	11.96	11.50	11.51	20374827	602366400.00
2015/08/13	11.42	11.80	11.24	11.80	17919395	521178176.00
2015/08/14	11.93	12.02	11.54	11.58	22146309	655253312.00
2015/08/17	11.51	11.75	11.13	11.72	24857947	710438144.00
2015/08/18	11.96	12.17	10.54	10.65	39644650	1152398336.00
2015/08/19	10.28	11.29	9.91	11.13	31437947	839199616.00
2015/08/20	11.08	11.47	10.74	10.92	28021094	779764672.00
2015/08/21	10.69	10.92	10.05	10.09	26257203	695090560.00
2015/08/24	9.53	9.75	9.07	9.07	23924519	552586688.00
2015/08/25	8.16	8.45	8.16	8.16	39831030	821832832.00
2015/08/26	7.89	8.29	7.33	7.33	34283050	672159168.00
2015/08/27	7.48	7.72	6.93	7.58	33234588	619924480.00
2015/08/28	7.73	8.23	7.48	8.23	33878314	666520768.00
2015/08/31	8.13	8.13	7.70	8.08	25591801	513074112.00
2015/09/01	8.08	8.08	7.33	7.86	27797803	543122432.00
2015/09/02	7.35	8.04	7.32	7.69	31084441	605915840.00
2015/09/07	7.80	8.13	7.65	7.73	18875314	377367360.00
2015/09/08	7.62	8.12	7.47	8.09	16620576	326951168.00
2015/09/09	8.14	8.70	8.08	8.65	29462557	622686528.00
2015/09/10	8.33	8.54	8.24	8.27	17718877	375099328.00
2015/09/11	8.26	8.40	8.06	8.18	12179764	252696288.00
2015/09/14	8.32	8.36	7.36	7.36	24334395	474351232.00
2015/09/15	7.16	7.34	6.61	6.62	21610137	376188736.00
2015/09/16	6.66	7.29	6.63	7.29	20238420	352375840.00
2015/09/17	7.34	7.64	7.13	7.15	22742163	423647392.00
2015/09/18	7.28	7.31	7.05	7.20	12526473	226520784.00
2015/09/21	7.13	7.59	7.05	7.57	16353423	305090912.00
2015/09/22	7.57	7.88	7.56	7.75	18278039	356944480.00
2015/09/23	7.58	7.80	7.52	7.59	16100483	311096416.00
2015/09/24	7.65	7.84	7.60	7.79	12766631	249036816.00
2015/09/25	7.69	7.78	7.32	7.36	14841485	281801152.00
2015/09/28	7.47	7.57	7.25	7.54	8148806	153540400.00
2015/09/29	7.34	7.45	7.17	7.28	14814273	273496608.00
2015/09/30	7.29	7.36	7.17	7.23	9510297	174388416.00
2015/10/08	7.54	7.75	7.45	7.64	15286198	293660672.00
2015/10/09	7.77	8.24	7.68	8.13	27284894	554023360.00
2015/10/12	8.29	8.77	8.27	8.45	36531035	782802368.00
2015/10/13	8.41	8.65	8.33	8.47	24588838	526893536.00
2015/10/14	8.47	8.54	8.23	8.24	21305135	448691904.00
2015/10/15	8.24	8.77	8.17	8.65	30394855	652675264.00
2015/10/16	8.73	8.82	8.48	8.65	32799153	712929344.00
2015/10/19	8.72	9.05	8.65	8.86	33363077	743031360.00
2015/10/20	8.91	9.00	8.62	8.97	34884366	778599296.00
2015/10/21	9.03	9.33	8.21	8.31	52493756	1182007424.00
2015/10/22	8.31	8.72	8.22	8.71	30162246	645311104.00
2015/10/23	8.86	9.21	8.74	9.10	36318435	820179136.00
2015/10/26	9.16	9.33	8.89	9.12	34037541	778674176.00
2015/10/27	8.99	9.10	8.53	9.02	25349050	564341184.00
2015/10/30	9.05	9.08	8.69	8.85	28858945	648847488.00
2015/11/02	8.57	8.77	8.36	8.37	18231892	393342560.00
2015/11/03	8.36	8.56	8.33	8.44	16382672	347926272.00
2015/11/04	8.51	8.92	8.49	8.91	27303760	600777728.00
2015/11/05	8.95	9.16	8.83	9.07	38899738	884222080.00
2015/11/06	9.25	9.52	9.25	9.42	35819996	848076480.00
2015/11/09	9.29	10.32	9.17	9.94	56358204	1379746560.00
2015/11/10	9.80	10.53	9.75	10.09	57468287	1473966464.00
2015/11/11	10.13	10.69	9.93	10.54	48374919	1264396544.00
2015/11/12	10.75	10.76	10.25	10.45	37368625	980684160.00
2015/11/13	10.25	10.37	9.87	9.91	30396904	775454208.00
2015/11/16	9.67	10.28	9.57	10.27	28654359	727688128.00
2015/11/17	10.40	10.57	9.95	10.03	30752371	796904640.00
2015/11/18	10.09	10.43	9.93	10.04	25172784	644293760.00
2015/11/19	10.13	11.05	10.09	11.05	81946041	2213996544.00
2015/11/20	11.53	12.01	11.13	11.88	106047467	3081276928.00
2015/11/23	11.53	11.81	11.33	11.41	58243838	1684194560.00
2015/11/24	11.29	11.52	11.14	11.52	34846486	994018944.00
2015/11/25	11.61	11.73	11.34	11.59	46908024	1358994688.00
2015/11/26	11.61	11.66	11.05	11.07	44933198	1271779712.00
2015/11/27	11.01	11.28	9.96	10.04	51346733	1375906944.00
2015/11/30	10.08	10.28	9.26	10.21	40922815	1020264960.00
2015/12/01	10.11	10.44	9.89	10.13	23868510	608296064.00
2015/12/02	10.13	10.18	9.43	9.81	25897905	637883712.00
2015/12/03	9.80	10.16	9.78	10.16	26377642	665853312.00
2015/12/04	10.16	10.16	9.88	9.95	23669975	597720832.00
2015/12/07	10.00	10.16	9.85	10.12	25869195	655609600.00
2015/12/08	10.03	10.09	9.79	9.88	24387756	609051200.00
2015/12/09	9.77	9.93	9.49	9.52	23824060	579658496.00
2015/12/10	9.53	9.80	9.41	9.58	17727842	430154688.00
2015/12/11	9.58	9.72	9.51	9.60	14054606	341053504.00
2015/12/14	9.45	9.76	9.31	9.76	23138523	553303360.00
2015/12/15	9.83	10.13	9.73	9.96	25398366	637819904.00
2015/12/16	10.09	10.88	10.01	10.56	46603054	1234179968.00
2015/12/17	10.87	11.07	10.64	10.77	52134762	1419365888.00
2015/12/18	10.74	11.85	10.74	11.53	100032910	2891530752.00
2015/12/21	11.61	11.82	11.33	11.69	83670016	2432177664.00
2015/12/22	11.75	12.59	11.75	12.47	80160826	2458168576.00
2015/12/23	12.41	12.41	11.81	11.93	56753653	1735012096.00
2015/12/24	12.13	12.68	12.01	12.18	52241138	1624424064.00
2015/12/25	12.33	12.72	12.05	12.52	42222813	1317381760.00
2015/12/28	12.66	13.51	12.32	12.33	65336880	2124034688.00
2015/12/29	12.34	12.72	11.94	12.21	48396228	1498540032.00
2015/12/30	12.20	13.32	12.14	13.25	54957032	1762608768.00
2015/12/31	13.04	13.13	12.33	12.34	53320822	1696550784.00
2016/01/04	12.17	12.17	11.10	11.10	41006153	1180238208.00
2016/01/05	10.53	11.73	10.53	11.58	64934656	1833761280.00
2016/01/06	11.72	11.77	11.05	11.66	50455488	1447589760.00
2016/01/07	11.21	11.28	10.48	10.48	12085700	329996320.00
2016/01/08	10.71	10.85	9.75	10.29	44113874	1163521664.00
2016/01/11	9.85	10.09	9.25	9.25	41710575	1007535872.00
2016/01/12	9.21	9.65	8.97	9.41	41104686	969071872.00
2016/01/13	9.49	9.66	8.67	8.73	33801424	790391872.00
2016/01/14	8.37	9.39	8.37	9.26	44132751	990137216.00
2016/01/15	9.13	9.52	8.82	8.91	37633660	872527488.00
2016/01/18	8.77	9.68	8.72	9.45	39925966	928747200.00
2016/01/19	9.41	10.10	9.33	10.01	42302238	1044879488.00
2016/01/20	9.92	10.22	9.70	9.86	34013259	852799424.00
2016/01/21	9.68	10.06	9.17	9.17	30421023	741261760.00
2016/01/22	9.41	9.67	9.17	9.67	31517410	753906048.00
2016/01/25	9.89	10.00	9.61	9.77	27932245	690200512.00
2016/01/26	9.57	9.68	8.78	8.78	29877681	692215424.00
2016/01/27	8.89	8.93	8.04	8.87	40069304	852352768.00
2016/01/28	8.62	8.76	8.06	8.17	24231192	517936768.00
2016/01/29	8.21	8.86	8.10	8.71	26089818	558030272.00
2016/02/01	8.64	8.98	8.52	8.75	23833299	526585952.00
2016/02/02	8.82	9.33	8.76	9.17	25219020	579764928.00
2016/02/03	8.99	9.20	8.75	9.08	24326144	550504320.00
2016/02/04	9.14	9.44	9.14	9.18	25402860	593937024.00
2016/02/05	9.27	9.41	9.13	9.28	21296800	496357632.00
2016/02/15	8.85	9.51	8.85	9.36	23426926	544194944.00
2016/02/16	9.44	9.99	9.37	9.85	32036891	785070464.00
2016/02/17	9.80	10.20	9.68	10.11	34716988	870825728.00
2016/02/18	10.15	10.17	9.79	9.86	30501826	764368064.00
2016/02/19	9.89	10.13	9.85	9.93	23406644	589102528.00
2016/02/22	10.08	10.48	9.86	10.42	40477920	1028207424.00
2016/02/23	10.32	10.32	9.77	9.96	41712344	1053366848.00
2016/02/24	9.94	10.05	9.44	9.77	35928926	877372928.00
2016/02/25	9.72	9.86	8.79	8.79	43602767	1013992256.00
2016/02/26	8.88	8.97	8.41	8.67	29376645	647337984.00
2016/02/29	8.49	8.59	7.80	7.85	38337465	771089216.00
2016/03/01	7.84	8.32	7.77	8.18	29607944	600024704.00
2016/03/02	8.32	8.76	8.27	8.72	32848287	708921280.00
2016/03/03	8.86	9.10	8.65	8.66	30486611	684266752.00
2016/03/04	8.56	8.72	8.28	8.39	27772098	595886016.00
2016/03/07	8.59	8.83	8.54	8.62	15372950	336394976.00
2016/03/08	8.52	8.61	8.05	8.53	18699071	393056448.00
2016/03/09	8.29	8.82	8.18	8.53	19067497	413996672.00
2016/03/10	8.52	8.68	8.41	8.43	13979178	301400736.00
2016/03/11	8.29	8.72	8.28	8.71	16551703	356239840.00
2016/03/14	8.86	9.20	8.77	9.02	28232664	640713344.00
2016/03/15	8.97	9.09	8.80	8.83	15038301	339192608.00
2016/03/16	8.91	9.01	8.56	8.68	13413827	296386560.00
2016/03/17	8.77	9.53	8.74	9.26	30902818	711817856.00
2016/03/18	9.33	9.75	9.33	9.47	38574527	928677760.00
2016/03/21	9.73	9.88	9.54	9.70	34509572	842164288.00
2016/03/22	9.65	10.18	9.59	9.92	43948546	1105006848.00
2016/03/23	9.82	10.04	9.69	10.00	26330184	653969664.00
2016/03/24	9.93	10.40	9.75	9.88	37948277	966229184.00
2016/03/25	9.76	9.96	9.65	9.76	23135812	569919744.00
2016/03/28	9.87	10.03	9.50	9.58	24171305	596245504.00
2016/03/29	9.63	9.63	9.22	9.43	21376421	509306400.00
2016/03/30	9.61	10.38	9.60	10.38	73669257	1892888704.00
2016/03/31	10.38	10.63	10.29	10.54	58459356	1538043776.00
2016/04/01	10.34	10.61	10.22	10.58	39841728	1045100352.00
2016/04/05	10.69	11.33	10.47	11.01	48556717	1332955008.00
2016/04/06	10.89	11.37	10.89	11.21	38254452	1071184384.00
2016/04/07	11.19	11.31	10.73	10.75	31357627	867757760.00
2016/04/08	10.61	10.88	10.45	10.77	26799550	719674880.00
2016/04/11	11.05	11.20	10.89	10.90	25097326	695986880.00
2016/04/12	10.89	10.90	10.49	10.59	19868342	530373664.00
2016/04/13	10.73	11.08	10.70	10.78	27925632	766910912.00
2016/04/14	10.89	11.33	10.83	11.21	28630076	801309568.00
2016/04/15	11.25	11.25	10.85	10.97	23785449	656297216.00
2016/04/18	10.85	10.90	10.53	10.78	24261136	650928576.00
2016/04/19	10.79	10.89	10.50	10.66	21742098	581130816.00
2016/04/20	10.89	11.05	9.97	10.61	39868497	1064238208.00
2016/04/21	10.39	10.67	10.18	10.30	20981457	552493888.00
2016/04/22	10.18	10.43	10.05	10.41	20430070	527387424.00
2016/04/25	10.34	10.65	10.15	10.54	21319207	561894528.00
2016/04/26	10.43	10.74	10.43	10.59	16109606	430023328.00
2016/04/27	10.59	10.64	10.21	10.26	19170338	501576704.00
2016/04/28	10.21	10.31	9.87	10.16	18186534	461244320.00
2016/04/29	10.11	10.30	10.11	10.15	12715117	326382336.00
2016/05/03	10.15	10.57	10.15	10.53	20152662	529297216.00
2016/05/04	10.49	11.21	10.45	10.96	36347332	997201664.00
2016/05/05	11.01	11.08	10.73	10.90	21173394	579222784.00
2016/05/06	10.93	11.13	10.40	10.40	28904291	784310144.00
2016/05/09	10.31	10.33	9.89	10.00	22376149	570574400.00
2016/05/10	10.05	10.18	9.89	10.05	14288267	361488928.00
2016/05/11	10.10	10.16	9.57	9.59	20425662	507581216.00
2016/05/12	9.52	9.84	9.37	9.83	18848802	460474688.00
2016/05/13	9.80	10.07	9.68	9.95	21126750	526057856.00
2016/05/16	10.04	10.88	9.95	10.73	39596655	1043153984.00
2016/05/17	10.66	11.13	10.63	10.81	39365770	1081549184.00
2016/05/18	10.65	11.05	10.53	11.01	35664217	969188096.00
2016/05/19	11.01	11.33	10.90	10.98	42700766	1195043712.00
2016/05/20	10.69	11.27	10.65	11.18	32373434	902242048.00
2016/05/23	11.22	11.32	11.04	11.17	26202320	737665984.00
2016/05/24	11.07	11.15	10.74	10.84	24253189	662468864.00
2016/05/25	10.97	11.16	10.81	10.87	20980054	579743744.00
2016/05/26	10.75	11.18	10.40	11.18	29674051	804313472.00
2016/05/27	11.18	11.51	11.07	11.33	41946803	1192467072.00
2016/05/30	11.25	11.25	10.83	10.95	26799135	744420416.00
2016/05/31	10.89	11.64	10.89	11.60	39722216	1138631552.00
2016/06/01	11.61	11.83	11.42	11.51	38326203	1119417984.00
2016/06/02	11.61	12.00	11.61	11.76	40251871	1195164544.00
2016/06/03	11.72	11.92	11.46	11.49	33278090	972367808.00
2016/06/06	11.54	11.70	11.32	11.57	24566140	711808512.00
2016/06/07	11.58	11.73	11.35	11.54	22449705	652421312.00
2016/06/08	11.48	11.93	11.37	11.75	31368503	916639808.00
2016/06/13	11.53	11.65	10.84	10.84	28698661	817538816.00
2016/06/14	10.84	11.04	10.65	10.81	17287823	470755936.00
2016/06/15	10.66	11.42	10.65	11.20	23830151	669377216.00
2016/06/16	11.17	11.35	11.03	11.16	18317704	515796576.00
2016/06/17	11.25	11.35	10.98	11.09	17230172	484641600.00
2016/06/20	11.13	11.68	11.13	11.61	36167351	1045985344.00
2016/06/21	11.60	11.82	11.25	11.32	26094337	757179520.00
2016/06/22	11.40	11.65	11.21	11.62	17226047	495462720.00
2016/06/23	11.55	11.57	11.28	11.34	16328955	468439680.00
2016/06/24	11.33	11.46	10.29	11.11	22765710	637867904.00
2016/06/27	11.11	11.61	11.09	11.55	22760780	655979200.00
2016/06/28	11.53	12.07	11.45	11.84	34674944	1026165312.00
2016/06/29	11.88	11.92	11.58	11.71	21108288	622793536.00
2016/06/30	11.76	11.90	11.59	11.73	14259454	420347584.00
2016/07/01	11.76	12.04	11.66	11.66	21405530	635996864.00
2016/07/04	11.46	11.80	11.37	11.72	19460616	567257408.00
2016/07/05	11.72	11.80	11.49	11.54	17203116	500285280.00
2016/07/06	11.48	11.71	11.38	11.46	15521691	448751584.00
2016/07/07	11.46	11.52	11.21	11.44	18034127	513905664.00
2016/07/08	11.44	11.76	11.36	11.66	22793978	664649984.00
2016/07/11	11.70	11.82	11.40	11.53	22806693	664469696.00
2016/07/12	11.52	11.66	11.40	11.64	21821313	632011904.00
2016/07/13	11.72	12.80	11.72	12.56	70252910	2185231104.00
2016/07/14	12.47	12.93	12.40	12.60	42418125	1349851008.00
2016/07/15	12.57	12.83	12.46	12.74	28035397	891829376.00
2016/07/18	12.96	13.82	12.96	13.32	56371698	1896420608.00
2016/07/19	13.32	13.74	13.10	13.58	32869180	1104935552.00
2016/07/20	13.72	13.74	13.36	13.37	23855181	808255936.00
2016/07/21	13.53	13.56	13.02	13.27	24806371	824313088.00
2016/07/22	13.28	13.39	12.91	13.21	21112984	697206464.00
2016/07/25	13.20	13.31	12.96	13.24	19754846	650014848.00
2016/07/26	13.23	13.53	13.10	13.47	19756082	659642112.00
2016/07/27	13.48	13.63	12.36	12.49	30168182	978485120.00
2016/07/28	12.52	12.90	12.43	12.82	22592571	720261120.00
2016/07/29	12.76	12.76	12.50	12.50	14616538	462298912.00
2016/08/01	12.32	12.58	11.96	12.54	18808854	577190976.00
2016/08/02	12.42	12.69	12.42	12.49	8890342	280404320.00
2016/08/03	12.48	12.84	12.41	12.64	13011365	412568768.00
2016/08/04	12.56	12.92	12.48	12.85	10929603	350122144.00
2016/08/05	12.85	13.18	12.76	12.92	16120728	526853344.00
2016/08/08	12.92	13.66	12.84	13.60	26151572	878230400.00
2016/08/09	13.64	13.88	13.36	13.62	27453435	931132032.00
2016/08/10	13.74	14.15	13.48	13.54	29582387	1024545856.00
2016/08/11	13.56	13.73	13.20	13.36	23005737	776807424.00
2016/08/12	13.27	13.59	13.21	13.46	13116100	440703168.00
2016/08/15	13.51	13.66	13.26	13.59	22726616	771138368.00
2016/08/16	13.60	13.76	13.33	13.72	29578160	1003172672.00
2016/08/17	13.71	14.06	13.54	13.54	23394372	809289728.00
2016/08/18	13.52	13.70	13.40	13.55	14409852	489233856.00
2016/08/19	13.48	14.04	13.42	13.84	24153598	838537856.00
2016/08/22	13.86	14.46	13.80	14.06	29310147	1042437696.00
2016/08/23	14.06	14.76	13.90	14.44	39101660	1413577600.00
2016/08/24	14.37	14.64	14.16	14.20	23973256	864594432.00
2016/08/25	14.12	14.42	13.91	14.35	18623364	663071424.00
2016/08/26	14.44	15.24	14.40	15.16	38127856	1431079168.00
2016/08/29	15.08	15.30	14.90	15.05	20326230	766072256.00
2016/08/30	15.03	15.24	14.86	15.04	19585540	739722944.00
2016/08/31	15.19	15.23	14.43	14.48	28940952	1061143232.00
2016/09/01	14.43	14.64	14.20	14.23	20840518	751223424.00
2016/09/02	14.14	14.51	14.10	14.44	16546159	593313792.00
2016/09/05	14.44	14.55	14.18	14.40	14389629	518694752.00
2016/09/06	14.41	15.02	14.28	15.02	23650700	870604480.00
2016/09/07	15.06	15.16	14.61	14.62	20063105	744924288.00
2016/09/08	14.50	14.59	13.92	14.05	33005976	1174938496.00
2016/09/09	14.16	14.43	13.96	14.03	18406854	656930112.00
2016/09/12	13.80	14.27	13.79	13.90	19673002	691235072.00
2016/09/13	14.08	14.35	13.98	14.26	16220029	578391744.00
2016/09/14	14.26	14.34	13.96	14.05	10996864	390152608.00
2016/09/19	14.18	14.31	13.97	14.11	8802172	312099744.00
2016/09/20	14.12	14.16	13.90	13.96	6646806	233315488.00
2016/09/21	14.04	14.47	13.96	14.36	19571114	703410240.00
2016/09/22	14.46	14.71	14.36	14.63	16077406	586435392.00
2016/09/23	14.63	14.68	14.36	14.48	11938822	434555008.00
2016/09/26	14.40	14.42	13.82	13.82	17378493	612655872.00
2016/09/27	13.86	13.91	13.50	13.74	12922315	442026720.00
2016/09/28	13.88	14.11	13.79	14.01	10727036	376646752.00
2016/09/29	13.95	14.57	13.95	14.40	21084681	759442304.00
2016/09/30	14.36	14.63	14.33	14.50	10202121	370934080.00
2016/10/10	14.56	14.71	14.36	14.60	15399947	563074624.00
2016/10/11	14.70	15.24	14.60	15.10	20716721	778502528.00
2016/10/12	15.09	15.20	14.78	14.91	13162358	494438528.00
2016/10/13	14.85	14.99	14.78	14.86	8752937	326090144.00
2016/10/14	14.81	14.88	14.55	14.83	9008538	332475936.00
2016/10/17	14.80	15.00	14.69	14.72	12113963	451141728.00
2016/10/18	14.68	14.79	14.47	14.76	8654817	317761824.00
2016/10/19	14.82	14.90	14.58	14.68	8432251	310370048.00
2016/10/20	14.82	15.51	14.76	15.44	28288174	1081298176.00
2016/10/21	15.44	15.57	15.23	15.46	13636390	526311328.00
2016/10/24	15.48	16.00	15.48	15.69	17707075	702550144.00
2016/10/25	15.66	15.82	15.16	15.46	11358976	440340640.00
2016/10/26	15.44	15.89	15.36	15.78	13290534	522127968.00
2016/10/27	15.87	15.99	15.42	15.54	12362966	485533472.00
2016/10/28	15.46	15.55	15.22	15.30	9479335	364306432.00
2016/10/31	15.07	15.66	14.96	15.58	11200137	433172480.00
2016/11/01	15.58	15.80	15.43	15.75	10099813	395942912.00
2016/11/02	15.70	16.12	15.60	15.67	12613907	503195296.00
2016/11/03	15.67	15.95	15.51	15.64	10558223	416800864.00
2016/11/04	15.67	15.78	15.00	15.11	23020750	879434752.00
2016/11/07	15.09	15.36	15.09	15.22	13903026	531489952.00
2016/11/08	15.96	16.36	15.55	15.81	27746573	1105236992.00
2016/11/09	15.92	16.07	15.52	15.80	15931582	630246720.00
2016/11/10	15.96	16.22	15.76	15.79	17800814	712427136.00
2016/11/11	16.04	16.16	15.50	15.56	18984026	749422464.00
2016/11/14	15.56	15.71	15.20	15.35	18865819	729134464.00
2016/11/15	15.35	15.52	15.17	15.46	10490472	403040768.00
2016/11/16	15.51	15.62	15.37	15.46	9017763	350473056.00
2016/11/17	15.52	15.54	15.22	15.27	6676284	256547984.00
2016/11/18	15.20	15.37	15.18	15.23	7135280	273162912.00
2016/11/21	15.16	15.36	15.03	15.06	10381073	394094400.00
2016/11/22	15.04	15.22	14.94	15.19	12255354	463356160.00
2016/11/23	15.23	15.26	14.98	15.01	8119838	306817248.00
2016/11/24	15.03	15.11	14.54	14.63	12844112	477024160.00
2016/11/25	14.63	14.79	14.38	14.73	9466836	345957312.00
2016/11/28	14.68	14.72	14.34	14.36	16508514	598903296.00
2016/11/29	14.36	14.55	14.07	14.38	14712902	527487936.00
2016/11/30	14.38	14.84	14.36	14.68	11639087	428349440.00
2016/12/01	14.68	14.72	14.36	14.50	8954321	325665696.00
2016/12/02	14.50	14.54	13.98	14.04	12378457	440884192.00
2016/12/05	14.02	14.96	13.96	14.95	26192360	966236928.00
2016/12/06	14.81	15.02	14.66	14.86	14855996	552453120.00
2016/12/07	14.88	14.96	14.71	14.76	8835739	327948448.00
2016/12/08	14.79	15.27	14.79	15.16	19421431	736234816.00
2016/12/09	15.15	15.26	15.08	15.19	12676915	481519296.00
2016/12/12	15.19	15.19	14.31	14.32	16944803	622085120.00
2016/12/13	14.60	14.88	14.18	14.66	25312531	921574400.00
2016/12/14	14.54	14.55	14.12	14.14	13810014	495176096.00
2016/12/15	14.12	14.29	13.91	13.98	12752245	450207744.00
2016/12/16	14.03	14.25	13.99	14.06	8160706	288285504.00
2016/12/19	14.06	14.08	13.78	13.86	9353222	326471456.00
2016/12/20	13.91	14.15	13.84	14.10	8358669	293902720.00
2016/12/21	14.14	14.35	14.14	14.18	8529024	304866368.00
2016/12/22	14.15	14.48	14.09	14.36	7844362	281225120.00
2016/12/23	14.32	14.46	14.19	14.20	6059813	217068768.00
2016/12/26	14.23	14.59	13.92	14.53	9474945	340585120.00
2016/12/27	14.53	14.69	14.40	14.51	8676701	316699616.00
2016/12/28	14.51	14.62	14.44	14.50	5570057	203045344.00
2016/12/29	14.48	14.52	14.16	14.18	7767245	278670272.00
2016/12/30	14.17	14.27	13.56	13.67	21323629	740646080.00
2017/01/03	13.48	13.48	12.44	12.82	47936466	1538854400.00
2017/01/04	12.88	13.23	12.88	13.03	24377663	797964160.00
2017/01/05	13.17	13.34	13.04	13.22	13881594	459919968.00
2017/01/06	13.08	13.21	12.80	12.81	15198427	492529120.00
2017/01/09	12.86	13.11	12.80	12.91	12030496	391548256.00
2017/01/10	12.96	13.03	12.72	12.81	9995008	321099904.00
2017/01/11	12.81	12.83	12.56	12.64	9014596	285722944.00
2017/01/12	12.64	12.80	12.58	12.66	6275793	199964720.00
2017/01/13	12.73	12.86	12.68	12.72	7711624	246742256.00
2017/01/16	12.76	12.82	12.26	12.64	12093509	382385760.00
2017/01/17	12.67	13.10	12.67	13.08	15123252	491799616.00
2017/01/18	13.02	13.25	12.98	13.21	11819415	390437504.00
2017/01/19	13.05	13.19	12.92	12.96	9228186	301503232.00
2017/01/20	12.94	13.16	12.88	13.01	10738262	350665856.00
2017/01/23	13.06	13.20	13.00	13.08	5721577	188046576.00
2017/01/24	13.12	13.21	12.95	13.00	6716558	220608976.00
2017/01/25	12.96	13.10	12.92	13.06	5765885	188709472.00
2017/01/26	13.14	13.15	13.02	13.07	5172234	169649696.00
2017/02/03	13.16	13.18	13.06	13.09	4910325	161412192.00
2017/02/06	13.09	13.20	12.96	13.20	7832891	257678176.00
2017/02/07	13.24	13.74	13.18	13.63	16448538	558391232.00
2017/02/08	13.56	13.68	13.44	13.64	10412639	354609984.00
2017/02/09	13.64	13.71	13.56	13.62	7946596	271722048.00
2017/02/10	13.66	13.69	13.46	13.46	6458987	219161952.00
2017/02/13	13.46	13.63	13.31	13.50	9112060	308412800.00
2017/02/14	13.64	14.06	13.64	13.96	18370768	641642496.00
2017/02/15	14.02	14.35	13.88	13.96	20398794	725428992.00
2017/02/16	13.90	14.05	13.80	14.04	10482175	366090688.00
2017/02/17	14.12	14.36	13.96	14.04	9112532	323086944.00
2017/02/20	14.08	14.11	13.87	14.02	11740720	410377856.00
2017/02/21	14.05	14.16	13.87	14.00	9120286	319806016.00
2017/02/22	14.04	14.30	13.90	14.28	12670904	447979968.00
2017/02/23	14.30	14.41	14.08	14.13	8468586	301807424.00
2017/02/24	14.08	14.22	13.90	13.97	8342877	293025184.00
2017/02/27	13.96	14.18	13.90	14.00	7181725	252885744.00
2017/02/28	13.96	13.96	13.27	13.34	26249080	894825280.00
2017/03/01	13.30	13.33	12.98	13.18	28902912	952554944.00
2017/03/02	13.13	13.52	13.13	13.29	15611358	522947456.00
2017/03/03	13.28	13.54	13.19	13.50	12496842	420323872.00
2017/03/06	13.55	13.84	13.44	13.78	16607003	568319104.00
2017/03/07	13.86	14.11	13.78	14.02	18058941	633577216.00
2017/03/08	14.00	14.00	13.76	13.90	9584486	333445504.00
2017/03/09	13.84	13.87	13.61	13.70	7387227	253651872.00
2017/03/10	13.64	13.81	13.58	13.73	8078378	277313568.00
2017/03/13	13.68	14.47	13.60	14.37	31744391	1128560384.00
2017/03/14	14.42	14.68	14.22	14.45	26102993	945959808.00
2017/03/15	14.39	14.57	14.22	14.46	15370553	555575168.00
2017/03/16	14.52	14.62	14.32	14.47	13574831	491761280.00
2017/03/17	14.47	14.52	14.17	14.20	11239202	404413952.00
2017/03/20	14.16	14.63	14.16	14.62	21484365	780209792.00
2017/03/21	14.62	14.75	14.53	14.68	14027037	515259232.00
2017/03/22	14.84	15.06	14.71	14.74	21282968	793218048.00
2017/03/23	14.78	15.12	14.63	15.12	19592941	732147968.00
2017/03/24	15.12	15.67	15.06	15.26	25692830	993773632.00
2017/03/27	15.48	15.68	15.08	15.10	19295317	745042112.00
2017/03/28	15.20	15.33	14.84	15.08	14614218	551643648.00
2017/03/29	15.07	15.20	14.92	15.00	9662213	364862048.00
2017/03/30	15.00	15.14	14.78	15.05	11538919	433119456.00
2017/03/31	15.07	15.22	14.94	15.10	12101370	457276160.00
2017/04/05	15.10	15.42	15.00	15.12	15923104	606376384.00
2017/04/06	15.12	15.14	14.68	14.83	17819054	662090624.00
2017/04/07	14.82	15.02	14.70	14.93	12395267	460990336.00
2017/04/10	14.75	14.81	14.36	14.36	16051982	585385088.00
2017/04/11	14.35	14.58	14.08	14.44	12708176	456587072.00
2017/04/12	14.36	14.51	14.26	14.26	8489585	306083936.00
2017/04/13	14.28	14.44	14.16	14.29	6214331	222390112.00
2017/04/14	14.24	14.24	13.87	13.94	12475452	437536064.00
2017/04/17	14.16	14.16	13.86	13.96	7346156	257581888.00
2017/04/18	14.04	14.43	13.98	14.36	11355463	406819328.00
2017/04/19	14.31	14.60	14.26	14.54	11950978	433080416.00
2017/04/20	14.54	14.76	14.47	14.68	10975056	403388448.00
2017/04/21	14.64	14.86	14.24	14.27	11621851	424832352.00
2017/04/24	14.24	14.65	14.09	14.62	11342037	409578336.00
2017/04/25	14.68	15.34	14.67	15.14	29820447	1128883328.00
2017/04/26	15.15	15.46	15.00	15.14	19779690	756723264.00
2017/04/27	15.17	15.52	15.02	15.44	18290039	702356928.00
2017/04/28	15.46	15.62	15.34	15.48	12208585	473603488.00
2017/05/02	15.44	15.51	15.24	15.37	9027822	347785184.00
2017/05/03	15.24	15.46	15.08	15.33	8846443	339721696.00
2017/05/04	15.33	15.56	15.14	15.52	13934989	538682624.00
2017/05/05	15.44	15.47	15.19	15.19	9231544	355141120.00
2017/05/08	15.19	15.20	14.72	14.87	10652870	399354848.00
2017/05/09	14.87	15.54	14.87	15.54	14189205	542632896.00
2017/05/10	15.56	16.11	15.47	15.50	26711930	1060208576.00
2017/05/11	15.43	15.81	15.26	15.41	16131749	628684032.00
2017/05/12	15.52	15.58	15.26	15.42	8990781	346955232.00
2017/05/15	15.50	16.00	15.50	16.00	18498767	736131264.00
2017/05/16	15.93	16.48	15.84	16.44	22492168	912813760.00
2017/05/17	16.46	16.62	16.10	16.26	16504381	675832128.00
2017/05/18	16.04	16.28	15.98	16.02	9231956	372495488.00
2017/05/19	15.96	15.97	15.34	15.44	27673911	1080826752.00
2017/05/22	15.44	15.68	15.16	15.30	21207500	816991360.00
2017/05/23	15.18	15.60	15.12	15.36	18606233	719008384.00
2017/05/24	15.37	15.96	15.32	15.80	18580662	729484928.00
2017/05/25	15.83	15.89	15.28	15.70	12912906	504554272.00
2017/05/26	15.70	15.90	15.16	15.39	16111294	623458624.00
2017/05/31	15.39	15.62	15.32	15.58	9785426	379785504.00
2017/06/01	15.60	16.02	15.44	15.91	16377400	649408960.00
2017/06/07	15.96	16.91	15.84	16.76	25668200	1059342464.00
2017/06/08	16.74	16.89	16.56	16.64	14753800	618342208.00
2017/06/09	16.68	17.06	16.48	16.76	17432100	732248256.00
2017/06/12	16.60	16.87	16.16	16.61	36069660	597502080.00
2017/06/13	16.43	16.69	16.28	16.50	28962212	477094816.00
2017/06/14	16.40	16.58	16.00	16.09	33137714	538437760.00
2017/06/15	16.10	16.59	15.99	16.59	29923548	488679552.00
2017/06/16	16.51	16.63	16.11	16.35	36331959	594082176.00
2017/06/19	16.35	16.70	16.16	16.70	32733600	538876544.00
2017/06/20	16.75	16.93	16.47	16.59	34392040	572516032.00
2017/06/21	16.59	16.75	16.31	16.74	34365300	568046656.00
2017/06/22	16.72	17.36	16.60	16.65	59766000	1013482112.00
2017/06/23	16.56	17.07	16.36	17.07	43791500	733439808.00
2017/06/26	17.07	17.32	16.90	17.22	38990600	666890944.00
2017/06/27	17.20	17.65	17.06	17.52	49732500	868428160.00
2017/06/28	17.38	17.54	17.12	17.12	35842159	620584448.00
2017/06/29	17.19	17.70	16.99	17.67	40642300	705799104.00
2017/06/30	17.70	18.28	17.61	18.17	65351700	1172034816.00
2017/07/03	18.00	18.45	17.83	18.00	44029400	796718976.00
2017/07/04	17.92	18.68	17.55	18.60	50181400	907761408.00
2017/07/05	18.35	18.77	18.28	18.62	39246800	728001024.00
2017/07/06	18.56	18.65	18.08	18.44	35866400	659997760.00
2017/07/07	18.54	18.64	18.11	18.18	29800100	545004672.00
2017/07/10	18.02	18.29	17.58	17.70	37752200	676181440.00
2017/07/11	17.80	18.06	17.65	17.84	22573500	402570144.00
2017/07/12	17.71	18.20	17.57	18.20	29808500	533240896.00
2017/07/13	18.20	18.35	17.80	17.83	21294800	385658592.00
2017/07/14	17.80	18.18	17.65	17.95	20586300	367386752.00
2017/07/17	17.86	17.98	16.82	17.16	37639000	655819072.00
2017/07/18	17.15	17.68	17.00	17.59	29865600	520085920.00
2017/07/19	17.44	19.35	17.44	19.34	81025300	1513577600.00
2017/07/20	19.20	19.55	19.03	19.35	46216100	892126912.00
2017/07/21	19.35	19.83	18.93	18.95	49697864	961549440.00
2017/07/24	19.10	19.39	18.80	19.09	33329100	634195904.00
2017/07/25	19.09	19.66	18.90	18.90	38571100	743969792.00
2017/07/26	18.74	19.09	18.30	18.94	41700000	777260288.00
2017/07/27	18.88	19.14	18.65	18.93	31209900	588801344.00
2017/07/28	18.93	19.30	18.71	18.85	26340200	499762048.00
2017/07/31	18.82	19.08	18.61	18.95	25535400	481443136.00
2017/08/01	18.81	19.04	18.62	18.90	28979000	546600000.00
2017/08/02	19.15	19.69	19.01	19.23	57023600	1103731072.00
2017/08/03	19.23	19.38	18.38	18.49	50241700	940840064.00
2017/08/04	18.31	18.46	17.65	18.00	53369800	958585408.00
2017/08/07	17.90	18.49	17.90	18.27	27210900	497328256.00
2017/08/08	18.27	18.98	18.27	18.98	38710900	723771584.00
2017/08/09	19.00	19.00	18.63	18.71	22612400	424488384.00
2017/08/10	18.68	19.37	18.62	19.00	39213900	748661248.00
2017/08/11	19.00	19.38	18.60	18.67	36553700	695076096.00
2017/08/14	18.75	20.00	18.75	19.88	67872600	1327368960.00
2017/08/15	19.99	20.44	19.81	20.16	61106300	1228551040.00
2017/08/16	20.15	20.70	19.98	20.35	43726100	891577088.00
2017/08/17	20.21	20.35	19.86	20.23	32003900	642470976.00
2017/08/18	20.00	20.39	19.84	19.99	24099500	483224864.00
2017/08/21	20.17	20.58	20.00	20.35	33124500	672239296.00
2017/08/22	20.33	20.47	19.80	19.98	43965600	879575872.00
2017/08/23	19.97	20.15	19.52	19.85	21225600	420095072.00
2017/08/24	19.92	20.11	19.85	20.01	28345500	566449664.00
2017/08/25	20.00	20.09	19.61	19.97	26256400	521001088.00
2017/08/28	20.02	20.67	19.96	20.13	54703700	1110792960.00
2017/08/29	20.15	20.65	20.15	20.56	46558000	952960896.00
2017/08/30	20.56	21.70	20.47	21.54	74782300	1590908032.00
2017/08/31	21.54	21.54	21.01	21.31	41954900	890158208.00
数据来源:通达信
