002424 贵州百灵 日线 前复权
      日期	    开盘	    最高	    最低	    收盘	    成交量	    成交额
2010/06/03	3.83	4.04	3.52	3.58	18652387	775026944.00
2010/06/04	3.73	3.99	3.66	3.89	13716611	583083136.00
2010/06/07	3.71	3.80	3.63	3.74	9008203	377983712.00
2010/06/08	3.73	3.91	3.70	3.86	7601878	325174432.00
2010/06/09	3.89	4.09	3.83	3.90	8441649	373685152.00
2010/06/10	3.93	4.35	3.92	4.35	7501347	343818240.00
2010/06/11	4.46	4.59	4.32	4.46	9131439	445719904.00
2010/06/17	4.42	4.54	4.01	4.04	7561811	358629312.00
2010/06/18	4.00	4.00	3.58	3.66	6082520	258453840.00
2010/06/21	3.63	3.87	3.55	3.80	3692358	155106960.00
2010/06/22	3.75	3.87	3.68	3.69	2646614	112134432.00
2010/06/23	3.63	3.85	3.63	3.78	2389278	100912928.00
2010/06/24	3.78	3.88	3.76	3.86	2419421	103873520.00
2010/06/25	3.82	3.85	3.63	3.70	2572594	108118232.00
2010/06/28	3.72	3.78	3.65	3.72	1651359	69207448.00
2010/06/29	3.75	3.75	3.47	3.59	2911030	118484096.00
2010/06/30	3.52	3.62	3.50	3.60	1203863	48651680.00
2010/07/01	3.58	3.67	3.51	3.54	1313710	53418804.00
2010/07/02	3.52	3.54	3.12	3.13	4491173	165619824.00
2010/07/05	3.00	3.12	2.94	3.05	1848572	65362668.00
2010/07/07	3.13	3.23	3.10	3.20	2457126	89886336.00
2010/07/08	3.23	3.37	3.21	3.30	2200701	83205768.00
2010/07/09	3.30	3.44	3.24	3.42	2043524	78453992.00
2010/07/12	3.44	3.46	3.32	3.37	1494786	57756864.00
2010/07/13	3.32	3.37	3.21	3.23	1716763	64336808.00
2010/07/14	3.26	3.40	3.22	3.38	3078448	117026976.00
2010/07/15	3.32	3.49	3.29	3.32	2010366	78048704.00
2010/07/16	3.29	3.42	3.22	3.39	1230465	46729292.00
2010/07/19	3.31	3.45	3.30	3.42	1273905	49502716.00
2010/07/20	3.39	3.57	3.39	3.52	1597890	63605228.00
2010/07/21	3.52	3.57	3.47	3.49	1318198	52675512.00
2010/07/22	3.48	3.65	3.48	3.64	1364922	55264564.00
2010/07/23	3.63	3.65	3.55	3.62	1425362	58011776.00
2010/07/26	3.60	3.65	3.55	3.61	835400	34027136.00
2010/07/27	3.58	3.65	3.56	3.61	936392	38233340.00
2010/07/28	3.58	3.76	3.56	3.72	1503688	62761424.00
2010/07/29	3.73	3.74	3.65	3.70	924030	38427368.00
2010/07/30	3.70	3.77	3.65	3.73	806270	33779380.00
2010/08/02	3.73	3.87	3.71	3.83	1531989	65465568.00
2010/08/03	3.82	3.89	3.71	3.71	835291	35409580.00
2010/08/04	3.69	3.77	3.63	3.73	762974	31671996.00
2010/08/05	3.75	3.78	3.69	3.72	738388	31146300.00
2010/08/06	3.73	3.83	3.73	3.81	722386	30823246.00
2010/08/09	3.82	3.98	3.82	3.92	1490454	65417084.00
2010/08/10	3.90	3.94	3.68	3.68	1357524	57954016.00
2010/08/11	3.71	3.80	3.68	3.73	769063	32254220.00
2010/08/12	3.66	3.75	3.62	3.62	868884	36057284.00
2010/08/13	3.64	3.85	3.58	3.82	1877563	77970240.00
2010/08/16	3.81	3.90	3.76	3.87	2014501	87161248.00
2010/08/17	3.87	3.87	3.80	3.85	1038066	44565192.00
2010/08/18	3.85	3.86	3.72	3.74	1548838	65535380.00
2010/08/19	3.75	3.78	3.64	3.78	3005772	125714848.00
2010/08/20	3.75	3.83	3.69	3.79	2570525	109347488.00
2010/08/23	3.83	3.84	3.69	3.83	2196940	93301024.00
2010/08/24	3.84	4.27	3.83	4.23	4704729	212194080.00
2010/08/25	4.19	4.19	4.00	4.02	3817898	173637616.00
2010/08/26	4.10	4.42	4.03	4.34	4433984	209438176.00
2010/08/27	4.35	4.52	4.25	4.38	3363844	163544992.00
2010/08/30	4.46	4.49	4.36	4.41	3583166	174126672.00
2010/08/31	4.40	4.72	4.37	4.60	4253435	211655584.00
2010/09/01	4.60	4.60	4.35	4.46	3845331	188398752.00
2010/09/02	4.47	4.60	4.35	4.53	2692916	133831168.00
2010/09/03	4.46	4.68	4.41	4.53	6097947	302027232.00
2010/09/06	4.54	4.56	4.30	4.46	3950868	192332096.00
2010/09/07	4.48	4.70	4.44	4.64	4285390	215994896.00
2010/09/08	4.62	4.64	4.55	4.61	2485392	124605696.00
2010/09/09	4.61	4.72	4.43	4.47	3627197	180927520.00
2010/09/13	4.68	4.86	4.63	4.71	5015833	259578624.00
2010/09/14	4.70	4.93	4.67	4.85	3808076	199768592.00
2010/09/15	4.85	4.85	4.64	4.65	2686142	138919904.00
2010/09/16	4.62	4.70	4.42	4.49	3272419	162556592.00
2010/09/17	4.49	4.59	4.44	4.54	1980282	98116584.00
2010/09/20	4.43	4.46	4.25	4.30	2743790	131662040.00
2010/09/21	4.29	4.33	4.04	4.09	2507426	116114824.00
2010/09/27	4.14	4.37	4.12	4.34	2381490	111760960.00
2010/09/28	4.28	4.40	4.26	4.37	1262612	60587644.00
2010/09/29	4.35	4.43	4.21	4.23	1154933	54540256.00
2010/09/30	4.27	4.39	4.22	4.36	1206411	57247888.00
2010/10/08	4.40	4.49	4.32	4.44	1814513	88189504.00
2010/10/11	4.44	4.44	4.24	4.32	2180220	103944408.00
2010/10/12	4.32	4.36	4.24	4.25	1653539	78252336.00
2010/10/13	4.25	4.28	4.12	4.17	1697856	78425728.00
2010/10/15	4.04	4.12	3.83	3.83	3520098	156172976.00
2010/10/18	3.79	3.96	3.70	3.92	2056745	88631560.00
2010/10/19	3.92	4.03	3.86	4.00	1847951	82062208.00
2010/10/20	4.03	4.29	4.00	4.25	3047847	141244896.00
2010/10/21	4.23	4.39	4.23	4.33	2339351	111774456.00
2010/10/22	4.35	4.47	4.27	4.45	2596753	125985040.00
2010/10/25	4.56	4.80	4.56	4.70	3931418	200853520.00
2010/10/26	4.76	4.79	4.58	4.75	2772626	141851120.00
2010/10/27	4.75	4.88	4.72	4.80	2938312	153510048.00
2010/10/28	4.80	4.86	4.59	4.72	3385503	173194016.00
2010/10/29	4.72	4.76	4.56	4.62	3769382	118012192.00
2010/11/01	4.65	4.87	4.58	4.83	6443454	206181632.00
2010/11/02	4.88	4.88	4.72	4.72	6965014	224248624.00
2010/11/03	4.69	4.70	4.59	4.60	3860956	121138816.00
2010/11/04	4.61	4.80	4.61	4.77	3906407	124856856.00
2010/11/05	4.82	4.98	4.75	4.94	6253062	206275840.00
2010/11/08	4.94	5.47	4.94	5.40	7987669	282411648.00
2010/11/09	5.40	5.52	5.24	5.43	6131407	219438816.00
2010/11/11	5.51	5.99	5.50	5.71	9713612	368608000.00
2010/11/12	5.74	5.97	5.41	5.45	10111177	383135744.00
2010/11/15	5.42	5.94	5.40	5.89	7176324	269105728.00
2010/11/16	5.91	6.07	5.49	5.74	7844286	301446368.00
2010/11/17	5.74	5.74	5.16	5.17	4547008	163700064.00
2010/11/18	5.17	5.49	5.17	5.33	3110084	110546384.00
2010/11/19	5.37	5.54	5.34	5.51	3061238	110784032.00
2010/11/22	5.47	5.66	5.41	5.55	3162961	116687936.00
2010/11/23	5.47	5.53	5.22	5.35	2974120	106044736.00
2010/11/24	5.26	5.52	5.23	5.48	4510057	160722704.00
2010/11/25	5.52	5.77	5.52	5.69	5728793	216263936.00
2010/11/26	5.69	5.77	5.52	5.61	3581816	134422656.00
2010/11/29	5.61	5.91	5.58	5.89	5630797	215623264.00
2010/11/30	5.89	5.89	5.47	5.71	4069617	152959088.00
2010/12/01	5.68	5.68	5.51	5.61	2010187	74569976.00
2010/12/02	5.66	5.69	5.51	5.53	2163062	79847288.00
2010/12/03	5.51	5.51	5.32	5.42	2111263	75822432.00
2010/12/06	5.42	5.46	5.26	5.41	1352338	48161188.00
2010/12/07	5.41	5.52	5.29	5.52	1464959	53133228.00
2010/12/09	5.41	5.45	5.35	5.37	988179	35431652.00
2010/12/10	5.27	5.43	5.27	5.39	868124	31142438.00
2010/12/13	5.39	5.52	5.39	5.50	1222784	44561700.00
2010/12/14	5.50	5.51	5.40	5.47	1575872	57111256.00
2010/12/15	5.50	5.71	5.41	5.65	2922485	108805104.00
2010/12/16	5.57	5.74	5.57	5.72	2946667	110906808.00
2010/12/17	5.73	5.76	5.62	5.66	2006867	75535696.00
2010/12/20	5.66	5.69	5.37	5.52	2105905	77692264.00
2010/12/21	5.52	5.68	5.52	5.57	1396382	51977864.00
2010/12/23	5.47	5.54	5.35	5.35	1279358	46039192.00
2010/12/24	5.34	5.36	5.09	5.17	1629872	56277680.00
2010/12/27	5.16	5.25	4.87	4.91	1276793	43449080.00
2010/12/28	4.91	5.00	4.83	4.97	1224093	40556732.00
2010/12/29	4.97	5.02	4.93	4.97	636412	21268228.00
2010/12/30	4.98	5.12	4.98	5.10	769569	26132954.00
2010/12/31	5.10	5.25	5.10	5.22	1212997	42099896.00
2011/01/04	5.25	5.30	5.18	5.25	972377	34012512.00
2011/01/05	5.25	5.32	5.19	5.19	806286	28256762.00
2011/01/06	5.19	5.27	5.11	5.11	761891	26342622.00
2011/01/07	5.11	5.15	5.05	5.05	680519	23226850.00
2011/01/10	5.05	5.10	4.87	4.92	1013321	33635284.00
2011/01/11	4.91	4.91	4.68	4.81	906781	29076134.00
2011/01/12	4.83	4.92	4.81	4.87	499017	16360092.00
2011/01/13	4.87	4.96	4.82	4.91	627683	20625100.00
2011/01/14	4.91	4.91	4.81	4.86	478532	15603314.00
2011/01/17	4.81	4.81	4.61	4.65	715933	22666434.00
2011/01/18	4.61	4.66	4.49	4.66	404836	12543573.00
2011/01/19	4.61	4.73	4.58	4.72	498837	15771314.00
2011/01/20	4.68	4.72	4.54	4.55	522734	16308860.00
2011/01/21	4.55	4.63	4.49	4.57	458362	14180743.00
2011/01/24	4.60	4.61	4.41	4.61	925135	28279364.00
2011/01/25	4.57	4.57	4.46	4.54	321578	9851108.00
2011/01/26	4.57	4.65	4.45	4.60	291286	9080355.00
2011/01/27	4.57	4.71	4.51	4.70	692488	21824754.00
2011/01/28	4.73	4.73	4.68	4.69	429897	13637954.00
2011/01/31	4.62	4.74	4.59	4.70	561030	17745932.00
2011/02/01	4.72	4.74	4.69	4.70	413019	13138487.00
2011/02/09	4.69	4.74	4.58	4.71	357642	11282926.00
2011/02/10	4.68	4.91	4.64	4.86	1035164	33767484.00
2011/02/11	4.82	4.92	4.82	4.88	713546	23447146.00
2011/02/14	4.95	5.04	4.91	4.97	998898	33305202.00
2011/02/15	4.99	5.04	4.90	4.94	848157	28204092.00
2011/02/16	4.94	4.97	4.90	4.95	835243	27696120.00
2011/02/17	4.98	5.41	4.93	5.33	2814205	97150416.00
2011/02/18	5.33	5.51	5.21	5.41	3023310	108774112.00
2011/02/21	5.31	5.65	5.31	5.65	3204063	117384968.00
2011/02/22	5.65	5.68	5.47	5.65	3533020	130980576.00
2011/02/23	5.63	5.63	5.41	5.55	1442544	53019392.00
2011/02/24	5.51	5.51	5.40	5.45	1129860	40986196.00
2011/02/25	5.46	5.56	5.37	5.42	1301646	47110776.00
2011/02/28	5.47	5.53	5.31	5.43	1116843	40549612.00
2011/03/01	5.43	5.59	5.43	5.51	1396918	51282104.00
2011/03/02	5.49	5.57	5.41	5.44	1189607	43286852.00
2011/03/03	5.42	5.50	5.26	5.26	1226890	43764260.00
2011/03/04	5.28	5.34	5.17	5.32	1119144	39147336.00
2011/03/07	5.36	5.44	5.31	5.38	852908	30594554.00
2011/03/08	5.39	5.42	5.32	5.36	838613	30007400.00
2011/03/09	5.39	5.39	5.26	5.28	1272740	45001396.00
2011/03/10	5.29	5.38	5.23	5.31	1197032	42461664.00
2011/03/11	5.27	5.75	5.27	5.66	4564212	169308480.00
2011/03/14	5.64	5.86	5.58	5.86	4611588	175847616.00
2011/03/15	5.87	5.91	5.67	5.82	4468958	171535216.00
2011/03/16	5.82	5.84	5.69	5.76	2319741	88445576.00
2011/03/17	5.76	5.76	5.50	5.50	2084110	77461592.00
2011/03/18	5.56	5.69	5.54	5.55	1052578	39116664.00
2011/03/21	5.55	5.69	5.51	5.68	1867111	69625552.00
2011/03/22	5.68	5.71	5.46	5.57	1035259	38153924.00
2011/03/23	5.57	5.61	5.52	5.57	700555	25821820.00
2011/03/24	5.57	5.62	5.53	5.57	706616	26143422.00
2011/03/25	5.59	5.74	5.57	5.74	1408142	52702064.00
2011/03/28	5.74	5.77	5.49	5.61	2202680	81752128.00
2011/03/29	5.57	5.57	5.23	5.29	2652900	94939064.00
2011/03/30	5.29	5.35	5.16	5.23	1133135	39466360.00
2011/03/31	5.24	5.30	5.20	5.25	617090	21634640.00
2011/04/01	5.26	5.29	5.17	5.27	419471	14645510.00
2011/04/06	5.26	5.26	5.06	5.19	1078980	37059240.00
2011/04/07	5.18	5.20	5.09	5.19	539729	18554540.00
2011/04/08	5.18	5.35	5.13	5.29	957211	33600256.00
2011/04/11	5.29	5.35	5.26	5.30	900817	31870214.00
2011/04/12	5.28	5.33	5.17	5.27	1336623	46709112.00
2011/04/13	5.27	5.41	5.19	5.39	756805	26827414.00
2011/04/14	5.37	5.49	5.34	5.46	1152856	41731136.00
2011/04/15	5.47	5.71	5.47	5.62	2594608	96989408.00
2011/04/18	5.62	5.71	5.54	5.59	1739627	64727384.00
2011/04/19	5.57	5.57	5.41	5.49	1188570	43403732.00
2011/04/20	5.51	5.71	5.50	5.71	1982272	74281640.00
2011/04/21	5.71	5.80	5.60	5.67	1492298	56350340.00
2011/04/22	5.68	5.93	5.64	5.93	3788654	146273872.00
2011/04/25	5.92	6.26	5.85	6.10	5274293	211182576.00
2011/04/26	6.06	6.10	5.67	5.68	3355756	130095624.00
2011/04/28	5.76	5.82	5.39	5.49	2359689	87641592.00
2011/04/29	5.52	5.67	5.41	5.67	1324610	49017076.00
2011/05/03	5.64	5.94	5.57	5.89	1720216	66065516.00
2011/05/04	5.87	6.09	5.81	5.89	2920661	115288968.00
2011/05/05	5.89	6.05	5.83	5.87	1819772	71499128.00
2011/05/06	5.85	5.85	5.63	5.80	2097066	79610144.00
2011/05/09	5.84	5.95	5.72	5.92	1540524	59698944.00
2011/05/10	5.92	6.14	5.92	6.12	2456404	98018248.00
2011/05/11	6.12	6.15	6.00	6.04	1677331	66948684.00
2011/05/12	5.99	6.32	5.98	6.03	2845103	115458056.00
2011/05/13	6.14	6.14	5.84	6.11	2131916	84207280.00
2011/05/16	6.07	6.29	6.04	6.12	2253001	91605664.00
2011/05/18	6.11	6.42	6.01	6.42	3964715	163245424.00
2011/05/19	6.28	6.46	6.19	6.21	3138622	129180400.00
2011/05/20	6.21	6.33	6.12	6.29	2179935	89412664.00
2011/05/23	6.26	6.39	5.98	5.99	2847043	115063272.00
2011/05/24	5.91	6.02	5.70	5.90	2282937	88028512.00
2011/05/25	5.90	5.92	5.69	5.69	1594516	61043524.00
2011/05/26	5.69	5.77	5.53	5.55	1736002	64756952.00
2011/05/27	5.49	5.63	5.47	5.57	1277999	47215764.00
2011/05/30	5.55	5.83	5.53	5.70	1541123	58375292.00
2011/05/31	5.73	5.74	5.58	5.72	1377579	51666832.00
2011/06/01	5.71	5.79	5.68	5.74	1019900	38838916.00
2011/06/02	5.69	5.69	5.47	5.59	1702138	63073412.00
2011/06/03	5.57	5.80	5.53	5.78	1757191	66503484.00
2011/06/07	5.73	5.84	5.72	5.81	1174921	45073400.00
2011/06/08	5.82	5.82	5.66	5.79	739365	28052772.00
2011/06/09	5.79	5.79	5.62	5.62	880862	33220162.00
2011/06/10	5.60	5.66	5.49	5.62	659620	24384070.00
2011/06/13	5.57	5.61	5.51	5.55	618558	22778556.00
2011/06/14	5.50	5.72	5.50	5.63	685586	25641594.00
2011/06/15	5.63	5.75	5.63	5.65	795823	30025472.00
2011/06/16	5.58	5.62	5.36	5.36	1386438	50598456.00
2011/06/17	5.35	5.43	5.10	5.11	1315104	46156468.00
2011/06/20	5.09	5.19	5.05	5.16	772173	26447242.00
2011/06/21	5.20	5.21	5.11	5.20	542600	18775228.00
2011/06/22	5.19	5.23	5.14	5.20	616938	21413148.00
2011/06/23	5.18	5.39	5.15	5.36	1250606	44348672.00
2011/06/24	5.36	5.54	5.33	5.51	1421922	51639836.00
2011/06/27	5.51	5.63	5.42	5.53	1660803	61145964.00
2011/06/28	5.52	5.62	5.47	5.58	922471	33993748.00
2011/06/29	5.58	5.62	5.53	5.53	1177742	43644628.00
2011/06/30	5.54	5.66	5.54	5.66	1111281	41397804.00
2011/07/01	5.66	5.83	5.66	5.80	2047106	78350984.00
2011/07/04	5.84	6.12	5.82	6.10	3681855	145721280.00
2011/07/05	6.14	6.20	6.02	6.18	3987154	160669008.00
2011/07/06	6.13	6.46	6.06	6.39	3884225	161397760.00
2011/07/07	6.42	6.53	6.28	6.37	3652490	152808624.00
2011/07/08	6.38	6.44	6.15	6.28	2767807	113890592.00
2011/07/11	6.24	6.52	6.20	6.49	3068265	128505256.00
2011/07/12	6.46	6.54	6.29	6.34	4403393	184789664.00
2011/07/13	6.33	6.54	6.30	6.54	3676861	154791664.00
2011/07/14	6.61	6.66	6.47	6.57	5778347	247684128.00
2011/07/15	6.57	7.01	6.38	6.89	20811000	452251456.00
2011/07/18	6.91	7.32	6.84	6.97	26768787	607243456.00
2011/07/19	6.87	6.96	6.71	6.72	9998303	218317680.00
2011/07/20	6.77	6.95	6.73	6.88	7717820	169729312.00
2011/07/21	6.88	6.92	6.71	6.71	6385404	139076320.00
2011/07/22	6.74	6.80	6.57	6.60	7125679	152167152.00
2011/07/25	6.57	6.57	6.11	6.12	10665524	215867264.00
2011/07/26	6.09	6.15	5.90	6.09	4790854	93795760.00
2011/07/27	6.08	6.37	6.01	6.34	5491534	111190208.00
2011/07/28	6.30	6.41	6.17	6.35	5028507	102890344.00
2011/07/29	6.35	6.44	6.24	6.24	3957397	81002384.00
2011/08/01	6.21	6.32	6.11	6.22	2920427	59031992.00
2011/08/02	6.23	6.23	6.01	6.16	3554094	70158936.00
2011/08/03	6.07	6.26	6.01	6.20	2826439	56653256.00
2011/08/04	6.23	6.44	6.23	6.34	3903695	80264976.00
2011/08/05	6.16	6.31	6.04	6.23	3253974	65345764.00
2011/08/08	6.11	6.17	5.60	5.80	4788104	92208592.00
2011/08/09	5.54	5.81	5.40	5.74	4766881	87162272.00
2011/08/10	5.87	5.95	5.84	5.87	3866343	74070752.00
2011/08/11	5.73	6.06	5.68	6.06	4110798	79428768.00
2011/08/12	6.11	6.24	6.07	6.10	3713059	73959376.00
2011/08/15	6.17	6.19	6.06	6.17	3319288	65924932.00
2011/08/16	6.17	6.33	6.14	6.24	3538884	71468608.00
2011/08/17	6.14	6.18	6.01	6.05	4487161	88628784.00
2011/08/18	6.01	6.08	5.87	5.89	2769377	53569040.00
2011/08/19	5.77	5.84	5.67	5.75	2527147	47293744.00
2011/08/22	5.77	5.89	5.68	5.70	2080195	39160396.00
2011/08/23	5.71	5.81	5.71	5.79	1666030	31289604.00
2011/08/24	5.83	5.97	5.83	5.83	3091639	59300592.00
2011/08/25	5.84	5.93	5.76	5.92	2332316	44457936.00
2011/08/26	5.90	5.99	5.87	5.95	2044173	39431880.00
2011/08/29	5.94	6.12	5.90	6.10	3799607	74559320.00
2011/08/30	6.15	6.29	6.01	6.01	4128688	82800920.00
2011/08/31	6.04	6.11	5.87	5.92	2024870	39210228.00
2011/09/02	5.92	6.04	5.74	6.04	2880198	55285016.00
2011/09/05	5.97	5.97	5.79	5.81	1473374	28033268.00
2011/09/06	5.68	5.87	5.68	5.71	1231672	22990866.00
2011/09/07	5.73	5.84	5.73	5.80	1238100	23357186.00
2011/09/08	5.84	5.90	5.77	5.79	1249705	23670660.00
2011/09/09	5.79	5.86	5.67	5.68	1122493	21056764.00
2011/09/13	5.61	5.61	5.50	5.54	1338358	24205004.00
2011/09/14	5.63	5.63	5.50	5.62	861280	15665961.00
2011/09/15	5.63	5.69	5.59	5.59	930151	17091940.00
2011/09/16	5.61	5.65	5.54	5.54	844537	15415617.00
2011/09/20	5.41	5.49	5.34	5.40	1501340	26567686.00
2011/09/21	5.44	5.60	5.41	5.57	1731090	31312370.00
2011/09/22	5.51	5.56	5.34	5.35	1579187	28109950.00
2011/09/23	5.17	5.32	5.14	5.26	1285285	22079750.00
2011/09/26	5.26	5.34	5.14	5.17	1064187	18247418.00
2011/09/27	5.21	5.25	5.11	5.15	939418	15946539.00
2011/09/28	5.16	5.24	5.01	5.06	1518636	25537332.00
2011/09/29	5.01	5.01	4.77	4.77	1915932	30721204.00
2011/09/30	4.77	4.86	4.76	4.80	1321270	21033714.00
2011/10/10	4.84	4.89	4.74	4.74	720260	11388974.00
2011/10/11	4.88	5.11	4.74	4.77	1093554	17553200.00
2011/10/12	4.79	5.17	4.77	5.15	2648005	43771032.00
2011/10/13	5.15	5.34	5.09	5.28	3853150	66798924.00
2011/10/14	5.23	5.30	5.17	5.25	1562519	26853784.00
2011/10/17	5.25	5.33	5.22	5.26	1471258	25400848.00
2011/10/18	5.26	5.26	5.05	5.06	1535103	25842160.00
2011/10/19	5.05	5.12	4.99	4.99	761365	12628562.00
2011/10/20	4.99	4.99	4.77	4.82	1197316	19145218.00
2011/10/21	4.89	4.89	4.73	4.74	877207	13927076.00
2011/10/24	4.74	4.94	4.71	4.94	1148884	18366630.00
2011/10/25	4.95	5.13	4.87	5.11	1892183	31333942.00
2011/10/26	5.09	5.21	5.01	5.17	2672828	45168596.00
2011/10/27	5.11	5.15	4.90	4.93	6096487	100591496.00
2011/10/28	5.03	5.10	4.94	5.09	3381591	55974880.00
2011/10/31	5.07	5.17	4.97	5.15	2870904	48142920.00
2011/11/01	5.10	5.20	5.06	5.18	2685134	45301684.00
2011/11/02	5.09	5.37	5.06	5.31	4254365	73036688.00
2011/11/04	5.34	5.52	5.34	5.40	4285468	76215000.00
2011/11/07	5.39	5.59	5.39	5.45	3216400	57972844.00
2011/11/08	5.45	5.49	5.24	5.28	2550087	44536056.00
2011/11/09	5.28	5.38	5.22	5.38	1511979	26357586.00
2011/11/10	5.29	5.44	5.28	5.34	2146257	37750488.00
2011/11/11	5.34	5.39	5.30	5.32	1504832	26319626.00
2011/11/14	5.38	5.47	5.35	5.46	2616665	46440284.00
2011/11/15	5.46	5.65	5.46	5.64	4438210	81143896.00
2011/11/16	5.67	5.69	5.40	5.43	3385980	61159988.00
2011/11/17	5.44	5.47	5.26	5.35	2431319	42579908.00
2011/11/18	5.31	5.31	5.21	5.25	1902404	32764016.00
2011/11/21	5.24	5.37	5.24	5.29	1463451	25418996.00
2011/11/22	5.26	5.26	5.15	5.21	1428991	24374698.00
2011/11/23	5.24	5.26	5.11	5.13	1211317	20633808.00
2011/11/24	5.12	5.30	5.05	5.20	1779977	30435222.00
2011/11/25	5.21	5.26	5.14	5.14	992293	16878574.00
2011/11/28	5.14	5.20	5.07	5.11	760596	12794860.00
2011/11/29	5.15	5.25	5.15	5.25	1492580	25509976.00
2011/11/30	5.27	5.27	5.02	5.08	2089054	35179180.00
2011/12/01	5.24	5.37	5.18	5.29	3382530	58590880.00
2011/12/02	5.27	5.45	5.22	5.40	2556305	44770768.00
2011/12/06	5.22	5.29	5.04	5.18	2432219	41345620.00
2011/12/07	5.19	5.20	5.07	5.16	799469	13507663.00
2011/12/08	5.19	5.21	5.07	5.15	894412	15151198.00
2011/12/09	5.14	5.18	5.08	5.12	675655	11381392.00
2011/12/12	5.15	5.17	4.91	4.91	1123897	18554912.00
2011/12/13	4.84	4.90	4.62	4.64	1447192	22658952.00
2011/12/14	4.64	4.69	4.36	4.41	1489220	22395850.00
2011/12/15	4.40	4.40	3.94	4.12	2620992	36465504.00
2011/12/16	4.11	4.21	4.06	4.20	1545494	21495320.00
2011/12/19	4.21	4.21	4.03	4.11	1129676	15560669.00
2011/12/20	4.10	4.20	4.06	4.13	792089	11032133.00
2011/12/21	4.19	4.27	4.10	4.10	1264063	17749696.00
2011/12/22	4.07	4.08	3.79	4.06	1930930	25611186.00
2011/12/23	4.08	4.21	4.01	4.20	1311528	18096418.00
2011/12/26	4.19	4.22	4.09	4.10	674416	9418398.00
2011/12/27	4.05	4.56	4.05	4.31	4187247	61353992.00
2011/12/28	4.17	4.41	4.11	4.36	1813556	25650760.00
2011/12/29	4.31	4.47	4.28	4.38	1681755	24693904.00
2011/12/30	4.36	4.44	4.35	4.41	1490183	21857798.00
2012/01/04	4.48	4.49	4.27	4.28	1340285	19533238.00
2012/01/05	4.17	4.30	3.93	3.94	1403495	19432016.00
2012/01/06	3.91	4.07	3.84	3.99	873265	11612084.00
2012/01/09	4.00	4.21	3.95	4.21	1371677	18913828.00
2012/01/10	4.24	4.42	4.21	4.39	1773944	25800036.00
2012/01/11	4.37	4.44	4.32	4.39	1279543	18713958.00
2012/01/12	4.40	4.41	4.31	4.32	1072781	15600471.00
2012/01/13	4.33	4.34	4.04	4.13	2302812	32210180.00
2012/01/16	4.06	4.09	3.96	3.97	775091	10533580.00
2012/01/17	3.94	4.27	3.87	4.24	949468	13188503.00
2012/01/18	4.28	4.34	4.08	4.11	946805	13334388.00
2012/01/19	4.05	4.17	4.05	4.15	616242	8545173.00
2012/01/20	4.16	4.32	4.13	4.29	1211891	17249566.00
2012/01/30	4.34	4.34	4.21	4.22	709479	10127446.00
2012/01/31	4.21	4.24	4.13	4.18	852341	11949627.00
2012/02/01	4.17	4.29	4.14	4.22	799221	11304979.00
2012/02/02	4.26	4.30	4.17	4.30	968559	13760950.00
2012/02/03	4.33	4.37	4.26	4.34	1683492	24303290.00
2012/02/06	4.40	4.40	4.32	4.36	1318430	19179794.00
2012/02/07	4.36	4.36	4.23	4.25	954423	13633862.00
2012/02/08	4.24	4.36	4.23	4.35	1182709	17038186.00
2012/02/09	4.35	4.49	4.32	4.42	2039592	30037108.00
2012/02/10	4.38	4.47	4.36	4.40	1307665	19266536.00
2012/02/13	4.35	4.55	4.34	4.49	2022988	30129992.00
2012/02/14	4.50	4.97	4.50	4.77	4830779	76170624.00
2012/02/15	4.80	4.93	4.77	4.87	3193211	50980984.00
2012/02/16	4.83	4.89	4.78	4.85	2465708	39434972.00
2012/02/17	4.84	4.87	4.77	4.78	1372101	21789408.00
2012/02/20	4.90	4.93	4.77	4.78	1298519	20727912.00
2012/02/21	4.74	4.81	4.68	4.81	1434376	22539286.00
2012/02/22	4.81	4.85	4.77	4.84	1800221	28681278.00
2012/02/23	4.88	4.96	4.81	4.88	2242659	36233860.00
2012/02/24	4.88	5.03	4.84	5.00	2869519	46714384.00
2012/02/27	5.00	5.11	4.90	4.92	3199398	52624736.00
2012/02/28	4.90	4.94	4.78	4.82	2222050	35531264.00
2012/02/29	4.81	4.86	4.77	4.78	1314112	20945820.00
2012/03/01	4.76	4.88	4.76	4.83	1469806	23359776.00
2012/03/02	4.83	4.92	4.83	4.88	1318777	21204952.00
2012/03/05	4.89	4.96	4.82	4.83	1561928	25135096.00
2012/03/06	4.82	4.82	4.66	4.72	2037961	31813166.00
2012/03/07	4.66	4.74	4.62	4.66	1240222	19262986.00
2012/03/08	4.65	4.72	4.65	4.71	1020007	15886391.00
2012/03/09	4.72	4.80	4.69	4.80	1680857	26389356.00
2012/03/12	4.85	4.93	4.80	4.90	2291554	36906000.00
2012/03/13	4.90	4.90	4.85	4.90	1557343	25084220.00
2012/03/14	4.91	4.98	4.60	4.64	3803365	60536276.00
2012/03/15	4.61	4.67	4.50	4.54	2309293	35149700.00
2012/03/16	4.59	4.71	4.58	4.70	2592935	40115352.00
2012/03/19	4.74	4.80	4.65	4.77	2982712	46808236.00
2012/03/20	4.73	4.81	4.64	4.76	3299772	51692944.00
2012/03/21	4.76	4.77	4.67	4.72	1600852	24973788.00
2012/03/22	4.74	4.74	4.63	4.65	1102921	17072060.00
2012/03/23	4.63	4.68	4.60	4.60	1211285	18598162.00
2012/03/26	4.59	4.69	4.57	4.67	888206	13642806.00
2012/03/27	4.69	4.69	4.60	4.60	925922	14282174.00
2012/03/28	4.57	4.57	4.24	4.27	2235420	32634650.00
2012/03/29	4.24	4.24	4.11	4.13	1213626	16998412.00
2012/03/30	4.13	4.23	4.11	4.17	771215	10773155.00
2012/04/06	4.28	4.36	4.28	4.32	1516845	21890396.00
2012/04/09	4.31	4.37	4.17	4.21	837654	12016868.00
2012/04/10	4.20	4.30	4.17	4.28	1032968	14628023.00
2012/04/11	4.26	4.29	4.19	4.29	703447	10032363.00
2012/04/12	4.29	4.38	4.28	4.36	1099747	15930466.00
2012/04/13	4.39	4.40	4.34	4.37	1025284	14976859.00
2012/04/16	4.37	4.54	4.31	4.48	1447977	21384474.00
2012/04/17	4.49	4.51	4.39	4.41	1082572	16049831.00
2012/04/18	4.41	4.51	4.37	4.47	1568842	23253106.00
2012/04/19	4.48	4.50	4.43	4.47	906108	13467771.00
2012/04/20	4.47	4.50	4.44	4.47	822627	12220559.00
2012/04/23	4.47	4.50	4.39	4.39	1165300	17268642.00
2012/04/24	4.39	4.39	4.16	4.22	2113300	29988294.00
2012/04/25	4.22	4.31	4.20	4.24	1340968	19063384.00
2012/04/26	4.24	4.27	4.19	4.23	1056766	14964316.00
2012/04/27	4.23	4.30	4.23	4.27	958822	13690043.00
2012/05/02	4.32	4.37	4.27	4.30	1593854	22966788.00
2012/05/03	4.29	4.40	4.28	4.39	1560251	22702174.00
2012/05/04	4.39	4.43	4.36	4.43	1484286	21796514.00
2012/05/07	4.39	4.50	4.37	4.48	1680925	25012740.00
2012/05/08	4.48	4.53	4.43	4.44	1762894	26259046.00
2012/05/10	4.38	4.51	4.37	4.45	1735176	25764156.00
2012/05/11	4.47	4.64	4.45	4.59	3458696	52503732.00
2012/05/14	4.61	4.89	4.59	4.67	10799239	169598704.00
2012/05/15	4.61	4.66	4.38	4.44	6139290	92008856.00
2012/05/16	4.41	4.53	4.40	4.46	2043832	30361570.00
2012/05/17	4.46	4.51	4.41	4.48	2245823	33418370.00
2012/05/18	4.48	4.49	4.36	4.37	1998975	29451832.00
2012/05/21	4.41	4.49	4.32	4.45	2268339	33426758.00
2012/05/22	4.49	4.50	4.44	4.49	1590191	23681876.00
2012/05/23	4.48	4.62	4.38	4.59	2822774	42446316.00
2012/05/24	4.54	4.66	4.53	4.60	2742162	41907792.00
2012/05/25	4.57	4.63	4.44	4.46	2137284	32150934.00
2012/05/28	4.44	4.60	4.38	4.58	2400882	36199776.00
2012/05/29	4.59	4.68	4.57	4.65	2710795	41691192.00
2012/05/30	4.62	4.69	4.59	4.59	2504307	38565280.00
2012/05/31	4.59	4.84	4.54	4.75	5168469	81254408.00
2012/06/01	4.73	4.87	4.69	4.86	4274672	67743144.00
2012/06/04	4.78	4.96	4.68	4.69	6247868	99806768.00
2012/06/05	4.71	4.86	4.66	4.74	3459907	54640248.00
2012/06/06	4.74	4.82	4.68	4.71	2275549	35765400.00
2012/06/07	4.77	4.89	4.74	4.85	4291332	68469336.00
2012/06/08	4.89	4.90	4.77	4.83	2880172	45969108.00
2012/06/11	4.84	4.96	4.78	4.94	3705783	59703476.00
2012/06/12	4.91	4.99	4.87	4.94	2712028	44236444.00
2012/06/13	4.94	5.06	4.89	5.03	4694860	77222080.00
2012/06/14	5.05	5.05	4.95	4.95	3198990	52616064.00
2012/06/15	4.94	5.09	4.92	5.00	3947196	65200340.00
2012/06/18	5.00	5.12	4.99	5.10	3199193	53479976.00
2012/06/19	5.09	5.36	5.07	5.19	7670428	131076040.00
2012/06/20	5.14	5.19	5.03	5.08	3969866	66504032.00
2012/06/21	5.05	5.10	4.92	5.09	6316062	104302000.00
2012/06/25	5.07	5.16	4.97	4.97	4768794	79947320.00
2012/06/26	4.91	4.96	4.79	4.86	3901880	62622788.00
2012/06/27	4.86	4.97	4.82	4.88	2113935	34258984.00
2012/06/28	4.88	5.02	4.88	4.94	2155944	35229696.00
2012/06/29	4.91	5.09	4.91	5.08	3337928	55400628.00
2012/07/02	5.13	5.22	5.07	5.20	3702767	62802468.00
2012/07/03	5.19	5.27	5.12	5.21	4584392	78383544.00
2012/07/04	5.21	5.22	5.04	5.13	2506273	42195280.00
2012/07/05	5.13	5.17	5.01	5.10	2768118	46154216.00
2012/07/06	5.15	5.46	5.07	5.45	7248459	125863240.00
2012/07/09	5.43	5.43	5.21	5.21	7255551	125107072.00
2012/07/10	5.14	5.24	5.04	5.08	6800623	113468536.00
2012/07/11	4.99	5.37	4.99	5.36	9347867	157454768.00
2012/07/12	5.31	5.43	5.23	5.28	5724300	98766976.00
2012/07/13	5.24	5.39	5.19	5.33	5909273	101390952.00
2012/07/16	5.28	5.55	5.25	5.31	11606280	203443648.00
2012/07/17	5.15	5.42	5.07	5.25	8517817	144292816.00
2012/07/18	5.19	5.39	5.13	5.39	8152610	138779120.00
2012/07/19	5.37	5.56	5.32	5.39	10320821	182138656.00
2012/07/20	5.35	5.56	5.27	5.55	11590814	204557632.00
2012/07/23	5.55	5.60	5.45	5.51	9126873	162851152.00
2012/07/24	5.43	5.53	5.43	5.47	3528015	62442704.00
2012/07/25	5.44	5.52	5.37	5.37	3460013	60884616.00
2012/07/26	5.36	5.41	5.21	5.24	2919721	50432408.00
2012/07/27	5.24	5.28	5.03	5.10	7836106	130478080.00
2012/07/30	5.05	5.12	4.91	4.93	3866389	63032776.00
2012/07/31	4.91	5.08	4.78	4.98	7417843	119820296.00
2012/08/01	4.94	5.08	4.91	5.03	2163193	35374880.00
2012/08/02	5.01	5.13	4.97	4.98	2217124	36399724.00
2012/08/03	5.04	5.09	4.94	5.09	2250221	36797028.00
2012/08/06	5.16	5.20	5.10	5.18	3555357	59533592.00
2012/08/07	5.18	5.20	5.09	5.13	2834990	47325216.00
2012/08/08	5.18	5.30	5.11	5.27	4064358	68730096.00
2012/08/09	5.24	5.35	5.17	5.31	4439049	75833664.00
2012/08/10	5.29	5.71	5.26	5.51	7454716	130986792.00
2012/08/13	5.51	5.58	5.38	5.48	4597388	81620744.00
2012/08/14	5.43	5.69	5.31	5.67	12147162	218214656.00
2012/08/15	5.68	5.87	5.57	5.71	16233743	299098144.00
2012/08/16	5.71	6.19	5.67	5.86	23333774	442404064.00
2012/08/17	5.87	5.95	5.71	5.88	18896642	355661632.00
2012/08/20	5.90	6.02	5.70	5.91	16589496	313356864.00
2012/08/21	5.94	6.12	5.77	5.89	7443450	141047696.00
2012/08/22	5.85	5.91	5.81	5.83	7052163	132653408.00
2012/08/23	5.86	5.99	5.84	5.89	14512625	275945984.00
2012/08/24	5.94	5.95	5.67	5.77	9438133	175028272.00
2012/08/27	5.76	5.85	5.58	5.83	17257483	320056576.00
2012/08/28	5.84	5.93	5.71	5.86	16327986	307583488.00
2012/08/29	5.90	5.91	5.72	5.82	11387280	213375776.00
2012/08/30	5.74	5.82	5.53	5.75	7218631	132924072.00
2012/08/31	5.75	5.83	5.68	5.76	14618405	271891968.00
2012/09/03	5.77	6.18	5.69	6.02	18536001	350114592.00
2012/09/04	6.03	6.12	5.96	6.02	18173211	353018176.00
2012/09/05	6.03	6.31	5.94	6.02	19498278	383247488.00
2012/09/06	6.02	6.06	5.88	5.94	13920682	267277200.00
2012/09/07	5.96	6.24	5.91	6.01	18864868	364315776.00
2012/09/10	5.95	6.23	5.84	6.15	18328990	356770368.00
2012/09/11	6.21	6.30	6.05	6.20	19146074	380096160.00
2012/09/12	6.21	6.63	6.21	6.51	25185949	516975936.00
2012/09/13	6.55	6.74	6.32	6.36	22091385	457181248.00
2012/09/14	6.49	6.51	6.25	6.37	21101541	429267584.00
2012/09/17	6.41	6.41	6.16	6.29	19648442	392329120.00
2012/09/18	6.31	6.39	6.22	6.31	19029170	385326912.00
2012/09/19	6.46	6.46	6.00	6.20	19143170	378870080.00
2012/09/20	6.12	6.19	6.01	6.06	17974680	352040032.00
2012/09/21	6.10	6.14	6.00	6.11	19280004	375885056.00
2012/09/24	6.07	6.19	6.00	6.06	18609071	362312320.00
2012/09/25	6.09	6.12	5.57	5.93	18618015	352948768.00
2012/09/26	5.87	5.87	5.70	5.82	16418630	305866112.00
2012/09/27	5.79	5.89	5.57	5.58	19261076	350917888.00
2012/09/28	5.47	5.47	5.06	5.36	14504161	247604624.00
2012/10/08	5.27	5.49	5.23	5.44	9562491	165905264.00
2012/10/09	5.46	5.50	5.39	5.47	9346923	164576560.00
2012/10/10	5.47	5.47	5.34	5.38	6680891	116665976.00
2012/10/11	5.38	5.43	5.34	5.40	4759889	83222064.00
2012/10/12	5.39	5.46	5.21	5.27	4676054	80632688.00
2012/10/15	5.22	5.24	5.06	5.16	4832896	80384008.00
2012/10/16	5.16	5.43	5.16	5.41	8853520	153890592.00
2012/10/17	5.41	5.42	5.32	5.39	3297312	57418584.00
2012/10/18	5.40	5.44	5.35	5.40	4058481	70873992.00
2012/10/19	5.40	5.45	5.36	5.38	3067840	53576996.00
2012/10/22	5.35	5.35	5.22	5.30	3583807	61317424.00
2012/10/23	5.28	5.37	5.21	5.21	3162942	54155976.00
2012/10/24	5.16	5.21	5.09	5.09	3026903	50471660.00
2012/10/25	5.09	5.13	4.60	4.71	8498014	135368464.00
2012/10/26	4.71	4.73	4.63	4.68	2907999	44447396.00
2012/10/29	4.68	4.72	4.64	4.68	2284948	35014528.00
2012/10/30	4.69	4.74	4.68	4.71	2259294	34860088.00
2012/10/31	4.73	4.74	4.44	4.53	4403032	65735276.00
2012/11/01	4.53	4.64	4.49	4.64	3890900	58443968.00
2012/11/02	4.66	4.66	4.55	4.58	3032913	45593168.00
2012/11/05	4.57	5.08	4.53	5.00	8207991	128819952.00
2012/11/06	4.87	4.96	4.78	4.86	5389541	85177064.00
2012/11/07	4.86	4.87	4.72	4.73	2800525	43678544.00
2012/11/08	4.72	4.72	4.54	4.55	2595332	39194692.00
2012/11/09	4.55	4.68	4.55	4.61	2162615	32826326.00
2012/11/12	4.61	4.64	4.52	4.57	1529430	22939966.00
2012/11/13	4.56	4.57	4.40	4.40	2146488	31534670.00
2012/11/14	4.35	4.40	4.25	4.36	2067120	29448086.00
2012/11/15	4.35	4.50	4.31	4.37	2565321	37291016.00
2012/11/16	4.36	4.47	4.32	4.43	2231191	32416096.00
2012/11/19	4.43	4.46	4.25	4.35	2353161	33578024.00
2012/11/20	4.35	4.40	4.27	4.31	1327744	18886792.00
2012/11/21	4.31	4.36	4.26	4.35	1693648	24059566.00
2012/11/22	4.35	4.35	4.30	4.31	1098530	15641353.00
2012/11/23	4.31	4.38	4.28	4.34	1275726	18240592.00
2012/11/26	4.34	4.48	4.34	4.39	2557142	37261148.00
2012/11/27	4.42	4.42	4.14	4.16	2278109	31938406.00
2012/11/28	4.05	4.13	3.91	3.95	2473760	32592356.00
2012/11/29	4.39	4.39	4.39	4.39	4228554	61102604.00
2012/11/30	4.57	4.83	4.48	4.63	13077003	198651904.00
2012/12/03	4.47	4.56	4.22	4.23	7090077	103093576.00
2012/12/04	4.21	4.34	3.97	4.30	4855313	66428888.00
2012/12/05	4.22	4.50	4.14	4.43	6317523	91079392.00
2012/12/06	4.41	4.67	4.37	4.60	7448667	111094152.00
2012/12/07	4.60	4.66	4.54	4.61	5726221	86164048.00
2012/12/10	4.61	4.70	4.54	4.65	5503143	83257776.00
2012/12/11	4.63	4.63	4.50	4.50	5017841	74664128.00
2012/12/12	4.47	4.56	4.46	4.54	2371135	35213120.00
2012/12/13	4.54	4.70	4.53	4.54	4751266	71736072.00
2012/12/14	4.52	4.72	4.51	4.67	6539458	99417656.00
2012/12/17	4.66	4.72	4.55	4.61	6820736	103101848.00
2012/12/18	4.61	4.73	4.61	4.67	6881906	105420096.00
2012/12/19	4.68	4.71	4.62	4.68	3880119	59124224.00
2012/12/20	4.67	4.68	4.53	4.54	6039064	90508840.00
2012/12/21	4.55	4.61	4.53	4.55	3363630	50370340.00
2012/12/24	4.56	4.65	4.49	4.64	4454577	67118088.00
2012/12/25	4.64	4.72	4.61	4.70	6315698	96792576.00
2012/12/26	4.74	4.93	4.74	4.90	9300376	147548928.00
2012/12/27	5.04	5.17	4.80	4.83	11466970	186456144.00
2012/12/28	4.79	4.90	4.74	4.83	5156146	81054200.00
2012/12/31	4.84	4.88	4.79	4.85	3787365	59770872.00
2013/01/04	4.90	4.94	4.74	4.79	3300005	51958704.00
2013/01/07	4.76	4.93	4.76	4.88	6386504	101174120.00
2013/01/08	4.87	5.07	4.85	4.97	8121724	130893936.00
2013/01/09	4.97	4.97	4.84	4.87	5370718	85752184.00
2013/01/10	4.88	4.96	4.85	4.93	4899671	78441808.00
2013/01/11	4.92	4.92	4.70	4.71	5912415	92653328.00
2013/01/14	4.71	4.87	4.69	4.85	5431658	85473648.00
2013/01/15	4.87	5.02	4.84	4.96	7245450	116709136.00
2013/01/16	4.97	5.02	4.86	4.95	7314053	118015712.00
2013/01/17	4.96	5.07	4.96	4.99	7089088	115644024.00
2013/01/18	4.99	5.16	4.99	5.16	9804660	162359872.00
2013/01/21	5.17	5.30	5.11	5.12	8585647	144783872.00
2013/01/22	5.12	5.13	4.94	4.98	5394347	88073728.00
2013/01/23	4.97	5.07	4.93	5.03	3298990	53612740.00
2013/01/24	5.03	5.05	4.75	4.79	5856355	93634016.00
2013/01/25	4.76	4.81	4.66	4.75	2917693	45319840.00
2013/01/28	4.75	4.95	4.75	4.89	3529030	56064244.00
2013/01/29	4.89	4.94	4.83	4.89	2924954	46577712.00
2013/01/30	4.87	4.91	4.77	4.80	4067594	64019116.00
2013/01/31	4.80	4.82	4.71	4.79	3250512	50411756.00
2013/02/01	4.77	4.80	4.72	4.79	2479349	38701084.00
2013/02/04	4.81	5.07	4.81	5.07	9867897	159894112.00
2013/02/05	5.07	5.12	5.01	5.07	6244566	102986144.00
2013/02/06	5.06	5.06	4.97	5.01	4866777	79274064.00
2013/02/07	4.98	5.02	4.95	4.98	2625129	42516996.00
2013/02/08	4.98	5.06	4.98	5.03	3658373	59840020.00
2013/02/18	5.04	5.10	4.98	5.00	3836214	62543168.00
2013/02/19	4.98	5.17	4.97	5.14	7660869	126771392.00
2013/02/20	5.12	5.36	5.08	5.32	10902866	185875952.00
2013/02/21	5.29	5.29	5.06	5.07	8975065	150770400.00
2013/02/22	5.08	5.14	4.97	4.99	5062193	83026976.00
2013/02/25	4.99	5.09	4.97	5.06	3171545	51887140.00
2013/02/26	5.01	5.11	4.95	4.96	4755370	77904808.00
2013/02/27	4.97	5.00	4.80	4.81	6619467	104533280.00
2013/02/28	4.81	4.82	4.54	4.81	8066424	123700032.00
2013/03/01	4.76	4.86	4.74	4.82	4943403	77671208.00
2013/03/04	4.79	4.79	4.61	4.64	4707139	72484528.00
2013/03/05	4.63	4.76	4.61	4.75	3191443	49209132.00
2013/03/06	4.76	4.89	4.76	4.84	5510772	87270976.00
2013/03/07	4.85	4.86	4.70	4.77	4013703	62548016.00
2013/03/08	4.79	4.80	4.71	4.72	2348003	36463352.00
2013/03/11	4.74	4.74	4.64	4.70	2004066	30723606.00
2013/03/12	4.71	4.74	4.47	4.54	3755088	56614164.00
2013/03/13	4.54	4.56	4.40	4.44	2278474	33430660.00
2013/03/14	4.41	4.49	4.41	4.43	1586471	23206728.00
2013/03/15	4.44	4.55	4.35	4.46	2729766	39988600.00
2013/03/18	4.67	4.95	4.65	4.95	20345319	325726976.00
2013/03/19	4.96	5.33	4.87	5.15	21909487	362692416.00
2013/03/20	5.12	5.17	5.00	5.16	14104283	233502336.00
2013/03/22	5.08	5.22	5.02	5.10	10678145	177600528.00
2013/03/25	5.10	5.20	5.00	5.19	8765374	145284688.00
2013/03/26	5.14	5.16	5.01	5.06	6082235	100241728.00
2013/03/27	5.07	5.46	5.06	5.41	15877923	271027392.00
2013/03/28	5.31	5.64	5.24	5.34	18562247	327351168.00
2013/03/29	5.38	5.44	5.22	5.25	8596237	144657728.00
2013/04/01	5.33	5.66	5.26	5.62	11444190	197612864.00
2013/04/02	5.59	5.65	5.41	5.43	9630189	167737568.00
2013/04/03	5.46	5.62	5.11	5.20	9859602	168624384.00
2013/04/08	5.20	5.35	5.14	5.33	6944904	115816568.00
2013/04/09	5.28	5.32	5.15	5.29	5609519	92779544.00
2013/04/10	5.27	5.27	5.02	5.05	6816025	110562808.00
2013/04/11	5.03	5.12	5.00	5.08	3706255	59557112.00
2013/04/12	5.06	5.07	4.82	4.84	5606050	87586384.00
2013/04/15	4.84	4.89	4.70	4.72	3253444	49419448.00
2013/04/16	5.04	5.23	5.04	5.23	8668034	142333776.00
2013/04/17	5.37	5.54	5.19	5.34	21241548	359162080.00
2013/04/18	5.24	5.24	5.09	5.12	10975318	179502688.00
2013/04/19	5.09	5.30	5.04	5.23	9836118	161809920.00
2013/04/22	5.21	5.43	5.17	5.36	9269425	156424272.00
2013/04/23	5.34	5.45	5.10	5.14	7737375	129239232.00
2013/04/24	5.14	5.36	5.14	5.30	6431773	107488400.00
2013/04/25	5.30	5.45	5.27	5.32	9013456	153188640.00
2013/04/26	5.30	5.37	5.16	5.18	4959352	82080456.00
2013/05/02	5.17	5.17	4.90	4.98	5509707	87061928.00
2013/05/03	5.01	5.15	5.01	5.04	4246850	68370656.00
2013/05/06	5.04	5.31	5.01	5.31	7267220	118672128.00
2013/05/07	5.27	5.36	5.24	5.31	5254693	88059104.00
2013/05/08	5.33	5.41	5.25	5.39	6755612	113847688.00
2013/05/09	5.37	5.37	5.22	5.32	5919843	99286256.00
2013/05/10	5.28	5.53	5.26	5.48	10010909	172179664.00
2013/05/13	5.45	5.53	5.36	5.45	5746401	99022296.00
2013/05/14	5.41	5.44	5.27	5.31	4543096	76750408.00
2013/05/15	5.31	5.58	5.31	5.52	8347089	144507792.00
2013/05/16	5.51	5.62	5.47	5.51	8950534	156638672.00
2013/05/17	5.49	5.68	5.47	5.59	7933083	140261808.00
2013/05/20	5.60	5.61	5.36	5.47	10182323	175621216.00
2013/05/21	5.46	5.59	5.37	5.58	7305249	126406792.00
2013/05/22	5.55	5.56	5.41	5.44	5890655	102044312.00
2013/05/23	5.39	5.47	5.33	5.33	4896874	83509416.00
2013/05/24	5.30	5.41	5.26	5.38	5065100	85334024.00
2013/05/27	5.36	5.63	5.32	5.60	9365182	162852832.00
2013/05/28	5.59	5.64	5.47	5.56	6201511	108813552.00
2013/05/29	5.54	5.77	5.49	5.67	10743415	191176112.00
2013/05/30	5.65	5.97	5.63	5.80	14990395	275812064.00
2013/05/31	5.81	5.90	5.75	5.79	7767027	142684976.00
2013/06/03	5.78	6.04	5.76	5.81	8995797	167478864.00
2013/06/04	5.79	5.79	5.51	5.52	6884633	122025704.00
2013/06/05	5.54	5.64	5.51	5.62	3919318	68987928.00
2013/06/06	5.59	5.71	5.46	5.63	4219080	74415984.00
2013/06/07	5.64	5.69	5.47	5.48	3568774	62771376.00
2013/06/13	5.44	5.44	4.96	5.13	4731279	77239608.00
2013/06/14	5.19	5.32	5.12	5.31	3343912	55582204.00
2013/06/17	5.30	5.35	5.21	5.27	3455163	57747316.00
2013/06/18	5.27	5.39	5.24	5.37	2654955	44787132.00
2013/06/19	5.30	5.30	5.11	5.18	4511507	73853608.00
2013/06/20	5.16	5.22	5.04	5.07	2659657	43211220.00
2013/06/21	5.02	5.03	4.83	4.96	2945458	46213936.00
2013/06/24	4.97	5.01	4.51	4.64	3783709	57536988.00
2013/06/25	4.56	4.78	4.24	4.71	4582245	66790144.00
2013/06/26	4.70	4.77	4.59	4.71	4874283	72358184.00
2013/06/27	4.70	4.77	4.57	4.60	3715552	55462756.00
2013/06/28	4.53	4.65	4.44	4.50	2838611	41054456.00
2013/07/01	4.50	4.64	4.47	4.64	2303087	33653636.00
2013/07/02	4.64	4.76	4.63	4.75	3579009	53793468.00
2013/07/03	4.72	4.74	4.59	4.71	4489583	67048176.00
2013/07/04	4.66	4.76	4.59	4.69	3647469	54570956.00
2013/07/05	4.68	4.76	4.62	4.67	3015432	44984576.00
2013/07/08	4.77	4.97	4.71	4.72	6344709	97618768.00
2013/07/09	4.64	4.70	4.54	4.62	2794683	41145080.00
2013/07/10	4.62	4.76	4.61	4.74	2702335	40291540.00
2013/07/11	4.74	4.90	4.74	4.83	4128396	63496032.00
2013/07/12	4.88	4.93	4.76	4.76	4267240	65782224.00
2013/07/15	4.76	4.92	4.76	4.91	4086524	63391124.00
2013/07/16	4.97	5.09	4.93	5.07	5426464	86404216.00
2013/07/17	5.04	5.05	4.90	4.91	3974644	62787772.00
2013/07/18	4.89	5.03	4.84	4.93	2802152	44116808.00
2013/07/19	4.91	5.02	4.86	4.88	2997372	47068912.00
2013/07/22	4.86	5.01	4.80	5.00	2434548	38419384.00
2013/07/23	5.05	5.09	4.97	5.07	3626394	58057880.00
2013/07/24	5.06	5.06	4.95	5.04	4194937	66619236.00
2013/07/25	5.05	5.05	4.87	4.88	4026857	63192216.00
2013/07/26	4.83	4.93	4.77	4.81	2318018	35651452.00
2013/07/29	4.80	4.80	4.66	4.67	2305598	34580212.00
2013/07/30	4.67	4.73	4.56	4.68	1821699	27063492.00
2013/07/31	4.68	4.94	4.65	4.90	3052431	46375556.00
2013/08/01	4.84	4.95	4.83	4.94	2974010	46422612.00
2013/08/02	4.91	4.96	4.89	4.90	2327815	36446908.00
2013/08/05	4.87	5.11	4.87	5.07	5094904	81412864.00
2013/08/06	5.03	5.20	5.01	5.14	6214410	101546968.00
2013/08/07	5.10	5.15	4.99	5.04	4553908	73237680.00
2013/08/08	5.04	5.27	5.01	5.27	6097222	100591344.00
2013/08/09	5.28	5.34	5.17	5.25	4094365	68089584.00
2013/08/12	5.25	5.34	5.17	5.24	2928036	48607648.00
2013/08/13	5.24	5.28	5.18	5.24	2611235	43265096.00
2013/08/14	5.23	5.41	5.19	5.34	4521598	75972352.00
2013/08/15	5.31	5.34	5.09	5.09	4226424	69590584.00
2013/08/16	5.05	5.11	4.89	4.89	4662923	73734440.00
2013/08/19	4.89	5.04	4.84	5.03	2196156	34693856.00
2013/08/20	4.99	5.09	4.94	4.99	2176830	34665456.00
2013/08/21	4.98	5.15	4.97	5.13	3163701	50879740.00
2013/08/22	5.12	5.39	5.12	5.31	6462627	108672320.00
2013/08/23	5.34	5.69	5.34	5.59	11944936	209241328.00
2013/08/26	5.54	5.87	5.54	5.68	7828654	141633152.00
2013/08/27	5.65	5.79	5.59	5.75	4671023	83831096.00
2013/08/28	5.70	5.70	5.54	5.54	4019799	70989080.00
2013/08/29	5.54	5.63	5.44	5.51	2632104	45899080.00
2013/08/30	5.75	6.09	5.37	5.67	13691702	255210624.00
2013/09/02	5.58	6.00	5.57	5.89	5455814	100182976.00
2013/09/03	5.86	5.96	5.78	5.85	3047532	56149520.00
2013/09/04	5.87	5.90	5.68	5.82	3652338	66418424.00
2013/09/05	5.79	5.96	5.67	5.89	3647072	66717624.00
2013/09/06	5.82	5.90	5.72	5.74	2230694	40667868.00
2013/09/09	5.76	5.77	5.55	5.70	4106318	72832792.00
2013/09/10	5.69	6.20	5.57	5.93	5553879	102141712.00
2013/09/11	5.91	6.07	5.81	5.92	4217716	79048048.00
2013/09/12	5.84	5.95	5.80	5.84	2175456	40212260.00
2013/09/13	5.83	5.94	5.75	5.89	2020488	37192352.00
2013/09/16	5.88	6.02	5.85	5.87	1647159	30733644.00
2013/09/17	5.88	5.88	5.69	5.70	2130194	38756644.00
2013/09/18	5.67	5.73	5.53	5.69	1762601	31296990.00
2013/09/23	5.69	5.79	5.60	5.75	2296804	41174056.00
2013/09/24	5.72	6.01	5.71	5.99	3666839	68323504.00
2013/09/25	6.00	6.10	5.94	6.01	3994282	75857320.00
2013/09/26	6.02	6.45	6.02	6.27	6034193	118150144.00
2013/09/27	6.21	6.37	6.17	6.27	3668253	72389680.00
2013/09/30	6.27	6.30	6.15	6.21	1908939	37206828.00
2013/10/08	6.13	6.25	6.13	6.16	1869341	36284784.00
2013/10/09	6.16	6.44	6.13	6.40	3523059	70029368.00
2013/10/10	6.41	6.47	6.29	6.29	2548487	50893048.00
2013/10/11	6.26	6.39	6.26	6.31	2730487	54191172.00
2013/10/14	6.31	6.37	6.27	6.28	1930957	38259804.00
2013/10/15	6.27	6.42	6.27	6.34	1939380	38648428.00
2013/10/16	6.33	6.33	5.97	6.04	2653800	50951632.00
2013/10/17	6.37	6.67	6.12	6.31	7342579	148593120.00
2013/10/18	6.24	6.36	6.06	6.26	3586763	69416912.00
2013/10/21	6.24	6.58	6.24	6.57	4504475	92063472.00
2013/10/22	6.68	6.68	6.48	6.54	2792331	57388940.00
2013/10/23	6.55	6.85	6.49	6.74	5847069	122841016.00
2013/10/24	6.71	7.37	6.70	7.07	8223011	181849200.00
2013/10/25	7.07	7.17	6.86	7.08	4551272	100030984.00
2013/10/28	7.07	7.11	6.61	6.78	4439855	95037352.00
2013/10/29	6.48	7.02	6.46	6.97	5329361	112701328.00
2013/10/30	6.90	7.10	6.89	6.97	2844915	62267972.00
2013/10/31	6.94	7.22	6.78	6.78	3382188	74261656.00
2013/11/01	6.87	7.07	6.59	6.84	4904072	105100176.00
2013/11/04	6.87	7.11	6.85	7.10	3042927	66915572.00
2013/11/05	7.16	7.21	7.01	7.02	3244833	71880816.00
2013/11/06	7.03	7.09	6.77	7.00	3366533	73000344.00
2013/11/07	6.97	7.06	6.76	6.76	2378460	51297692.00
2013/11/08	6.70	6.70	6.06	6.11	8099246	158767584.00
2013/11/11	6.06	6.21	5.78	6.07	4251777	80236592.00
2013/11/12	6.04	6.21	5.96	6.20	3290303	63103560.00
2013/11/13	6.16	6.16	6.02	6.08	2065200	39437688.00
2013/11/14	6.01	6.33	6.01	6.14	2314914	45009468.00
2013/11/15	6.16	6.32	6.09	6.21	2225709	43590316.00
2013/11/18	6.21	6.48	6.21	6.43	3330560	66707552.00
2013/11/19	6.44	6.47	6.32	6.36	2000834	40051832.00
2013/11/20	6.34	6.50	6.34	6.44	1747667	35262500.00
2013/11/21	6.37	6.44	6.14	6.21	3511119	68687720.00
2013/11/22	6.20	6.23	6.01	6.07	2384909	45711644.00
2013/11/25	6.07	6.33	6.01	6.30	2557784	49482908.00
2013/11/26	6.27	6.32	6.16	6.17	1468335	28690712.00
2013/11/27	6.21	6.44	6.13	6.39	3364379	66411628.00
2013/11/28	6.38	6.53	6.32	6.39	3342603	67617976.00
2013/11/29	6.41	6.59	6.39	6.58	3878700	79168048.00
2013/12/02	6.42	6.55	6.04	6.34	4073059	81651616.00
2013/12/03	6.27	6.64	6.26	6.60	4200608	85691136.00
2013/12/04	6.58	6.75	6.54	6.62	3459943	72269624.00
2013/12/05	6.61	6.67	6.55	6.63	1585850	32860288.00
2013/12/06	6.58	6.73	6.46	6.49	2430036	50171624.00
2013/12/09	6.44	6.60	6.38	6.53	2212204	45141696.00
2013/12/10	6.50	6.58	6.41	6.47	1974225	40217624.00
2013/12/11	6.43	7.01	6.43	6.85	5380586	113339248.00
2013/12/13	7.04	7.47	6.86	7.12	7622266	171404800.00
2013/12/16	7.01	7.39	6.82	7.33	6953456	156663760.00
2013/12/17	7.27	7.46	7.04	7.09	5120039	115964904.00
2013/12/18	7.83	7.83	7.51	7.83	11147684	270227456.00
2013/12/19	7.84	8.60	7.74	8.46	20786287	531176800.00
2013/12/20	8.37	9.34	8.31	9.34	23990071	667167168.00
2013/12/23	9.37	10.30	9.34	10.30	16685726	513824832.00
2013/12/24	10.24	10.24	9.31	9.60	29940036	896374912.00
2013/12/25	9.03	9.19	8.61	8.62	36268605	994771584.00
2013/12/26	8.57	8.78	8.33	8.37	24357827	648417088.00
2013/12/27	8.38	8.60	8.21	8.47	19122550	498383872.00
2013/12/30	8.37	8.42	8.12	8.26	15137559	388687648.00
2013/12/31	8.28	8.50	8.16	8.16	12693934	327622016.00
2014/01/02	8.38	8.50	8.27	8.46	13931318	363703776.00
2014/01/03	8.32	8.32	7.93	8.10	15863936	397231552.00
2014/01/06	8.01	8.05	7.64	7.64	10302223	251472576.00
2014/01/07	7.57	7.74	7.57	7.70	6392970	152836896.00
2014/01/08	7.71	7.85	7.65	7.80	7132685	172358592.00
2014/01/09	7.74	7.96	7.66	7.79	10117400	245451024.00
2014/01/10	7.82	8.04	7.82	7.84	13091611	322802528.00
2014/01/13	8.01	8.17	7.84	8.08	12581163	313221952.00
2014/01/14	7.97	8.03	7.48	7.66	11497796	274948960.00
2014/01/15	7.61	8.35	7.54	8.35	15392245	379984960.00
2014/01/16	8.21	8.37	8.07	8.12	11715854	298786816.00
2014/01/17	8.14	8.31	8.04	8.07	5965319	151083488.00
2014/01/20	7.99	8.11	7.63	8.01	8145271	198912832.00
2014/01/21	7.97	8.14	7.89	8.01	5393803	134485200.00
2014/01/22	8.37	8.66	8.24	8.31	12296799	320973920.00
2014/01/23	8.13	8.37	8.05	8.29	9792795	248856432.00
2014/01/24	8.20	8.43	8.18	8.18	9294997	239459680.00
2014/01/27	8.07	8.07	7.78	7.84	6941479	170609440.00
2014/01/28	7.97	8.03	7.81	7.85	3858838	95006336.00
2014/01/29	7.78	8.04	7.74	7.85	3844513	94466992.00
2014/01/30	7.84	7.96	7.78	7.90	3353669	82149336.00
2014/02/07	7.84	8.00	7.77	8.00	4014138	99011584.00
2014/02/10	8.03	8.42	7.99	8.37	9494116	242323648.00
2014/02/11	8.37	8.56	8.30	8.33	9325853	243468768.00
2014/02/12	8.29	8.53	8.17	8.50	8971506	233485904.00
2014/02/13	8.51	9.00	8.44	8.66	14075077	380769120.00
2014/02/14	8.58	8.87	8.54	8.79	7211476	193910976.00
2014/02/17	8.81	8.91	8.67	8.75	6694091	181381536.00
2014/02/18	8.74	8.75	8.42	8.51	7930763	209663984.00
2014/02/19	8.71	8.87	8.55	8.64	8051851	217522944.00
2014/02/20	8.71	8.74	8.26	8.26	6808627	177139664.00
2014/02/21	8.26	8.35	8.09	8.14	3565126	90786608.00
2014/02/24	8.06	8.44	8.05	8.37	4336951	111572648.00
2014/02/25	8.38	8.57	7.91	8.04	6600343	171166528.00
2014/02/26	7.99	8.24	7.92	8.24	4252923	106655432.00
2014/02/27	8.27	8.27	7.76	7.77	5003925	125119328.00
2014/02/28	7.81	7.85	7.36	7.63	4399830	103928968.00
2014/03/03	7.64	7.78	7.57	7.77	2882998	69071744.00
2014/03/04	7.71	7.81	7.62	7.77	2760708	66323320.00
2014/03/05	7.81	7.81	7.58	7.59	3005186	71666856.00
2014/03/06	7.56	7.68	7.36	7.67	3403814	79467720.00
2014/03/07	7.59	7.85	7.59	7.79	4008493	96884128.00
2014/03/10	7.71	7.71	7.24	7.26	3629095	84509448.00
2014/03/11	7.21	7.35	6.95	7.04	4540597	101167728.00
2014/03/12	7.44	7.77	7.33	7.77	7985416	187755792.00
2014/03/13	7.81	8.51	7.66	8.11	11858613	300530592.00
2014/03/14	8.08	8.37	7.89	7.96	6524998	164040496.00
2014/03/17	7.90	8.36	7.90	8.21	5594326	142186416.00
2014/03/18	8.33	8.36	8.12	8.13	4150056	105843896.00
2014/03/19	8.02	8.02	7.77	7.84	4150814	101372616.00
2014/03/20	7.84	7.94	7.58	7.58	3387184	82094720.00
2014/03/21	7.56	7.74	7.29	7.67	3518884	82067592.00
2014/03/24	7.87	8.46	7.76	8.43	10200200	261248336.00
2014/03/25	8.29	8.34	7.93	7.98	7216000	182250096.00
2014/03/26	7.99	8.38	7.99	8.17	5627307	143713760.00
2014/03/27	8.05	8.18	7.88	7.93	4046556	100527128.00
2014/03/28	8.01	8.20	7.76	7.78	3890046	95996856.00
2014/03/31	7.67	7.81	7.54	7.59	2636248	62736300.00
2014/04/01	7.56	7.77	7.48	7.77	2006261	47935232.00
2014/04/02	7.80	7.80	7.58	7.63	2103531	50120672.00
2014/04/03	7.62	7.74	7.54	7.70	2296158	54640220.00
2014/04/04	7.61	7.75	7.61	7.74	1846012	44296424.00
2014/04/08	7.57	7.85	7.52	7.81	2860636	68672784.00
2014/04/11	7.50	7.67	7.08	7.64	6939801	160974496.00
2014/04/14	7.54	7.60	7.35	7.38	4224622	98303272.00
2014/04/15	7.39	7.47	7.36	7.42	2123387	49189440.00
2014/04/16	7.41	7.41	7.24	7.30	2666163	60818796.00
2014/04/17	7.36	7.37	7.29	7.32	1199570	27439290.00
2014/04/18	7.32	7.77	7.29	7.63	6444813	151803152.00
2014/04/21	7.57	7.69	7.45	7.48	2816778	66498864.00
2014/04/22	7.46	7.56	7.37	7.45	1612088	37402920.00
2014/04/23	7.44	7.45	7.29	7.29	1588700	36436548.00
2014/04/24	7.28	7.28	7.02	7.07	4048355	89655136.00
2014/04/25	7.04	7.13	6.67	6.71	2563214	55226128.00
2014/04/28	6.77	6.77	6.38	6.44	3070905	62877816.00
2014/04/29	6.42	6.60	6.39	6.57	1564208	31875678.00
2014/04/30	6.57	6.82	6.53	6.76	1948977	40686332.00
2014/05/05	6.71	7.00	6.68	6.95	2264077	48859028.00
2014/05/06	6.94	7.17	6.92	7.06	2410859	52911416.00
2014/05/07	7.04	7.04	6.88	6.92	1166494	25360302.00
2014/05/08	6.92	7.06	6.87	6.93	1337014	29132592.00
2014/05/09	6.89	6.92	6.64	6.80	2322707	48931324.00
2014/05/12	6.88	6.89	6.71	6.87	1841061	39373084.00
2014/05/13	6.87	6.90	6.74	6.79	1173135	25006020.00
2014/05/14	6.84	6.84	6.70	6.71	1037100	21859846.00
2014/05/15	6.67	6.82	6.57	6.57	1279967	26755238.00
2014/05/16	6.49	6.59	6.38	6.51	1870296	38157740.00
2014/05/19	6.50	6.50	6.40	6.44	991588	20005818.00
2014/05/20	6.50	6.61	6.48	6.56	1438018	29503722.00
2014/05/21	6.80	7.24	6.80	6.99	6311664	138703872.00
2014/05/22	6.97	7.01	6.84	6.93	3063293	66296212.00
2014/05/23	6.88	7.00	6.81	6.96	2562779	55433712.00
2014/05/26	6.91	7.26	6.91	7.22	4893907	109899160.00
2014/05/27	7.23	7.24	7.13	7.21	1679993	37676024.00
2014/05/28	7.24	7.48	7.24	7.42	3285403	75802184.00
2014/05/29	7.42	7.52	7.28	7.28	2156580	49572648.00
2014/05/30	7.28	7.28	7.11	7.25	1676781	37668056.00
2014/06/03	7.30	7.36	7.15	7.16	1130813	25564380.00
2014/06/04	7.26	7.49	7.19	7.43	2845671	64863428.00
2014/06/05	7.39	7.84	7.38	7.77	4882378	115840112.00
2014/06/06	7.77	7.85	7.64	7.83	2308816	55118224.00
2014/06/09	7.82	7.97	7.72	7.81	2211274	53643160.00
2014/06/10	7.76	7.87	7.59	7.75	2429907	57716172.00
2014/06/11	7.72	7.85	7.66	7.69	1564901	37341868.00
2014/06/12	7.74	7.95	7.65	7.77	2568955	62081948.00
2014/06/13	7.77	7.90	7.77	7.79	1778624	42907284.00
2014/06/16	7.78	8.18	7.75	8.07	2908040	71540272.00
2014/06/17	8.07	8.16	7.99	8.05	1891912	47104492.00
2014/06/18	8.04	8.25	8.01	8.08	2200578	55084104.00
2014/06/19	8.14	8.19	7.67	7.74	2321434	56768484.00
2014/06/20	7.78	7.94	7.73	7.89	1732077	41915752.00
2014/06/23	7.90	7.96	7.79	7.88	1470172	35783952.00
2014/06/24	7.81	7.96	7.77	7.94	1557203	37870564.00
2014/06/25	7.91	8.21	7.77	7.83	3470014	85894936.00
2014/06/26	7.83	7.97	7.79	7.87	2821103	68548944.00
2014/06/27	7.89	8.00	7.78	7.91	2040012	49687164.00
2014/06/30	7.97	8.00	7.86	7.99	1667752	40824272.00
2014/07/01	7.96	8.20	7.87	8.20	3285253	81408560.00
2014/07/02	8.13	8.62	8.13	8.60	7313194	191170096.00
2014/07/03	8.54	8.74	8.52	8.71	4571990	121593536.00
2014/07/04	8.67	8.76	8.60	8.68	2318327	61880700.00
2014/07/07	8.64	8.86	8.62	8.65	3042904	81783120.00
2014/07/08	8.71	8.73	8.39	8.62	3236469	85353608.00
2014/07/09	8.64	8.79	8.56	8.59	2504720	66911896.00
2014/07/10	8.54	8.75	8.44	8.69	1991875	52886480.00
2014/07/11	8.69	9.31	8.69	9.30	4767276	131424040.00
2014/07/14	9.24	9.77	9.21	9.41	4691710	136981728.00
2014/07/15	9.44	9.44	9.17	9.43	2693052	77003016.00
2014/07/16	10.04	10.04	9.21	9.44	6104452	179955824.00
2014/07/17	9.33	9.33	9.00	9.08	4610168	129527280.00
2014/07/18	9.04	9.23	8.81	8.83	3428035	94895568.00
2014/07/21	8.77	9.03	8.74	8.91	3082069	84809360.00
2014/07/22	8.90	9.02	8.83	8.87	1886756	51604880.00
2014/07/23	8.84	8.90	8.49	8.57	5470596	145232480.00
2014/07/24	8.57	8.61	8.27	8.38	3988110	104001272.00
2014/07/25	8.44	8.51	8.30	8.44	1923199	50008760.00
2014/07/28	8.44	8.86	8.44	8.83	4568351	122490920.00
2014/07/29	8.83	9.10	8.81	8.96	3696113	102281616.00
2014/07/30	8.97	9.07	8.94	9.03	2149489	59568780.00
2014/07/31	8.98	9.51	8.98	9.39	4194280	120335728.00
2014/08/01	9.36	9.65	9.34	9.40	3651533	106407464.00
2014/08/04	9.38	9.61	9.28	9.40	3484556	100891104.00
2014/08/05	9.40	9.90	9.36	9.78	4415718	131552640.00
2014/08/06	9.71	9.93	9.71	9.82	2738651	82544912.00
2014/08/07	9.76	10.06	9.72	9.89	3709931	112546352.00
2014/08/08	9.87	10.90	9.87	10.64	5880763	187934224.00
2014/08/11	10.82	11.63	10.64	11.32	6430232	219711408.00
2014/08/12	11.21	11.64	10.98	11.11	6399555	219374080.00
2014/08/13	11.14	11.36	11.08	11.26	4087510	140093488.00
2014/08/14	11.17	11.74	11.10	11.49	5420556	189231968.00
2014/08/15	11.44	11.84	11.34	11.52	4722349	166570928.00
2014/08/18	11.56	11.84	11.21	11.37	4378836	154096496.00
2014/08/19	11.36	11.37	10.96	11.00	4597046	156402400.00
2014/08/20	10.93	11.40	10.88	11.40	5112145	174839568.00
2014/08/21	11.43	11.71	11.25	11.37	3675471	128976472.00
2014/08/22	11.37	11.51	11.04	11.37	3598855	123849104.00
2014/08/25	11.33	11.56	11.21	11.50	3177083	110998344.00
2014/08/26	11.51	11.70	11.27	11.41	3784705	133054296.00
2014/08/27	11.27	11.40	11.09	11.27	2584806	88663128.00
2014/08/28	11.48	11.51	10.81	11.21	5082086	173048880.00
2014/08/29	11.16	11.27	10.94	10.96	2117575	71530816.00
2014/09/01	10.94	11.09	10.61	10.99	3393492	112861680.00
2014/09/02	10.99	11.24	10.94	11.22	2552282	87045200.00
2014/09/03	11.16	11.43	11.15	11.30	2069104	71543072.00
2014/09/04	11.25	11.65	11.25	11.60	3232321	113807224.00
2014/09/05	11.60	11.74	11.35	11.47	2364284	82862048.00
2014/09/09	11.50	11.56	11.19	11.23	2647435	91380800.00
2014/09/10	11.23	11.37	11.07	11.17	1716959	58954888.00
2014/09/11	11.12	11.33	11.12	11.17	2034302	69774144.00
2014/09/12	11.17	11.24	11.04	11.22	2261623	77166104.00
2014/09/15	11.24	11.42	11.11	11.38	2523338	87118664.00
2014/09/16	11.41	11.60	10.95	11.07	4312886	150292336.00
2014/09/17	11.11	11.17	10.44	10.85	3507188	114987104.00
2014/09/18	10.73	10.84	10.42	10.73	3440349	111967528.00
2014/09/19	10.87	10.88	10.62	10.83	2372012	78384760.00
2014/09/22	10.81	11.40	10.61	11.24	4492879	153164480.00
2014/09/23	11.44	12.39	11.44	12.39	7760986	283386624.00
2014/09/24	12.73	13.11	12.27	12.30	9674126	373840576.00
2014/09/25	12.42	13.19	12.24	13.15	7848341	302074368.00
2014/09/26	13.10	13.37	12.97	13.08	4488463	180219792.00
2014/09/29	13.40	13.61	13.01	13.10	3978211	159973696.00
2014/09/30	13.16	13.23	13.02	13.11	1809257	72366624.00
2014/10/08	13.07	13.60	12.97	13.15	3242228	131265152.00
2014/10/09	13.21	13.28	12.76	12.87	3743040	147864192.00
2014/10/10	12.87	12.99	12.77	12.84	2382127	93417144.00
2014/10/13	12.87	13.25	12.87	13.13	2966533	118338840.00
2014/10/14	13.14	14.39	13.14	14.31	5902196	248020240.00
2014/10/15	14.31	14.79	14.01	14.27	5099841	223692208.00
2014/10/16	14.12	14.54	13.99	14.21	4028767	174196064.00
2014/10/17	14.33	14.94	13.57	14.01	6795255	294964800.00
2014/10/20	14.01	14.14	13.79	14.12	3143834	134328064.00
2014/10/21	14.31	14.43	13.94	14.17	2467319	106698584.00
2014/10/22	14.17	14.21	13.71	13.75	2992631	126338112.00
2014/10/23	13.62	13.77	13.11	13.39	2723337	111575656.00
2014/10/24	13.31	13.77	13.31	13.58	1757410	72917288.00
2014/10/27	13.60	13.93	13.57	13.76	1651349	69368424.00
2014/10/28	13.96	14.26	13.87	14.26	2122199	91483672.00
2014/10/29	14.29	14.55	14.28	14.37	2903308	127414352.00
2014/10/30	14.57	14.77	14.27	14.54	2862895	126911160.00
2014/10/31	14.56	14.69	14.27	14.40	1947774	85231728.00
2014/11/03	14.42	14.56	14.22	14.42	1856790	81308872.00
2014/11/04	14.44	14.88	14.35	14.77	3118943	139259504.00
2014/11/05	14.84	15.31	14.71	14.77	3153361	144133280.00
2014/11/06	14.81	14.89	14.40	14.57	1942748	85981400.00
2014/11/07	14.54	14.71	14.31	14.37	1893502	83558904.00
2014/11/10	14.30	14.57	14.29	14.38	1472688	64540924.00
2014/11/11	14.40	14.43	13.54	13.75	3746901	159227136.00
2014/11/12	13.68	14.06	13.68	13.94	1896508	80324184.00
2014/11/13	13.98	14.07	12.97	13.43	4420418	179306352.00
2014/11/14	13.87	13.88	13.39	13.44	2450915	101488936.00
2014/11/17	13.37	13.77	13.06	13.49	1747426	71431240.00
2014/11/18	13.49	13.89	13.31	13.75	1867382	77752520.00
2014/11/19	13.74	14.61	13.70	14.57	3501169	152009392.00
2014/11/20	14.57	14.77	14.41	14.44	2141493	95126464.00
2014/11/21	14.39	14.62	14.35	14.45	1670449	73724528.00
2014/11/24	14.49	14.61	14.17	14.26	2356257	103053360.00
2014/11/25	14.30	14.32	13.94	14.27	1852672	79894848.00
2014/11/26	14.17	14.77	14.08	14.77	2836135	124537552.00
2014/11/27	14.68	15.09	14.68	14.77	3034501	137458032.00
2014/11/28	14.69	14.89	14.42	14.43	2845816	126246376.00
2014/12/01	14.31	14.47	13.96	14.43	2444275	105408784.00
2014/12/02	14.59	14.84	14.43	14.66	2481019	110691952.00
2014/12/03	14.61	14.68	14.35	14.40	2137158	94308808.00
2014/12/04	14.27	14.73	14.22	14.39	3349625	147845440.00
2014/12/05	14.38	14.38	13.94	14.11	4427161	190071520.00
2014/12/08	13.97	14.11	13.72	13.75	4034342	170213344.00
2014/12/09	13.73	14.01	13.07	13.65	5757768	236062048.00
2014/12/10	13.42	14.00	13.37	13.79	4247458	177583008.00
2014/12/11	13.76	15.19	13.61	15.19	7777702	346042976.00
2014/12/12	15.29	15.42	14.86	14.98	4087781	187853488.00
2014/12/15	14.97	15.27	14.97	15.14	2896065	133769608.00
2014/12/16	15.15	15.26	14.83	15.04	2754425	126147696.00
2014/12/17	15.01	15.31	14.89	15.22	2770901	127424856.00
2014/12/18	15.17	15.25	14.71	14.86	2392540	109227352.00
2014/12/19	14.86	15.31	14.66	15.04	2590490	118624608.00
2014/12/22	15.10	15.10	13.52	13.61	4264512	182366656.00
2014/12/23	13.62	13.95	12.61	12.76	4605197	186245808.00
2014/12/24	12.85	13.83	12.64	13.29	3426748	139101920.00
2014/12/25	13.38	13.50	13.11	13.48	1825969	74213088.00
2014/12/26	13.53	13.73	13.38	13.69	1531260	63661472.00
2014/12/29	13.67	13.67	12.97	13.14	3053034	122278320.00
2014/12/30	13.14	13.47	12.88	13.33	2164119	87051896.00
2014/12/31	13.61	13.69	12.99	13.46	2560246	104521448.00
2015/01/05	13.46	13.57	13.08	13.14	2516718	101205448.00
2015/01/06	12.97	14.06	12.94	13.77	3315199	137574368.00
2015/01/07	14.41	14.41	13.87	14.04	3423380	148020416.00
2015/01/08	14.09	14.17	14.01	14.05	1576220	67697400.00
2015/01/09	14.01	14.15	13.75	13.80	1939150	82328560.00
2015/01/12	13.67	13.80	13.40	13.65	1246112	51659764.00
2015/01/13	13.48	14.04	13.48	13.97	1318011	55385124.00
2015/01/14	14.07	14.10	13.67	13.74	1503562	63859144.00
2015/01/15	13.74	14.04	13.70	13.72	1083249	45512048.00
2015/01/16	13.84	14.26	13.80	14.03	1447491	61927972.00
2015/01/19	13.78	14.24	13.47	13.67	1912784	81049904.00
2015/01/20	13.67	14.07	13.67	14.02	1685107	71580936.00
2015/01/21	14.15	14.43	14.02	14.34	1980871	86262112.00
2015/01/22	14.16	14.76	14.16	14.58	2772203	122948072.00
2015/01/23	14.58	14.73	14.24	14.38	1529160	67178808.00
2015/01/26	14.38	15.05	14.24	14.97	2793839	125782632.00
2015/01/27	15.11	15.27	14.66	14.85	1838487	83679896.00
2015/01/28	14.89	15.03	14.59	14.59	2119067	95449208.00
2015/01/29	14.53	14.67	14.30	14.33	1680783	73832360.00
2015/01/30	14.33	14.44	14.20	14.20	913117	39794200.00
2015/02/02	14.20	14.27	13.98	14.11	1301466	56020584.00
2015/02/03	14.19	14.51	14.01	14.43	1410843	61306068.00
2015/02/04	14.52	14.52	14.23	14.24	984117	42985044.00
2015/02/05	14.20	14.31	13.61	13.72	2527531	107457248.00
2015/02/06	13.69	14.43	13.45	14.08	3590780	153502816.00
2015/02/09	14.06	14.19	13.80	13.82	1081797	46004192.00
2015/02/10	13.86	14.07	13.49	13.71	2043376	85431928.00
2015/02/11	13.65	13.94	13.57	13.72	1118699	46831416.00
2015/02/12	13.67	13.83	13.63	13.64	1695794	70724280.00
2015/02/13	13.64	14.04	13.64	13.88	1558904	66099420.00
2015/02/16	14.11	14.29	13.94	14.16	1772882	76333968.00
2015/02/17	14.19	14.36	13.98	14.21	1737279	75035160.00
2015/02/25	14.11	14.32	14.11	14.24	1737866	75342696.00
2015/02/26	14.24	14.52	14.20	14.44	1997766	87755680.00
2015/02/27	14.47	14.47	14.23	14.24	1918523	83572416.00
2015/03/02	14.25	14.37	13.94	14.16	2266057	97213944.00
2015/03/03	14.13	14.49	13.85	14.48	3642006	157366784.00
2015/03/04	14.43	14.59	14.28	14.52	2897610	127504488.00
2015/03/05	14.52	15.94	14.44	15.71	7621403	356019936.00
2015/03/06	15.51	15.71	15.01	15.01	3584513	167426432.00
2015/03/09	15.07	15.68	14.94	15.17	3225629	151125952.00
2015/03/10	15.11	15.51	15.11	15.17	2619002	121423136.00
2015/03/11	15.30	15.78	15.13	15.76	3797732	180047520.00
2015/03/12	16.07	17.11	15.85	16.09	5510512	275839936.00
2015/03/13	16.11	16.57	16.11	16.41	2827926	140656368.00
2015/03/16	16.64	16.78	16.27	16.62	3307440	166163072.00
2015/03/17	16.64	16.74	16.27	16.49	3676294	183593888.00
2015/03/18	16.42	16.42	16.06	16.35	3731017	184324336.00
2015/03/19	16.34	16.35	15.99	16.23	2613996	128503184.00
2015/03/20	16.12	16.74	16.12	16.41	2851328	142545824.00
2015/03/23	16.42	16.70	16.10	16.47	3767095	187582704.00
2015/03/24	16.46	16.46	15.99	16.17	4523058	222737616.00
2015/03/25	16.07	17.09	15.94	16.94	5100734	256691632.00
2015/03/26	16.94	16.94	16.33	16.90	4088192	207028736.00
2015/03/27	16.91	17.07	16.59	16.62	3913886	199902016.00
2015/03/30	16.57	16.57	16.09	16.27	3813414	188409568.00
2015/03/31	16.28	16.71	16.25	16.27	2960993	148108592.00
2015/04/01	16.22	16.48	16.17	16.40	3840396	190527072.00
2015/04/02	16.48	16.94	16.34	16.92	5454504	276482496.00
2015/04/03	16.77	16.77	16.34	16.53	6361078	318544000.00
2015/04/07	16.43	16.90	16.37	16.83	6159111	310808992.00
2015/04/08	16.91	16.91	16.34	16.36	6076552	305872224.00
2015/04/09	17.03	17.11	16.30	16.88	7030979	359021024.00
2015/04/10	16.77	17.98	16.44	17.68	7960501	414361024.00
2015/04/13	17.48	19.18	17.44	18.74	9047052	505118080.00
2015/04/14	18.74	19.41	18.34	19.08	7408155	423791072.00
2015/04/15	19.07	19.07	17.98	18.07	4203521	237283152.00
2015/04/16	17.81	18.73	17.57	18.47	4351285	240997344.00
2015/04/17	18.51	19.77	18.27	19.48	6347606	366753152.00
2015/04/20	19.28	21.43	18.85	20.53	7407931	457163072.00
2015/04/21	20.50	21.69	20.29	21.32	4606701	296024544.00
2015/04/22	21.27	21.63	21.00	21.51	3878437	250785104.00
2015/04/23	21.51	21.55	20.91	21.24	3972881	255008464.00
2015/04/24	20.77	21.15	19.90	20.44	5824991	360943936.00
2015/04/27	20.24	20.70	19.78	20.07	4531883	276342624.00
2015/04/28	20.26	20.73	19.77	20.28	4426678	272309440.00
2015/04/29	20.44	20.44	19.98	20.27	2810377	171536368.00
2015/04/30	20.21	20.25	19.81	19.87	3107128	188618864.00
2015/05/04	19.91	20.21	19.61	19.75	2241816	134342144.00
2015/05/05	19.82	20.63	19.81	20.00	4049338	247877904.00
2015/05/06	20.01	20.68	19.91	20.04	2806355	173263760.00
2015/05/07	19.96	20.34	19.74	19.98	2914972	177477680.00
2015/05/08	20.17	21.99	20.17	21.90	5996449	389368960.00
2015/05/11	23.03	24.11	22.44	24.11	4843714	341641408.00
2015/05/12	24.97	26.41	24.61	25.64	4367051	342842368.00
2015/05/13	25.44	26.37	24.14	25.44	3931228	303459744.00
2015/05/14	25.44	27.72	25.11	26.87	5029611	404101536.00
2015/05/15	26.44	26.93	25.91	25.94	4202968	333979488.00
2015/05/18	25.94	26.47	25.89	26.11	2707914	214461520.00
2015/05/19	26.17	26.77	25.85	26.43	2137149	169613776.00
2015/05/20	26.46	29.10	26.44	29.10	2829552	240385344.00
2015/05/21	29.92	32.03	29.92	32.03	4120130	391566880.00
2015/05/22	33.09	34.21	30.83	31.28	5131026	497241728.00
2015/05/25	31.07	32.43	29.93	31.78	3645134	349018464.00
2015/05/26	34.44	34.44	31.46	32.44	4837870	475440160.00
2015/05/27	32.40	35.71	31.61	35.71	4695040	476303072.00
2015/05/28	36.25	37.43	32.11	32.11	5138875	540345536.00
2015/05/29	31.65	32.95	29.40	32.14	5176043	489555744.00
2015/06/01	31.79	33.77	31.79	33.10	2592709	258068816.00
2015/06/02	33.11	33.44	31.68	32.65	3974967	389785792.00
2015/06/03	32.64	33.04	31.08	31.69	3637871	350158016.00
2015/06/04	32.01	32.01	29.44	30.77	4082836	377620192.00
2015/06/05	31.11	32.80	30.78	31.41	2902651	279131776.00
2015/06/08	31.44	31.91	31.11	31.29	2237277	212500960.00
2015/06/09	31.44	31.61	30.71	31.35	2381589	224939856.00
2015/06/10	30.94	31.85	30.77	31.52	2579646	245084464.00
2015/06/11	31.21	31.77	31.21	31.40	2264803	215039344.00
2015/06/12	31.64	34.56	31.57	34.56	6263572	637190336.00
2015/06/15	34.73	34.77	31.08	31.08	6661909	642989696.00
2015/06/16	29.44	31.13	27.95	29.94	9318355	811294272.00
2015/06/17	30.77	30.77	27.77	28.54	3564351	311971168.00
2015/06/18	28.53	30.77	26.90	28.11	5219816	448830656.00
2015/06/19	27.27	28.10	25.31	25.74	3678536	297041024.00
2015/06/23	25.51	26.67	23.16	26.29	6430484	481035616.00
2015/06/24	25.89	26.49	25.54	26.28	3805366	299714208.00
2015/06/25	26.27	26.27	23.84	24.64	3735852	283097856.00
2015/06/26	23.21	23.80	22.16	22.16	3986702	274453792.00
2015/06/29	22.13	22.27	19.93	19.93	6017969	368252064.00
2015/06/30	18.01	21.17	17.92	20.69	9451767	548889472.00
2015/07/01	19.89	22.43	18.68	19.17	8332400	526284416.00
2015/07/02	18.51	19.84	17.24	17.24	10835125	574086848.00
2015/07/03	17.13	17.51	15.50	15.50	14467999	701437056.00
2015/07/06	17.07	17.07	13.93	15.50	17370009	800516480.00
2015/07/07	14.51	15.01	13.93	13.93	8580626	365730304.00
2015/07/08	12.53	15.34	12.52	15.34	30082312	1307441792.00
2015/07/09	15.37	16.89	15.37	16.89	12459726	610160960.00
2015/07/10	18.60	18.60	18.60	18.60	915744	51538072.00
2015/07/13	20.48	20.48	20.48	20.48	283679	17562566.00
2015/07/14	22.54	22.54	22.54	22.54	1019510	69428632.00
2015/07/15	24.51	24.81	23.11	23.54	30065193	2188766208.00
2015/07/16	22.34	25.84	21.17	25.17	22806305	1634948608.00
2015/07/17	25.11	27.17	24.24	26.16	21066352	1630263936.00
2015/07/20	25.47	26.47	24.44	25.02	16369105	1254317696.00
2015/07/21	24.17	27.51	23.85	26.47	18115256	1425771392.00
2015/07/22	25.91	26.30	24.57	25.57	13060328	1007301056.00
2015/07/23	25.13	26.17	25.11	25.74	10321683	798954944.00
2015/07/24	25.74	27.67	25.73	26.46	17550226	1411645696.00
2015/07/27	25.51	28.51	23.80	23.87	22152428	1780689280.00
2015/07/28	21.51	25.24	21.51	23.68	19444199	1371799936.00
2015/07/29	24.11	24.77	21.73	24.61	15062583	1062226240.00
2015/07/30	24.18	24.57	22.77	22.87	11049175	793961088.00
2015/07/31	22.44	23.34	20.94	21.44	9939774	669431680.00
2015/08/03	20.80	21.17	19.28	19.28	11158718	672608064.00
2015/08/04	19.51	21.23	19.51	21.23	11076725	685524800.00
2015/08/05	21.23	21.75	20.29	20.53	10533612	671607488.00
2015/08/06	19.51	20.74	19.51	19.97	6292969	382854464.00
2015/08/07	20.24	21.99	20.24	21.99	11814198	765533952.00
2015/08/10	22.21	23.94	21.84	23.14	12331433	846489088.00
2015/08/11	22.88	23.82	22.67	23.17	9833175	689403456.00
2015/08/12	22.74	23.03	22.09	22.10	8047024	548490368.00
2015/08/13	22.19	23.33	22.19	23.27	8484036	586099584.00
2015/08/14	23.60	23.67	22.57	22.79	7375096	512630304.00
2015/08/17	22.47	23.16	22.00	23.00	6708430	455786912.00
2015/08/18	22.84	22.92	20.68	20.68	9141269	598999360.00
2015/08/19	19.74	21.34	18.78	20.89	8147578	493757888.00
2015/08/20	20.54	21.50	20.22	20.31	5808864	363411072.00
2015/08/21	19.77	20.34	18.88	19.02	5320505	316480480.00
2015/08/24	17.69	18.17	17.10	17.10	4958299	259730064.00
2015/08/25	15.37	16.40	15.37	15.37	8360647	394101504.00
2015/08/26	15.51	16.93	14.84	16.30	16075441	789303040.00
2015/08/27	16.47	17.95	16.47	17.95	11955938	619932480.00
2015/08/28	18.84	19.46	18.11	18.98	11270222	634980032.00
2015/08/31	18.60	18.62	17.31	17.31	8667191	468588352.00
2015/09/01	17.17	19.05	16.85	18.16	16728323	934873600.00
2015/09/02	16.61	18.55	16.33	17.82	14117191	735158656.00
2015/09/07	18.04	19.17	16.06	16.44	15717408	833026368.00
2015/09/08	16.17	17.27	15.38	17.02	8870495	438976384.00
2015/09/09	17.21	18.16	16.83	17.37	15008863	789174784.00
2015/09/10	17.01	18.63	16.85	18.11	14247668	773593472.00
2015/09/11	18.17	18.53	17.69	18.47	9492340	518501056.00
2015/09/14	18.51	18.65	16.61	16.61	10733188	567007552.00
2015/09/15	16.17	17.27	15.88	15.96	10363606	518245728.00
2015/09/16	16.22	17.57	15.94	17.57	12217714	620480064.00
2015/09/17	17.71	17.81	16.90	16.90	11619621	610377536.00
2015/09/18	17.08	17.17	16.77	17.07	6254476	321037472.00
2015/09/21	16.77	17.84	16.53	17.80	8690105	456853280.00
2015/09/22	17.99	18.04	17.37	17.59	8229303	440513632.00
2015/09/23	17.18	18.53	17.11	18.53	11854028	641253184.00
2015/09/24	18.42	19.60	18.34	19.11	12434638	714737728.00
2015/09/25	19.00	19.24	17.67	17.91	9938261	554993920.00
2015/09/28	17.82	18.83	17.77	18.81	6879451	382206144.00
2015/09/29	18.46	18.56	17.78	17.98	7310618	400093152.00
2015/09/30	18.18	18.29	17.74	18.02	4553578	249239120.00
2015/10/08	18.96	19.65	18.73	19.22	8204705	476064352.00
2015/10/09	19.08	19.34	18.96	19.14	6895509	399427456.00
2015/10/12	19.24	21.00	19.23	20.47	12064288	731248128.00
2015/10/13	20.15	20.84	20.08	20.81	8192009	508720896.00
2015/10/14	21.67	22.90	21.67	22.90	11505565	778681600.00
2015/10/15	23.84	24.08	23.10	23.81	15387152	1095650176.00
2015/10/16	23.61	25.94	23.19	24.90	15050033	1100686336.00
2015/10/19	24.80	24.80	23.26	23.51	12157120	876766784.00
2015/10/20	22.94	24.72	22.90	23.84	34863133	838270784.00
2015/10/21	23.86	24.26	21.44	21.44	41009164	930990464.00
2015/10/22	20.87	23.32	20.86	23.04	33706376	751155392.00
2015/10/23	23.22	25.36	23.05	25.36	44925175	1102692608.00
2015/10/26	26.89	27.20	25.84	27.00	59431408	1592016640.00
2015/10/27	26.34	28.26	25.44	27.69	43732892	1169183872.00
2015/10/28	26.95	27.67	25.53	25.92	37988749	1018491200.00
2015/10/29	26.14	26.49	24.94	25.79	29991041	772612032.00
2015/10/30	25.44	26.35	25.29	25.34	24436647	635740864.00
2015/11/02	24.34	25.34	23.84	24.07	21650567	535446272.00
2015/11/03	24.22	24.69	23.29	23.69	25777990	620388736.00
2015/11/04	24.24	26.08	23.96	26.08	37530185	956450432.00
2015/11/05	26.45	27.12	25.95	26.09	46764619	1246456192.00
2015/11/06	26.59	27.05	26.39	26.72	30848260	828783040.00
2015/11/09	26.49	27.01	26.24	26.94	30303253	815306496.00
2015/11/10	26.72	27.24	26.44	26.82	28489016	768495616.00
2015/11/11	26.62	27.13	26.44	27.07	24280297	653369792.00
2015/11/12	27.27	29.79	27.27	29.79	51631410	1501537408.00
2015/11/13	29.79	29.79	27.64	28.08	46374069	1332745344.00
2015/11/16	26.95	28.24	26.95	28.15	23578703	655550208.00
2015/11/17	28.33	28.47	26.92	27.10	39158872	1087057792.00
2015/11/18	27.03	27.32	26.45	26.62	22786370	614287680.00
2015/11/19	26.84	28.30	26.72	28.00	32118549	898904128.00
2015/11/20	27.74	30.22	27.67	29.14	46541722	1359974656.00
2015/11/23	29.24	29.24	27.97	28.03	30248478	867221312.00
2015/11/24	28.02	29.81	27.86	29.44	29498910	861507520.00
2015/11/25	29.64	29.68	28.86	29.34	25120612	738949632.00
2015/11/26	29.34	29.78	28.75	28.81	26653648	779789952.00
2015/11/27	28.64	28.72	26.24	26.61	30829830	853980160.00
2015/11/30	26.56	27.12	24.26	26.64	25803089	678037632.00
2015/12/01	26.85	28.23	26.26	27.20	20339616	557630656.00
2015/12/02	26.99	26.99	25.36	26.51	17826262	472280256.00
2015/12/03	26.52	27.07	26.35	26.82	14273008	383952256.00
2015/12/04	26.89	27.44	26.39	26.67	16478316	445875808.00
2015/12/07	26.64	26.94	26.05	26.58	11579016	308645248.00
2015/12/08	26.62	26.62	25.72	25.83	13916871	364129088.00
2015/12/09	26.14	26.69	25.34	25.74	13370902	349418656.00
2015/12/10	25.75	25.92	25.22	25.38	13659801	350534176.00
2015/12/11	25.38	25.97	25.06	25.42	11515925	295619872.00
2015/12/14	25.28	25.98	25.04	25.98	11981746	306750624.00
2015/12/15	26.50	26.83	26.04	26.33	12856044	341446880.00
2015/12/16	26.62	26.64	26.16	26.50	13832478	367197120.00
2015/12/17	26.50	26.84	26.34	26.69	16525423	443466720.00
2015/12/18	27.04	27.23	26.48	26.61	14624454	394045824.00
2015/12/21	26.39	27.34	26.20	27.29	19373365	522722208.00
2015/12/22	27.64	27.64	26.70	26.87	15887482	431207232.00
2015/12/23	27.04	27.64	26.65	26.78	19832707	541378880.00
2015/12/24	26.54	26.72	25.72	26.05	14773073	386958560.00
2015/12/25	26.05	26.34	25.84	25.99	8300333	217482688.00
2015/12/28	26.14	26.24	25.54	25.64	11911403	310687264.00
2015/12/29	25.64	25.99	25.49	25.95	7130721	184456336.00
2015/12/30	25.99	26.04	25.71	25.92	7934353	206772672.00
2015/12/31	25.94	26.02	25.49	25.50	7927032	205387888.00
2016/01/04	25.44	25.46	22.93	22.93	11252103	272917728.00
2016/01/05	21.84	23.72	21.34	22.76	15892366	361189600.00
2016/01/06	22.93	23.32	22.42	22.99	12867525	296023872.00
2016/01/07	22.64	22.64	20.71	20.83	3243755	70870064.00
2016/01/08	21.39	21.80	19.44	20.74	14867854	312962816.00
2016/01/11	20.34	20.65	18.65	18.65	15301358	301622368.00
2016/01/12	18.84	19.19	18.04	18.74	12015343	225092224.00
2016/01/13	18.84	19.05	17.55	17.71	10302630	192365728.00
2016/01/14	17.04	18.64	16.71	18.46	14445283	260234896.00
2016/01/15	18.31	18.94	17.34	17.56	14882618	273034400.00
2016/01/18	17.47	18.24	17.22	17.94	12194686	219637056.00
2016/01/19	17.80	18.56	17.64	18.49	14636062	267561488.00
2016/01/20	18.69	20.31	18.46	19.24	23255189	453640032.00
2016/01/21	19.04	19.34	18.22	18.24	15410200	293397760.00
2016/01/22	18.55	18.71	18.04	18.50	10510653	195232016.00
2016/01/25	19.04	19.11	18.44	18.62	9745392	184669760.00
2016/01/26	18.44	18.52	16.74	16.74	15229864	268456928.00
2016/01/27	16.85	17.08	15.20	16.30	15757904	254321712.00
2016/01/28	16.11	16.14	15.24	15.40	11673466	185909440.00
2016/01/29	15.49	16.18	15.22	16.00	11224204	179372160.00
2016/02/01	16.14	16.14	15.31	15.66	8414926	134100512.00
2016/02/02	15.64	16.46	15.64	16.29	11300613	184611952.00
2016/02/03	16.04	16.22	15.76	16.14	9391050	151290576.00
2016/02/04	16.23	16.55	16.14	16.35	10349925	171291392.00
2016/02/05	16.44	16.52	16.15	16.22	6977147	114712184.00
2016/02/15	15.72	16.82	15.46	16.80	11918868	196777952.00
2016/02/16	16.82	17.56	16.82	17.35	13943003	242792432.00
2016/02/17	17.39	17.42	16.99	17.33	12393436	215689760.00
2016/02/18	17.64	17.72	17.17	17.38	13593793	238631568.00
2016/02/19	17.23	17.48	17.16	17.31	8565668	149526512.00
2016/02/22	17.63	17.76	17.37	17.75	13598217	241324944.00
2016/02/23	17.82	17.89	17.14	17.61	11308897	199477168.00
2016/02/24	17.40	17.73	17.14	17.48	9046170	159109696.00
2016/02/25	17.44	17.47	15.72	15.72	14806076	245381232.00
2016/02/26	15.93	16.09	15.18	15.51	10524289	166046608.00
2016/02/29	15.44	15.44	14.14	14.40	11873212	174963504.00
2016/03/01	14.54	15.24	14.30	14.99	10036409	148953584.00
2016/03/02	15.02	16.51	15.02	16.51	20691422	339422944.00
2016/03/03	17.04	17.09	16.27	16.33	24751913	416896800.00
2016/03/04	16.01	16.26	15.34	15.59	14026370	223932144.00
2016/03/07	15.94	16.34	15.84	16.06	9544486	155222736.00
2016/03/08	16.04	16.14	15.39	16.13	10046385	160488656.00
2016/03/09	15.69	16.24	15.51	15.96	7975682	127985328.00
2016/03/10	15.89	16.12	15.46	15.47	7173549	114596152.00
2016/03/11	15.34	15.90	14.85	15.47	9967932	154086000.00
2016/03/14	15.65	16.55	15.65	16.17	13543873	221896896.00
2016/03/15	16.15	16.32	15.91	15.96	7055748	114782056.00
2016/03/16	16.09	16.16	15.44	15.62	8514768	135415760.00
2016/03/17	15.77	16.28	15.69	16.24	11863626	192313680.00
2016/03/18	16.32	17.03	16.22	16.85	17036828	286900832.00
2016/03/21	16.91	17.31	16.91	17.18	15564054	269451232.00
2016/03/22	17.14	18.83	16.89	17.82	24031889	437046016.00
2016/03/23	17.59	18.04	17.51	17.70	13374140	238751360.00
2016/03/24	17.69	18.29	17.53	17.55	18073291	326494240.00
2016/03/25	17.44	18.71	17.34	18.33	22311698	406981440.00
2016/03/28	18.52	19.81	18.38	19.01	32118858	620280768.00
2016/03/29	19.15	19.42	18.24	18.41	19948562	376555808.00
2016/03/30	18.59	19.20	18.41	19.13	17795478	337540480.00
2016/03/31	19.25	19.50	18.84	19.00	17626740	340018912.00
2016/04/01	18.87	18.89	18.07	18.54	15034397	279840576.00
2016/04/05	18.53	19.02	18.44	18.84	13563034	257501408.00
2016/04/06	18.89	19.12	18.56	18.74	12525986	238167712.00
2016/04/07	18.86	18.99	18.09	18.14	16066436	298517248.00
2016/04/08	18.02	18.02	17.58	17.83	12565671	225360128.00
2016/04/11	18.19	18.51	18.08	18.37	12679292	233902208.00
2016/04/12	18.40	18.44	17.95	18.06	8508686	155308560.00
2016/04/13	18.20	18.70	18.18	18.25	13250460	246525888.00
2016/04/14	18.35	18.54	18.07	18.30	11227453	207042720.00
2016/04/15	18.40	18.54	18.19	18.37	9939894	183900848.00
2016/04/18	18.32	18.32	17.68	17.75	10756908	193779712.00
2016/04/19	17.86	17.97	17.61	17.75	6990820	125351016.00
2016/04/20	17.89	17.93	16.05	16.54	15987480	272390336.00
2016/04/21	17.04	17.04	16.39	16.44	10693902	180844576.00
2016/04/22	16.34	16.90	16.19	16.78	8353894	140499216.00
2016/04/25	16.78	16.78	16.12	16.40	7486735	123530152.00
2016/04/26	16.44	16.69	16.38	16.64	5717831	95495064.00
2016/04/27	16.81	16.83	16.43	16.48	6256397	105106032.00
2016/04/28	16.62	16.62	16.20	16.51	5652138	93720504.00
2016/04/29	16.51	16.59	16.39	16.46	3924548	65344240.00
2016/05/03	16.45	17.06	16.40	17.06	8967365	152302032.00
2016/05/04	17.01	18.29	16.94	17.67	16282741	292336832.00
2016/05/05	17.54	17.84	17.45	17.68	8351124	148452672.00
2016/05/06	17.77	17.80	16.72	16.77	13327306	230137248.00
2016/05/09	16.57	16.57	15.82	16.00	11011038	178966960.00
2016/05/10	15.97	16.26	15.93	16.08	5553791	89879664.00
2016/05/11	16.23	16.66	16.00	16.25	9308399	153446656.00
2016/05/12	15.92	16.23	15.50	16.11	7163663	114634880.00
2016/05/13	16.11	16.25	15.92	15.98	4981658	80564720.00
2016/05/16	15.71	16.21	15.71	16.17	6404887	103248768.00
2016/05/17	16.20	16.44	15.97	16.13	6295457	102336496.00
2016/05/18	16.00	16.08	15.59	15.78	6697326	106687616.00
2016/05/19	15.82	16.17	15.82	15.87	5975026	95979200.00
2016/05/20	15.77	15.92	15.63	15.92	5876385	93232600.00
2016/05/23	15.99	16.16	15.99	16.07	5509819	88962664.00
2016/05/24	16.11	16.15	15.72	15.82	5471310	87235312.00
2016/05/25	15.87	16.02	15.75	15.81	3435644	54839472.00
2016/05/26	15.83	15.95	15.53	15.88	5683110	89805968.00
2016/05/27	15.89	15.92	15.75	15.78	3363907	53538904.00
2016/05/30	15.71	15.98	15.57	15.76	3728989	59205424.00
2016/05/31	15.90	16.54	15.80	16.49	11816576	193143696.00
2016/06/01	16.52	16.67	16.31	16.34	8679379	143412368.00
2016/06/02	16.42	16.49	16.27	16.44	6205605	102170808.00
2016/06/03	16.57	17.30	16.38	17.08	17978436	306271328.00
2016/06/06	17.10	17.29	16.70	16.87	10585566	180191616.00
2016/06/07	16.88	17.07	16.73	16.95	6872039	116710232.00
2016/06/08	17.10	17.10	16.81	16.92	8527985	145304816.00
2016/06/13	16.72	16.88	15.94	15.94	8716072	144081360.00
2016/06/14	15.94	16.12	15.73	15.99	5591618	89684224.00
2016/06/15	15.77	16.50	15.72	16.33	8303682	135392928.00
2016/06/16	16.32	16.32	16.02	16.08	6128842	99377760.00
2016/06/17	16.20	16.71	16.19	16.31	8640881	143061296.00
2016/06/20	16.28	16.56	16.19	16.42	5784568	95266424.00
2016/06/21	16.61	16.63	16.14	16.19	6425533	105705680.00
2016/06/22	16.23	16.38	16.11	16.37	4781078	77956528.00
2016/06/23	16.39	16.47	16.22	16.29	4819150	79053000.00
2016/06/24	16.34	16.45	15.76	16.04	7582634	122631416.00
2016/06/27	15.92	16.30	15.82	16.30	5589182	90961584.00
2016/06/28	16.38	17.74	16.30	17.43	24385749	416912448.00
2016/06/29	17.47	17.54	17.04	17.12	13792809	238040560.00
2016/06/30	17.15	17.32	16.97	17.12	6539687	112461872.00
2016/07/01	17.24	17.57	17.07	17.17	10939361	190084160.00
2016/07/04	17.02	17.57	17.02	17.36	9831406	171325280.00
2016/07/05	17.43	17.67	17.33	17.40	9444682	165826560.00
2016/07/06	17.41	18.11	17.30	17.96	20026545	357911936.00
2016/07/07	18.00	18.70	17.96	18.03	22970150	422047424.00
2016/07/08	18.09	18.22	17.73	18.12	13830976	249809328.00
2016/07/11	18.48	18.85	18.30	18.42	21968617	410134464.00
2016/07/12	18.50	19.63	18.49	19.62	31664970	606631040.00
2016/07/13	19.62	19.62	19.08	19.25	21586172	417841952.00
2016/07/14	19.20	19.60	19.08	19.38	13132058	255174608.00
2016/07/15	19.42	19.67	19.23	19.37	12531711	244599984.00
2016/07/18	19.25	19.27	18.76	18.94	14328380	272321536.00
2016/07/19	18.92	19.01	18.67	18.86	7969130	150403056.00
2016/07/20	18.86	19.00	18.61	18.67	7705471	145166000.00
2016/07/21	18.58	18.92	18.52	18.78	8743995	164855120.00
2016/07/22	18.82	19.02	18.68	18.85	9867897	187067072.00
2016/07/25	18.90	19.26	18.76	19.14	8556982	163809840.00
2016/07/26	19.20	19.80	19.07	19.70	14568826	286158304.00
2016/07/27	19.82	20.50	18.48	19.20	30219932	595980544.00
2016/07/28	18.92	19.37	18.68	19.00	14866694	283922240.00
2016/07/29	18.89	19.50	18.89	19.15	10722168	206646944.00
2016/08/01	19.14	19.14	18.32	18.54	9003848	168646208.00
2016/08/02	18.79	19.49	18.71	19.38	13579576	262504720.00
2016/08/03	19.38	20.35	19.28	20.17	20948127	420097216.00
2016/08/04	20.22	20.40	19.72	20.23	14719169	295645504.00
2016/08/05	20.20	21.17	19.92	20.81	21722791	450143168.00
2016/08/08	20.82	22.90	20.62	22.90	23517690	519729344.00
2016/08/09	23.83	24.22	22.52	22.84	40026971	927159552.00
2016/08/10	22.91	23.47	22.47	23.34	31627720	730679680.00
2016/08/11	23.02	23.11	22.60	22.68	19668699	449908160.00
2016/08/12	22.41	23.12	22.27	22.67	17201629	393389312.00
2016/08/15	22.82	23.32	22.43	23.07	19946304	458077984.00
2016/08/16	23.14	25.15	22.80	24.48	31339406	751802816.00
2016/08/17	24.29	25.75	24.08	24.27	29683801	740394496.00
2016/08/18	24.12	24.66	23.89	23.98	17222952	417854304.00
2016/08/19	23.99	24.41	23.65	24.06	12246078	295287840.00
2016/08/22	24.09	24.40	23.37	23.37	12325038	295018656.00
2016/08/23	23.27	23.67	22.59	22.95	18474358	426496704.00
2016/08/24	23.12	23.52	22.87	23.28	11358436	265224848.00
2016/08/25	23.12	23.48	22.72	23.40	10376918	239596736.00
2016/08/26	23.52	24.58	23.52	23.90	20353712	492616032.00
2016/08/29	24.10	24.72	23.82	24.72	19811628	484344160.00
2016/08/30	24.75	25.04	24.25	24.28	12204719	299993376.00
2016/08/31	24.04	24.26	23.57	24.12	10214677	245006912.00
2016/09/01	24.12	24.12	23.52	23.57	7706837	184348320.00
2016/09/02	23.45	23.80	22.73	23.06	13287185	308916192.00
2016/09/05	23.13	23.41	22.67	22.75	8153430	188532560.00
2016/09/06	23.47	23.92	22.98	23.77	14289491	337134016.00
2016/09/07	23.94	23.94	23.26	23.47	9919925	234483408.00
2016/09/08	23.42	23.65	23.03	23.41	6208828	145643808.00
2016/09/09	23.37	23.72	23.22	23.28	5421439	127538928.00
2016/09/12	22.78	23.00	22.48	22.49	9544686	217279072.00
2016/09/13	22.83	22.88	21.82	22.20	9715687	217392624.00
2016/09/14	22.02	22.39	22.02	22.11	5185200	115494880.00
2016/09/19	22.14	22.95	22.14	22.53	6188008	140231776.00
2016/09/20	22.60	22.70	22.30	22.44	3471354	78080120.00
2016/09/21	22.33	22.68	22.33	22.40	3992344	90044504.00
2016/09/22	22.61	22.99	22.52	22.63	5360662	122254128.00
2016/09/23	22.71	22.87	22.24	22.51	6214937	140277872.00
2016/09/26	22.32	22.77	21.98	22.01	5872496	132076992.00
2016/09/27	22.00	22.16	21.59	21.95	5945658	130089928.00
2016/09/28	22.07	22.07	21.68	21.71	3945957	86362792.00
2016/09/29	21.73	22.05	21.70	21.70	3803608	83382144.00
2016/09/30	21.75	22.11	21.65	21.99	4528007	99575744.00
2016/10/10	22.10	23.57	22.10	23.22	11084690	256032736.00
2016/10/11	23.36	23.47	23.10	23.21	8207029	191479712.00
2016/10/12	23.02	23.27	22.94	23.06	4920585	113927216.00
2016/10/13	23.16	23.27	22.95	22.98	3932989	91108472.00
2016/10/14	23.11	23.11	22.72	23.04	4568128	104903648.00
2016/10/17	23.17	23.21	22.75	22.76	6276141	144842752.00
2016/10/18	22.63	22.92	22.57	22.92	6286332	143417808.00
2016/10/19	22.90	23.02	22.66	22.84	5777042	132111904.00
2016/10/20	22.97	23.08	22.70	22.90	5970512	137185664.00
2016/10/21	22.86	22.92	22.30	22.64	6113004	138754512.00
2016/10/24	22.72	23.02	22.58	22.72	4520874	103338680.00
2016/10/25	22.85	23.20	22.78	22.95	6264133	144377376.00
2016/10/26	23.16	23.22	22.79	22.86	5129110	118085704.00
2016/10/27	23.02	23.07	22.72	22.90	3966476	91033120.00
2016/10/28	22.82	23.19	22.79	22.93	6732325	155407936.00
2016/10/31	22.92	22.95	22.32	22.35	6957845	157302992.00
2016/11/01	22.35	22.59	22.21	22.33	5524445	124100000.00
2016/11/02	22.33	22.52	22.07	22.35	6088354	136042160.00
2016/11/03	22.32	22.55	22.15	22.32	5491104	123146792.00
2016/11/04	22.32	22.43	22.19	22.22	3992465	89242392.00
2016/11/07	22.12	22.22	21.91	21.95	4658567	103117336.00
2016/11/08	22.08	22.31	22.08	22.16	3424395	76302944.00
2016/11/09	22.16	22.29	21.82	21.98	4858208	107497360.00
2016/11/10	22.07	22.26	22.07	22.24	4234859	94326408.00
2016/11/11	22.41	22.43	22.12	22.31	5735720	128176672.00
2016/11/14	22.27	22.41	22.04	22.14	5083146	113431944.00
2016/11/15	22.13	22.37	22.12	22.21	3933234	87726344.00
2016/11/16	22.21	22.27	22.04	22.11	3937443	87445480.00
2016/11/17	22.18	22.19	21.92	21.96	3732572	82325040.00
2016/11/18	21.96	22.11	21.88	21.94	3369110	74385720.00
2016/11/21	21.99	22.04	21.83	21.88	3535088	77753392.00
2016/11/22	21.94	22.11	21.93	22.03	3878281	85673232.00
2016/11/23	22.02	22.08	21.76	21.81	4980741	109550448.00
2016/11/24	21.89	21.91	21.48	21.53	5911010	128404648.00
2016/11/25	21.54	21.60	20.95	21.19	6966253	147815648.00
2016/11/28	21.19	21.40	21.19	21.28	4244819	90740608.00
2016/11/29	21.39	21.90	21.22	21.58	6592229	143028928.00
2016/11/30	21.56	21.56	21.18	21.27	3932349	84312456.00
2016/12/01	21.31	21.38	21.16	21.28	3538235	75482656.00
2016/12/02	21.28	21.28	20.79	21.18	5294911	111822288.00
2016/12/05	20.92	21.17	20.73	20.75	3618084	75897776.00
2016/12/06	20.75	20.94	20.64	20.67	2921483	60893344.00
2016/12/07	20.62	21.07	20.62	21.06	3681434	76830488.00
2016/12/08	21.10	21.12	20.68	20.71	3579024	74785736.00
2016/12/09	20.72	20.94	20.42	20.43	3337229	69223456.00
2016/12/12	20.51	20.58	18.42	18.55	13092337	252491344.00
2016/12/13	18.55	18.67	18.24	18.49	6109684	113163768.00
2016/12/14	18.62	18.90	18.52	18.53	5638692	105815856.00
2016/12/15	18.45	18.74	18.37	18.53	3976400	74218032.00
2016/12/16	18.67	18.77	18.53	18.65	3156851	59103332.00
2016/12/19	18.66	18.87	18.32	18.41	3604106	66738724.00
2016/12/20	18.31	19.77	17.93	19.49	9916371	188018432.00
2016/12/21	19.32	19.40	19.05	19.18	5915780	114015096.00
2016/12/22	19.20	19.28	18.83	18.92	3859893	73498120.00
2016/12/23	18.93	18.99	18.42	18.51	3820760	71322888.00
2016/12/26	18.60	19.17	18.40	18.95	5293133	100261064.00
2016/12/27	18.93	19.44	18.84	19.01	4390018	84442032.00
2016/12/28	19.10	19.10	18.84	18.85	2603670	49481288.00
2016/12/29	18.79	19.00	18.70	18.84	1924739	36452204.00
2016/12/30	18.90	19.22	18.72	18.86	3685408	70005648.00
2017/01/03	18.86	18.96	18.73	18.81	3983651	75260976.00
2017/01/04	18.79	18.86	18.40	18.74	6970120	130104560.00
2017/01/05	18.72	19.10	18.55	18.92	7638371	144306768.00
2017/01/06	18.83	18.89	18.55	18.59	4722064	88458864.00
2017/01/09	18.43	18.65	18.43	18.54	3624263	67491048.00
2017/01/10	18.54	18.60	18.32	18.37	3510322	65049476.00
2017/01/11	18.32	18.54	18.25	18.29	3418581	63143968.00
2017/01/12	18.29	18.38	17.93	18.06	6080792	110367400.00
2017/01/13	18.12	18.24	17.68	17.70	4001914	72179424.00
2017/01/16	17.47	17.70	15.92	16.86	7774924	132719800.00
2017/01/17	16.80	17.15	16.57	17.04	3306417	56286564.00
2017/01/18	16.92	17.03	16.72	16.87	2602865	44225380.00
2017/01/19	16.85	17.06	16.65	16.92	2554282	43462644.00
2017/01/20	16.92	17.41	16.92	17.31	3414660	59034164.00
2017/01/23	17.22	17.68	17.22	17.40	2907433	51112880.00
2017/01/24	17.40	17.77	17.40	17.59	2882847	51029104.00
2017/01/25	17.58	17.72	17.47	17.59	2024488	35793432.00
2017/01/26	17.57	17.88	17.48	17.83	2719556	48381404.00
2017/02/03	17.83	17.83	17.54	17.61	2011475	35660304.00
2017/02/06	17.61	18.10	17.60	18.03	3690888	66436076.00
2017/02/07	18.03	18.03	17.73	17.86	2858109	51195756.00
2017/02/08	17.78	17.87	17.60	17.83	2366190	42173120.00
2017/02/09	17.82	17.92	17.74	17.87	2830506	50707932.00
2017/02/10	17.90	17.92	17.79	17.85	1843362	33049756.00
2017/02/13	17.82	18.04	17.62	17.90	3383908	60644888.00
2017/02/14	17.93	18.30	17.87	18.19	5041293	91952080.00
2017/02/15	18.12	18.37	17.90	17.94	5029158	91908112.00
2017/02/16	17.94	18.20	17.92	18.01	3193081	57853744.00
2017/02/17	18.11	18.42	18.02	18.10	4768107	87283792.00
2017/02/20	18.10	18.29	17.99	18.17	3551742	64579348.00
2017/02/21	18.17	18.25	18.06	18.24	3945116	71996280.00
2017/02/22	18.42	18.43	18.12	18.21	3563936	65294612.00
2017/02/23	18.15	18.97	18.08	18.70	11719787	219206976.00
2017/02/24	18.53	18.76	18.43	18.56	5070033	94586904.00
2017/02/27	18.54	18.63	18.22	18.35	4289494	79217072.00
2017/02/28	18.37	18.40	18.10	18.20	3098174	56654716.00
2017/03/01	18.27	18.38	18.12	18.18	3148087	57587308.00
2017/03/02	18.17	18.28	18.10	18.10	2586746	47166276.00
2017/03/03	18.07	18.17	17.87	18.02	2935716	53067548.00
2017/03/06	18.03	18.21	18.03	18.16	2436677	44403776.00
2017/03/07	18.22	18.38	18.10	18.31	3815026	69857992.00
2017/03/08	18.34	18.37	18.15	18.18	2341729	42921524.00
2017/03/09	18.13	18.17	17.83	17.92	3781700	68297504.00
2017/03/10	17.91	18.02	17.85	17.93	2194325	39493352.00
2017/03/13	17.93	18.01	17.72	17.91	2939390	52702040.00
2017/03/14	17.91	18.04	17.83	17.95	2566732	46290420.00
2017/03/15	17.97	18.04	17.92	18.03	2498561	45112680.00
2017/03/16	18.01	18.07	17.88	17.99	4461522	80462064.00
2017/03/17	18.02	18.17	17.95	17.97	4328855	78467136.00
2017/03/20	17.92	17.97	17.62	17.78	3866439	69164008.00
2017/03/21	17.82	17.91	17.74	17.80	2458674	44028580.00
2017/03/22	17.77	17.91	17.64	17.85	3438961	61446544.00
2017/03/23	17.90	18.92	17.82	18.51	17038384	316523136.00
2017/03/24	18.33	18.65	18.23	18.44	7960707	147204192.00
2017/03/27	18.45	18.53	18.14	18.15	5524743	101396696.00
2017/03/28	18.24	18.56	18.15	18.27	6364933	117397552.00
2017/03/29	18.29	18.31	17.92	17.93	5393858	97934024.00
2017/03/30	17.93	18.04	17.52	17.54	6307420	112516096.00
2017/03/31	17.57	17.71	17.48	17.60	3159527	55890780.00
2017/04/05	17.52	17.81	17.52	17.75	3563114	63422956.00
2017/04/06	17.82	17.89	17.67	17.85	3724581	66578944.00
2017/04/07	17.82	18.01	17.73	17.81	3144617	56374996.00
2017/04/10	17.82	17.87	17.32	17.34	7253847	127197336.00
2017/04/11	17.33	17.33	16.85	17.18	6942052	118963296.00
2017/04/12	17.20	17.20	16.77	16.85	5365791	91139016.00
2017/04/13	16.92	17.19	16.91	17.07	3589297	61591988.00
2017/04/14	17.08	17.13	16.69	16.82	4024259	67936664.00
2017/04/17	16.59	16.96	16.59	16.79	2420201	40876312.00
2017/04/18	16.78	17.02	16.72	16.77	2300651	39001344.00
2017/04/19	16.77	16.83	16.41	16.52	3969211	65609332.00
2017/04/20	16.52	17.69	16.50	17.14	11911292	205509456.00
2017/04/21	17.19	17.45	16.86	17.07	6555247	112490784.00
2017/04/24	17.00	17.00	16.52	16.54	4446454	73967696.00
2017/04/25	16.57	16.74	16.42	16.51	2836704	47004220.00
2017/04/26	16.46	16.73	16.45	16.53	3206693	53104488.00
2017/04/27	16.56	16.56	16.10	16.47	4198714	68559760.00
2017/04/28	16.48	16.54	16.35	16.47	2313199	38008904.00
2017/05/02	16.47	16.68	16.30	16.34	3207782	52691716.00
2017/05/03	16.35	16.44	16.27	16.37	2518994	41140040.00
2017/05/04	16.30	16.51	16.26	16.34	2451249	40165496.00
2017/05/05	16.30	16.60	16.15	16.38	4329826	70659168.00
2017/05/08	16.40	16.70	16.30	16.62	5169839	85668704.00
2017/05/09	16.72	16.72	16.37	16.61	3081360	50953152.00
2017/05/10	16.62	16.69	16.15	16.15	4407842	72443072.00
2017/05/11	16.16	16.20	15.35	15.76	6117565	96599936.00
2017/05/12	15.74	15.98	15.56	15.90	2771051	43627712.00
2017/05/15	15.99	16.03	15.71	15.73	1797547	28479930.00
2017/05/16	15.65	15.95	15.40	15.91	3692279	57681336.00
2017/05/17	15.98	16.15	15.85	15.96	3008872	48095552.00
2017/05/18	15.92	15.92	15.72	15.78	2366814	37368528.00
2017/05/19	15.83	16.26	15.76	16.14	5540285	88887328.00
2017/05/22	16.15	17.75	16.14	17.37	18575600	317617472.00
2017/05/23	17.37	17.46	16.76	16.85	7497690	128039608.00
2017/05/24	17.00	17.40	16.73	17.25	8515682	145830512.00
2017/05/25	17.05	17.30	16.95	17.20	5277244	90489552.00
2017/05/26	17.30	17.50	17.00	17.11	4485379	77211624.00
2017/05/31	17.14	17.29	16.77	16.84	5152770	87436184.00
2017/06/01	16.91	17.27	16.76	17.18	5036600	85716272.00
2017/06/02	17.09	17.18	16.78	17.16	3759700	63981452.00
2017/06/05	17.25	17.35	17.12	17.21	3756500	64684652.00
2017/06/06	17.30	17.59	17.22	17.37	4870000	84809920.00
2017/06/07	17.30	17.58	17.28	17.45	5167100	90057792.00
2017/06/08	17.46	17.66	17.34	17.37	4899000	85588992.00
2017/06/09	17.35	17.42	16.96	17.06	5248300	89951272.00
2017/06/12	17.06	17.26	17.02	17.11	2946894	50541840.00
2017/06/13	17.27	17.55	17.16	17.45	6332618	110501840.00
2017/06/14	17.41	17.65	17.28	17.40	3626994	63320672.00
2017/06/15	17.30	17.63	17.30	17.51	5177830	90604576.00
2017/06/16	17.56	17.56	17.33	17.46	3576775	62453876.00
2017/06/19	17.50	17.65	17.38	17.52	3763800	65935688.00
2017/06/20	17.54	17.57	17.24	17.32	4685525	81455920.00
2017/06/21	17.44	17.53	17.26	17.53	4846000	84338464.00
2017/06/22	17.52	18.28	17.48	17.87	13211800	237539776.00
2017/06/23	17.75	18.68	17.67	18.60	20140800	369456128.00
2017/06/26	18.60	19.18	18.45	18.52	18869200	354571648.00
2017/06/27	18.56	19.04	18.56	18.75	12305700	231175120.00
2017/06/28	18.70	18.70	18.23	18.30	11030975	202998672.00
2017/06/29	18.24	18.86	17.99	18.86	13583900	250804176.00
2017/06/30	18.80	19.18	18.62	18.86	12318600	233041392.00
2017/07/03	18.85	18.97	18.56	18.73	7181800	134292800.00
2017/07/04	18.79	18.89	18.38	18.49	7439100	137633088.00
2017/07/05	18.42	18.96	18.19	18.77	10870600	202207664.00
2017/07/06	18.69	18.78	18.33	18.41	8012800	148307728.00
2017/07/07	18.33	18.55	18.25	18.28	6108000	112207320.00
2017/07/10	18.21	18.51	18.21	18.34	5174400	95137888.00
2017/07/11	18.34	18.40	18.09	18.09	5217200	95050656.00
2017/07/12	18.01	18.14	17.62	17.84	7130800	127141296.00
2017/07/13	17.86	18.23	17.70	18.13	5691900	102833952.00
2017/07/14	18.06	18.11	17.75	17.83	3977300	71129296.00
2017/07/17	17.82	17.96	16.60	16.95	9334500	159733232.00
2017/07/18	16.95	17.13	16.50	17.01	6605000	110917712.00
2017/07/19	17.01	17.16	16.60	17.06	6898500	116401616.00
2017/07/20	16.91	17.14	16.86	16.97	5113400	87024456.00
2017/07/21	16.96	17.15	16.87	16.87	4234201	71855104.00
2017/07/24	16.84	17.19	16.70	17.12	5212900	88486264.00
2017/07/25	17.08	17.08	16.82	16.84	4196200	70875984.00
2017/07/26	16.83	16.91	16.52	16.58	5332800	88888328.00
2017/07/27	16.65	16.91	16.52	16.81	3960000	66314196.00
2017/07/28	16.78	16.99	16.65	16.98	4019500	67877952.00
2017/07/31	17.20	17.67	17.15	17.55	10278500	179488848.00
2017/08/01	17.25	17.50	17.19	17.33	5737100	99216848.00
2017/08/02	17.34	17.35	17.00	17.00	5296100	90765200.00
2017/08/03	16.99	17.13	16.89	16.98	3174500	53929348.00
2017/08/04	16.97	17.03	16.73	16.81	3656900	61556792.00
2017/08/07	16.76	17.11	16.76	17.02	2790700	47397144.00
2017/08/08	17.02	17.06	16.83	16.88	2435200	41173000.00
2017/08/09	16.90	17.11	16.90	17.06	3253900	55379804.00
2017/08/10	17.05	17.30	16.92	17.19	5767800	98917000.00
2017/08/11	17.09	17.10	16.80	16.82	4148500	70250488.00
2017/08/14	16.83	17.06	16.78	17.03	2973700	50444804.00
2017/08/15	17.03	17.15	16.89	16.91	2863300	48616940.00
数据来源:通达信
