002470 金正大 日线 前复权
      日期	    开盘	    最高	    最低	    收盘	    成交量	    成交额
2010/09/08	5.92	7.15	5.78	6.63	68265456	1826531840.00
2010/09/09	6.30	6.59	5.95	6.01	37045753	971510400.00
2010/09/10	6.15	6.33	6.05	6.12	24192747	629842368.00
2010/09/13	5.85	5.92	5.50	5.65	18914520	452717120.00
2010/09/14	5.64	5.77	5.50	5.58	12389120	295004608.00
2010/09/15	5.52	5.54	5.05	5.16	15765395	355704352.00
2010/09/16	5.20	5.44	5.20	5.32	10933820	246525488.00
2010/09/17	5.32	5.32	5.04	5.06	7581458	164575680.00
2010/09/20	5.00	5.10	4.80	4.82	7463056	155336000.00
2010/09/21	4.83	4.85	4.55	4.60	7754931	154367312.00
2010/09/27	4.60	4.77	4.60	4.67	5225986	104965584.00
2010/09/28	4.67	4.67	4.50	4.51	6332488	123156216.00
2010/09/29	4.50	4.50	4.27	4.45	7745947	145459808.00
2010/09/30	4.45	4.60	4.38	4.60	5927218	114796520.00
2010/10/08	4.71	4.73	4.60	4.66	5686328	113689240.00
2010/10/11	4.66	5.11	4.66	4.99	10087619	212775632.00
2010/10/12	4.94	4.94	4.84	4.91	5460107	113795048.00
2010/10/13	4.91	4.95	4.71	4.74	6499320	132187760.00
2010/10/14	4.76	4.81	4.63	4.64	4866302	98248448.00
2010/10/15	4.65	4.67	4.50	4.54	5005452	97766232.00
2010/10/18	4.59	4.82	4.37	4.79	8172003	160061088.00
2010/10/19	4.71	4.92	4.70	4.83	6738333	138923776.00
2010/10/20	4.69	4.83	4.63	4.71	5688742	115219064.00
2010/10/21	4.74	4.84	4.71	4.79	4649626	95030968.00
2010/10/22	4.81	4.92	4.81	4.85	5452772	113208776.00
2010/10/25	4.89	4.92	4.80	4.87	6127224	126915752.00
2010/10/26	4.85	4.87	4.72	4.77	5704303	116298352.00
2010/10/27	4.77	4.87	4.71	4.76	4713320	96525216.00
2010/10/29	4.80	5.05	4.75	4.99	8193508	172178304.00
2010/11/01	5.03	5.04	4.95	5.03	7440503	158634784.00
2010/11/02	5.03	5.17	4.97	5.00	7860519	170255488.00
2010/11/03	5.00	5.00	4.81	4.81	5114231	106471944.00
2010/11/04	4.80	4.91	4.79	4.87	3293479	68279920.00
2010/11/05	4.89	4.91	4.83	4.91	4751199	98745936.00
2010/11/08	4.92	5.07	4.90	5.07	6323006	134723008.00
2010/11/09	5.08	5.16	5.05	5.11	7359181	159694272.00
2010/11/10	5.12	5.60	5.06	5.38	12127170	273561504.00
2010/11/11	5.33	5.46	5.22	5.26	8544087	194413664.00
2010/11/12	5.20	5.22	4.75	4.77	8423775	179591856.00
2010/11/15	4.78	4.96	4.75	4.95	4173446	86528360.00
2010/11/16	4.97	5.11	4.82	4.99	6010095	128107800.00
2010/11/17	4.88	4.98	4.75	4.78	3788246	78382096.00
2010/11/18	4.81	4.89	4.76	4.84	2145099	44126196.00
2010/11/19	4.88	4.92	4.80	4.92	3223443	66974768.00
2010/11/22	4.90	5.15	4.84	5.11	6896556	148779872.00
2010/11/23	5.10	5.10	4.85	5.05	4144795	87949920.00
2010/11/24	4.99	5.15	4.95	5.14	5031344	108945824.00
2010/11/25	5.16	5.22	5.07	5.12	4240873	92615824.00
2010/11/26	5.12	5.12	4.99	5.03	3286225	70606328.00
2010/11/29	5.01	5.03	4.93	5.01	2958219	62713880.00
2010/11/30	5.01	5.07	4.74	4.83	4058443	84499536.00
2010/12/01	4.82	4.82	4.75	4.78	1909752	39030784.00
2010/12/02	4.85	5.03	4.80	4.94	4136417	86930608.00
2010/12/03	4.93	5.17	4.87	5.14	10040233	217252864.00
2010/12/06	5.17	5.17	4.83	4.88	6185977	131390456.00
2010/12/07	4.80	4.87	4.60	4.82	4032651	82020432.00
2010/12/08	4.82	4.82	4.62	4.65	11772725	234842544.00
2010/12/09	4.63	4.63	4.45	4.46	5971159	115510344.00
2010/12/10	4.43	4.53	4.38	4.50	3169080	60813320.00
2010/12/13	4.53	4.65	4.53	4.63	4513175	88820200.00
2010/12/14	4.63	4.68	4.61	4.68	3880809	77139208.00
2010/12/15	4.68	4.78	4.63	4.66	5695888	114789688.00
2010/12/16	4.66	4.71	4.63	4.67	3372664	67458768.00
2010/12/17	4.65	4.72	4.65	4.71	3037420	60938528.00
2010/12/20	4.76	4.84	4.63	4.78	6934102	140939152.00
2010/12/21	4.80	4.80	4.68	4.76	3863061	78296792.00
2010/12/22	4.76	4.84	4.70	4.77	4583292	93398096.00
2010/12/23	4.76	4.84	4.69	4.75	5227948	106335856.00
2010/12/24	4.73	4.75	4.55	4.55	4042671	79938512.00
2010/12/27	4.59	4.61	4.40	4.41	3045794	59079396.00
2010/12/28	4.38	4.46	4.33	4.40	2741019	51609056.00
2010/12/29	4.38	4.49	4.36	4.49	1943043	36952336.00
2010/12/30	4.49	4.50	4.40	4.42	1685690	32066356.00
2010/12/31	4.45	4.49	4.43	4.49	1568646	29998334.00
2011/01/04	4.52	4.54	4.47	4.53	2059943	39772016.00
2011/01/05	4.52	4.52	4.47	4.48	2083633	40084340.00
2011/01/06	4.48	4.49	4.39	4.40	2436360	46186500.00
2011/01/07	4.38	4.47	4.38	4.44	1728275	32853076.00
2011/01/10	4.44	4.47	4.39	4.40	1896694	36018668.00
2011/01/11	4.38	4.41	4.30	4.32	1656615	30914170.00
2011/01/12	4.32	4.38	4.31	4.36	1399507	26111000.00
2011/01/13	4.36	4.39	4.34	4.36	1058136	19837180.00
2011/01/14	4.36	4.36	4.24	4.25	1687621	31162010.00
2011/01/17	4.18	4.21	3.85	3.90	2519438	43509872.00
2011/01/18	3.89	3.89	3.78	3.86	1411819	23534820.00
2011/01/19	3.86	3.95	3.85	3.92	1803624	30470608.00
2011/01/20	3.94	4.09	3.92	3.94	2946241	51012228.00
2011/01/21	3.95	4.02	3.93	3.98	1298086	22306046.00
2011/01/24	3.97	3.98	3.83	3.86	1136765	19183116.00
2011/01/25	3.81	3.86	3.80	3.86	826925	13706129.00
2011/01/26	3.86	3.95	3.86	3.95	950666	16150740.00
2011/01/27	3.93	4.01	3.88	3.99	1507815	25897874.00
2011/01/28	3.97	4.01	3.95	3.99	1064825	18329642.00
2011/01/31	3.99	4.09	3.97	4.05	1391196	24322478.00
2011/02/01	4.08	4.10	4.00	4.02	858422	14944448.00
2011/02/09	4.02	4.17	3.99	4.09	1764096	31306826.00
2011/02/10	4.09	4.25	4.09	4.24	2679781	48643120.00
2011/02/11	4.24	4.28	4.20	4.22	2308599	42050628.00
2011/02/14	4.22	4.29	4.21	4.27	2397332	43805320.00
2011/02/15	4.28	4.29	4.18	4.18	2665407	48738816.00
2011/02/16	4.18	4.25	4.16	4.25	2422292	43845300.00
2011/02/17	4.26	4.28	4.20	4.26	2401090	43821920.00
2011/02/18	4.25	4.30	4.22	4.29	2624261	48240148.00
2011/02/21	4.28	4.41	4.22	4.40	3329039	62152280.00
2011/02/22	4.40	4.42	4.22	4.22	3319809	61220728.00
2011/02/23	4.22	4.27	4.20	4.24	1658433	30222300.00
2011/02/24	4.24	4.36	4.22	4.31	2199807	40708656.00
2011/02/25	4.31	4.32	4.23	4.30	1510863	27785652.00
2011/02/28	4.34	4.36	4.28	4.35	2208447	41176168.00
2011/03/01	4.35	4.52	4.35	4.49	4812577	91832288.00
2011/03/02	4.47	4.47	4.39	4.47	2433713	46262824.00
2011/03/03	4.49	4.50	4.34	4.35	2486584	47114988.00
2011/03/04	4.35	4.47	4.35	4.44	2123022	40224616.00
2011/03/07	4.44	4.57	4.18	4.54	4313429	83361776.00
2011/03/08	4.55	4.55	4.46	4.49	2181910	42090532.00
2011/03/09	4.49	4.54	4.48	4.51	1959784	37831344.00
2011/03/10	4.50	4.52	4.42	4.42	2372299	45289180.00
2011/03/11	4.40	4.44	4.36	4.36	2179784	41127600.00
2011/03/14	4.34	4.37	4.26	4.36	2473227	45858960.00
2011/03/15	4.34	4.35	4.18	4.33	3068091	56068088.00
2011/03/16	4.33	4.42	4.28	4.41	2545281	47671468.00
2011/03/17	4.38	4.38	4.28	4.31	1599984	29790374.00
2011/03/18	4.31	4.36	4.31	4.33	1102948	20555576.00
2011/03/21	4.33	4.39	4.30	4.39	1740719	32494842.00
2011/03/22	4.38	4.38	4.25	4.31	1869126	34548012.00
2011/03/23	4.29	4.30	4.21	4.29	1670837	30567408.00
2011/03/24	4.27	4.29	4.21	4.23	1800418	32871198.00
2011/03/25	4.23	4.41	4.21	4.38	3519413	65376532.00
2011/03/28	4.37	4.41	4.33	4.38	2255927	42378272.00
2011/03/29	4.38	4.41	4.28	4.35	1640261	30740844.00
2011/03/30	4.35	4.35	4.25	4.33	1221332	22593568.00
2011/03/31	4.33	4.33	4.25	4.25	877754	16120073.00
2011/04/01	4.25	4.35	4.25	4.35	1248257	23126992.00
2011/04/06	4.35	4.38	4.29	4.31	1067693	19889990.00
2011/04/07	4.32	4.35	4.25	4.32	1196825	22114502.00
2011/04/08	4.30	4.35	4.28	4.34	1647678	30532302.00
2011/04/11	4.34	4.35	4.26	4.27	1482986	27438684.00
2011/04/13	4.25	4.26	4.11	4.16	2359362	42235144.00
2011/04/14	4.16	4.18	4.11	4.16	1541139	27559516.00
2011/04/15	4.14	4.16	4.04	4.15	1855498	32859504.00
2011/04/18	4.12	4.16	4.11	4.15	1181684	21106084.00
2011/04/19	4.13	4.29	4.12	4.27	3451820	63031220.00
2011/04/20	4.27	4.28	4.21	4.26	2106482	38509640.00
2011/04/21	4.33	4.41	4.29	4.37	3493287	65497748.00
2011/04/22	4.40	4.40	4.28	4.34	2003293	37240844.00
2011/04/25	4.34	4.35	4.14	4.15	1476530	26848204.00
2011/04/26	4.18	4.24	4.17	4.22	1068064	19344958.00
2011/04/27	4.26	4.26	4.07	4.12	1307307	23383420.00
2011/04/28	4.13	4.16	3.99	4.09	1070056	18909470.00
2011/04/29	4.08	4.14	4.03	4.13	641094	11330847.00
2011/05/03	4.13	4.17	4.11	4.16	940877	16777490.00
2011/05/04	4.14	4.17	4.05	4.07	961741	17069798.00
2011/05/05	4.15	4.17	4.08	4.16	1513033	26960536.00
2011/05/06	4.11	4.26	4.09	4.24	1668914	30256460.00
2011/05/09	4.21	4.29	4.20	4.27	1476676	27000572.00
2011/05/10	4.32	4.32	4.25	4.27	1356114	24951898.00
2011/05/11	4.26	4.30	4.22	4.27	1128551	20705298.00
2011/05/12	4.23	4.31	4.20	4.21	1332591	24444876.00
2011/05/13	4.23	4.29	4.10	4.28	1612697	29159986.00
2011/05/16	4.28	4.40	4.25	4.37	4241778	79457536.00
2011/05/17	4.37	4.74	4.35	4.62	9533378	187592784.00
2011/05/18	4.62	4.67	4.52	4.62	5277663	103698280.00
2011/05/19	4.63	4.70	4.61	4.65	4121783	81983008.00
2011/05/20	4.63	4.70	4.58	4.64	4054912	80593288.00
2011/05/23	4.64	4.65	4.45	4.54	4049116	78559880.00
2011/05/24	4.54	4.60	4.47	4.58	3401290	66245992.00
2011/05/25	4.56	4.56	4.37	4.38	3652451	69499024.00
2011/05/26	4.38	4.45	4.32	4.39	2724859	51299148.00
2011/05/27	4.33	4.39	3.92	3.98	3759829	66664396.00
2011/05/30	3.98	3.98	3.85	3.88	1615682	27321744.00
2011/05/31	3.93	4.07	3.88	4.05	1532135	26195624.00
2011/06/01	4.04	4.10	4.01	4.06	1368001	23867554.00
2011/06/02	4.01	4.01	3.90	3.96	1292828	22029378.00
2011/06/03	3.95	4.05	3.95	4.02	1605458	27675040.00
2011/06/07	3.99	4.06	3.97	4.04	1073203	18556642.00
2011/06/08	4.04	4.07	3.90	4.04	1572922	26939558.00
2011/06/09	4.04	4.07	3.98	4.02	1724203	29907930.00
2011/06/10	4.00	4.04	3.93	3.99	1068394	18310888.00
2011/06/13	3.95	3.97	3.88	3.95	1189896	20078856.00
2011/06/14	3.93	3.99	3.91	3.98	1098185	18778560.00
2011/06/15	3.99	4.08	3.97	4.00	1375039	23746642.00
2011/06/16	3.98	3.98	3.90	3.90	1012008	17166996.00
2011/06/17	3.91	3.94	3.85	3.85	1028522	17226558.00
2011/06/21	3.82	3.87	3.70	3.76	1552290	25292378.00
2011/06/22	3.80	3.80	3.73	3.76	670553	10884114.00
2011/06/23	3.73	3.83	3.70	3.81	1265846	20627800.00
2011/06/24	3.78	3.94	3.78	3.92	2175264	36412068.00
2011/06/27	3.92	4.02	3.90	3.99	2174423	37110688.00
2011/06/28	3.99	4.06	3.93	3.97	1479084	25359012.00
2011/06/29	3.98	3.99	3.90	3.91	1131612	19197536.00
2011/06/30	3.92	4.01	3.92	3.98	1174966	20088276.00
2011/07/01	3.98	4.07	3.98	4.00	1992044	34409192.00
2011/07/04	4.03	4.11	4.00	4.09	2440331	42634380.00
2011/07/05	4.10	4.14	4.06	4.13	2452118	43056068.00
2011/07/06	4.13	4.13	4.05	4.08	1184118	20691926.00
2011/07/07	4.08	4.13	4.05	4.08	2064740	36228028.00
2011/07/08	4.05	4.09	4.00	4.03	1776719	30820942.00
2011/07/11	4.00	4.08	3.98	4.08	1101041	19129184.00
2011/07/12	4.03	4.21	4.03	4.15	4056095	72125608.00
2011/07/13	4.12	4.23	4.10	4.21	2639089	47443660.00
2011/07/14	4.22	4.24	4.17	4.23	1816974	32698016.00
2011/07/15	4.21	4.29	4.21	4.25	1791688	32613202.00
2011/07/18	4.24	4.32	4.24	4.26	2223385	40687012.00
2011/07/19	4.23	4.25	4.16	4.18	1584773	28431180.00
2011/07/20	4.19	4.24	4.18	4.23	1452123	26134440.00
2011/07/21	4.24	4.25	4.18	4.20	1331968	23988458.00
2011/07/22	4.20	4.21	4.15	4.18	1255595	22514494.00
2011/07/25	4.16	4.16	3.92	3.95	1835264	31767568.00
2011/07/26	3.93	3.97	3.90	3.94	923011	15621004.00
2011/07/27	3.97	4.11	3.97	4.10	1999536	34853200.00
2011/07/28	4.05	4.08	4.02	4.06	996880	17344056.00
2011/07/29	4.05	4.08	3.97	3.98	848875	14614779.00
2011/08/01	3.98	4.08	3.97	4.04	806085	13998941.00
2011/08/02	4.03	4.06	3.94	4.06	892375	15322301.00
2011/08/03	3.95	4.09	3.95	4.08	956100	16626884.00
2011/08/04	4.05	4.10	4.04	4.04	811528	14195332.00
2011/08/05	3.93	3.99	3.89	3.92	1215254	20578272.00
2011/08/08	3.90	3.90	3.64	3.75	1576936	25716782.00
2011/08/09	3.65	3.78	3.62	3.72	1173261	18794522.00
2011/08/10	3.78	3.84	3.72	3.74	1133377	18495762.00
2011/08/11	3.67	3.84	3.64	3.83	1280416	20916536.00
2011/08/12	3.88	3.94	3.84	3.89	1334210	22436418.00
2011/08/15	3.91	3.93	3.87	3.93	985075	16575281.00
2011/08/16	3.93	3.99	3.90	3.93	1160082	19706666.00
2011/08/17	4.08	4.33	4.08	4.16	5921742	106639056.00
2011/08/18	4.07	4.39	4.07	4.35	7906340	144433408.00
2011/08/19	4.29	4.44	4.23	4.33	6647271	123565888.00
2011/08/22	4.30	4.37	4.24	4.29	2336765	42848804.00
2011/08/23	4.43	4.51	4.27	4.33	5459670	101782128.00
2011/08/24	4.30	4.33	4.23	4.25	4637151	84806536.00
2011/08/25	4.31	4.58	4.27	4.43	8556089	162142464.00
2011/08/26	4.38	4.63	4.38	4.53	8379020	161757264.00
2011/08/29	4.50	4.53	4.39	4.39	5633374	107194520.00
2011/08/30	4.40	4.45	4.25	4.25	4725641	87694168.00
2011/08/31	4.23	4.34	4.14	4.18	3555426	64343700.00
2011/09/01	4.25	4.26	4.12	4.13	2974407	53429332.00
2011/09/02	4.15	4.24	4.10	4.23	2743144	49175788.00
2011/09/05	4.20	4.49	4.20	4.30	10662846	197323264.00
2011/09/06	4.25	4.25	3.95	4.13	4706410	83141184.00
2011/09/07	4.13	4.57	4.12	4.57	22430113	428609856.00
2011/09/08	4.57	4.69	4.43	4.49	19063763	370239744.00
2011/09/09	4.40	4.53	4.40	4.43	7829601	149366800.00
2011/09/13	4.33	4.67	4.33	4.51	11309813	218210160.00
2011/09/14	4.51	4.57	4.42	4.56	9292617	178390656.00
2011/09/15	4.56	4.60	4.38	4.40	9289816	177395280.00
2011/09/16	4.41	4.55	4.38	4.44	6401576	122084048.00
2011/09/19	4.38	4.39	4.14	4.15	7341210	133229432.00
2011/09/20	4.14	4.28	3.97	4.24	10798602	190314496.00
2011/09/21	4.18	4.26	4.03	4.23	9731586	173673616.00
2011/09/22	4.20	4.56	4.15	4.23	16020938	298627584.00
2011/09/23	4.08	4.20	4.03	4.11	7288299	128304696.00
2011/09/26	4.07	4.15	4.02	4.04	4056256	71216952.00
2011/09/27	4.10	4.14	4.03	4.08	4688493	82396808.00
2011/09/28	4.12	4.13	3.81	3.83	7872232	133664584.00
2011/09/29	3.83	3.83	3.70	3.73	3363034	54529348.00
2011/09/30	3.77	3.84	3.71	3.79	2996612	48835600.00
2011/10/10	3.82	3.85	3.74	3.78	2149377	35171420.00
2011/10/11	3.88	3.95	3.75	3.82	3648341	60783076.00
2011/10/12	3.78	3.99	3.67	3.95	4550729	76224312.00
2011/10/13	3.95	4.02	3.91	3.97	2955768	50408120.00
2011/10/14	3.98	4.07	3.93	3.98	3794139	65247700.00
2011/10/17	3.98	4.08	3.95	4.03	3379378	58459392.00
2011/10/18	3.99	4.03	3.80	3.81	3985060	66957664.00
2011/10/19	3.83	3.91	3.80	3.84	2017958	33608168.00
2011/10/20	3.90	3.93	3.78	3.78	2369856	39101912.00
2011/10/21	3.74	3.80	3.65	3.78	2087000	33673192.00
2011/10/24	3.80	3.87	3.67	3.85	2565325	42021120.00
2011/10/25	3.84	3.94	3.76	3.91	3526934	58806344.00
2011/10/26	3.86	3.97	3.84	3.90	3769717	63376124.00
2011/10/27	3.91	3.97	3.88	3.90	2907002	48985276.00
2011/10/28	3.94	3.99	3.89	3.99	4478334	75933880.00
2011/10/31	3.99	3.99	3.90	3.94	3215175	54544816.00
2011/11/01	3.88	3.97	3.87	3.91	3234810	54505692.00
2011/11/02	3.83	3.97	3.80	3.94	4516136	75405824.00
2011/11/04	3.96	4.11	3.94	4.07	9302314	160609696.00
2011/11/07	4.03	4.10	4.00	4.05	3407252	59428972.00
2011/11/08	4.05	4.15	4.02	4.02	3654510	64218460.00
2011/11/09	4.04	4.06	3.93	4.02	3800121	65153064.00
2011/11/10	3.96	3.99	3.89	3.91	3337902	56533100.00
2011/11/11	3.92	3.95	3.88	3.90	1820479	30705174.00
2011/11/14	3.95	4.04	3.93	4.01	2682196	46061868.00
2011/11/15	4.01	4.07	3.99	4.02	2159063	37285520.00
2011/11/16	4.05	4.05	3.87	3.89	2914813	49728920.00
2011/11/17	3.89	3.94	3.85	3.90	2297516	38564504.00
2011/11/18	3.85	3.87	3.76	3.79	1871383	30796012.00
2011/11/21	3.80	3.84	3.78	3.83	1084522	17805746.00
2011/11/22	3.78	3.89	3.74	3.88	1713195	28226096.00
2011/11/23	3.86	3.88	3.81	3.83	1118006	18526992.00
2011/11/24	3.79	3.96	3.76	3.95	4173474	70010344.00
2011/11/25	4.00	4.00	3.90	3.94	3255536	55311896.00
2011/11/28	3.95	4.04	3.94	3.96	4075188	69780360.00
2011/11/29	4.02	4.04	3.97	3.99	4482603	77057192.00
2011/11/30	3.99	4.01	3.75	3.81	3446873	57344976.00
2011/12/01	3.91	3.96	3.84	3.87	2748489	46139220.00
2011/12/02	3.84	3.87	3.78	3.80	1390375	22839748.00
2011/12/05	3.80	3.81	3.68	3.69	1366440	21983112.00
2011/12/06	3.66	3.75	3.66	3.74	735449	11826198.00
2011/12/07	3.74	3.76	3.71	3.75	790001	12766565.00
2011/12/08	3.75	3.79	3.68	3.71	1198074	19293642.00
2011/12/09	3.70	3.75	3.68	3.73	804291	12908110.00
2011/12/12	3.74	3.76	3.69	3.71	735630	11832854.00
2011/12/13	3.70	3.70	3.40	3.45	2421239	36809792.00
2011/12/14	3.46	3.50	3.32	3.36	1043810	15475039.00
2011/12/15	3.33	3.36	3.17	3.20	1782111	25246840.00
2011/12/16	3.22	3.30	3.21	3.29	1195971	16956170.00
2011/12/19	3.28	3.28	3.19	3.24	1304272	18390018.00
2011/12/20	3.24	3.32	3.22	3.26	1345921	19208204.00
2011/12/21	3.28	3.33	3.19	3.19	1535405	22005504.00
2011/12/22	3.18	3.18	2.99	3.07	1434167	19307872.00
2011/12/23	3.08	3.12	3.03	3.11	922950	12492006.00
2011/12/26	3.09	3.12	3.06	3.09	857453	11640382.00
2011/12/27	3.12	3.12	2.92	2.92	1495873	19641388.00
2011/12/28	2.90	2.90	2.72	2.86	2258825	27985930.00
2011/12/29	2.80	2.89	2.80	2.85	1224140	15471130.00
2011/12/30	2.85	2.91	2.85	2.91	931116	11892337.00
2012/01/04	2.94	3.00	2.92	2.92	1821511	23731172.00
2012/01/05	2.94	2.94	2.75	2.79	966985	12170654.00
2012/01/06	2.78	2.86	2.74	2.86	1123992	13976128.00
2012/01/09	2.86	3.03	2.83	3.00	1525803	19709898.00
2012/01/10	3.00	3.13	2.99	3.11	2127650	28695320.00
2012/01/11	3.11	3.16	3.06	3.11	1750712	23934596.00
2012/01/12	3.11	3.16	3.08	3.11	1323822	18170876.00
2012/01/13	3.11	3.14	2.95	3.01	1233681	16412077.00
2012/01/16	3.00	3.01	2.84	2.84	1066637	13704268.00
2012/01/17	2.84	3.10	2.83	3.07	1358379	17682732.00
2012/01/18	3.07	3.14	3.00	3.02	1431700	19268622.00
2012/01/19	3.00	3.12	2.97	3.11	1473216	19933878.00
2012/01/20	3.11	3.15	3.10	3.13	1268836	17440964.00
2012/01/30	3.15	3.16	3.08	3.08	821119	11194696.00
2012/01/31	3.08	3.14	3.07	3.14	994028	13477259.00
2012/02/01	3.12	3.16	3.08	3.09	1065912	14572626.00
2012/02/02	3.15	3.16	3.10	3.15	1215985	16695556.00
2012/02/03	3.15	3.32	3.15	3.30	3584319	50993932.00
2012/02/06	3.31	3.33	3.22	3.29	2493562	35605348.00
2012/02/07	3.25	3.27	3.17	3.22	1817615	25516556.00
2012/02/08	3.20	3.31	3.20	3.29	1940158	27647544.00
2012/02/09	3.29	3.33	3.27	3.30	2196796	31631194.00
2012/02/10	3.28	3.32	3.26	3.30	1233077	17661396.00
2012/02/13	3.28	3.34	3.24	3.31	1619899	23281168.00
2012/02/14	3.30	3.37	3.29	3.32	1995744	29016676.00
2012/02/15	3.30	3.36	3.27	3.35	2177342	31521660.00
2012/02/16	3.34	3.38	3.30	3.32	1679282	24476040.00
2012/02/17	3.33	3.36	3.30	3.32	1282400	18616650.00
2012/02/20	3.36	3.39	3.33	3.33	1266795	18522522.00
2012/02/21	3.31	3.35	3.27	3.35	1278739	18435272.00
2012/02/22	3.35	3.44	3.35	3.42	2222862	32964550.00
2012/02/23	3.44	3.47	3.38	3.44	2362068	35315624.00
2012/02/24	3.45	3.47	3.41	3.46	2010426	30079794.00
2012/02/27	3.48	3.49	3.44	3.45	2618946	39415188.00
2012/02/28	3.44	3.45	3.36	3.39	2227188	32984626.00
2012/02/29	3.40	3.42	3.35	3.38	1022287	15051799.00
2012/03/01	3.36	3.39	3.35	3.37	993149	14593400.00
2012/03/02	3.38	3.44	3.38	3.44	1998203	29647060.00
2012/03/05	3.45	3.47	3.40	3.42	2015800	30101060.00
2012/03/06	3.43	3.46	3.30	3.30	2558889	37635824.00
2012/03/07	3.29	3.31	3.26	3.26	1707605	24416538.00
2012/03/08	3.28	3.34	3.28	3.30	1449877	20924684.00
2012/03/09	3.31	3.41	3.31	3.41	3107005	45432532.00
2012/03/12	3.43	3.49	3.38	3.46	3834850	57295340.00
2012/03/13	3.46	3.56	3.40	3.54	5010674	75827336.00
2012/03/14	3.55	3.57	3.30	3.31	5277330	79634216.00
2012/03/15	3.30	3.40	3.25	3.33	2661381	38665776.00
2012/03/16	3.37	3.55	3.37	3.50	4170165	63082996.00
2012/03/19	3.50	3.59	3.47	3.55	3303552	50800620.00
2012/03/20	3.56	3.56	3.40	3.40	2563770	38552436.00
2012/03/21	3.44	3.51	3.37	3.48	2362239	35452460.00
2012/03/22	3.52	3.52	3.42	3.44	1468964	22097308.00
2012/03/23	3.44	3.45	3.30	3.32	1851111	27279624.00
2012/03/26	3.36	3.42	3.33	3.40	2569504	37885204.00
2012/03/27	3.40	3.45	3.32	3.33	1197951	17633804.00
2012/03/28	3.30	3.34	3.11	3.11	1938124	27042436.00
2012/03/29	3.11	3.18	3.04	3.09	1316606	18011576.00
2012/04/05	3.08	3.20	3.04	3.18	1169373	16071170.00
2012/04/06	3.18	3.23	3.16	3.20	822193	11490790.00
2012/04/09	3.24	3.24	3.05	3.10	923219	12772114.00
2012/04/10	3.09	3.12	2.99	3.12	812693	10928538.00
2012/04/11	3.12	3.22	3.09	3.19	1222922	17003260.00
2012/04/12	3.20	3.26	3.18	3.25	1149608	16182936.00
2012/04/13	3.26	3.40	3.25	3.37	1930063	28047140.00
2012/04/16	3.33	3.44	3.33	3.36	1541657	22760546.00
2012/04/17	3.37	3.43	3.33	3.38	1860162	27452020.00
2012/04/18	3.39	3.46	3.33	3.45	2964739	44006704.00
2012/04/19	3.44	3.45	3.40	3.42	1058196	15748179.00
2012/04/20	3.42	3.47	3.41	3.44	1476102	22045264.00
2012/04/23	3.43	3.44	3.34	3.35	1155886	16988608.00
2012/04/24	3.34	3.38	3.25	3.32	1876590	27244172.00
2012/04/25	3.31	3.37	3.28	3.35	1749307	25471916.00
2012/04/26	3.35	3.52	3.35	3.48	2842493	42532680.00
2012/04/27	3.49	3.53	3.45	3.48	1627087	24574586.00
2012/05/02	3.53	3.55	3.44	3.50	4188169	63428384.00
2012/05/03	3.50	3.63	3.48	3.61	4527409	70390704.00
2012/05/04	3.61	3.69	3.58	3.66	6714917	105944696.00
2012/05/07	3.65	3.71	3.58	3.70	6415580	100662104.00
2012/05/08	3.68	3.69	3.58	3.60	4514518	70613584.00
2012/05/09	3.54	3.62	3.53	3.55	4120567	63631504.00
2012/05/10	3.54	3.56	3.47	3.50	1758044	26806240.00
2012/05/11	3.50	3.67	3.50	3.65	3524467	55214260.00
2012/05/14	3.67	3.68	3.54	3.58	3465945	53787712.00
2012/05/15	3.54	3.54	3.41	3.43	2988687	44808908.00
2012/05/16	3.43	3.47	3.39	3.40	2056535	30671036.00
2012/05/17	3.38	3.44	3.38	3.43	2080047	30910082.00
2012/05/18	3.38	3.40	3.30	3.36	2074189	30194174.00
2012/05/21	3.34	3.39	3.29	3.36	960125	13994115.00
2012/05/22	3.37	3.48	3.37	3.45	1791128	26694006.00
2012/05/23	3.43	3.48	3.37	3.46	1847578	27507688.00
2012/05/24	3.42	3.45	3.38	3.40	1052268	15635694.00
2012/05/25	3.41	3.44	3.38	3.38	910204	13494733.00
2012/05/28	3.38	3.41	3.27	3.41	1428613	20756896.00
2012/05/29	3.41	3.48	3.39	3.46	1634026	24463440.00
2012/05/30	3.47	3.48	3.41	3.44	1411569	20903556.00
2012/05/31	3.42	3.47	3.41	3.46	1165529	17303890.00
2012/06/01	3.45	3.52	3.43	3.47	1787782	26786516.00
2012/06/04	3.39	3.43	3.30	3.31	1536214	22282754.00
2012/06/05	3.32	3.34	3.27	3.27	1131000	16100409.00
2012/06/06	3.31	3.32	3.25	3.27	511423	7252553.50
2012/06/07	3.30	3.34	3.21	3.21	1206544	16985920.00
2012/06/08	3.24	3.26	3.18	3.21	847637	11784830.00
2012/06/11	3.21	3.29	3.20	3.27	664064	9327506.00
2012/06/12	3.25	3.26	3.20	3.23	545704	7612835.50
2012/06/13	3.23	3.29	3.23	3.29	929987	13152580.00
2012/06/15	3.28	3.33	3.26	3.33	1174907	16673432.00
2012/06/18	3.34	3.36	3.32	3.34	1157950	16679068.00
2012/06/19	3.34	3.34	3.28	3.30	849969	12140111.00
2012/06/20	3.30	3.34	3.30	3.32	638841	9160275.00
2012/06/21	3.31	3.34	3.23	3.25	947116	13368975.00
2012/06/25	3.24	3.26	3.13	3.13	1112541	15382605.00
2012/06/26	3.12	3.14	3.05	3.08	1068854	14280417.00
2012/06/27	3.10	3.10	3.05	3.07	1217156	16249975.00
2012/06/28	3.07	3.09	2.99	3.01	933065	12353301.00
2012/06/29	3.00	3.08	3.00	3.05	1413582	18631618.00
2012/07/02	3.07	3.15	3.05	3.11	1457020	19563426.00
2012/07/03	3.11	3.19	3.10	3.13	1665694	22759228.00
2012/07/04	3.15	3.16	3.11	3.13	705848	9600013.00
2012/07/05	3.11	3.14	3.03	3.07	1043381	13935282.00
2012/07/06	3.09	3.21	3.06	3.19	1614103	21831230.00
2012/07/09	3.17	3.19	3.12	3.12	1093358	14982385.00
2012/07/10	3.10	3.18	3.09	3.11	1077330	14600972.00
2012/07/11	3.11	3.18	3.11	3.18	1566115	21406528.00
2012/07/12	3.18	3.31	3.16	3.27	2250822	31630008.00
2012/07/13	3.25	3.33	3.24	3.28	1478613	20980372.00
2012/07/16	3.28	3.32	3.17	3.18	2225979	31345742.00
2012/07/17	3.17	3.31	3.14	3.31	1558872	21896552.00
2012/07/18	3.31	3.40	3.29	3.40	3361634	48625736.00
2012/07/19	3.37	3.44	3.37	3.43	2711136	39883724.00
2012/07/20	3.39	3.41	3.34	3.38	1746538	25308870.00
2012/07/23	3.35	3.35	3.29	3.31	1173151	16761074.00
2012/07/24	3.38	3.49	3.38	3.40	3052980	45055300.00
2012/07/25	3.36	3.39	3.33	3.37	1248802	18080726.00
2012/07/26	3.37	3.40	3.36	3.39	1161571	16921800.00
2012/07/27	3.41	3.41	3.35	3.39	1066225	15496538.00
2012/07/30	3.39	3.47	3.38	3.43	2287371	33823972.00
2012/07/31	3.42	3.46	3.29	3.31	2061296	29923500.00
2012/08/01	3.29	3.39	3.29	3.37	1636137	23690110.00
2012/08/02	3.37	3.37	3.28	3.28	834648	11949029.00
2012/08/03	3.33	3.35	3.25	3.35	994483	14191868.00
2012/08/06	3.34	3.54	3.32	3.54	4058793	60784056.00
2012/08/07	3.54	3.55	3.48	3.51	1872387	28196288.00
2012/08/08	3.50	3.54	3.46	3.48	1876142	28219294.00
2012/08/09	3.48	3.54	3.44	3.52	1430978	21519742.00
2012/08/10	3.52	3.55	3.50	3.51	1112727	16854444.00
2012/08/13	3.50	3.59	3.46	3.48	2173673	32979314.00
2012/08/14	3.48	3.69	3.45	3.66	5280869	80974288.00
2012/08/15	3.61	3.66	3.58	3.58	2311235	35832396.00
2012/08/16	3.56	3.67	3.56	3.66	2577892	40266720.00
2012/08/17	3.66	3.81	3.65	3.75	6103336	97956424.00
2012/08/20	3.71	3.78	3.67	3.76	2031305	32313066.00
2012/08/21	3.75	3.79	3.70	3.75	2814146	44951760.00
2012/08/22	3.72	3.77	3.67	3.70	2171439	34428500.00
2012/08/23	3.68	3.77	3.68	3.75	3059615	48595296.00
2012/08/24	3.72	3.73	3.56	3.58	2460407	38471420.00
2012/08/27	3.58	3.64	3.54	3.59	1635952	25194506.00
2012/08/28	3.58	3.65	3.51	3.61	1624424	24956548.00
2012/08/29	3.59	3.68	3.54	3.60	1252440	19516066.00
2012/08/30	3.61	3.65	3.48	3.59	1221646	18755366.00
2012/08/31	3.59	3.59	3.53	3.55	1774897	27057790.00
2012/09/03	3.52	3.61	3.52	3.55	1531880	23453478.00
2012/09/04	3.58	3.59	3.46	3.50	1898302	28615778.00
2012/09/05	3.49	3.52	3.45	3.51	1637445	24553050.00
2012/09/06	3.51	3.55	3.50	3.54	1507604	22825750.00
2012/09/07	3.58	3.74	3.57	3.63	3909662	61317088.00
2012/09/10	3.64	3.74	3.62	3.72	1997462	31579788.00
2012/09/11	3.70	3.70	3.65	3.68	2155284	33887172.00
2012/09/12	3.69	3.74	3.66	3.74	1906993	30245752.00
2012/09/13	3.74	3.74	3.64	3.64	1213005	19129464.00
2012/09/14	3.67	3.68	3.55	3.60	1207594	18688954.00
2012/09/17	3.62	3.63	3.48	3.49	1268677	19174020.00
2012/09/18	3.49	3.52	3.46	3.49	479954	7204750.50
2012/09/19	3.52	3.54	3.49	3.50	467982	7053058.00
2012/09/20	3.51	3.57	3.47	3.49	1922950	29181714.00
2012/09/21	3.48	3.52	3.43	3.43	1225734	18319354.00
2012/09/24	3.40	3.41	3.33	3.39	705484	10261135.00
2012/09/25	3.39	3.43	3.35	3.38	737264	10774154.00
2012/09/26	3.36	3.42	3.27	3.32	714035	10239939.00
2012/09/27	3.32	3.48	3.31	3.42	1178332	17205680.00
2012/09/28	3.39	3.48	3.39	3.47	431184	6411520.00
2012/10/08	3.47	3.51	3.44	3.45	325330	4859871.00
2012/10/09	3.47	3.57	3.47	3.57	1090418	16589967.00
2012/10/10	3.55	3.58	3.51	3.56	1063957	16201871.00
2012/10/11	3.53	3.56	3.52	3.53	595278	9044093.00
2012/10/12	3.52	3.57	3.51	3.56	777684	11851286.00
2012/10/15	3.56	3.61	3.53	3.59	780996	11958226.00
2012/10/16	3.61	3.61	3.43	3.44	3735076	56061704.00
2012/10/17	3.42	3.49	3.40	3.46	1323196	19537032.00
2012/10/18	3.44	3.49	3.42	3.47	1647526	24503144.00
2012/10/19	3.46	3.48	3.45	3.46	850753	12673270.00
2012/10/22	3.45	3.45	3.38	3.43	1239497	18194026.00
2012/10/23	3.42	3.43	3.38	3.38	754277	11048268.00
2012/10/24	3.34	3.39	3.34	3.38	881514	12769791.00
2012/10/25	3.37	3.40	3.36	3.36	548054	7987694.00
2012/10/26	3.34	3.37	3.28	3.31	727806	10439718.00
2012/10/29	3.30	3.35	3.29	3.31	565920	8100050.00
2012/10/30	3.33	3.39	3.33	3.35	625634	9067417.00
2012/10/31	3.35	3.41	3.32	3.40	717197	10463443.00
2012/11/01	3.37	3.44	3.37	3.42	1033127	15229786.00
2012/11/02	3.42	3.44	3.39	3.44	727494	10705168.00
2012/11/05	3.43	3.48	3.41	3.43	811878	12025042.00
2012/11/06	3.43	3.45	3.35	3.44	825599	12078858.00
2012/11/07	3.44	3.48	3.39	3.48	836258	12404958.00
2012/11/08	3.44	3.48	3.41	3.43	1121311	16593006.00
2012/11/09	3.44	3.44	3.34	3.39	1452496	21226270.00
2012/11/12	3.43	3.43	3.31	3.36	744750	10751284.00
2012/11/13	3.33	3.34	3.25	3.29	717416	10206848.00
2012/11/14	3.30	3.30	3.25	3.30	683568	9683815.00
2012/11/15	3.29	3.29	3.23	3.23	445720	6289342.50
2012/11/16	3.22	3.25	3.19	3.21	771904	10748924.00
2012/11/19	3.33	3.33	3.11	3.18	1362695	18683346.00
2012/11/20	3.20	3.20	3.11	3.13	882098	11978087.00
2012/11/21	3.13	3.17	3.08	3.16	830342	11258591.00
2012/11/22	3.18	3.18	3.09	3.10	629028	8514858.00
2012/11/23	3.07	3.13	3.07	3.11	653303	8809925.00
2012/11/26	3.11	3.12	3.07	3.11	431343	5787919.00
2012/11/27	3.10	3.10	2.98	2.99	778181	10157621.00
2012/11/28	2.96	2.98	2.86	2.90	712411	9007661.00
2012/11/29	2.91	2.92	2.78	2.80	747921	9281157.00
2012/11/30	2.77	2.87	2.77	2.86	557573	6942388.00
2012/12/03	2.86	2.87	2.79	2.80	537538	6659858.00
2012/12/04	2.78	2.85	2.77	2.84	314524	3850179.00
2012/12/05	2.84	2.99	2.84	2.94	1382642	17714046.00
2012/12/06	2.93	2.96	2.91	2.94	1884842	24107574.00
2012/12/07	2.95	2.99	2.94	2.99	2693144	34781376.00
2012/12/10	3.03	3.18	3.00	3.17	4996361	66663452.00
2012/12/11	3.17	3.17	3.10	3.11	2964395	40243052.00
2012/12/12	3.13	3.15	3.06	3.08	2528696	33922864.00
2012/12/13	3.09	3.13	3.06	3.07	1587011	21366030.00
2012/12/14	3.06	3.23	3.05	3.20	3116940	42767064.00
2012/12/17	3.18	3.23	3.16	3.19	2364048	32617988.00
2012/12/18	3.19	3.25	3.13	3.15	2487656	34403364.00
2012/12/19	3.14	3.23	3.13	3.21	2369528	32754640.00
2012/12/20	3.21	3.32	3.19	3.32	2978079	41964592.00
2012/12/21	3.33	3.33	3.27	3.29	1717269	24403714.00
2012/12/24	3.29	3.31	3.27	3.28	933362	13257836.00
2012/12/25	3.27	3.38	3.27	3.34	1670177	24031218.00
2012/12/26	3.34	3.38	3.29	3.38	1809408	26090054.00
2012/12/27	3.36	3.39	3.29	3.36	1894011	27228672.00
2012/12/28	3.36	3.36	3.29	3.33	3693188	52766260.00
2012/12/31	3.33	3.37	3.31	3.36	1942314	27989980.00
2013/01/04	3.39	3.41	3.36	3.38	1797274	26175932.00
2013/01/07	3.38	3.39	3.34	3.37	1664746	24159224.00
2013/01/08	3.36	3.39	3.33	3.37	1937082	27995920.00
2013/01/09	3.37	3.45	3.36	3.43	2867587	42234448.00
2013/01/10	3.42	3.43	3.34	3.38	1842529	26911022.00
2013/01/11	3.37	3.39	3.25	3.27	2407022	34407760.00
2013/01/14	3.25	3.60	3.25	3.52	4576175	67732424.00
2013/01/15	3.51	3.71	3.50	3.70	4656675	72102520.00
2013/01/16	3.69	3.71	3.55	3.68	4228131	65965384.00
2013/01/17	3.73	3.83	3.61	3.63	4605422	73202440.00
2013/01/18	3.66	3.76	3.64	3.70	2689756	42648088.00
2013/01/21	3.83	3.98	3.78	3.80	5006653	82436384.00
2013/01/22	3.80	3.85	3.64	3.72	3601349	57584268.00
2013/01/23	3.65	3.69	3.61	3.66	3159345	49319292.00
2013/01/24	3.66	3.74	3.53	3.55	2889894	45128144.00
2013/01/25	3.58	3.61	3.53	3.59	1819249	27882984.00
2013/01/28	3.59	3.78	3.58	3.77	3648016	58253848.00
2013/01/29	3.78	3.86	3.77	3.82	3893860	63551464.00
2013/01/30	3.82	3.98	3.79	3.89	4153731	69147304.00
2013/01/31	3.89	3.93	3.81	3.86	2140157	35291380.00
2013/02/01	3.87	3.94	3.79	3.84	4022843	66028792.00
2013/02/04	3.84	3.88	3.76	3.81	2432818	39491764.00
2013/02/05	3.80	3.94	3.79	3.90	2363174	39107220.00
2013/02/06	3.90	4.04	3.89	3.99	2434747	41380244.00
2013/02/07	3.99	4.00	3.90	3.91	2803192	46919516.00
2013/02/08	3.91	4.08	3.87	4.07	2908946	49763840.00
2013/02/18	4.10	4.14	4.04	4.09	2513227	43692912.00
2013/02/19	4.08	4.10	4.03	4.05	2822975	48775196.00
2013/02/20	4.05	4.22	4.05	4.18	3394967	59992800.00
2013/02/21	4.16	4.20	4.05	4.06	2225136	38999904.00
2013/02/22	4.06	4.09	4.02	4.06	1755948	30326096.00
2013/02/25	4.07	4.22	4.06	4.21	2185975	38738708.00
2013/02/26	4.19	4.19	4.01	4.02	1837299	32139732.00
2013/02/27	4.03	4.11	3.86	3.87	2864119	48406532.00
2013/02/28	3.90	3.99	3.89	3.97	1525742	25716774.00
2013/03/01	3.96	4.08	3.94	4.05	1978072	34010224.00
2013/03/04	4.07	4.16	3.96	4.08	3004994	51731208.00
2013/03/05	4.05	4.10	3.99	4.08	1755746	30214004.00
2013/03/06	4.08	4.21	4.05	4.18	2658951	46628280.00
2013/03/07	4.19	4.19	4.04	4.05	2299075	40127896.00
2013/03/08	4.04	4.08	3.91	3.95	2290771	38908924.00
2013/03/11	3.95	3.98	3.90	3.93	904962	15218051.00
2013/03/12	3.91	3.94	3.71	3.77	2729024	44492188.00
2013/03/13	3.78	3.81	3.68	3.75	1443723	23032116.00
2013/03/14	3.76	3.82	3.73	3.75	1039253	16783254.00
2013/03/15	3.76	3.95	3.68	3.83	2436517	39824996.00
2013/03/18	3.80	3.92	3.75	3.84	876859	14460180.00
2013/03/19	3.81	3.89	3.74	3.80	1103992	17928948.00
2013/03/20	3.78	3.97	3.78	3.95	1167901	19439524.00
2013/03/21	3.98	4.03	3.94	4.01	1338853	22760100.00
2013/03/22	4.01	4.13	3.99	4.06	1921687	33357726.00
2013/03/25	4.09	4.11	3.98	3.99	1147250	19676144.00
2013/03/26	3.94	3.94	3.79	3.86	1868467	30675312.00
2013/03/27	3.84	3.94	3.84	3.93	1002457	16663654.00
2013/03/28	3.93	3.93	3.83	3.84	892210	14698840.00
2013/03/29	3.83	3.89	3.80	3.82	1511049	24764342.00
2013/04/01	3.81	3.87	3.74	3.87	1813908	29423936.00
2013/04/02	3.89	3.90	3.79	3.86	1090772	17965402.00
2013/04/03	3.84	4.00	3.79	3.93	1877973	31346496.00
2013/04/08	3.89	3.92	3.79	3.90	1425790	23463398.00
2013/04/09	3.88	4.02	3.88	3.98	1012504	17182200.00
2013/04/10	4.00	4.08	3.95	3.98	1232430	21115908.00
2013/04/11	3.99	4.04	3.88	3.89	1359390	23007544.00
2013/04/12	3.88	3.92	3.83	3.83	526037	8706717.00
2013/04/15	3.81	3.81	3.63	3.71	1325682	21055098.00
2013/04/16	3.69	3.78	3.68	3.73	775804	12366542.00
2013/04/17	3.72	3.84	3.72	3.79	872485	14131497.00
2013/04/18	3.79	3.81	3.74	3.78	782436	12651801.00
2013/04/19	3.78	3.88	3.77	3.87	1532457	25127742.00
2013/04/22	3.86	3.90	3.82	3.89	927042	15283044.00
2013/04/23	3.91	3.92	3.69	3.69	1501388	24131018.00
2013/04/24	3.73	3.78	3.69	3.73	1476181	23592420.00
2013/04/25	3.73	3.99	3.73	3.89	3073411	51124200.00
2013/04/26	3.87	3.96	3.85	3.88	1183922	19688812.00
2013/05/02	3.89	4.02	3.88	4.02	1800884	30203402.00
2013/05/03	4.04	4.06	3.99	4.01	2779947	47651068.00
2013/05/06	4.01	4.08	4.01	4.03	1962445	33847832.00
2013/05/07	4.03	4.12	4.00	4.06	2122618	36761616.00
2013/05/08	4.06	4.12	4.00	4.07	1466716	25287138.00
2013/05/09	4.03	4.07	3.98	4.00	3171252	54025712.00
2013/05/10	3.99	4.10	3.98	4.06	2669849	46210372.00
2013/05/13	4.09	4.21	4.05	4.16	4021571	70981472.00
2013/05/14	4.14	4.22	4.10	4.22	2946543	52188392.00
2013/05/15	4.21	4.28	4.15	4.28	2519586	45198580.00
2013/05/16	4.24	4.29	4.11	4.15	3037139	54401236.00
2013/05/17	4.14	4.20	4.13	4.18	2134089	37764404.00
2013/05/20	4.21	4.39	4.10	4.34	4021764	72226320.00
2013/05/21	4.34	4.35	4.27	4.33	2085110	38168152.00
2013/05/22	4.33	4.33	4.19	4.20	2295828	41350436.00
2013/05/23	4.19	4.23	4.10	4.14	1988527	35179856.00
2013/05/24	4.14	4.19	4.10	4.15	2618269	46162596.00
2013/05/27	4.16	4.25	4.15	4.21	2329432	41569752.00
2013/05/28	4.21	4.23	4.09	4.10	2154624	37843108.00
2013/05/29	4.11	4.19	4.09	4.19	2759770	48729744.00
2013/05/30	4.16	4.22	4.11	4.11	2203943	38509728.00
2013/05/31	4.13	4.22	4.10	4.19	2583264	45496908.00
2013/06/03	4.19	4.25	4.05	4.06	2665600	46530296.00
2013/06/04	4.05	4.05	3.91	3.96	2126830	35665436.00
2013/06/05	3.95	3.98	3.85	3.90	1411260	23366126.00
2013/06/06	3.87	3.92	3.84	3.85	1135821	18639600.00
2013/06/07	3.86	3.91	3.77	3.90	2031045	33138578.00
2013/06/13	3.85	3.85	3.68	3.82	869761	13943805.00
2013/06/14	3.83	3.91	3.82	3.89	750068	12295469.00
2013/06/17	3.90	3.93	3.83	3.92	1171146	19324010.00
2013/06/18	3.92	3.98	3.86	3.98	1369059	22831054.00
2013/06/19	3.93	3.95	3.85	3.93	1011768	16633859.00
2013/06/20	3.89	3.94	3.75	3.78	881806	14412364.00
2013/06/21	3.74	3.84	3.70	3.81	909000	14448852.00
2013/06/24	3.87	3.87	3.45	3.46	1895938	29256920.00
2013/06/25	3.46	3.55	3.20	3.51	1476691	21457640.00
2013/06/26	3.51	3.62	3.49	3.59	812929	12325431.00
2013/06/27	3.59	3.64	3.45	3.46	951835	14340207.00
2013/06/28	3.46	3.47	3.28	3.30	2378993	34025288.00
2013/07/01	3.30	3.35	3.13	3.23	4700430	64355896.00
2013/07/02	3.21	3.34	3.20	3.33	1981279	27805934.00
2013/07/03	3.32	3.33	3.23	3.32	1582701	22262738.00
2013/07/04	3.30	3.38	3.26	3.36	1344849	19152744.00
2013/07/05	3.33	3.43	3.33	3.36	1242302	17935310.00
2013/07/08	3.32	3.32	3.18	3.18	1749452	24176044.00
2013/07/09	3.17	3.24	3.15	3.21	488087	6705540.50
2013/07/10	3.22	3.36	3.21	3.33	884349	12420844.00
2013/07/11	3.33	3.54	3.33	3.45	1764671	25868628.00
2013/07/12	3.45	3.56	3.42	3.45	1365989	20299812.00
2013/07/15	3.40	3.52	3.40	3.42	2694243	39480760.00
2013/07/16	3.47	3.49	3.41	3.46	2650021	38828148.00
2013/07/17	3.46	3.46	3.39	3.41	1753608	25579086.00
2013/07/18	3.39	3.42	3.33	3.39	1532712	22018418.00
2013/07/19	3.38	3.42	3.24	3.25	2089734	29609154.00
2013/07/22	3.26	3.31	3.22	3.28	1959956	27248864.00
2013/07/23	3.29	3.40	3.25	3.39	1915795	27440260.00
2013/07/24	3.38	3.44	3.31	3.40	2445150	35103132.00
2013/07/25	3.38	3.46	3.37	3.42	2010477	29330608.00
2013/07/26	3.38	3.50	3.38	3.48	2427950	35693992.00
2013/07/29	3.46	3.53	3.42	3.50	1875515	27901334.00
2013/07/30	3.47	3.55	3.47	3.48	2328857	34781056.00
2013/07/31	3.50	3.53	3.43	3.51	1270359	18828870.00
2013/08/01	3.46	3.56	3.46	3.55	3325400	49969916.00
2013/08/02	3.56	3.57	3.50	3.54	2701551	40640228.00
2013/08/05	3.53	3.69	3.53	3.67	2884425	44529300.00
2013/08/06	3.69	3.80	3.65	3.73	3239939	51218524.00
2013/08/07	3.71	3.76	3.65	3.68	2345486	36838452.00
2013/08/08	3.70	3.71	3.62	3.67	1793380	27846796.00
2013/08/09	3.68	3.78	3.68	3.76	2941750	46672020.00
2013/08/12	3.76	3.90	3.72	3.85	2514514	40672440.00
2013/08/13	3.85	3.91	3.81	3.88	1435494	23491014.00
2013/08/14	3.86	3.87	3.76	3.77	2118190	34170032.00
2013/08/15	3.77	3.80	3.68	3.69	1530381	24178306.00
2013/08/16	3.64	3.80	3.64	3.68	1021349	16149097.00
2013/08/19	3.65	3.85	3.63	3.83	1709782	27390400.00
2013/08/20	3.82	3.85	3.77	3.79	1185592	19161316.00
2013/08/21	3.79	3.87	3.75	3.87	1649301	26756290.00
2013/08/22	3.87	3.98	3.84	3.93	1921481	31936000.00
2013/08/23	3.93	3.99	3.85	3.92	2564651	42669440.00
2013/08/26	3.91	4.02	3.88	4.00	1879385	31652460.00
2013/08/27	4.00	4.04	3.91	3.95	1760197	29552990.00
2013/08/28	3.95	3.95	3.87	3.88	1603259	26478916.00
2013/08/29	3.88	3.90	3.81	3.84	1027491	16715420.00
2013/08/30	3.84	3.88	3.75	3.75	1456195	23518246.00
2013/09/02	3.75	3.91	3.74	3.88	1400424	22778744.00
2013/09/03	3.90	4.04	3.87	3.97	3887408	65381720.00
2013/09/04	3.97	4.05	3.96	4.00	3387459	57340652.00
2013/09/05	4.02	4.02	3.85	3.87	3376605	55621460.00
2013/09/06	3.86	4.15	3.83	4.08	6388045	108591544.00
2013/09/09	4.07	4.09	4.00	4.05	3045262	51979184.00
2013/09/10	4.03	4.07	3.98	4.01	1624953	27523032.00
2013/09/11	4.01	4.01	3.85	3.94	3054464	50607572.00
2013/09/12	3.91	3.95	3.87	3.95	1495846	24751432.00
2013/09/13	3.95	3.95	3.88	3.93	1308873	21626188.00
2013/09/16	3.93	3.98	3.93	3.97	1818315	30415798.00
2013/09/17	3.97	4.00	3.77	3.78	2838461	45982456.00
2013/09/18	3.78	3.82	3.73	3.76	1176621	18745950.00
2013/09/23	3.78	3.85	3.73	3.82	2252822	36215832.00
2013/09/24	3.80	3.89	3.74	3.89	2824240	45700700.00
2013/09/25	3.87	3.94	3.84	3.84	2405570	39555320.00
2013/09/26	3.84	3.99	3.84	3.91	1955815	32539038.00
2013/09/27	3.92	3.97	3.90	3.97	1522904	25383706.00
2013/09/30	4.02	4.04	3.94	4.01	1649558	27844350.00
2013/10/08	4.00	4.19	3.96	4.13	4248557	73665480.00
2013/10/09	4.10	4.15	4.07	4.14	1527977	26448530.00
2013/10/10	4.14	4.21	4.06	4.20	2707624	47413088.00
2013/10/11	4.21	4.24	4.14	4.20	1876704	33147994.00
2013/10/14	4.17	4.17	4.09	4.11	2902754	50345648.00
2013/10/15	4.09	4.13	3.98	4.12	3021169	51411752.00
2013/10/16	4.09	4.25	3.98	4.21	4072257	70549368.00
2013/10/17	4.20	4.27	4.14	4.25	3253659	57875320.00
2013/10/18	4.20	4.25	4.01	4.06	3291025	57165800.00
2013/10/21	4.05	4.20	4.03	4.17	2767715	48016860.00
2013/10/22	4.14	4.17	4.06	4.08	1507430	26063400.00
2013/10/23	4.13	4.18	3.94	3.95	1868881	31804194.00
2013/10/24	3.94	4.02	3.92	3.98	1096908	18440914.00
2013/10/25	3.97	4.06	3.91	3.92	1123335	18955834.00
2013/10/28	3.91	3.98	3.91	3.97	475668	7948066.00
2013/10/29	3.99	4.21	3.99	4.11	3981307	69239984.00
2013/10/30	4.12	4.21	4.09	4.17	2406266	42203264.00
2013/10/31	4.17	4.30	4.10	4.18	3039666	54051308.00
2013/11/01	4.15	4.25	4.12	4.24	2890093	51145504.00
2013/11/04	4.27	4.44	4.27	4.36	5272897	96852944.00
2013/11/05	4.37	4.37	4.13	4.23	5308320	93863240.00
2013/11/06	4.23	4.28	4.15	4.18	3214481	57109692.00
2013/11/07	4.15	4.19	4.02	4.06	2050403	35362864.00
2013/11/08	4.06	4.10	3.98	4.03	1417609	24118382.00
2013/11/11	4.03	4.15	3.99	4.13	2340208	40353936.00
2013/11/12	4.13	4.17	4.11	4.16	1747840	30539894.00
2013/11/13	4.15	4.19	4.10	4.10	1505984	26373994.00
2013/11/14	4.12	4.19	4.01	4.15	3116803	54371776.00
2013/11/15	4.15	4.28	4.15	4.21	3614350	64567384.00
2013/11/18	4.20	4.43	4.20	4.42	5893510	108172016.00
2013/11/19	4.38	4.40	4.28	4.28	5596342	102261512.00
2013/11/20	4.30	4.39	4.27	4.39	3469505	63178776.00
2013/11/21	4.36	4.62	4.36	4.57	8565729	163510816.00
2013/11/22	4.65	5.05	4.65	5.05	14681657	307193984.00
2013/11/25	5.03	5.15	4.86	4.90	17619199	369400576.00
2013/11/26	4.80	5.17	4.79	5.05	13576292	283078592.00
2013/11/27	4.96	5.06	4.85	4.90	9844297	203603024.00
2013/11/28	4.93	5.23	4.93	5.09	14292823	304044416.00
2013/11/29	5.03	5.21	5.00	5.10	10147644	215540928.00
2013/12/02	4.93	5.19	4.65	4.80	8448927	173851712.00
2013/12/03	4.78	5.20	4.66	5.10	10378555	214009728.00
2013/12/04	5.08	5.62	5.03	5.34	17991516	401861632.00
2013/12/05	5.28	5.49	5.24	5.28	8455078	189094176.00
2013/12/06	5.24	5.32	5.09	5.23	10138310	218461472.00
2013/12/09	5.24	5.39	5.13	5.24	10188874	223593120.00
2013/12/10	5.25	5.46	5.17	5.42	10536875	234254912.00
2013/12/11	5.40	5.45	5.20	5.32	7995109	177234304.00
2013/12/12	5.31	5.36	5.10	5.10	10838747	234602240.00
2013/12/13	5.03	5.16	5.00	5.12	4940386	105324696.00
2013/12/16	5.16	5.26	4.83	4.86	10167221	213675168.00
2013/12/17	4.86	4.93	4.79	4.83	5534052	112420232.00
2013/12/18	4.83	4.91	4.78	4.79	3266603	66080820.00
2013/12/19	4.83	4.98	4.73	4.75	4335606	87455968.00
2013/12/20	4.76	4.85	4.73	4.84	4451630	89456888.00
2013/12/23	4.84	4.94	4.80	4.89	3799762	77606648.00
2013/12/24	4.90	5.00	4.83	4.97	5801852	119123360.00
2013/12/25	4.93	5.09	4.89	5.02	6470647	135312624.00
2013/12/26	5.00	5.06	4.88	4.88	3458907	71966888.00
2013/12/27	4.86	4.92	4.80	4.90	4075317	82924912.00
2013/12/30	4.96	5.04	4.90	5.02	2941132	61180512.00
2013/12/31	5.02	5.22	4.97	5.10	5902101	127048400.00
2014/01/02	5.11	5.21	5.08	5.19	5260267	113367536.00
2014/01/03	5.18	5.21	5.06	5.11	3837744	81967368.00
2014/01/06	5.07	5.12	4.85	4.85	3562023	73517208.00
2014/01/07	4.86	4.96	4.80	4.89	2515395	51461972.00
2014/01/08	4.91	5.01	4.78	5.01	6268570	128707712.00
2014/01/09	5.01	5.18	4.91	5.10	5619245	119606784.00
2014/01/10	5.06	5.17	5.03	5.17	3765019	80636920.00
2014/01/13	5.15	5.27	5.07	5.26	3141793	67750456.00
2014/01/14	5.25	5.29	5.03	5.23	2619903	56684796.00
2014/01/15	5.23	5.29	5.13	5.18	3136796	68306168.00
2014/01/16	5.18	5.32	5.15	5.32	3843685	84374424.00
2014/01/17	5.33	5.55	5.28	5.49	7326244	165950032.00
2014/01/20	5.49	5.61	5.15	5.16	6028001	133487400.00
2014/01/21	5.16	5.30	5.04	5.23	4120409	89748416.00
2014/01/22	5.37	5.38	5.11	5.17	5290331	115772568.00
2014/01/23	5.17	5.20	5.05	5.17	6233702	132536224.00
2014/01/24	5.13	5.29	5.09	5.25	4514344	98331848.00
2014/01/27	5.28	5.43	5.22	5.40	4617049	103034888.00
2014/01/28	5.40	5.43	5.15	5.17	4502621	98966936.00
2014/01/29	5.17	5.32	5.17	5.27	2048278	44768344.00
2014/01/30	5.27	5.28	5.17	5.21	1516689	32965260.00
2014/02/07	5.14	5.37	5.11	5.32	2490441	54396160.00
2014/02/10	5.31	5.49	5.31	5.45	4745230	107238344.00
2014/02/11	5.45	5.49	5.30	5.35	4124085	92384376.00
2014/02/12	5.35	5.91	5.31	5.91	11632900	280406592.00
2014/02/13	5.87	5.91	5.67	5.74	6328988	151883424.00
2014/02/14	5.78	5.83	5.64	5.76	5407323	128315400.00
2014/02/17	5.79	5.92	5.67	5.87	7023314	169089152.00
2014/02/18	5.83	6.01	5.70	5.95	5890393	143769200.00
2014/02/19	5.95	5.95	5.75	5.77	3447286	83085056.00
2014/02/20	5.77	5.78	5.50	5.61	2833746	66249764.00
2014/02/21	5.62	5.62	5.38	5.42	3674676	83759032.00
2014/02/24	5.40	5.40	5.22	5.25	6062699	133235832.00
2014/02/25	5.33	5.35	4.75	4.88	11399681	239802944.00
2014/02/26	4.87	4.97	4.75	4.90	4730445	96828176.00
2014/02/27	4.92	5.11	4.88	4.90	6336625	133312024.00
2014/02/28	4.90	5.04	4.79	5.03	2772096	57086552.00
2014/03/03	5.03	5.19	4.99	5.16	3482231	74538424.00
2014/03/04	5.15	5.15	5.03	5.07	3224586	68327072.00
2014/03/05	5.08	5.13	5.00	5.00	2509482	53020268.00
2014/03/06	4.98	5.00	4.83	4.99	2748404	56450988.00
2014/03/07	4.99	5.16	4.99	5.09	3122663	66547952.00
2014/03/10	5.10	5.17	4.91	4.96	3762562	79949832.00
2014/03/11	4.91	5.07	4.90	4.95	1679386	34847404.00
2014/03/12	4.96	5.07	4.77	5.05	2316345	47702732.00
2014/03/13	5.04	5.15	4.98	5.07	1805420	38422496.00
2014/03/14	5.03	5.11	5.00	5.03	840349	17706206.00
2014/03/17	5.05	5.21	5.03	5.18	1769909	38006868.00
2014/03/18	5.23	5.39	5.19	5.21	2488751	54971892.00
2014/03/19	5.16	5.21	5.07	5.07	1888455	40386296.00
2014/03/20	5.07	5.11	4.94	4.94	2175617	45586268.00
2014/03/21	4.87	5.00	4.79	4.96	1831160	37442032.00
2014/03/24	4.96	5.00	4.92	4.95	932236	19311242.00
2014/03/25	4.93	5.08	4.85	5.07	2889212	60569416.00
2014/03/26	5.08	5.10	4.87	4.90	2269422	46935188.00
2014/03/27	4.91	4.92	4.63	4.65	3929311	78583360.00
2014/03/28	4.68	4.78	4.65	4.65	2368318	46650624.00
2014/03/31	4.67	4.70	4.50	4.55	1396339	26743318.00
2014/04/01	4.56	4.77	4.53	4.73	1500635	29345294.00
2014/04/02	4.75	4.78	4.64	4.67	1061509	20873958.00
2014/04/03	4.71	4.71	4.64	4.66	1112199	21779644.00
2014/04/04	4.68	4.81	4.68	4.80	1887332	37681492.00
2014/04/08	4.80	4.85	4.73	4.84	1039585	20877304.00
2014/04/09	4.82	4.87	4.78	4.80	1148741	23230894.00
2014/04/10	4.80	4.84	4.72	4.78	1647897	32871424.00
2014/04/11	4.78	4.87	4.71	4.83	2088971	42037596.00
2014/04/14	4.83	4.87	4.77	4.85	904689	18271882.00
2014/04/15	4.83	4.90	4.78	4.79	979988	19816980.00
2014/04/16	4.79	4.79	4.69	4.78	1269012	25204150.00
2014/04/17	4.79	4.82	4.75	4.80	1260333	25254430.00
2014/04/18	4.78	4.82	4.73	4.80	799635	16029724.00
2014/04/21	4.75	4.79	4.63	4.63	1483671	29226246.00
2014/04/22	4.62	4.67	4.58	4.61	1346071	26019046.00
2014/04/23	4.61	4.66	4.54	4.57	1339475	25726928.00
2014/04/24	4.57	4.72	4.55	4.68	1197852	23427114.00
2014/04/25	4.68	4.69	4.55	4.58	1118822	21590862.00
2014/04/28	4.56	4.58	4.25	4.29	3207746	59002788.00
2014/04/29	4.30	4.57	4.30	4.57	1896335	35513992.00
2014/04/30	4.57	4.64	4.53	4.63	625642	12047068.00
2014/05/14	4.58	4.58	4.33	4.43	7433629	137514048.00
2014/05/15	4.41	4.89	4.39	4.65	4055984	79231392.00
2014/05/16	4.65	4.72	4.46	4.55	2862686	54762648.00
2014/05/19	4.54	4.54	4.40	4.40	3011057	56196280.00
2014/05/20	4.46	4.49	4.43	4.44	1340968	25150584.00
2014/05/21	4.46	4.58	4.42	4.54	1336159	25315894.00
2014/05/22	4.55	4.61	4.47	4.48	1538630	29332788.00
2014/05/23	4.49	4.49	4.38	4.42	1540500	28571388.00
2014/05/26	4.43	4.52	4.39	4.52	1661477	31003368.00
2014/05/27	4.52	4.56	4.45	4.50	1752559	33165326.00
2014/05/28	4.50	4.51	4.39	4.49	2340164	43650864.00
2014/05/29	4.48	4.50	4.42	4.45	1901610	35517504.00
2014/05/30	4.47	4.48	4.40	4.42	2078769	38715928.00
2014/06/03	4.43	4.53	4.42	4.50	1841548	34823876.00
2014/06/04	4.48	4.54	4.48	4.54	1736582	32858058.00
2014/06/05	4.54	4.67	4.49	4.63	2294559	44394436.00
2014/06/06	4.62	4.69	4.59	4.59	1890007	36763272.00
2014/06/09	4.58	4.61	4.55	4.55	1947518	37376784.00
2014/06/10	4.55	4.64	4.54	4.63	1333077	25767092.00
2014/06/11	4.63	4.69	4.61	4.65	978034	19054836.00
2014/06/12	4.65	4.65	4.56	4.59	1561409	30190610.00
2014/06/13	4.68	4.68	4.54	4.59	2952116	56501260.00
2014/06/16	4.57	4.63	4.55	4.61	2228977	42647036.00
2014/06/17	4.59	4.60	4.50	4.50	1208985	22863938.00
2014/06/18	4.50	4.55	4.49	4.52	900110	16926536.00
2014/06/19	4.53	4.57	4.37	4.41	837093	15615142.00
2014/06/20	4.41	4.46	4.32	4.41	1216670	22205056.00
2014/06/23	4.40	4.44	4.31	4.35	1815571	32961382.00
2014/06/24	4.36	4.43	4.35	4.42	1101246	20167316.00
2014/06/25	4.42	4.47	4.34	4.46	1563422	28795910.00
2014/06/26	4.43	4.53	4.41	4.49	2208319	41017788.00
2014/06/27	4.49	4.55	4.42	4.51	3089356	57697660.00
2014/06/30	4.52	4.62	4.49	4.61	2452770	46722332.00
2014/07/01	4.61	4.63	4.56	4.60	1452639	27819654.00
2014/07/02	4.63	4.63	4.48	4.56	1909856	36109588.00
2014/07/03	4.56	4.66	4.54	4.63	1742536	33538688.00
2014/07/04	4.63	4.67	4.59	4.61	1049213	20157824.00
2014/07/07	4.61	4.61	4.50	4.51	1795167	33916756.00
2014/07/08	4.51	4.57	4.46	4.48	1963595	36727228.00
2014/07/09	4.47	4.51	4.40	4.40	2768148	51381196.00
2014/07/10	4.40	4.41	4.34	4.36	1968760	35876444.00
2014/07/11	4.33	4.43	4.33	4.37	1911935	34939232.00
2014/07/14	4.43	4.45	4.36	4.44	1654532	30409186.00
2014/07/15	4.44	4.45	4.39	4.43	2014882	37103980.00
2014/07/16	4.42	4.44	4.39	4.40	1542547	28327978.00
2014/07/17	4.40	4.40	4.33	4.36	1619852	29405024.00
2014/07/18	4.36	4.38	4.32	4.35	1447303	26266136.00
2014/07/21	4.34	4.38	4.32	4.38	952191	17310352.00
2014/07/22	4.38	4.45	4.37	4.44	2039249	37587196.00
2014/07/23	4.44	4.48	4.41	4.47	2804052	52014064.00
2014/07/24	4.48	4.56	4.44	4.53	3462308	64949428.00
2014/07/25	4.56	4.64	4.53	4.62	2451742	46729264.00
2014/07/28	4.63	4.66	4.57	4.65	3497300	67435864.00
2014/07/29	4.65	4.74	4.62	4.70	3141362	61304608.00
2014/07/30	4.69	4.74	4.65	4.68	2571479	50127524.00
2014/07/31	4.69	4.90	4.59	4.85	4339429	86933464.00
2014/08/01	4.82	5.06	4.80	4.92	5378477	111298824.00
2014/08/04	4.91	4.96	4.86	4.95	2339243	47726116.00
2014/08/05	4.96	5.02	4.88	4.99	2390593	49012920.00
2014/08/06	4.99	5.01	4.94	4.98	2418893	49929544.00
2014/08/07	4.98	4.99	4.84	4.85	3638693	73728928.00
2014/08/08	4.84	4.91	4.84	4.89	1806184	36603336.00
2014/08/11	4.89	5.23	4.89	5.14	5959454	126245832.00
2014/08/12	5.15	5.17	5.09	5.15	2529115	53771004.00
2014/08/13	5.20	5.23	5.06	5.13	3187939	67816992.00
2014/08/14	5.13	5.13	5.02	5.03	2397619	50272436.00
2014/08/15	5.04	5.11	5.01	5.09	1884100	39684984.00
2014/08/18	5.14	5.16	5.03	5.06	3175922	66936244.00
2014/08/19	5.07	5.13	4.96	5.01	2669357	55523212.00
2014/08/20	5.00	5.04	4.96	4.98	2465506	51199348.00
2014/08/21	4.98	5.01	4.82	4.88	3762888	76188624.00
2014/08/22	4.88	4.93	4.88	4.93	1840376	37476388.00
2014/08/25	4.94	4.94	4.85	4.90	1471233	29878970.00
2014/08/26	4.88	5.01	4.88	4.91	2751111	56360420.00
2014/08/27	4.93	5.00	4.91	4.97	1638941	33740032.00
2014/08/28	4.98	4.98	4.83	4.85	1872259	37910060.00
2014/08/29	4.86	4.91	4.85	4.91	800484	16242507.00
2014/09/01	4.91	4.98	4.91	4.95	1554099	31938760.00
2014/09/02	4.96	5.05	4.94	5.03	2348521	48645652.00
2014/09/03	5.05	5.08	4.97	5.03	2318580	48480960.00
2014/09/04	5.04	5.07	4.98	5.06	2281640	47597712.00
2014/09/05	5.06	5.11	5.04	5.06	2638528	55388740.00
2014/09/09	5.06	5.12	5.05	5.09	2114965	44678336.00
2014/09/10	5.10	5.27	5.08	5.23	4261362	92041200.00
2014/09/11	5.20	5.25	5.05	5.12	4360742	93290928.00
2014/09/12	5.12	5.19	5.06	5.16	2196654	46481092.00
2014/09/15	5.12	5.26	5.09	5.25	2862754	61271028.00
2014/09/16	5.23	5.41	5.14	5.15	7593077	167704496.00
2014/09/17	5.13	5.19	5.01	5.10	3699688	78080448.00
2014/09/18	5.09	5.13	4.99	5.06	2651788	55576484.00
2014/09/19	5.06	5.34	5.04	5.31	3630547	78792024.00
2014/09/22	5.31	5.56	5.31	5.47	8123420	183804128.00
2014/09/23	5.47	5.88	5.43	5.77	10510804	249254704.00
2014/09/24	5.80	5.90	5.70	5.71	7115628	170450496.00
2014/09/25	5.73	6.24	5.73	6.23	11305129	279299744.00
2014/09/26	6.16	6.22	5.99	6.22	5611400	141116288.00
2014/09/29	6.16	6.21	6.00	6.03	6624672	165358016.00
2014/09/30	6.05	6.23	6.01	6.03	6909265	174315200.00
2014/10/08	6.03	6.06	5.84	6.00	5866972	143383952.00
2014/10/09	6.00	6.10	5.93	6.10	5156563	127460512.00
2014/10/10	6.01	6.11	5.93	6.06	5169767	128952200.00
2014/10/13	5.98	6.04	5.82	5.98	3828569	92972112.00
2014/10/14	6.10	6.10	5.87	6.01	3993530	98905744.00
2014/10/15	5.92	6.23	5.92	6.21	5532835	139000880.00
2014/10/16	6.16	6.36	5.97	5.99	4972006	125445104.00
2014/10/17	5.89	6.09	5.81	6.00	2774089	67969712.00
2014/10/20	6.09	6.53	6.06	6.19	7506509	192816592.00
2014/10/21	6.24	6.60	6.24	6.54	11517896	306337920.00
2014/10/22	6.47	6.58	6.31	6.35	6773268	179243984.00
2014/10/23	6.40	6.44	6.08	6.16	5031097	128451120.00
2014/10/24	6.16	6.26	6.03	6.03	3132173	79180816.00
2014/10/27	6.07	6.16	5.94	6.13	3418049	85053384.00
2014/10/28	6.09	6.49	6.09	6.44	7331314	192112640.00
2014/10/29	6.46	6.54	6.35	6.47	5079551	134309584.00
2014/10/30	6.50	6.70	6.47	6.56	6255370	169172864.00
2014/10/31	6.56	6.56	6.24	6.51	6724833	177383120.00
2014/11/03	6.48	6.54	6.43	6.49	3784867	100831296.00
2014/11/04	6.45	6.52	6.32	6.46	5611218	148970336.00
2014/11/05	6.47	6.55	6.39	6.46	3241125	86225600.00
2014/11/06	6.51	6.51	6.32	6.36	3994802	105261600.00
2014/11/07	6.40	6.49	6.26	6.31	4026609	105327648.00
2014/11/10	6.31	6.38	6.18	6.37	3843312	99368848.00
2014/11/11	6.36	6.36	6.17	6.21	4132270	105874696.00
2014/11/12	6.19	6.51	6.19	6.50	4744105	124705528.00
2014/11/13	6.49	6.86	6.41	6.43	10050114	274086176.00
2014/11/14	6.41	6.55	6.21	6.27	5054533	132601928.00
2014/11/17	6.26	6.59	6.26	6.46	2909562	77085288.00
2014/11/18	6.46	6.81	6.46	6.75	6713872	184517152.00
2014/11/19	6.81	7.05	6.69	6.99	7745004	219559936.00
2014/11/20	6.94	7.24	6.94	7.06	6914274	201933456.00
2014/11/21	7.04	7.06	6.87	6.96	6509054	186198128.00
2014/11/24	7.02	7.03	6.76	6.94	7613684	214775248.00
2014/11/25	6.90	7.19	6.82	7.19	5158072	148588272.00
2014/11/26	7.18	7.34	7.03	7.27	4739094	140253152.00
2014/11/27	7.26	7.38	7.13	7.19	6004714	177689712.00
2014/11/28	7.20	7.21	6.95	7.03	6225443	179695408.00
2014/12/01	7.03	7.03	6.71	6.82	7120772	199165120.00
2014/12/02	6.84	6.88	6.75	6.83	6140421	171335072.00
2014/12/03	6.85	7.22	6.85	7.21	8047641	232542160.00
2014/12/04	7.29	7.51	7.10	7.31	10447459	313456224.00
2014/12/05	7.29	7.29	6.81	6.94	11549438	330640320.00
2014/12/08	6.89	7.03	6.76	6.88	7767835	217675440.00
2014/12/09	6.89	7.06	6.58	6.68	11171654	309371648.00
2014/12/10	6.72	7.01	6.59	7.01	7868020	219615168.00
2014/12/11	6.90	7.06	6.90	6.97	6725857	192737280.00
2014/12/12	7.05	7.31	7.05	7.20	6599754	193575712.00
2014/12/15	7.19	7.45	7.12	7.41	7621900	229387072.00
2014/12/16	7.36	7.50	7.27	7.36	5488238	166150160.00
2014/12/17	7.41	7.44	6.93	7.06	10287833	299470464.00
2014/12/18	7.03	7.10	6.94	7.10	4234388	122731520.00
2014/12/19	7.14	7.16	6.74	7.05	5832564	165744992.00
2014/12/22	7.09	7.14	6.74	6.93	3519243	99153744.00
2014/12/23	6.93	6.93	6.65	6.79	4588811	127632608.00
2014/12/24	6.80	6.92	6.64	6.89	6081503	169713536.00
2014/12/25	6.93	6.93	6.77	6.89	4156063	116770240.00
2014/12/26	6.82	6.90	6.75	6.81	4953320	138740928.00
2014/12/29	6.76	6.81	6.36	6.53	10141027	271728320.00
2014/12/30	6.45	6.58	6.25	6.40	6803478	178649136.00
2014/12/31	6.35	6.64	6.32	6.54	5048746	134718080.00
2015/01/05	6.54	6.56	6.29	6.44	5448559	144446608.00
2015/01/06	6.41	6.65	6.38	6.64	7603474	204331504.00
2015/01/07	6.60	6.60	6.46	6.56	3604295	96957088.00
2015/01/08	6.59	6.84	6.57	6.73	6820959	189804688.00
2015/01/09	6.71	6.86	6.62	6.73	4132019	115401216.00
2015/01/12	6.65	6.91	6.63	6.82	5127171	143587280.00
2015/01/13	6.69	6.93	6.69	6.87	3209171	90389120.00
2015/01/14	6.88	7.14	6.82	7.03	6108781	176583120.00
2015/01/15	6.99	7.14	6.96	7.04	3930620	113794016.00
2015/01/16	7.04	7.28	6.98	7.21	4472769	130793088.00
2015/01/19	7.06	7.38	6.96	7.06	5812899	172311440.00
2015/01/20	7.00	7.31	6.97	7.30	5336443	155991216.00
2015/01/21	7.30	7.31	7.19	7.23	4149408	123471880.00
2015/01/22	7.30	7.30	7.07	7.18	4781142	141022800.00
2015/01/23	7.18	7.29	7.08	7.16	3959866	117240648.00
2015/01/26	7.18	7.89	7.09	7.89	9507298	294585664.00
2015/01/27	7.89	8.45	7.70	8.24	9454806	310491072.00
2015/01/28	8.24	8.53	8.07	8.36	8157519	279698688.00
2015/01/29	8.19	8.31	7.99	8.14	4716534	156667936.00
2015/01/30	8.15	8.52	8.04	8.04	6931132	234934336.00
2015/02/02	8.06	8.18	7.73	7.81	5636530	180773808.00
2015/02/03	7.86	8.09	7.65	8.03	6226607	201166000.00
2015/02/04	7.95	8.31	7.89	7.93	5126242	170295120.00
2015/02/05	7.95	8.21	7.76	8.01	5567326	182272416.00
2015/02/06	8.02	8.03	7.76	7.77	2885692	93203800.00
2015/02/09	7.73	7.97	7.71	7.77	1861797	59903556.00
2015/02/10	7.81	8.43	7.81	8.31	4842134	161678800.00
2015/02/11	8.25	8.65	8.23	8.50	4115183	143065824.00
2015/02/12	8.53	8.63	8.26	8.33	2151344	73738752.00
2015/02/13	8.44	8.50	8.32	8.40	2089896	71979264.00
2015/02/16	8.40	8.56	8.31	8.48	2107278	72684504.00
2015/02/17	8.58	8.72	8.39	8.60	2056218	72070816.00
2015/02/25	8.63	8.71	8.17	8.31	4265682	146965856.00
2015/02/26	8.29	8.46	8.20	8.45	2247320	76425664.00
2015/02/27	8.41	8.48	8.23	8.42	3923072	133772032.00
2015/03/02	8.41	8.41	8.21	8.36	3994612	135506192.00
2015/03/03	8.29	8.56	8.24	8.28	4659034	159860464.00
2015/03/04	8.28	9.13	8.24	9.13	9647366	346513568.00
2015/03/05	9.29	9.46	8.83	9.06	6443439	239071888.00
2015/03/06	9.08	9.15	8.80	9.02	3893726	142602512.00
2015/03/09	8.84	9.44	8.72	9.29	5362174	200379376.00
2015/03/10	9.25	9.34	9.09	9.20	2593426	97507392.00
2015/03/11	9.29	9.29	8.82	9.02	4141915	152417600.00
2015/03/12	9.02	9.17	8.88	9.07	2999195	110636296.00
2015/03/13	8.96	9.06	8.78	8.91	4374349	158497856.00
2015/03/16	8.90	9.54	8.80	9.38	11422253	424554624.00
2015/03/17	9.41	9.44	9.13	9.22	6469981	244658896.00
2015/03/18	9.22	9.44	9.15	9.39	5751954	218505040.00
2015/03/19	9.39	9.54	9.26	9.33	3917039	149720000.00
2015/03/20	9.32	9.40	9.12	9.21	5713940	214501696.00
2015/03/23	9.20	9.31	9.14	9.26	5622849	211904192.00
2015/03/24	9.26	9.69	9.04	9.52	9154246	348495648.00
2015/03/25	9.51	9.66	9.18	9.56	9860129	377851808.00
2015/03/26	9.47	9.47	9.16	9.18	6335111	239050848.00
2015/03/27	9.18	9.26	8.85	9.01	6766437	248706384.00
2015/03/30	9.02	9.13	8.93	9.10	6260012	230726240.00
2015/03/31	9.10	9.18	8.94	9.01	6218426	230312512.00
2015/04/01	9.02	9.46	9.02	9.40	8176597	309510976.00
2015/04/02	9.53	9.81	9.53	9.71	10085549	396737472.00
2015/04/03	9.66	10.15	9.59	9.97	8189848	330901728.00
2015/04/07	9.96	10.01	9.76	9.91	7303273	293011392.00
2015/04/08	9.91	9.94	9.59	9.74	5735327	227886816.00
2015/04/09	9.72	9.72	9.30	9.49	7418254	286885344.00
2015/04/10	9.49	9.84	9.49	9.84	5894471	232491968.00
2015/04/13	9.89	10.82	9.71	10.60	10684409	448582016.00
2015/04/14	10.69	11.10	10.61	11.09	13970120	619016448.00
2015/04/15	11.13	11.36	10.48	10.82	9893867	440401920.00
2015/04/16	10.81	11.40	10.60	11.31	14469918	654434880.00
2015/04/17	11.44	11.51	10.79	10.86	13600189	609269696.00
2015/04/20	10.79	10.80	10.21	10.21	10610022	452423424.00
2015/04/21	10.21	10.61	10.21	10.56	6273823	266912256.00
2015/04/22	10.64	11.03	10.63	10.78	7860127	344779040.00
2015/04/23	10.80	10.85	10.43	10.53	9079863	390519936.00
2015/04/24	10.41	10.66	10.28	10.59	6668410	283445984.00
2015/04/27	10.59	10.93	10.53	10.61	8175063	356903488.00
2015/04/28	10.59	10.68	10.09	10.17	8747221	366800672.00
2015/04/29	10.17	10.50	10.15	10.36	4529751	191512032.00
2015/04/30	10.36	10.79	10.34	10.57	7432622	321498560.00
2015/05/04	10.69	10.70	10.41	10.50	4238189	181669456.00
2015/05/05	10.41	10.56	10.10	10.14	3984502	166940352.00
2015/05/06	10.31	10.48	9.75	9.81	5528368	229062032.00
2015/05/07	9.84	10.00	9.69	9.78	4149908	165894080.00
2015/05/08	9.99	10.19	9.86	10.19	6214179	253865024.00
2015/05/11	10.08	10.46	10.06	10.41	8161429	341742336.00
2015/05/12	10.49	11.19	10.24	11.07	10650806	461385280.00
2015/05/13	10.94	11.36	10.69	10.98	11043759	495074496.00
2015/05/14	11.06	11.68	10.98	11.63	17087966	789863616.00
2015/05/15	11.80	11.88	11.37	11.58	13818771	654974400.00
2015/05/18	11.39	12.74	11.37	12.57	12722985	620111104.00
2015/05/19	12.57	12.57	12.01	12.32	13836238	689832768.00
2015/05/20	12.32	13.27	12.32	13.05	13864219	723052992.00
2015/05/21	13.41	14.38	13.41	14.38	19554980	1112833792.00
2015/05/22	14.61	15.34	13.95	14.34	58448943	1714923392.00
2015/05/25	13.85	14.60	13.65	14.29	35643901	1022381568.00
2015/05/26	14.35	15.10	14.15	14.94	40815506	1208521600.00
2015/05/27	15.38	16.29	15.35	15.40	45891311	1454706560.00
2015/05/28	15.39	15.39	13.84	13.84	38302143	1139621120.00
2015/05/29	13.68	14.34	12.80	14.11	28920250	808713408.00
2015/06/01	14.11	14.72	14.06	14.50	24784742	720800320.00
2015/06/02	14.53	14.80	14.10	14.60	27856617	809939712.00
2015/06/03	14.61	14.77	14.04	14.23	24040495	695183424.00
2015/06/04	14.23	14.30	12.79	13.86	23917478	655393600.00
2015/06/05	13.94	14.32	13.60	14.04	23848683	674803328.00
2015/06/08	14.04	14.04	13.36	13.56	20429719	561080960.00
2015/06/09	13.50	13.79	13.35	13.60	16848527	461936640.00
2015/06/10	13.55	14.13	13.38	13.96	24404417	681036352.00
2015/06/11	13.94	14.25	13.81	14.21	24019922	680681152.00
2015/06/12	14.27	14.42	14.03	14.09	20942075	599820544.00
2015/06/15	14.10	14.15	13.25	13.41	21240913	584734080.00
2015/06/16	13.10	13.41	12.35	12.63	20624940	540112448.00
2015/06/17	12.62	13.16	12.10	12.88	20201901	516683904.00
2015/06/18	13.13	13.55	12.59	12.60	22981755	613288576.00
2015/06/19	12.58	12.89	11.75	11.90	19363293	480599040.00
2015/06/23	11.89	12.24	11.14	12.13	19104080	458837472.00
2015/06/24	12.25	12.47	11.95	12.31	16439188	407869888.00
2015/06/25	12.38	12.45	11.64	11.95	14605113	358024256.00
2015/06/26	11.74	11.74	10.74	10.74	22412236	503209088.00
2015/06/29	11.29	11.29	9.65	9.76	24739773	518128064.00
2015/06/30	9.75	10.75	8.77	10.71	27352346	539457920.00
2015/07/01	10.55	11.04	9.85	9.90	22596600	485962560.00
2015/07/02	9.95	10.28	9.24	10.00	24352201	490132928.00
2015/07/20	11.02	11.02	11.02	11.02	1294427	28904554.00
2015/07/21	12.13	12.13	11.63	12.13	49035024	1192079616.00
2015/07/22	12.41	12.41	11.75	12.14	35462318	869005760.00
2015/07/23	12.23	13.35	12.15	12.99	36097035	938449152.00
2015/07/24	13.13	13.19	12.34	12.50	32165365	830247552.00
2015/07/27	12.31	12.77	11.23	11.23	25712522	632573184.00
2015/07/28	11.00	11.90	10.35	11.70	29424564	668859776.00
2015/07/29	11.85	12.27	11.59	12.25	16249996	391606624.00
2015/07/30	12.39	12.72	11.86	11.88	20616440	519095360.00
2015/07/31	11.89	12.09	11.64	12.03	17026460	410119776.00
2015/08/03	11.86	12.65	11.82	12.64	19388587	480264512.00
2015/08/04	12.64	13.11	12.20	12.90	27763290	714491840.00
2015/08/05	12.91	12.91	12.25	12.32	19061899	484288672.00
2015/08/06	12.05	12.35	11.93	12.10	11195880	274884032.00
2015/08/07	12.28	12.43	12.10	12.33	13569980	336878368.00
2015/08/10	12.31	12.90	12.31	12.81	24028926	616054720.00
2015/08/11	12.78	12.78	12.38	12.48	21851594	555486720.00
2015/08/12	12.35	12.41	12.01	12.08	14114670	348545504.00
2015/08/13	12.08	12.30	11.60	12.17	18620117	450570688.00
2015/08/14	12.23	12.25	11.91	11.95	13978089	340712352.00
2015/08/17	11.86	11.95	11.63	11.79	10117404	240930992.00
2015/08/18	11.92	12.12	10.60	10.73	15623654	364942592.00
2015/08/19	10.43	11.05	10.09	10.98	13281430	288200768.00
2015/08/20	10.83	10.98	10.49	10.51	8944821	195297152.00
2015/08/21	10.40	10.48	9.48	9.50	16211901	326006784.00
2015/08/24	9.05	9.08	8.54	8.54	19910529	348118720.00
2015/08/25	7.85	8.17	7.67	7.67	27797047	440579264.00
2015/08/26	7.90	8.15	7.40	7.86	17674072	282362752.00
2015/08/27	8.00	8.26	7.94	8.26	11194345	185244272.00
2015/08/28	8.45	8.96	8.43	8.85	13123134	231901264.00
2015/08/31	8.90	8.90	8.20	8.80	12630531	220119248.00
2015/09/01	8.56	8.94	8.08	8.94	14876244	261551568.00
2015/09/02	8.48	9.38	8.29	9.24	24342909	449512928.00
2015/09/07	9.00	9.53	8.36	8.58	20547880	372062752.00
2015/09/08	8.35	8.78	7.85	8.70	10217272	174043904.00
2015/09/09	8.69	9.13	8.60	9.10	12713213	231301312.00
2015/09/10	8.89	9.10	8.80	8.85	5532198	100841752.00
2015/09/11	8.85	8.95	8.64	8.78	4447780	79518672.00
2015/09/14	8.87	8.87	8.21	8.45	10765621	185161136.00
2015/09/15	8.27	8.41	7.93	8.00	4829073	79815976.00
2015/09/16	8.00	8.75	7.92	8.61	6305142	106369024.00
2015/09/17	8.60	8.75	8.32	8.32	6474194	112917768.00
2015/09/18	8.33	8.60	8.33	8.38	4007438	68910568.00
2015/09/21	8.30	8.75	8.25	8.64	6921669	121322832.00
2015/09/22	8.68	8.82	8.56	8.61	4547726	80188536.00
2015/09/23	8.41	8.56	8.36	8.45	3807688	65544536.00
2015/09/24	8.43	8.80	8.40	8.74	6860401	120658792.00
2015/09/25	8.64	8.73	8.28	8.41	5306381	91945752.00
2015/09/28	8.41	8.70	8.39	8.56	5084634	88662424.00
2015/09/29	8.52	8.73	8.27	8.63	5396650	93612672.00
2015/09/30	8.60	8.81	8.57	8.75	5330356	94651792.00
2015/10/08	9.01	9.28	8.66	8.92	14678746	269064928.00
2015/10/09	8.91	9.45	8.78	9.27	10426857	194271808.00
2015/10/12	9.48	10.21	9.48	10.05	17093320	343442976.00
2015/10/13	10.04	10.36	9.84	10.13	10240063	211298128.00
2015/10/14	10.40	10.56	9.93	10.00	13132791	272653376.00
2015/10/15	9.96	10.27	9.66	10.21	19430744	392607904.00
2015/10/16	10.21	10.33	9.98	10.23	11316865	233404080.00
2015/10/19	10.25	10.25	9.79	9.92	15369012	310340224.00
2015/10/20	10.08	10.54	10.00	10.50	19221183	399093216.00
2015/10/21	10.51	10.55	9.61	9.85	16722611	344653760.00
2015/10/22	9.92	10.34	9.88	10.30	12634782	259780976.00
2015/10/23	10.34	10.77	10.10	10.75	19188341	406066336.00
2015/10/26	10.99	11.35	10.60	11.05	26137757	581705664.00
2015/10/27	10.85	10.90	10.46	10.80	14258961	310005056.00
2015/10/28	10.70	10.96	10.36	10.46	13161324	286466816.00
2015/10/29	10.45	10.65	10.25	10.44	8117773	172092992.00
2015/10/30	10.47	10.66	10.21	10.37	7308578	154976576.00
2015/11/02	10.22	10.99	10.15	10.51	10644320	230749984.00
2015/11/03	10.65	10.96	10.56	10.71	12330858	270389120.00
2015/11/04	10.72	11.03	10.59	11.02	16810528	369484576.00
2015/11/05	11.07	11.07	10.60	10.72	18681250	409731808.00
2015/11/06	10.66	10.85	10.60	10.78	18396533	399524288.00
2015/11/09	10.67	10.96	10.60	10.78	17226562	377103808.00
2015/11/10	10.91	11.13	10.77	10.79	20783043	460369920.00
2015/11/11	10.70	10.70	10.36	10.54	24560334	523504832.00
2015/11/12	10.54	10.58	10.31	10.42	13796095	291172448.00
2015/11/13	10.30	10.53	10.19	10.48	11959216	251572128.00
2015/11/16	10.30	10.47	10.23	10.43	8042847	168854528.00
2015/11/17	10.50	11.10	10.48	11.10	39884415	874724160.00
2015/11/18	11.05	11.07	10.63	10.75	20963998	460335424.00
2015/11/19	10.68	10.87	10.63	10.82	14084273	306785888.00
2015/11/20	10.82	10.82	10.50	10.56	18288695	394354528.00
2015/11/23	10.49	10.72	10.30	10.52	11568982	246248368.00
2015/11/24	10.45	10.45	10.19	10.26	19736129	410563168.00
2015/11/25	10.33	10.44	10.25	10.42	15068558	316626752.00
2015/11/26	10.49	10.60	10.15	10.20	19956552	417993184.00
2015/11/27	10.11	10.20	9.47	9.50	15269270	307107392.00
2015/11/30	9.51	9.60	8.75	9.20	18557568	347211520.00
2015/12/01	9.25	9.36	9.05	9.29	13644311	255411616.00
2015/12/02	9.36	9.59	9.25	9.55	13265508	254508896.00
2015/12/03	9.53	9.70	9.42	9.70	10944639	213591696.00
2015/12/04	9.65	9.96	9.50	9.83	14449281	285921376.00
2015/12/07	9.73	9.87	9.61	9.78	10639233	210595664.00
2015/12/08	9.72	9.72	9.30	9.33	9609190	184900736.00
2015/12/09	9.25	9.60	9.21	9.52	8993116	172245216.00
2015/12/10	9.45	9.60	9.40	9.43	5606139	108335016.00
2015/12/11	9.45	9.58	9.29	9.51	7726442	148488576.00
2015/12/14	9.39	9.69	9.31	9.67	10986645	211640544.00
2015/12/15	9.67	9.84	9.63	9.73	7126682	141187104.00
2015/12/16	9.74	9.84	9.69	9.76	6120612	121203344.00
2015/12/17	9.82	10.25	9.82	10.16	15290941	313363744.00
2015/12/18	10.19	10.19	9.93	10.08	10066979	205409824.00
2015/12/21	10.01	10.42	10.01	10.36	15849844	331961120.00
2015/12/22	10.40	10.57	10.28	10.50	10442505	220660656.00
2015/12/23	10.55	10.63	10.18	10.20	14654606	307360704.00
2015/12/24	10.20	10.25	9.95	10.22	9139150	187472832.00
2015/12/25	10.23	10.30	10.10	10.21	7952869	164894560.00
2015/12/28	10.26	10.28	9.85	9.85	8820241	180125840.00
2015/12/29	9.85	9.98	9.81	9.92	5155147	103271408.00
2015/12/30	9.94	10.00	9.86	9.98	4735753	95529616.00
2015/12/31	9.99	10.15	9.98	10.02	8384716	171568144.00
2016/01/04	10.02	10.02	9.01	9.01	7763690	149506944.00
2016/01/05	8.85	9.39	8.75	9.31	12118665	225066896.00
2016/01/06	9.31	9.54	9.30	9.50	6661773	127436024.00
2016/01/07	9.30	9.40	8.60	8.73	1769267	32339874.00
2016/01/08	8.99	9.33	8.61	9.05	8424576	154331872.00
2016/01/11	8.85	8.92	8.13	8.18	9637836	168451536.00
2016/01/12	8.28	8.48	8.02	8.38	6757118	114434128.00
2016/01/13	8.46	8.52	8.10	8.10	4044828	68496704.00
2016/01/14	7.95	8.31	7.84	8.26	6959859	114755992.00
2016/01/15	8.24	8.60	8.19	8.40	10740628	183049152.00
2016/01/18	8.20	8.61	8.20	8.46	7879786	135480560.00
2016/01/19	8.73	8.94	8.43	8.83	11151415	198163424.00
2016/01/20	8.75	9.07	8.67	8.81	9839044	177432096.00
2016/01/21	8.74	8.83	8.29	8.30	8796066	154156144.00
2016/01/22	8.37	8.45	8.10	8.26	8058791	135587904.00
2016/01/25	8.40	8.51	8.08	8.16	7427907	124573264.00
2016/01/26	8.04	8.09	7.42	7.47	9627949	153322224.00
2016/01/27	7.49	7.51	6.85	7.25	11880470	173068928.00
2016/01/28	7.30	7.42	6.95	7.01	9456275	139631488.00
2016/01/29	7.10	7.45	7.01	7.32	12112722	180000848.00
2016/02/01	7.33	7.48	7.32	7.41	7494897	113247640.00
2016/02/02	7.30	7.63	7.30	7.59	12329242	189424400.00
2016/02/03	7.48	7.53	7.33	7.46	7605060	115193288.00
2016/02/04	7.53	7.74	7.52	7.62	9120745	142057664.00
2016/02/05	7.70	8.06	7.65	7.99	9836177	158597184.00
2016/02/15	7.74	7.88	7.65	7.82	7569522	120132576.00
2016/02/16	7.84	8.09	7.84	8.04	6393612	104205248.00
2016/02/17	8.03	8.08	7.95	8.04	4959897	81005008.00
2016/02/18	8.12	8.14	7.96	8.02	6153349	100845960.00
2016/02/19	8.00	8.03	7.83	7.90	5689063	91863368.00
2016/02/22	8.03	8.08	7.93	8.03	7193603	117542264.00
2016/02/23	8.06	8.15	7.85	8.07	7460069	122007040.00
2016/02/24	8.00	8.01	7.60	7.80	10651195	169620672.00
2016/02/25	7.81	7.83	7.01	7.05	11882312	180662560.00
2016/02/26	7.10	7.29	7.06	7.19	7052394	103397440.00
2016/02/29	7.19	7.20	6.67	6.79	7913532	110306672.00
2016/03/01	6.83	7.03	6.70	6.92	8027606	112526936.00
2016/03/02	6.99	7.24	6.93	7.24	9203351	133134256.00
2016/03/03	7.24	7.47	7.20	7.33	10186098	152938672.00
2016/03/04	7.34	7.40	6.95	7.08	8087130	118221344.00
2016/03/07	7.19	7.33	7.15	7.20	4380602	64621200.00
2016/03/08	7.23	7.25	6.94	7.20	6165662	88883040.00
2016/03/09	7.05	7.15	6.94	7.05	3833622	55236620.00
2016/03/10	7.05	7.20	6.99	7.08	4765044	69269240.00
2016/03/11	7.04	7.30	7.01	7.23	5847434	85744608.00
2016/03/14	7.33	7.48	7.25	7.39	7760976	117281128.00
2016/03/15	7.41	7.48	7.27	7.32	4227684	63474868.00
2016/03/16	7.34	7.40	7.18	7.30	4353154	64743900.00
2016/03/17	7.34	7.45	7.29	7.45	7902057	119479480.00
2016/03/18	7.46	7.72	7.46	7.61	10030970	155456752.00
2016/03/21	7.75	7.85	7.60	7.70	13278526	208444352.00
2016/03/22	7.65	7.69	7.59	7.63	7592694	118416208.00
2016/03/23	7.60	7.67	7.50	7.64	7776426	120429696.00
2016/03/24	7.63	7.63	7.45	7.51	9852386	150981040.00
2016/03/25	7.53	7.70	7.52	7.65	8050840	125139712.00
2016/04/08	8.42	8.43	7.88	7.95	37995291	629596864.00
2016/04/11	8.14	8.22	7.96	8.10	20755039	343139488.00
2016/04/12	8.03	8.08	7.80	7.93	18891132	303880480.00
2016/04/13	7.94	8.12	7.94	8.03	13416687	220263760.00
2016/04/14	8.10	8.12	7.99	8.06	10734883	176113168.00
2016/04/15	8.05	8.22	8.04	8.13	10723250	177673184.00
2016/04/18	8.12	8.12	7.90	7.97	7592448	123119376.00
2016/04/19	7.99	8.03	7.86	7.97	8039208	129706280.00
2016/04/20	7.99	8.01	7.53	7.63	13103818	206543408.00
2016/04/21	7.56	7.70	7.50	7.54	9774649	151467296.00
2016/04/22	7.43	7.64	7.43	7.64	6056080	93278464.00
2016/04/25	7.60	7.70	7.52	7.65	5439354	84421000.00
2016/04/26	7.65	7.70	7.59	7.66	5178115	80655064.00
2016/04/27	7.69	7.97	7.66	7.85	11699947	187169152.00
2016/04/28	7.85	7.90	7.72	7.89	7101109	112919208.00
2016/04/29	7.83	7.95	7.75	7.81	7339250	117716200.00
2016/05/03	7.75	8.08	7.75	8.07	11299970	183161376.00
2016/05/04	8.03	8.08	7.96	7.99	7547054	123087176.00
2016/05/05	7.99	8.03	7.95	8.02	5182684	84373776.00
2016/05/06	8.22	8.29	7.93	8.01	17704763	292452448.00
2016/05/09	7.93	7.94	7.65	7.68	11769632	185662720.00
2016/05/10	7.70	7.73	7.50	7.64	8106509	125713416.00
2016/05/11	7.68	7.93	7.55	7.81	11766790	186743440.00
2016/05/12	7.66	7.87	7.50	7.67	13272712	103827400.00
2016/05/13	7.70	7.98	7.67	7.75	14928427	118426968.00
2016/05/16	7.67	7.74	7.49	7.69	13724979	106088272.00
2016/05/17	7.71	7.85	7.66	7.75	12450973	97601032.00
2016/05/18	7.69	7.73	7.42	7.47	12126010	92645304.00
2016/05/19	7.46	7.55	7.42	7.43	8798081	66744132.00
2016/05/20	7.40	7.45	7.31	7.44	6510161	48755784.00
2016/05/23	7.42	7.51	7.42	7.46	9151585	69231688.00
2016/05/24	7.47	7.50	7.29	7.32	8301648	62251452.00
2016/05/25	7.37	7.45	7.26	7.30	9512795	70783912.00
2016/05/26	7.28	7.35	7.11	7.25	10517481	76852712.00
2016/05/27	7.24	7.25	7.15	7.19	7674545	55994972.00
2016/05/30	7.12	7.32	7.10	7.31	8690546	63702188.00
2016/05/31	7.35	7.53	7.35	7.52	16452469	124686152.00
2016/06/01	7.57	7.57	7.42	7.46	13328789	100984808.00
2016/06/02	7.44	7.47	7.35	7.42	8840517	66416852.00
2016/06/03	7.45	7.93	7.42	7.90	39063229	304641984.00
2016/06/06	7.83	8.18	7.81	8.06	37540600	306895808.00
2016/06/07	8.05	8.28	7.91	8.00	25855175	211976080.00
2016/06/08	8.03	8.11	7.89	7.95	17351126	139685136.00
2016/06/13	7.84	7.85	7.53	7.53	19807046	154970800.00
2016/06/14	7.43	7.57	7.19	7.35	25440894	190341776.00
2016/06/15	7.19	7.60	7.18	7.51	19489977	147454128.00
2016/06/16	7.49	7.64	7.40	7.42	15901614	120985664.00
2016/06/17	7.48	7.82	7.44	7.70	18196932	141174400.00
2016/06/20	7.68	8.08	7.61	7.96	26671319	213930288.00
2016/06/21	8.01	8.24	7.88	7.91	26101732	212787872.00
2016/06/22	7.91	8.02	7.78	8.00	14893881	119416440.00
2016/06/23	8.05	8.08	7.89	7.96	13603651	109701368.00
2016/06/24	7.99	8.05	7.67	7.86	14736070	117947840.00
2016/06/27	7.79	8.00	7.75	7.99	16647251	133385496.00
2016/06/28	7.98	7.98	7.79	7.96	17834164	142777520.00
2016/06/29	7.99	8.13	7.91	8.05	21383687	173732208.00
2016/06/30	8.05	8.05	7.90	7.95	13521485	109077904.00
2016/07/01	7.99	8.01	7.91	7.93	12800038	103040496.00
2016/07/04	7.92	8.11	7.81	8.09	22028247	179473152.00
2016/07/05	8.10	8.19	8.02	8.18	29340001	241346896.00
2016/07/06	8.11	8.16	8.05	8.10	11057815	90625032.00
2016/07/07	8.08	8.14	7.98	8.05	13309625	108540160.00
2016/07/08	8.05	8.08	7.98	8.05	9522888	77460880.00
2016/07/11	8.08	8.09	7.97	7.99	11053200	89958592.00
2016/07/12	7.96	8.17	7.94	8.15	19182796	156765360.00
2016/07/13	8.20	8.65	8.20	8.58	67557517	584260416.00
2016/07/14	8.51	8.55	8.36	8.47	22429153	191174352.00
2016/07/15	8.40	8.71	8.40	8.62	30270214	262727136.00
2016/07/18	8.62	8.75	8.49	8.54	21711897	188230064.00
2016/07/19	8.51	8.57	8.28	8.39	18127797	153890272.00
2016/07/20	8.40	8.45	8.35	8.41	11821440	100504608.00
2016/07/21	8.39	8.55	8.39	8.44	13585536	116658712.00
2016/07/22	8.48	8.49	8.25	8.26	13363728	112595544.00
2016/07/25	8.18	8.44	8.15	8.36	13763501	116170920.00
2016/07/26	8.32	8.55	8.31	8.55	12753718	109175160.00
2016/07/27	8.58	8.61	8.10	8.20	18513946	156038624.00
2016/07/28	8.21	8.47	8.18	8.37	13528045	114014200.00
2016/07/29	8.29	8.55	8.28	8.50	13902669	119381176.00
2016/08/01	8.51	8.53	8.23	8.47	12833146	108460472.00
2016/08/02	8.52	8.58	8.40	8.54	11089961	95383416.00
2016/08/03	8.47	8.50	8.37	8.48	8841602	75474416.00
2016/08/04	8.47	8.49	8.18	8.28	23191591	194098016.00
2016/08/05	8.29	8.29	8.09	8.14	18359090	151594224.00
2016/08/08	8.14	8.17	8.01	8.16	17011094	139143696.00
2016/08/09	8.16	8.24	8.12	8.18	16344460	135329920.00
2016/08/10	8.20	8.21	8.08	8.12	12655818	104251600.00
2016/08/11	8.11	8.12	7.99	8.05	13177845	107451880.00
2016/08/12	8.04	8.20	8.00	8.18	13542367	110772472.00
2016/08/15	8.14	8.42	8.14	8.35	23101857	194077376.00
2016/08/16	8.40	8.48	8.33	8.41	19614733	166719360.00
2016/08/17	8.50	8.60	8.43	8.48	30485118	262510112.00
2016/08/18	8.50	8.52	8.39	8.41	21865811	186443136.00
2016/08/19	8.41	8.46	8.34	8.44	13258165	112869112.00
2016/08/22	8.42	8.48	8.34	8.36	11995170	101813968.00
2016/08/23	8.36	8.45	8.35	8.38	9145872	77797520.00
2016/08/24	8.40	8.56	8.38	8.43	17099526	146760112.00
2016/08/25	8.35	8.37	8.15	8.27	19929444	166232672.00
2016/08/26	8.29	8.34	8.22	8.26	9575256	80257240.00
2016/08/29	8.30	8.33	8.25	8.32	13618398	114336920.00
2016/08/30	8.31	8.37	8.24	8.26	9448488	79343040.00
2016/08/31	8.28	8.33	8.23	8.27	11210454	93809464.00
2016/09/01	8.28	8.30	8.20	8.21	11796496	98376496.00
2016/09/02	8.21	8.23	8.10	8.15	9867277	81532008.00
2016/09/05	8.17	8.21	8.13	8.16	7220742	59764804.00
2016/09/06	8.15	8.29	8.11	8.28	10599755	87875952.00
2016/09/07	8.26	8.32	8.17	8.20	17007181	142259744.00
2016/09/08	8.22	8.23	8.16	8.20	9017155	74727920.00
2016/09/09	8.20	8.24	8.11	8.11	9494325	78592432.00
2016/09/12	8.03	8.04	7.89	7.94	18386307	148362128.00
2016/09/13	7.97	8.02	7.90	7.93	9095572	73172736.00
2016/09/14	7.95	7.97	7.85	7.88	9693203	77628072.00
2016/09/19	7.89	7.94	7.88	7.94	5171392	41491204.00
2016/09/20	7.94	7.98	7.91	7.95	7359509	59217612.00
2016/09/21	7.95	7.97	7.92	7.94	6519935	52447716.00
2016/09/22	7.99	8.00	7.94	7.97	10919811	88126544.00
2016/09/23	7.96	7.98	7.91	7.92	6711635	53949196.00
2016/09/26	7.90	7.90	7.64	7.64	20911662	163733184.00
2016/09/27	7.63	7.70	7.60	7.68	10553103	81776752.00
2016/09/28	7.73	7.73	7.61	7.64	7973563	61683120.00
2016/09/29	7.64	7.73	7.62	7.64	9486540	73728200.00
2016/09/30	7.64	7.85	7.63	7.79	10095474	79280888.00
2016/10/10	7.80	8.03	7.80	7.97	12582805	101559472.00
2016/10/11	7.99	8.08	7.96	8.07	14299883	116465768.00
2016/10/12	8.06	8.06	7.98	8.01	9167170	74463064.00
2016/10/13	8.03	8.03	7.84	7.85	21175509	169333488.00
2016/10/14	7.84	7.90	7.76	7.86	13710490	108702216.00
2016/10/17	7.72	7.81	7.51	7.52	47922028	369579136.00
2016/10/18	7.52	7.59	7.48	7.59	22340446	170615216.00
2016/10/19	7.59	7.60	7.50	7.53	21233562	162207744.00
2016/10/20	7.55	7.56	7.50	7.52	14658706	111725208.00
2016/10/21	7.54	7.61	7.50	7.57	19690708	150571584.00
2016/10/24	7.57	7.64	7.54	7.62	20715775	159579632.00
2016/10/25	7.61	7.69	7.58	7.66	17282816	133632640.00
2016/10/26	7.60	7.64	7.53	7.54	22868380	175163360.00
2016/10/27	7.54	7.57	7.49	7.52	16079069	122614160.00
2016/10/28	7.50	7.53	7.42	7.43	21651328	163715616.00
2016/10/31	7.40	7.48	7.38	7.47	12934557	97394360.00
2016/11/01	7.47	7.55	7.46	7.54	16059557	122263608.00
2016/11/02	7.52	7.56	7.41	7.45	14409970	109399312.00
2016/11/03	7.42	7.47	7.38	7.45	16330113	122941480.00
2016/11/04	7.45	7.45	7.38	7.40	11269100	84610056.00
2016/11/07	7.41	7.42	7.34	7.36	14976073	111779880.00
2016/11/08	7.37	7.42	7.36	7.41	11162344	83568888.00
2016/11/09	7.41	7.41	7.26	7.29	15691090	116422504.00
2016/11/10	7.33	7.41	7.30	7.38	16534117	123502808.00
2016/11/11	7.37	7.56	7.35	7.54	26444233	200593072.00
2016/11/14	7.48	7.57	7.48	7.55	18627283	142213392.00
2016/11/15	7.57	7.58	7.53	7.56	11743766	89872568.00
2016/11/16	7.58	7.63	7.55	7.58	16298303	125505528.00
2016/11/17	7.59	7.59	7.49	7.51	9942934	75734392.00
2016/11/18	7.53	7.53	7.41	7.42	11633900	87970640.00
2016/11/21	7.41	7.49	7.38	7.46	9489846	71720184.00
2016/11/22	7.47	7.63	7.47	7.62	23145462	177980496.00
2016/11/23	7.62	7.70	7.62	7.63	21623262	167838240.00
2016/11/24	7.64	7.86	7.62	7.82	44855164	353670304.00
2016/11/25	7.86	7.88	7.62	7.78	29188286	229095872.00
2016/11/28	7.80	7.88	7.78	7.82	22225436	176166064.00
2016/11/29	7.82	7.84	7.67	7.70	20101885	158082368.00
2016/11/30	7.68	7.77	7.65	7.73	13280535	103635576.00
2016/12/01	7.71	7.76	7.66	7.75	10528407	82321904.00
2016/12/02	7.79	7.79	7.59	7.60	11672219	90640200.00
2016/12/05	7.53	7.70	7.50	7.61	11163930	86410568.00
2016/12/06	7.64	7.70	7.61	7.65	8801091	68314288.00
2016/12/07	7.68	7.69	7.62	7.69	7947813	61588712.00
2016/12/08	7.71	7.76	7.66	7.69	9625516	75201576.00
2016/12/09	7.71	7.94	7.68	7.88	36219424	288129024.00
2016/12/12	7.93	7.99	7.66	7.69	32085018	253566768.00
2016/12/13	7.69	8.06	7.66	8.01	49315402	394889344.00
2016/12/14	7.96	8.47	7.94	8.35	88442418	738871232.00
2016/12/15	8.23	8.32	8.15	8.26	44125600	367248576.00
2016/12/16	8.24	8.28	8.11	8.19	39860895	330715744.00
2016/12/19	8.22	8.42	8.22	8.27	46059330	387662240.00
2016/12/20	8.20	8.22	8.04	8.06	28139759	230810400.00
2016/12/21	8.11	8.22	8.03	8.09	24058435	197418784.00
2016/12/22	8.09	8.31	8.01	8.27	33803144	280405024.00
2016/12/23	8.24	8.34	8.11	8.17	24735026	206101312.00
2016/12/26	8.11	8.16	7.96	8.12	18685323	152482336.00
2016/12/27	8.11	8.15	8.04	8.04	11701143	95767120.00
2016/12/28	8.04	8.08	7.91	8.00	20611912	166905488.00
2016/12/29	7.98	8.06	7.93	7.96	15510153	125678224.00
2016/12/30	7.95	8.00	7.79	7.80	18306498	145889520.00
2017/01/03	7.81	7.91	7.76	7.79	18116200	143707536.00
2017/01/04	7.81	7.97	7.79	7.96	23905850	190670096.00
2017/01/05	7.95	7.95	7.85	7.87	14679648	117246440.00
2017/01/06	7.86	7.89	7.76	7.79	16404596	129863968.00
2017/01/09	7.78	7.89	7.76	7.83	14563635	115206336.00
2017/01/10	7.84	7.89	7.76	7.81	12797310	101363832.00
2017/01/11	7.82	7.83	7.68	7.71	13570461	106518552.00
2017/01/12	7.70	7.71	7.41	7.44	25252283	192604336.00
2017/01/13	7.43	7.48	7.41	7.43	10032628	75687632.00
2017/01/16	7.45	7.46	6.84	7.21	16660467	122218384.00
2017/01/17	7.20	7.29	7.15	7.23	9169830	67157752.00
2017/01/18	7.27	7.27	7.21	7.25	4283091	31431244.00
2017/01/19	7.26	7.26	7.17	7.23	5942512	43420124.00
2017/01/20	7.21	7.33	7.20	7.29	6173717	45625680.00
2017/01/23	7.29	7.44	7.28	7.35	8968978	66981896.00
2017/01/24	7.37	7.42	7.33	7.40	11099556	83042000.00
2017/01/25	7.36	7.41	7.33	7.38	4480373	33457038.00
2017/01/26	7.36	7.46	7.33	7.37	7089767	53135328.00
2017/02/03	7.37	7.39	7.28	7.32	5745862	42653872.00
2017/02/06	7.33	7.46	7.33	7.42	14361326	107501872.00
2017/02/07	7.42	7.43	7.34	7.39	9214651	68955944.00
2017/02/08	7.39	7.40	7.27	7.36	16408036	121699608.00
2017/02/09	7.36	7.37	7.31	7.36	16035222	119381896.00
2017/02/10	7.36	7.42	7.34	7.40	16835660	125652976.00
2017/02/13	7.39	7.46	7.37	7.46	22036009	165717040.00
2017/02/14	7.47	7.49	7.39	7.43	13728646	103296488.00
2017/02/15	7.44	7.60	7.41	7.54	28917872	220655280.00
2017/02/16	7.52	7.59	7.49	7.54	15094151	115117144.00
2017/02/17	7.54	7.55	7.47	7.49	11697541	88893944.00
2017/02/20	7.49	7.69	7.49	7.66	19007423	146479104.00
2017/02/21	7.67	7.73	7.60	7.73	17423658	135488016.00
2017/02/22	7.73	7.87	7.67	7.79	23299552	183764960.00
2017/02/23	7.75	7.86	7.71	7.84	19455245	153193536.00
2017/02/24	7.83	7.94	7.74	7.85	16600204	131540744.00
2017/02/27	7.84	7.84	7.60	7.64	18160753	141837120.00
2017/02/28	7.61	7.66	7.42	7.61	30301276	231070896.00
2017/03/01	7.56	7.63	7.51	7.53	17667050	135500208.00
2017/03/02	7.57	7.58	7.45	7.47	14530012	110410712.00
2017/03/03	7.43	7.52	7.41	7.49	11727822	88736224.00
2017/03/06	7.50	7.53	7.45	7.52	12480959	94798088.00
2017/03/07	7.53	7.56	7.46	7.51	12239663	93068280.00
2017/03/08	7.50	7.53	7.45	7.46	9247528	70156776.00
2017/03/09	7.47	7.49	7.32	7.36	15069167	112671056.00
2017/03/10	7.35	7.36	7.30	7.35	9966178	74060408.00
2017/03/13	7.31	7.38	7.29	7.36	8121435	60457848.00
2017/03/14	7.36	7.47	7.36	7.43	14170852	106821152.00
2017/03/15	7.40	7.47	7.35	7.40	8944020	67035464.00
2017/03/16	7.40	7.44	7.39	7.43	13336510	100132232.00
2017/03/17	7.44	7.45	7.33	7.35	11763834	88236696.00
2017/03/20	7.34	7.36	7.26	7.32	14846387	109912472.00
2017/03/21	7.33	7.33	7.25	7.27	13403595	98810640.00
2017/03/22	7.25	7.27	7.18	7.19	16136530	117935104.00
2017/03/23	7.19	7.29	7.17	7.21	12028869	88247400.00
2017/03/24	7.22	7.30	7.20	7.30	10254334	75388208.00
2017/03/27	7.26	7.33	7.21	7.22	13847657	102059312.00
2017/03/28	7.25	7.28	7.22	7.24	10508116	77295360.00
2017/03/29	7.23	7.26	7.12	7.16	11628998	84521464.00
2017/03/30	7.15	7.15	7.00	7.08	19435399	138815632.00
2017/03/31	7.07	7.14	7.04	7.12	10102455	72627224.00
2017/04/05	7.10	7.21	7.07	7.20	15424944	112064960.00
2017/04/06	7.18	7.26	7.16	7.26	8359122	61137796.00
2017/04/07	7.26	7.31	7.19	7.28	15058370	110710536.00
2017/04/10	7.30	7.30	7.22	7.26	12234898	89947400.00
2017/04/11	7.26	7.28	7.21	7.26	8457590	62060300.00
2017/04/12	7.27	7.30	7.20	7.21	12391099	91105824.00
2017/04/13	7.21	7.29	7.20	7.26	8883633	65226056.00
2017/04/14	7.24	7.28	7.20	7.26	10326820	75794304.00
2017/04/17	7.22	7.33	7.21	7.28	13171307	97331592.00
2017/04/18	7.30	7.35	7.25	7.27	8710801	64421932.00
2017/04/19	7.25	7.27	7.00	7.22	14286003	103654992.00
2017/04/20	7.22	7.24	7.08	7.13	8147750	58949316.00
2017/04/21	7.14	7.36	7.12	7.33	12816745	94233064.00
2017/04/24	7.36	7.36	7.24	7.34	9771122	72277496.00
2017/04/25	7.33	7.41	7.27	7.40	14523159	107942952.00
2017/04/26	7.40	7.45	7.36	7.39	10594456	79694216.00
2017/04/27	7.39	7.39	7.19	7.25	12090218	89109616.00
2017/04/28	7.24	7.38	7.22	7.31	5818535	43140952.00
2017/05/02	7.29	7.35	7.14	7.14	9668131	70770440.00
2017/05/03	7.13	7.17	7.05	7.08	7754198	55804184.00
2017/05/04	7.08	7.16	7.06	7.13	4313165	31154062.00
2017/05/05	7.13	7.14	7.02	7.04	5323888	38173768.00
2017/05/08	7.03	7.09	6.99	7.00	4678856	33378576.00
2017/05/09	7.00	7.02	6.89	6.96	6445912	45384764.00
2017/05/10	6.96	7.01	6.76	6.77	9242359	64562912.00
2017/05/11	6.70	6.78	6.56	6.75	14157649	95579328.00
2017/05/12	6.71	6.80	6.64	6.76	6029624	41122936.00
2017/05/15	6.76	6.80	6.70	6.79	6649515	45461816.00
2017/05/16	6.78	6.95	6.72	6.95	8144790	56594368.00
2017/05/17	6.90	7.06	6.90	6.96	8659266	61344092.00
2017/05/18	6.93	7.01	6.90	6.99	6551805	46345148.00
2017/05/19	6.98	7.01	6.94	6.98	8222286	58161244.00
2017/05/22	6.95	7.02	6.83	6.86	4213100	29625352.00
2017/05/23	6.86	6.93	6.64	6.75	9296963	64427620.00
2017/05/24	6.73	6.81	6.66	6.78	4563038	31268944.00
2017/05/25	6.72	6.94	6.72	6.89	9733997	67739048.00
2017/05/26	6.85	6.95	6.83	6.84	5324473	37161228.00
2017/05/31	6.91	6.97	6.80	6.81	7015862	48985332.00
2017/06/01	6.81	6.93	6.81	6.87	7241500	50607768.00
2017/06/02	6.87	6.98	6.82	6.96	7052300	49407476.00
2017/06/05	6.97	6.98	6.91	6.95	6272300	44249888.00
2017/06/06	6.93	6.99	6.91	6.98	4868800	34315944.00
2017/06/07	6.99	7.08	6.98	7.05	7100800	50659152.00
2017/06/08	7.06	7.24	7.06	7.21	14142800	102803072.00
2017/06/09	7.22	7.23	7.13	7.20	5987900	43588840.00
2017/06/12	7.18	7.24	7.13	7.17	5429185	39606972.00
2017/06/13	7.17	7.22	7.15	7.18	6608219	48160660.00
2017/06/14	7.14	7.22	7.12	7.21	7260857	52961848.00
2017/06/15	7.20	7.26	7.16	7.24	8638767	63183588.00
2017/06/16	7.25	7.26	7.16	7.19	5779131	42223232.00
2017/06/19	7.19	7.27	7.13	7.23	7171900	52386060.00
2017/06/20	7.23	7.31	7.20	7.30	12437538	91818048.00
2017/06/21	7.34	7.35	7.28	7.32	6867800	50861372.00
2017/06/22	7.32	7.40	7.29	7.30	7961700	59377520.00
2017/06/23	7.27	7.36	7.23	7.33	8694500	64146104.00
2017/06/26	7.37	7.45	7.34	7.41	17663600	132613768.00
2017/06/27	7.41	7.49	7.38	7.39	10191800	76609960.00
2017/06/28	7.39	7.39	7.23	7.25	8432224	62395132.00
2017/06/29	7.27	7.35	7.22	7.34	7690700	56922908.00
2017/06/30	7.30	7.43	7.28	7.43	10758900	80695288.00
2017/07/03	7.44	7.46	7.40	7.43	6598900	49652288.00
2017/07/04	7.42	7.44	7.34	7.34	9553500	71553088.00
2017/07/05	7.33	7.37	7.28	7.37	6446200	47844324.00
2017/07/06	7.35	7.40	7.26	7.27	12418200	92256728.00
2017/07/07	7.25	7.36	7.24	7.36	7173000	53173052.00
2017/07/10	7.31	7.45	7.31	7.41	8174600	61395904.00
2017/07/11	7.41	7.49	7.38	7.43	9923300	75062480.00
2017/07/12	7.41	7.42	7.28	7.41	6341800	47444712.00
2017/07/13	7.42	7.62	7.38	7.55	13565100	103657768.00
2017/07/14	7.55	7.57	7.43	7.51	8596300	65259868.00
2017/07/17	7.55	7.56	7.37	7.40	13363900	99661512.00
2017/07/18	7.40	7.67	7.35	7.65	13863500	104605336.00
2017/07/19	7.60	7.82	7.58	7.76	25236900	195844672.00
2017/07/20	7.70	7.83	7.70	7.82	13727100	107021272.00
2017/07/21	7.85	8.08	7.76	8.00	26872426	214091152.00
2017/07/24	8.04	8.11	7.86	7.92	21018600	166753296.00
2017/07/25	7.90	8.04	7.87	7.99	16854100	134481056.00
2017/07/26	7.95	7.98	7.81	7.88	12581200	98999040.00
2017/07/27	7.85	8.26	7.82	8.06	31338200	253189632.00
2017/07/28	8.07	8.15	7.91	7.97	14794300	118657976.00
2017/07/31	7.91	8.21	7.91	8.15	13168000	106954600.00
2017/08/01	8.12	8.21	7.92	8.08	17528400	141726480.00
2017/08/02	8.08	8.12	7.85	8.00	18527400	148064048.00
2017/08/03	7.99	8.06	7.92	7.97	13182400	105443760.00
2017/08/04	7.97	8.10	7.79	7.88	17076100	136207312.00
2017/08/07	7.81	8.00	7.81	7.98	11541800	91209984.00
2017/08/08	7.97	8.10	7.95	8.04	8008900	64477588.00
2017/08/09	8.04	8.10	7.97	8.00	6372500	51150652.00
2017/08/10	8.00	8.11	7.89	7.99	17047200	135984400.00
2017/08/11	7.92	7.96	7.80	7.85	10317000	81163016.00
2017/08/14	7.87	8.09	7.83	8.09	10810100	86325408.00
2017/08/15	8.09	8.11	7.90	8.03	12587500	100712240.00
2017/08/16	8.00	8.00	7.89	7.92	9024200	71516856.00
2017/08/17	7.95	7.95	7.86	7.89	7263300	57362684.00
2017/08/18	7.88	8.01	7.84	7.97	8152600	64568148.00
2017/08/21	7.97	8.09	7.92	8.08	11779700	94505176.00
2017/08/22	8.03	8.12	7.96	8.10	10926100	88225952.00
2017/08/23	8.10	8.11	8.02	8.06	5079800	40947308.00
2017/08/24	8.08	8.23	8.08	8.19	15100300	123464752.00
2017/08/25	8.15	8.23	8.10	8.17	8662000	70713176.00
2017/08/28	8.19	8.31	8.19	8.20	11482000	94522712.00
2017/08/29	8.23	8.23	8.02	8.08	12013800	97235024.00
2017/08/30	8.10	8.17	8.05	8.16	6016800	48865896.00
2017/08/31	8.15	8.20	8.12	8.17	5083700	41530936.00
数据来源:通达信
