002422 科伦药业 日线 前复权
      日期	    开盘	    最高	    最低	    收盘	    成交量	    成交额
2010/06/03	13.16	14.79	12.96	14.20	36645732	3162385152.00
2010/06/04	14.60	14.68	13.80	14.37	17004360	1534418304.00
2010/06/07	13.94	15.26	13.84	14.98	10624434	983549568.00
2010/06/08	14.93	14.98	14.49	14.74	5146536	478346880.00
2010/06/09	14.74	15.15	14.64	14.81	4354044	407298432.00
2010/06/10	14.76	15.79	14.71	15.58	5545282	536959296.00
2010/06/11	15.60	15.92	15.45	15.55	3574903	351297824.00
2010/06/17	15.61	15.68	14.10	14.10	7100638	657859840.00
2010/06/18	13.93	14.10	13.28	13.78	4506257	391769312.00
2010/06/21	13.61	14.59	13.49	14.41	2838922	253781680.00
2010/06/22	14.29	14.96	14.27	14.48	2103292	194448608.00
2010/06/23	14.37	14.81	14.36	14.75	2103731	193906768.00
2010/06/24	14.73	15.40	14.60	15.33	2977375	283181344.00
2010/06/25	15.25	15.65	15.10	15.33	3042463	294161152.00
2010/06/28	15.26	16.01	15.15	15.48	3107904	305213312.00
2010/06/30	14.73	15.16	14.18	14.90	3428919	317453504.00
2010/07/01	14.73	14.93	14.10	14.10	2181362	198223920.00
2010/07/02	13.94	14.14	13.13	13.75	2380400	205769584.00
2010/07/05	13.56	14.24	13.43	14.13	1426779	125901016.00
2010/07/06	14.08	14.69	14.04	14.44	1468319	133608120.00
2010/07/07	14.66	14.66	13.93	14.38	1188222	106712936.00
2010/07/08	14.60	15.36	14.39	15.23	1995879	186959616.00
2010/07/09	15.15	15.58	15.07	15.39	2076460	200560912.00
2010/07/12	15.39	15.74	15.17	15.43	1464609	141924336.00
2010/07/13	15.18	15.39	14.83	15.06	1379826	130597200.00
2010/07/14	15.07	15.71	14.96	15.13	1243158	120005336.00
2010/07/15	15.18	15.39	14.30	14.31	1546137	143870352.00
2010/07/16	14.18	14.59	14.10	14.50	970861	88053304.00
2010/07/19	14.43	15.20	14.30	15.16	1546460	144984624.00
2010/07/20	15.18	16.63	15.15	16.09	5186493	518632128.00
2010/07/21	16.10	16.59	15.94	16.09	3678018	373837952.00
2010/07/22	16.23	17.00	16.10	16.88	3028602	315681632.00
2010/07/23	16.89	16.90	16.31	16.73	2780106	288819360.00
2010/07/26	16.73	16.90	16.43	16.75	1794267	187152704.00
2010/07/27	16.71	17.26	16.68	17.06	1761249	187162976.00
2010/07/28	16.81	17.28	16.44	17.01	2210548	234670704.00
2010/07/29	17.01	17.01	16.51	16.90	1977647	207018576.00
2010/07/30	16.91	17.34	16.76	17.30	2171620	233651520.00
2010/08/02	17.46	17.68	17.27	17.29	1639181	178685376.00
2010/08/03	17.25	17.68	17.19	17.21	1695466	184292768.00
2010/08/04	17.25	17.35	16.66	17.12	2143108	226234448.00
2010/08/05	17.08	17.50	16.90	17.06	1489234	160488544.00
2010/08/06	16.99	17.35	16.78	17.31	1344398	143997936.00
2010/08/09	17.43	18.18	17.33	18.17	2135794	238425088.00
2010/08/10	18.17	18.18	16.51	16.56	3207742	346790400.00
2010/08/11	16.58	17.14	16.58	17.10	1887122	199821472.00
2010/08/12	16.82	17.16	16.70	16.73	1723436	182248720.00
2010/08/13	16.83	17.16	16.66	17.10	1084332	115137624.00
2010/08/16	17.03	17.50	16.93	17.18	1217258	131814784.00
2010/08/17	17.23	17.50	16.95	17.46	1424477	152675424.00
2010/08/18	17.40	17.68	17.16	17.58	1442336	157554800.00
2010/08/19	17.48	18.46	17.40	17.81	2510795	283243200.00
2010/08/20	17.60	17.77	17.02	17.29	1541867	166956096.00
2010/08/23	17.30	17.40	16.78	16.96	1299731	138451456.00
2010/08/24	17.05	17.73	16.87	17.55	1829531	198868800.00
2010/08/25	17.45	17.87	17.10	17.12	1320908	144340048.00
2010/08/26	17.26	18.01	17.18	18.01	2045282	226061488.00
2010/08/27	18.10	18.89	18.00	18.62	2042132	234000016.00
2010/08/30	18.73	19.18	18.56	18.74	2393214	281493696.00
2010/08/31	18.61	18.95	18.40	18.54	1498123	174001680.00
2010/09/01	18.58	18.76	17.88	18.00	2728088	309937920.00
2010/09/02	18.10	19.25	17.93	19.03	2035446	237139824.00
2010/09/03	18.65	19.45	18.46	18.85	4738923	561441600.00
2010/09/06	18.99	19.16	18.26	18.51	2766298	321252128.00
2010/09/07	18.58	19.10	18.44	18.91	1382050	162842784.00
2010/09/08	18.83	19.06	18.69	18.92	1135402	133516264.00
2010/09/09	18.95	19.57	18.70	18.76	1513264	179979376.00
2010/09/10	18.71	18.93	18.22	18.65	2604749	301748960.00
2010/09/13	18.76	18.99	18.43	18.99	1418821	165629600.00
2010/09/14	19.01	19.05	18.53	18.64	1023607	119396680.00
2010/09/15	18.66	18.76	17.75	17.78	1721704	197067568.00
2010/09/16	17.93	18.25	17.26	17.63	2074228	231209008.00
2010/09/17	17.65	17.84	17.27	17.68	923975	101876528.00
2010/09/20	17.69	18.20	17.60	17.88	1153686	129179040.00
2010/09/21	17.94	18.68	17.85	18.60	1509644	172606592.00
2010/09/27	18.76	19.66	18.70	19.64	2062589	248679712.00
2010/09/28	19.43	19.90	19.34	19.60	1109671	135058480.00
2010/09/29	19.60	19.76	19.23	19.63	1298399	156920656.00
2010/09/30	19.56	19.76	19.52	19.72	951691	116329904.00
2010/10/08	19.88	20.08	19.62	19.89	1578498	194571440.00
2010/10/11	19.83	19.83	18.71	18.99	3103446	369571584.00
2010/10/12	18.81	19.33	18.60	18.60	1797175	211841664.00
2010/10/13	18.63	18.75	17.93	18.15	2684349	304707040.00
2010/10/14	18.16	18.36	17.91	17.93	2075442	234695968.00
2010/10/15	18.01	18.35	17.76	17.90	1589829	178681616.00
2010/10/18	17.68	18.18	16.93	18.16	2449224	268776320.00
2010/10/19	18.04	18.59	17.93	18.57	1472440	168805904.00
2010/10/20	18.31	18.75	18.06	18.43	2107858	241196016.00
2010/10/21	18.42	18.49	18.05	18.25	970138	110427800.00
2010/10/22	18.21	19.13	18.13	19.09	1752111	204947904.00
2010/10/25	19.26	19.60	18.76	19.19	1657817	198145680.00
2010/10/26	19.31	19.43	18.47	18.63	2347081	273917344.00
2010/10/27	18.76	19.10	18.46	18.55	1507112	175582528.00
2010/10/28	18.59	18.74	18.27	18.63	1381936	159623264.00
2010/10/29	18.63	19.01	18.30	18.90	1583118	184952976.00
2010/11/01	18.82	20.03	18.63	19.61	3139908	382134400.00
2010/11/02	19.71	19.71	19.11	19.15	1703903	205941104.00
2010/11/03	19.09	19.74	18.87	19.28	1429856	172310704.00
2010/11/04	19.28	21.28	19.18	21.28	3875649	496248096.00
2010/11/05	21.26	21.99	21.04	21.67	2946683	392928960.00
2010/11/08	21.53	22.35	21.43	21.91	2004925	271889152.00
2010/11/09	21.76	22.31	21.45	22.26	1502967	204015952.00
2010/11/10	22.31	24.26	22.30	23.10	3166317	459817248.00
2010/11/11	23.36	23.73	22.83	22.93	1890862	272368480.00
2010/11/12	22.63	24.30	22.62	23.27	3740688	540551040.00
2010/11/15	23.21	25.26	23.21	25.19	2869891	432515712.00
2010/11/16	25.11	25.68	23.60	23.81	3139011	476697504.00
2010/11/17	23.46	24.16	22.28	22.40	2760019	397145920.00
2010/11/18	22.53	23.02	22.01	22.85	1829760	256172368.00
2010/11/19	22.95	25.13	22.58	25.13	3098843	458647040.00
2010/11/22	24.93	25.60	24.13	24.60	2757707	424616288.00
2010/11/23	24.26	25.88	24.12	25.56	3142014	490626368.00
2010/11/24	25.41	26.24	25.17	26.23	1741770	276797440.00
2010/11/25	26.18	26.56	25.10	25.33	2304541	364037984.00
2010/11/26	25.15	25.52	24.81	25.43	1442706	224223696.00
2010/11/29	25.46	27.01	25.19	26.90	2435322	396077312.00
2010/11/30	26.76	26.90	24.85	26.28	3354060	535940640.00
2010/12/01	25.81	26.31	25.51	25.65	1561641	248820272.00
2010/12/02	25.97	25.97	25.20	25.26	1513314	237515200.00
2010/12/03	25.13	25.26	24.47	24.79	1369336	209616192.00
2010/12/06	24.79	25.09	23.69	24.50	2092994	314804896.00
2010/12/07	24.29	25.45	24.29	25.07	1545514	239156848.00
2010/12/08	24.93	25.41	24.58	24.61	1319734	203221792.00
2010/12/09	24.44	24.51	23.80	23.82	1357674	202280960.00
2010/12/10	23.71	25.19	23.66	24.76	1416392	215069648.00
2010/12/13	25.01	26.27	25.01	25.88	1756925	280333280.00
2010/12/14	25.89	26.20	25.68	25.93	973022	155896384.00
2010/12/15	25.93	26.07	25.45	25.66	1044075	165748960.00
2010/12/16	25.60	26.85	25.60	26.26	1337474	218047824.00
2010/12/17	26.26	26.67	26.04	26.42	972330	158176608.00
2010/12/20	26.23	26.41	24.74	25.21	2553288	399533888.00
2010/12/21	25.23	25.55	24.85	25.35	1290180	200434320.00
2010/12/22	25.33	25.43	24.21	24.56	1665526	254097376.00
2010/12/23	24.43	24.91	24.28	24.56	634334	96566672.00
2010/12/24	24.40	24.40	23.18	23.63	1615917	236192112.00
2010/12/27	23.82	23.99	22.93	23.13	1565987	226601168.00
2010/12/28	23.05	23.74	23.01	23.43	1350221	195487248.00
2010/12/29	23.42	24.10	23.26	24.07	1037557	151985872.00
2010/12/30	24.07	24.66	23.81	24.64	1209195	181467968.00
2010/12/31	24.60	25.64	24.48	25.52	1488684	231977376.00
2011/01/04	25.35	25.90	25.10	25.56	1511664	238089728.00
2011/01/05	25.54	25.86	25.11	25.27	1364056	214092704.00
2011/01/06	25.26	25.43	24.67	25.18	935304	144020896.00
2011/01/07	25.01	25.01	24.53	24.65	2080963	317637088.00
2011/01/10	24.46	24.60	23.64	23.85	1520137	226158384.00
2011/01/11	23.76	23.76	22.68	23.10	2141241	305902464.00
2011/01/12	23.17	23.63	22.98	23.14	1090325	156643504.00
2011/01/13	23.18	23.81	23.18	23.60	1157845	169586832.00
2011/01/14	23.60	23.76	22.83	22.88	874030	124537504.00
2011/01/17	22.90	23.43	21.77	21.82	1594213	221920320.00
2011/01/18	21.76	21.76	21.06	21.66	801177	106792152.00
2011/01/19	21.63	22.26	21.51	22.21	728560	99346488.00
2011/01/20	22.27	22.59	21.66	21.95	1048091	142990592.00
2011/01/21	21.79	22.96	21.79	22.93	1195952	166995952.00
2011/01/24	22.76	22.98	21.60	21.68	1072483	146895504.00
2011/01/25	21.60	22.09	21.07	21.43	1074795	142349488.00
2011/01/26	21.60	21.95	21.20	21.71	645833	86456896.00
2011/01/27	21.56	22.14	21.10	21.87	887637	119669944.00
2011/01/28	21.93	22.90	21.79	22.76	942041	130890752.00
2011/01/31	22.60	23.31	22.37	23.10	862338	121599376.00
2011/02/01	23.13	23.42	22.70	23.12	728322	103652648.00
2011/02/09	22.98	23.11	22.38	22.68	823977	116303816.00
2011/02/10	22.45	23.31	22.25	23.28	810773	114751832.00
2011/02/11	22.95	23.59	22.95	23.17	595577	86229648.00
2011/02/14	23.42	23.98	23.25	23.80	1231120	181537536.00
2011/02/15	23.61	25.25	23.61	24.58	1682828	255610016.00
2011/02/16	24.60	25.51	24.44	25.43	1260768	195300800.00
2011/02/17	25.26	25.46	24.92	25.10	1023767	158903760.00
2011/02/18	25.10	26.51	24.87	26.06	2204424	350579232.00
2011/02/21	25.93	26.41	25.77	26.36	1278411	205473280.00
2011/02/22	26.26	26.32	24.93	25.10	1527191	239700992.00
2011/02/23	25.01	26.80	25.01	26.80	1992857	317743552.00
2011/02/24	26.18	26.18	24.04	24.04	5342908	806165184.00
2011/02/25	23.43	24.59	23.31	24.23	2081309	307687072.00
2011/02/28	23.93	24.31	23.17	24.31	1988583	293190464.00
2011/03/01	24.21	24.21	23.68	23.93	1050062	155380816.00
2011/03/02	23.77	23.77	23.04	23.13	1327116	191370000.00
2011/03/03	23.10	23.40	22.32	22.40	1550605	218933088.00
2011/03/04	22.43	23.02	22.43	23.00	718741	101579968.00
2011/03/07	23.35	23.92	23.03	23.89	2108770	307602368.00
2011/03/08	23.76	23.76	22.99	23.10	2262708	324568608.00
2011/03/09	23.18	23.18	22.71	23.13	1699103	241312576.00
2011/03/10	23.18	23.43	23.03	23.16	2170430	312078592.00
2011/03/11	23.16	23.51	22.82	23.26	2652778	381483264.00
2011/03/14	23.26	24.30	23.22	24.09	2966823	439442848.00
2011/03/15	24.16	24.64	23.46	24.01	3043352	453679296.00
2011/03/16	24.01	24.26	23.36	23.44	2544869	371936608.00
2011/03/17	23.22	23.51	22.80	23.02	1239388	177787664.00
2011/03/18	23.26	23.36	22.81	22.92	1059727	150536288.00
2011/03/21	22.89	23.06	22.76	22.90	1057704	149782784.00
2011/03/22	22.96	22.98	22.28	22.34	1429318	198580016.00
2011/03/23	22.40	22.64	22.31	22.59	913024	126955320.00
2011/03/24	22.59	22.63	22.31	22.46	999813	138947856.00
2011/03/25	22.37	22.55	22.34	22.50	713684	99264952.00
2011/03/29	22.26	22.29	21.35	21.40	1744672	235782384.00
2011/03/30	21.40	21.61	21.10	21.14	944116	125124760.00
2011/03/31	21.11	21.51	21.07	21.31	526053	69380824.00
2011/04/01	21.26	21.43	21.14	21.35	732224	96703768.00
2011/04/06	21.26	21.68	20.60	21.58	1200730	156504976.00
2011/04/07	21.56	21.56	21.18	21.23	629890	83211680.00
2011/04/08	21.23	21.60	21.20	21.55	918398	122201856.00
2011/04/11	21.65	21.65	20.95	21.03	888822	116801656.00
2011/04/12	20.95	21.31	20.90	21.08	663478	87056264.00
2011/04/13	21.02	21.53	20.93	21.52	688922	91399656.00
2011/04/14	21.50	21.50	21.26	21.35	599180	79345000.00
2011/04/15	21.33	21.35	20.44	20.57	1753378	226059264.00
2011/04/18	20.43	20.57	20.07	20.11	1158439	145888000.00
2011/04/19	20.08	20.42	19.73	20.35	1136167	141071184.00
2011/04/20	20.33	21.45	20.02	21.28	1578383	204745312.00
2011/04/21	21.26	22.23	21.14	21.70	1876794	254532208.00
2011/04/22	21.70	22.01	21.44	21.68	621792	83690272.00
2011/04/25	21.68	21.93	21.36	21.46	664132	89061680.00
2011/04/26	21.48	21.51	20.28	20.93	933653	121624704.00
2011/04/27	20.93	21.09	20.56	20.66	628472	80983112.00
2011/04/28	20.66	21.24	20.56	20.60	788359	101940424.00
2011/04/29	20.35	20.64	19.69	20.20	733655	45935992.00
2011/05/03	20.15	20.85	19.14	20.65	1381599	86141792.00
2011/05/04	20.53	21.07	20.31	20.41	1173089	75224712.00
2011/05/05	20.35	20.68	20.02	20.40	808571	51060588.00
2011/05/06	20.30	21.10	20.18	20.81	1430354	91896168.00
2011/05/09	20.98	21.01	20.69	20.82	1373632	88577544.00
2011/05/10	20.82	20.82	19.80	20.31	976601	61659164.00
2011/05/11	20.31	20.31	19.87	19.95	1116861	69296048.00
2011/05/12	19.85	20.16	19.75	19.76	813613	50165628.00
2011/05/13	19.77	19.85	19.28	19.45	1459085	87812936.00
2011/05/16	19.45	19.68	19.35	19.35	896887	54212652.00
2011/05/17	19.31	19.51	19.18	19.35	657309	39407928.00
2011/05/18	19.35	19.45	19.20	19.37	908887	54513684.00
2011/05/19	19.36	19.36	19.09	19.23	2157364	128391600.00
2011/05/20	19.21	19.60	19.14	19.52	968032	58331204.00
2011/05/23	19.52	19.75	18.98	18.99	992004	59325804.00
2011/05/24	18.75	18.95	18.05	18.40	1758392	100294752.00
2011/05/25	18.36	18.38	17.01	17.25	2359419	129865488.00
2011/05/26	17.25	17.50	16.51	16.57	1933683	101223120.00
2011/05/27	16.57	16.66	15.95	16.02	2357606	119624824.00
2011/05/30	16.01	16.85	15.86	16.68	2461272	126934480.00
2011/05/31	16.61	16.83	16.26	16.51	1744499	89963352.00
2011/06/01	16.44	16.68	15.88	16.51	1901940	96817784.00
2011/06/02	16.35	16.90	16.05	16.66	2631746	136170944.00
2011/06/03	16.60	18.05	16.60	17.95	2716861	149511936.00
2011/06/07	17.88	18.18	17.51	17.94	1963782	108853728.00
2011/06/08	17.91	18.47	17.77	18.18	1409964	79783928.00
2011/06/09	18.18	18.55	17.88	17.95	1331490	75398008.00
2011/06/10	17.89	18.18	17.39	17.78	1481174	81148504.00
2011/06/13	17.68	18.41	17.39	18.31	1445474	81671112.00
2011/06/14	18.33	18.43	18.08	18.34	717163	40686348.00
2011/06/15	18.48	18.48	18.11	18.21	673887	38121468.00
2011/06/16	18.12	18.12	17.47	17.59	1160744	63378772.00
2011/06/17	17.48	17.59	17.31	17.31	644519	35008980.00
2011/06/20	17.15	17.66	17.02	17.34	359510	19444228.00
2011/06/21	17.36	17.60	17.19	17.41	685319	37073728.00
2011/06/22	17.54	17.62	17.41	17.49	573786	31226550.00
2011/06/23	17.41	18.38	17.31	18.18	925972	51459016.00
2011/06/24	18.18	18.78	18.18	18.55	1192078	68611512.00
2011/06/27	18.58	18.97	18.46	18.55	1309078	76111216.00
2011/06/28	18.55	18.75	18.35	18.68	668692	38608364.00
2011/06/29	18.74	19.17	18.57	19.01	1334179	78685920.00
2011/06/30	18.96	19.10	18.89	19.01	1040022	61351928.00
2011/07/01	19.17	19.67	19.02	19.45	1827457	109678136.00
2011/07/04	19.51	19.83	19.38	19.53	1294844	78711096.00
2011/07/05	19.55	19.64	19.01	19.31	1550654	92707544.00
2011/07/06	19.13	19.26	18.94	19.21	841540	49933260.00
2011/07/07	19.05	19.45	19.05	19.26	1347952	80872616.00
2011/07/08	19.31	19.41	19.13	19.23	602453	36018868.00
2011/07/11	19.23	20.33	19.23	20.17	2248010	138734656.00
2011/07/12	20.01	20.78	19.95	20.40	3106275	197667456.00
2011/07/13	20.35	20.76	20.29	20.69	1936313	123414064.00
2011/07/14	20.69	20.88	20.58	20.65	1913969	122706648.00
2011/07/15	20.52	21.17	20.51	21.13	1666522	107719928.00
2011/07/18	21.35	23.01	21.20	21.95	3140288	214829728.00
2011/07/19	21.70	22.18	21.01	21.45	2072831	137346816.00
2011/07/20	21.68	21.75	21.35	21.43	949598	63075572.00
2011/07/21	21.35	21.55	20.81	20.89	1530139	99660952.00
2011/07/22	21.01	21.30	20.75	21.29	1153622	75053008.00
2011/07/25	21.01	21.16	20.18	20.38	1884083	120651328.00
2011/07/26	20.35	20.67	20.21	20.45	962226	60747860.00
2011/07/27	20.27	21.25	20.18	21.25	1527908	98957032.00
2011/07/28	21.18	21.79	20.98	21.74	1672364	111194792.00
2011/07/29	21.57	21.83	21.18	21.50	1554527	103265840.00
2011/08/01	21.49	22.11	21.36	21.53	1432462	96245256.00
2011/08/02	21.47	22.08	21.28	21.95	1696314	113565344.00
2011/08/03	21.88	22.71	21.69	22.57	2566088	178292768.00
2011/08/04	22.57	22.70	22.36	22.41	1389359	96745056.00
2011/08/05	21.75	22.69	20.68	22.28	2211020	151973216.00
2011/08/08	21.73	22.43	21.01	21.83	3978638	268458336.00
2011/08/09	21.20	22.38	20.96	22.34	2735645	184057600.00
2011/08/10	22.58	23.11	22.45	22.65	2867546	201715536.00
2011/08/11	22.24	22.71	22.21	22.67	2512594	174422208.00
2011/08/12	22.81	22.81	22.20	22.41	1793456	124137512.00
2011/08/15	22.41	22.41	21.64	21.88	2969010	200333856.00
2011/08/16	21.81	22.18	21.69	21.83	904918	61287076.00
2011/08/17	21.81	21.94	21.54	21.80	994431	66764376.00
2011/08/18	21.67	21.71	21.18	21.19	1041483	69000432.00
2011/08/19	20.98	21.58	20.85	21.55	1062843	69957168.00
2011/08/22	21.67	21.68	20.64	20.67	1730033	112465448.00
2011/08/23	20.91	21.68	20.68	21.41	1641475	106766296.00
2011/08/24	21.45	21.69	21.07	21.08	935209	61597348.00
2011/08/25	21.05	21.40	21.02	21.31	831514	54731700.00
2011/08/26	21.39	21.50	21.22	21.37	555424	36684688.00
2011/08/29	21.36	21.48	21.02	21.37	750898	49551472.00
2011/08/30	21.45	21.52	21.18	21.20	987013	65243672.00
2011/08/31	21.21	21.21	20.35	20.68	1114550	71606688.00
2011/09/01	20.68	21.08	20.68	20.76	940051	60614148.00
2011/09/02	20.68	20.96	20.60	20.84	496818	32021472.00
2011/09/05	20.68	20.84	20.46	20.61	562374	35917680.00
2011/09/06	20.35	20.68	20.28	20.40	1517206	96184544.00
2011/09/07	20.68	20.81	20.32	20.57	614322	38994276.00
2011/09/08	20.64	20.88	20.50	20.66	832741	53343968.00
2011/09/09	20.85	20.94	20.35	20.40	754798	48181848.00
2011/09/13	20.18	20.18	19.41	19.91	1312213	80191032.00
2011/09/14	19.85	20.01	19.44	19.88	785791	47940644.00
2011/09/15	19.90	20.06	19.85	19.98	447619	27653352.00
2011/09/16	19.98	20.47	19.98	20.01	412287	25762918.00
2011/09/19	19.84	20.05	19.44	19.68	447531	27542016.00
2011/09/20	19.55	19.84	19.28	19.65	468602	28407096.00
2011/09/21	19.68	20.15	19.38	20.06	735083	45404024.00
2011/09/22	20.01	20.01	19.11	19.28	625468	37774616.00
2011/09/23	19.01	19.57	18.88	19.25	541555	32250500.00
2011/09/26	18.98	19.25	18.61	18.73	575118	33584036.00
2011/09/27	18.85	19.05	18.68	19.01	500546	29406776.00
2011/09/28	19.21	19.21	18.48	18.68	471921	27424444.00
2011/09/29	18.49	18.84	18.34	18.60	379948	21922626.00
2011/09/30	18.60	18.92	18.56	18.85	735132	42780076.00
2011/10/10	18.85	18.95	18.68	18.69	232768	13568791.00
2011/10/11	19.18	19.18	18.36	18.52	434641	25419704.00
2011/10/12	18.61	18.84	18.29	18.75	1038979	60209204.00
2011/10/13	18.91	18.91	18.52	18.71	1694256	98173480.00
2011/10/14	18.69	18.70	17.87	18.01	1943089	108983256.00
2011/10/17	18.01	18.08	17.35	17.35	1397787	76945704.00
2011/10/18	17.42	17.42	16.52	16.68	1983827	103608904.00
2011/10/19	16.72	16.78	16.35	16.41	858419	44329728.00
2011/10/20	16.35	16.72	16.11	16.43	879983	45149780.00
2011/10/21	16.55	16.61	16.17	16.30	548191	28005672.00
2011/10/24	16.34	16.48	15.51	16.40	2392938	119001616.00
2011/10/25	16.35	17.42	16.21	17.38	1675742	88214056.00
2011/10/26	17.14	17.65	16.95	17.06	1364523	73397440.00
2011/10/27	17.35	17.75	16.93	17.01	2145136	116149224.00
2011/10/28	17.31	17.38	17.01	17.35	1132432	60565740.00
2011/10/31	17.34	18.08	17.28	18.05	1687790	93568776.00
2011/11/01	17.91	18.79	17.71	18.58	2443383	139940800.00
2011/11/02	18.31	19.09	18.02	19.05	1600664	92430784.00
2011/11/03	19.02	19.27	18.51	18.52	1151572	67439232.00
2011/11/04	18.70	18.84	18.18	18.28	1386449	79161952.00
2011/11/07	18.09	18.60	18.09	18.18	856506	48761884.00
2011/11/08	18.42	18.64	18.15	18.24	625677	35590936.00
2011/11/09	18.33	18.66	18.11	18.66	589810	33707016.00
2011/11/10	18.47	18.47	17.61	17.71	3478943	193469168.00
2011/11/11	17.62	17.77	17.11	17.31	2096722	112781216.00
2011/11/14	17.32	17.75	17.25	17.70	1632895	88935120.00
2011/11/15	17.65	17.66	17.45	17.58	1192070	65060844.00
2011/11/16	17.58	17.78	17.19	17.37	1262661	68729616.00
2011/11/17	17.31	17.76	17.28	17.55	1036650	56441384.00
2011/11/18	17.38	17.50	16.90	17.03	1084993	57896328.00
2011/11/21	17.03	17.11	16.45	16.68	1016836	52941928.00
2011/11/22	16.65	16.88	16.41	16.74	829568	43171152.00
2011/11/23	16.74	16.87	16.58	16.65	558971	29100070.00
2011/11/24	16.45	16.80	16.11	16.65	559233	28776886.00
2011/11/25	16.68	16.77	16.55	16.60	379182	19685568.00
2011/11/28	16.59	17.14	16.58	16.97	872336	45967544.00
2011/11/29	16.97	17.40	16.97	17.35	1882354	100811208.00
2011/11/30	17.35	17.41	16.56	16.64	1044747	54896944.00
2011/12/01	17.02	17.17	16.78	16.90	1483445	78581640.00
2011/12/02	16.77	16.77	16.08	16.18	1224612	62382416.00
2011/12/05	16.07	16.37	16.02	16.19	682250	34528848.00
2011/12/06	16.31	16.34	16.02	16.23	435199	22006602.00
2011/12/07	16.31	16.33	16.05	16.08	445060	22486724.00
2011/12/08	16.21	16.34	15.77	15.99	644423	32213598.00
2011/12/09	15.88	15.90	15.61	15.67	952165	46743032.00
2011/12/12	15.68	15.77	15.35	15.35	753807	36574424.00
2011/12/13	15.30	15.35	14.73	14.75	882055	41315984.00
2011/12/14	14.76	14.93	14.11	14.11	1067944	48388756.00
2011/12/15	14.11	14.40	13.52	14.28	1952250	85619664.00
2011/12/16	14.27	14.48	13.85	14.28	1595862	71198232.00
2011/12/19	14.25	14.25	13.55	13.85	1919567	82979416.00
2011/12/20	13.78	14.05	13.75	13.90	1430326	62615104.00
2011/12/21	14.05	14.18	13.55	13.58	1307247	57411396.00
2011/12/22	13.51	13.78	13.13	13.73	1078878	45561944.00
2011/12/23	13.67	13.96	13.43	13.45	920753	39662368.00
2011/12/26	13.39	13.61	13.22	13.34	588472	24746634.00
2011/12/27	13.33	13.50	13.24	13.29	551524	23162824.00
2011/12/28	13.30	13.44	13.06	13.32	841602	35201392.00
2011/12/29	13.34	13.61	13.25	13.58	912227	38602432.00
2011/12/30	13.68	13.85	13.58	13.81	999956	43206780.00
2012/01/04	13.95	14.01	13.24	13.24	902460	38906896.00
2012/01/05	13.24	13.41	12.68	12.75	1032799	42787656.00
2012/01/06	12.79	12.83	11.88	12.03	2756707	105532168.00
2012/01/09	12.08	12.45	11.51	12.35	2049902	78705144.00
2012/01/10	12.35	12.91	12.32	12.90	2127710	84773472.00
2012/01/11	13.01	13.04	12.80	12.89	1394669	56836980.00
2012/01/12	12.81	13.11	12.73	12.81	829139	33695372.00
2012/01/13	12.81	12.99	11.88	12.02	1573349	60805792.00
2012/01/16	11.95	11.97	11.18	11.18	1491378	54416848.00
2012/01/17	11.05	11.75	11.03	11.71	1961083	71583712.00
2012/01/18	11.84	11.84	11.28	11.44	1228346	45074376.00
2012/01/19	11.40	11.78	11.20	11.75	1292458	47515620.00
2012/01/20	11.85	12.95	11.65	12.86	2924108	113691880.00
2012/01/30	12.80	12.80	12.31	12.55	1574432	62353936.00
2012/01/31	12.41	12.65	12.41	12.50	823389	32522432.00
2012/02/01	12.42	12.73	12.37	12.40	1241428	49177780.00
2012/02/02	12.43	12.63	12.35	12.57	835055	32900198.00
2012/02/03	12.54	12.91	12.49	12.91	1672918	67582536.00
2012/02/06	13.04	13.15	12.91	13.15	1465496	60265680.00
2012/02/07	13.03	13.05	12.58	12.69	1122300	45078748.00
2012/02/08	12.69	13.12	12.61	13.12	1102486	44756096.00
2012/02/09	13.05	13.46	13.01	13.19	1534059	64402672.00
2012/02/10	13.05	13.44	13.03	13.30	1102492	46125940.00
2012/02/13	13.10	14.16	13.09	14.00	2052294	89452184.00
2012/02/14	13.93	14.14	13.82	13.94	788063	34491288.00
2012/02/15	13.68	14.01	13.68	13.94	1323210	57596764.00
2012/02/16	13.96	14.01	13.58	13.64	1201424	52010944.00
2012/02/17	13.63	13.76	13.58	13.67	1015770	43593344.00
2012/02/20	13.88	13.95	13.50	13.53	872117	37605204.00
2012/02/21	13.59	13.61	13.28	13.57	920745	38992820.00
2012/02/22	13.65	14.17	13.60	14.17	2231986	97477720.00
2012/02/23	14.16	14.28	14.01	14.06	1428693	63425364.00
2012/02/24	14.02	14.63	14.02	14.45	1863296	83673072.00
2012/02/28	14.35	14.80	14.35	14.45	1739105	79244880.00
2012/02/29	14.45	14.80	14.38	14.44	1362335	61996608.00
2012/03/01	14.43	14.44	14.12	14.19	1247715	55721056.00
2012/03/02	14.18	14.35	14.15	14.35	1601634	71475104.00
2012/03/05	14.45	14.45	14.11	14.18	1339759	59711648.00
2012/03/06	14.18	14.18	13.67	13.71	1886150	81861208.00
2012/03/07	13.61	13.84	13.55	13.58	1201222	51631664.00
2012/03/08	13.68	13.72	13.58	13.64	1547964	66432132.00
2012/03/09	13.68	14.11	13.68	14.09	1422479	62240252.00
2012/03/12	14.02	14.56	14.02	14.53	2539820	114631336.00
2012/03/13	14.58	14.89	14.53	14.79	2315710	107111984.00
2012/03/14	14.85	14.97	13.87	14.05	2690914	122299232.00
2012/03/15	13.94	14.18	13.91	14.01	2041941	90031008.00
2012/03/16	14.01	14.55	14.01	14.55	1643954	73775200.00
2012/03/19	14.50	14.75	14.42	14.67	1786790	81803176.00
2012/03/20	14.55	14.64	14.02	14.04	1642730	73293856.00
2012/03/21	14.22	14.35	13.86	14.05	1278086	56438532.00
2012/03/22	14.07	14.14	13.93	13.96	765875	33720464.00
2012/03/23	13.96	14.08	13.71	14.01	971928	42237544.00
2012/03/26	14.02	14.35	14.02	14.15	842317	37559728.00
2012/03/27	13.85	13.86	13.22	13.42	2782690	117736744.00
2012/03/28	13.49	13.49	12.62	12.71	2042718	83016904.00
2012/03/29	12.72	12.78	12.37	12.43	1220960	48324268.00
2012/03/30	12.44	12.58	12.36	12.44	683191	26909916.00
2012/04/05	12.44	12.66	12.28	12.65	1475698	58265032.00
2012/04/06	12.65	12.66	12.38	12.54	1022986	40528160.00
2012/04/09	12.48	12.48	12.14	12.20	840426	32592054.00
2012/04/10	12.18	12.23	11.94	12.21	920706	35077420.00
2012/04/11	12.12	12.68	12.01	12.58	1050327	41463044.00
2012/04/12	12.56	12.83	12.51	12.80	747637	30044092.00
2012/04/13	12.78	12.95	12.69	12.88	962423	39047636.00
2012/04/16	12.84	12.86	12.71	12.74	689621	27758702.00
2012/04/18	12.64	13.08	12.54	12.96	1297727	52290200.00
2012/04/19	12.96	13.37	12.83	13.24	1437791	59426452.00
2012/04/20	13.19	13.36	13.15	13.35	798689	33391390.00
2012/04/23	13.21	13.21	12.93	12.97	1864662	76513232.00
2012/04/24	12.97	13.28	12.41	12.73	1131601	45384276.00
2012/04/25	12.68	12.73	12.45	12.51	856554	33976832.00
2012/04/26	12.39	12.71	12.39	12.48	684061	27024374.00
2012/04/27	12.45	12.69	12.45	12.57	965269	38328328.00
2012/05/02	12.65	13.09	12.65	13.07	1523281	61657908.00
2012/05/03	12.95	13.69	12.95	13.56	1740532	73213016.00
2012/05/04	13.56	14.21	13.52	14.19	3074644	133828920.00
2012/05/07	14.15	14.80	14.01	14.75	2881634	131712312.00
2012/05/08	15.00	15.00	14.45	14.75	2251176	103385832.00
2012/05/09	14.64	14.68	13.94	14.17	2511715	111701784.00
2012/05/10	14.17	14.39	13.97	14.31	1973629	88274192.00
2012/05/11	14.24	14.37	14.04	14.09	969185	43055908.00
2012/05/14	14.11	14.78	13.95	14.53	2021802	91756872.00
2012/05/15	14.28	15.02	14.18	15.00	3070246	142740336.00
2012/05/16	14.99	15.08	14.45	14.57	1674147	77462720.00
2012/05/17	14.40	14.67	14.40	14.40	636582	28916506.00
2012/05/18	14.35	14.35	13.99	14.15	715698	31773138.00
2012/05/21	14.06	14.40	14.06	14.22	602672	27034464.00
2012/05/22	14.22	14.64	14.18	14.53	736285	33564440.00
2012/05/23	14.53	14.90	14.44	14.69	965733	44592604.00
2012/05/24	14.69	14.83	14.30	14.30	694042	31561898.00
2012/05/25	14.28	14.60	14.15	14.32	482522	21798932.00
2012/05/28	14.32	14.44	14.02	14.33	735568	32768916.00
2012/05/29	14.33	14.53	14.11	14.53	826304	37201292.00
2012/05/30	14.53	14.53	14.30	14.32	473140	21346776.00
2012/05/31	14.29	14.70	14.15	14.64	1470772	66698944.00
2012/06/01	14.67	15.64	14.64	15.60	3996405	190962320.00
2012/06/04	15.35	15.86	15.21	15.47	2972657	145333264.00
2012/06/05	15.48	16.31	15.48	16.17	4523599	227047936.00
2012/06/06	16.10	16.27	15.82	16.01	2372124	118657480.00
2012/06/07	16.07	16.19	15.69	15.71	1729738	85915136.00
2012/06/08	15.77	15.91	15.35	15.45	1698607	82830184.00
2012/06/11	15.28	15.71	15.27	15.67	1866265	90734448.00
2012/06/12	15.65	16.05	15.53	15.98	1870550	93018608.00
2012/06/13	16.03	16.40	15.97	16.33	1930911	97612744.00
2012/06/14	16.33	16.49	15.90	15.95	2133420	106885960.00
2012/06/15	15.95	16.26	15.74	15.92	797338	39577212.00
2012/06/18	15.94	16.29	15.82	16.27	1378438	69230544.00
2012/06/19	16.31	16.48	16.13	16.15	975340	49472244.00
2012/06/20	16.10	16.23	15.67	15.70	1728844	84871624.00
2012/06/21	15.61	15.82	15.40	15.43	994393	48035312.00
2012/06/25	15.43	16.26	15.36	15.93	1860110	92114112.00
2012/06/26	15.95	16.09	15.39	15.43	1123964	55407176.00
2012/06/27	15.46	15.83	15.10	15.42	1888175	90671888.00
2012/06/28	15.42	15.43	14.43	14.85	2546774	117239528.00
2012/06/29	14.66	15.16	14.54	14.98	569789	26545386.00
2012/07/02	15.07	15.50	15.07	15.26	1475498	70287840.00
2012/07/03	15.33	15.43	14.76	14.77	1427347	67217424.00
2012/07/04	14.86	14.91	14.15	14.35	2103914	94542688.00
2012/07/05	14.35	14.62	14.33	14.62	1467396	66303824.00
2012/07/06	14.66	15.15	14.44	15.10	1945981	89514176.00
2012/07/09	15.15	15.26	14.96	15.16	2672715	126030560.00
2012/07/10	15.16	15.39	14.61	14.69	1346565	63362648.00
2012/07/11	14.66	14.93	14.46	14.93	2637813	120634832.00
2012/07/12	14.80	15.12	14.80	15.01	2023400	94700248.00
2012/07/13	15.10	15.15	15.00	15.08	1569798	73760408.00
2012/07/16	15.22	15.22	14.70	14.76	929757	43183016.00
2012/07/17	14.77	14.92	13.76	14.16	1353124	60261280.00
2012/07/18	14.26	14.41	14.14	14.35	1008824	44948704.00
2012/07/19	14.36	14.56	14.20	14.27	746397	33667964.00
2012/07/20	14.12	14.40	13.88	14.23	1352818	59719848.00
2012/07/23	14.07	14.23	14.00	14.12	520233	22834216.00
2012/07/24	14.07	14.23	14.00	14.12	851652	37479832.00
2012/07/25	14.18	14.18	13.93	14.00	1455775	63622340.00
2012/07/26	14.00	14.06	13.42	13.43	1254610	53377660.00
2012/07/27	13.43	13.60	13.26	13.33	1192733	49896588.00
2012/07/30	13.33	13.42	12.72	13.20	1478892	60271788.00
2012/07/31	13.20	13.39	12.91	13.26	781685	31978744.00
2012/08/01	13.19	13.61	13.19	13.50	1100718	46450948.00
2012/08/02	13.41	13.63	13.36	13.42	1542843	64929448.00
2012/08/03	13.43	13.66	13.33	13.54	792161	33480694.00
2012/08/06	13.61	14.12	13.53	14.04	1077672	46986048.00
2012/08/07	13.96	14.08	13.93	14.01	356274	15562641.00
2012/08/08	13.93	14.09	13.91	13.99	341746	14961167.00
2012/08/09	13.93	14.20	13.82	14.09	641443	28080182.00
2012/08/10	14.08	14.72	14.04	14.64	1228364	55328968.00
2012/08/13	14.62	14.66	14.30	14.39	880263	39807256.00
2012/08/14	14.36	14.60	14.26	14.42	627107	28145050.00
2012/08/15	14.42	14.42	14.01	14.02	644598	28447668.00
2012/08/16	14.06	14.08	13.68	13.81	569444	24507452.00
2012/08/17	13.79	14.05	13.71	13.83	466495	20253956.00
2012/08/20	13.72	14.02	13.46	14.02	315951	13483951.00
2012/08/21	14.00	14.57	13.92	14.41	1116336	50108788.00
2012/08/22	14.41	14.45	13.98	14.22	672050	29946768.00
2012/08/23	14.23	14.52	14.01	14.24	643677	28553466.00
2012/08/24	14.21	14.22	13.92	14.13	417110	18269372.00
2012/08/27	14.03	14.48	14.03	14.41	1166200	51924832.00
2012/08/28	14.39	14.58	14.33	14.45	625667	28196318.00
2012/08/29	14.41	14.50	14.27	14.36	403438	18094184.00
2012/08/30	14.36	14.42	13.40	13.85	678286	29515964.00
2012/08/31	13.62	13.96	13.49	13.60	694963	29556740.00
2012/09/03	13.60	13.74	13.45	13.59	904335	38360320.00
2012/09/04	13.54	13.92	13.50	13.71	645338	27785196.00
2012/09/05	13.67	14.00	13.67	13.97	679188	29401230.00
2012/09/06	14.02	14.42	14.00	14.36	835088	37140196.00
2012/09/07	14.36	15.09	14.20	14.81	1646217	75022656.00
2012/09/10	14.81	14.91	14.66	14.72	1178392	54207684.00
2012/09/11	14.64	14.95	14.47	14.83	1027113	47465212.00
2012/09/12	14.94	15.21	14.86	15.16	2061040	96664128.00
2012/09/13	15.13	15.80	15.10	15.31	1785918	85943656.00
2012/09/14	15.31	15.58	14.90	14.93	1119983	53478652.00
2012/09/17	14.93	15.32	14.78	15.05	1379788	65202440.00
2012/09/18	15.05	15.09	14.83	15.05	601121	28093974.00
2012/09/19	15.08	15.79	14.96	15.73	2301989	111008848.00
2012/09/20	15.54	15.92	15.36	15.49	1255596	60979036.00
2012/09/21	15.48	15.79	15.06	15.21	1956529	94438816.00
2012/09/24	15.16	15.78	14.69	15.76	1299791	62100012.00
2012/09/25	15.75	15.92	15.43	15.66	990986	48272896.00
2012/09/26	15.66	15.71	15.14	15.26	549279	26240666.00
2012/09/27	15.18	15.83	15.18	15.66	846704	41117756.00
2012/09/28	15.47	16.15	15.26	16.06	1529963	74904784.00
2012/10/08	16.03	16.06	15.41	15.58	724546	35132016.00
2012/10/09	15.51	16.24	15.51	16.13	2711203	135321728.00
2012/10/10	16.72	16.72	15.91	16.00	1970317	99378368.00
2012/10/11	15.90	16.26	15.64	16.01	1547141	76290504.00
2012/10/12	16.25	16.28	15.94	16.10	1331923	66871924.00
2012/10/15	16.10	16.46	16.10	16.42	782388	39653520.00
2012/10/16	16.37	16.70	16.27	16.64	1369404	70509696.00
2012/10/17	16.72	17.11	16.66	16.79	1129082	59375772.00
2012/10/18	16.80	17.43	16.80	17.26	1978576	105392856.00
2012/10/19	17.10	17.23	16.70	17.06	1218595	63890388.00
2012/10/22	16.88	17.87	16.88	17.75	1765494	96217008.00
2012/10/23	17.75	17.82	17.26	17.40	1906920	102784728.00
2012/10/24	17.58	17.58	17.26	17.30	908611	48857104.00
2012/10/25	17.30	17.30	16.53	16.60	1200353	62695264.00
2012/10/26	16.57	17.08	16.52	17.05	1344292	69899504.00
2012/10/29	17.26	18.26	17.13	17.99	3295019	181877440.00
2012/10/30	17.99	18.50	17.86	18.04	2339296	131711368.00
2012/10/31	18.03	18.48	17.77	18.43	1101896	62075392.00
2012/11/01	18.43	18.68	18.33	18.36	791856	45185988.00
2012/11/02	18.28	18.53	18.10	18.32	717819	40685416.00
2012/11/05	18.30	18.52	17.96	18.20	939186	53447212.00
2012/11/06	18.03	18.26	17.39	17.98	1375210	75302240.00
2012/11/07	17.83	17.94	17.52	17.52	1227765	66898884.00
2012/11/08	17.50	17.80	17.42	17.53	1618746	88457968.00
2012/11/09	17.43	17.67	17.00	17.10	900161	47863536.00
2012/11/12	17.07	17.11	16.56	16.86	1853840	96331856.00
2012/11/13	16.83	16.93	16.39	16.87	1345616	69426256.00
2012/11/14	16.89	17.45	16.88	17.40	785625	41857796.00
2012/11/15	17.29	17.51	17.15	17.27	608025	32553892.00
2012/11/16	17.16	17.26	16.53	16.86	684119	35679104.00
2012/11/19	16.70	17.09	16.55	17.05	543696	28632276.00
2012/11/20	17.05	17.28	16.76	17.28	367827	19425048.00
2012/11/21	17.37	17.53	16.93	17.10	726470	38743004.00
2012/11/22	16.96	17.19	16.56	16.60	783399	40860248.00
2012/11/23	16.70	16.81	16.16	16.46	1176402	59809268.00
2012/11/26	16.27	16.58	16.10	16.43	565645	28586946.00
2012/11/27	16.13	16.33	15.43	15.88	1096976	54093424.00
2012/11/28	15.70	16.10	15.26	16.07	962525	46560988.00
2012/11/29	16.10	16.49	15.99	16.16	408528	20692328.00
2012/11/30	16.19	16.41	16.00	16.02	738484	36904988.00
2012/12/03	16.01	16.64	15.84	16.56	657313	33626632.00
2012/12/04	16.56	16.69	16.30	16.55	958993	49053180.00
2012/12/05	16.53	17.39	16.43	17.37	1084752	57294252.00
2012/12/06	17.37	17.61	16.86	17.21	765181	40869336.00
2012/12/07	17.16	17.26	16.70	17.10	1617312	84656336.00
2012/12/10	17.09	17.26	16.29	16.53	2506766	129063032.00
2012/12/11	16.52	16.87	16.43	16.73	1127423	58451548.00
2012/12/12	16.73	16.83	16.53	16.62	755682	38984296.00
2012/12/13	16.46	16.72	16.30	16.67	619152	31872286.00
2012/12/14	16.43	17.36	16.43	17.31	1513998	79742400.00
2012/12/17	17.43	17.61	16.77	17.09	1039825	54955780.00
2012/12/18	17.09	17.43	16.96	17.10	934769	49754996.00
2012/12/19	17.10	17.96	16.96	17.75	1428568	77900552.00
2012/12/20	17.75	18.10	17.45	17.48	1604162	88744248.00
2012/12/21	17.81	18.43	17.72	18.19	2634785	147820400.00
2012/12/24	18.15	19.12	18.15	18.64	1651668	96225152.00
2012/12/25	18.66	19.09	18.26	18.67	2960049	170510608.00
2012/12/26	18.50	19.05	18.27	18.90	1918764	111412136.00
2012/12/27	19.01	19.01	18.54	18.67	1426766	82313848.00
2012/12/28	18.66	18.76	18.25	18.49	2059228	117534888.00
2012/12/31	18.51	18.54	18.07	18.10	2834534	159723392.00
2013/01/04	18.10	18.47	17.73	18.16	1501355	84209424.00
2013/01/07	18.16	19.48	18.16	19.08	2858059	165530096.00
2013/01/08	19.06	19.59	18.68	18.76	3134886	186276656.00
2013/01/09	19.09	19.42	18.60	19.36	1999597	117688208.00
2013/01/10	19.31	19.63	19.05	19.16	1887920	112972024.00
2013/01/11	19.16	19.56	19.16	19.40	2429523	145583264.00
2013/01/14	19.43	21.03	19.27	20.90	2649664	166764704.00
2013/01/15	20.95	21.08	20.70	20.80	1645523	105791240.00
2013/01/16	20.83	21.53	20.43	20.80	2263378	146943312.00
2013/01/17	20.79	21.80	20.76	21.49	2941888	194399920.00
2013/01/18	21.76	22.09	21.46	21.88	1829335	121792952.00
2013/01/21	21.88	22.05	20.77	20.93	1963578	128590464.00
2013/01/22	20.83	21.38	20.38	20.40	1735456	110838224.00
2013/01/23	20.70	20.96	20.44	20.83	1056567	67540840.00
2013/01/24	20.82	21.29	19.90	20.10	2193574	138283216.00
2013/01/25	20.26	21.18	20.17	21.05	1515883	96422784.00
2013/01/28	21.05	21.93	21.04	21.93	2190739	145391520.00
2013/01/29	21.90	22.50	21.50	21.83	2137679	146085216.00
2013/01/30	21.84	22.19	21.00	21.06	1194641	78204728.00
2013/01/31	21.39	21.39	20.47	20.76	1493157	95618464.00
2013/02/01	20.76	21.38	20.51	20.92	864318	55987904.00
2013/02/04	21.08	21.09	20.10	20.21	1662383	105110936.00
2013/02/05	20.11	21.09	20.11	21.07	1218385	78211280.00
2013/02/06	21.14	21.63	21.05	21.19	1660794	108854328.00
2013/02/07	21.19	22.16	21.15	22.06	1381284	92599864.00
2013/02/08	22.19	22.75	21.90	22.20	1471350	101509008.00
2013/02/18	22.20	22.42	21.43	21.75	979654	65924640.00
2013/02/19	21.73	22.15	21.43	21.47	760520	51118012.00
2013/02/20	21.65	22.90	21.51	22.85	2250594	155987024.00
2013/02/21	22.46	22.74	22.10	22.66	2009885	138661104.00
2013/02/22	22.66	22.66	22.17	22.28	2032528	140262032.00
2013/02/25	22.26	22.86	22.17	22.80	932839	64511228.00
2013/02/26	22.50	22.96	22.19	22.19	1147151	79399584.00
2013/02/27	21.99	22.51	21.77	21.86	1149239	77892392.00
2013/02/28	22.21	22.55	21.46	22.43	1239378	83622928.00
2013/03/01	22.26	22.63	21.80	22.39	779474	53453868.00
2013/03/04	22.43	22.96	21.66	21.93	1697064	117615936.00
2013/03/05	22.17	22.26	21.78	22.05	1300468	87773024.00
2013/03/06	22.12	22.86	22.00	22.81	1654036	114739064.00
2013/03/07	22.43	22.67	21.60	21.76	2560665	173319872.00
2013/03/08	21.89	22.06	21.43	21.52	1029744	69021304.00
2013/03/11	21.46	22.13	21.16	21.90	1129146	74885928.00
2013/03/12	21.96	22.06	20.93	21.13	1207572	79250440.00
2013/03/13	21.13	21.13	20.62	20.83	906526	58649800.00
2013/03/14	20.82	21.68	20.62	21.68	1243036	80847856.00
2013/03/15	21.59	21.96	20.47	20.90	1661421	108572688.00
2013/03/18	20.92	21.26	19.43	19.93	3544040	220836576.00
2013/03/19	19.71	20.20	19.00	19.43	3120616	187866288.00
2013/03/20	19.43	20.69	19.43	20.63	1633473	102269928.00
2013/03/21	20.76	21.53	20.66	21.36	1709158	112389784.00
2013/03/22	21.38	21.69	21.15	21.40	682923	44937344.00
2013/03/25	21.43	21.75	21.16	21.35	695252	45895660.00
2013/03/26	21.20	21.21	20.44	21.16	890297	56859116.00
2013/03/27	21.16	21.38	20.76	20.82	979292	63325636.00
2013/03/28	20.75	21.29	20.43	20.65	1035270	66175376.00
2013/03/29	20.75	21.19	20.52	20.76	786997	50848296.00
2013/04/01	20.75	20.92	20.36	20.51	821643	51963196.00
2013/04/02	20.43	20.69	19.78	19.80	968030	60118652.00
2013/04/03	19.83	20.33	19.53	19.80	858950	52854000.00
2013/04/08	20.14	20.60	19.93	20.07	1175412	73459200.00
2013/04/09	19.99	20.26	19.60	19.70	1397796	85185976.00
2013/04/10	19.65	19.76	18.88	19.34	2034254	120135968.00
2013/04/11	19.40	19.70	19.17	19.62	855469	51518184.00
2013/04/12	19.56	20.00	19.03	19.99	981243	59318696.00
2013/04/15	19.93	20.26	19.43	19.61	692575	42303164.00
2013/04/16	19.66	20.10	19.47	19.65	652346	39772216.00
2013/04/17	19.65	20.06	19.44	19.98	779895	47227900.00
2013/04/18	19.93	20.40	19.77	20.35	1021093	63632928.00
2013/04/19	20.42	20.86	20.35	20.56	697476	44424064.00
2013/04/22	21.47	21.51	20.59	20.69	1859230	120337912.00
2013/04/23	20.70	20.93	19.63	19.95	1102299	67863648.00
2013/04/24	19.94	20.75	19.80	20.38	896022	56111028.00
2013/04/25	20.36	20.65	19.76	20.50	1209340	76220520.00
2013/04/26	20.84	20.91	19.86	19.96	674648	42276984.00
2013/05/02	19.56	19.88	19.43	19.68	1169238	70977144.00
2013/05/03	19.70	20.76	19.70	20.56	723871	45673840.00
2013/05/06	20.22	20.70	20.01	20.53	1244834	78290552.00
2013/05/07	20.33	21.36	20.33	21.23	1470835	95881880.00
2013/05/08	21.26	22.07	21.26	21.61	2072278	139255456.00
2013/05/10	20.77	21.83	20.60	21.33	1391462	91358224.00
2013/05/13	21.33	21.82	21.18	21.42	532905	35237860.00
2013/05/14	21.26	21.45	20.86	21.00	736328	47772808.00
2013/05/15	21.00	21.04	20.63	21.00	846481	54240716.00
2013/05/16	20.99	21.20	20.77	20.98	1365438	88337248.00
2013/05/17	20.98	21.22	20.38	21.10	2194304	139461376.00
2013/05/20	21.10	21.16	19.09	19.72	4039805	246149408.00
2013/05/21	19.35	19.72	18.35	19.51	4438806	257585280.00
2013/05/22	18.88	19.83	18.88	19.42	2362338	140989408.00
2013/05/23	19.31	19.74	19.23	19.34	1937725	115769264.00
2013/05/24	19.47	19.65	19.22	19.29	1083032	64700152.00
2013/05/27	19.33	19.68	19.21	19.55	2698017	161663136.00
2013/05/28	19.44	19.55	18.76	18.96	3920621	229726896.00
2013/05/29	19.01	19.25	18.96	19.13	2641875	155496336.00
2013/05/30	19.19	19.73	19.19	19.50	4203093	252877488.00
2013/05/31	19.64	20.21	19.51	19.52	1848504	112838328.00
2013/06/03	19.45	20.21	19.42	19.91	1478892	90368088.00
2013/06/04	19.91	20.00	19.62	19.81	1120273	68086832.00
2013/06/05	19.85	20.00	19.19	19.41	951879	57110412.00
2013/06/06	19.36	19.58	19.36	19.41	724873	43323080.00
2013/06/07	19.60	19.60	18.62	18.81	1203716	70167376.00
2013/06/13	18.51	18.61	18.01	18.44	1239341	69865856.00
2013/06/14	18.44	19.21	18.21	19.02	1570884	90480416.00
2013/06/17	19.18	19.18	18.72	18.83	1056683	61290484.00
2013/06/18	18.97	18.97	18.24	18.36	1398060	79310104.00
2013/06/19	18.35	18.67	18.18	18.52	1012521	57542264.00
2013/06/20	18.45	18.51	18.04	18.15	1498259	84350352.00
2013/06/21	18.01	18.17	17.61	18.05	1451875	79741648.00
2013/06/24	18.05	18.05	17.55	17.64	1540092	84166040.00
2013/06/25	17.35	18.21	16.60	17.96	2124797	114520760.00
2013/06/26	18.48	18.48	17.60	18.18	1782591	99260696.00
2013/06/27	18.28	18.30	17.85	17.85	1097092	60728068.00
2013/06/28	17.61	17.81	17.05	17.28	1676453	89799520.00
2013/07/01	17.28	17.48	16.96	17.38	1654144	87646224.00
2013/07/02	17.36	18.25	17.35	18.23	1822751	100895760.00
2013/07/03	18.15	18.17	17.68	17.91	1965996	108412104.00
2013/07/04	17.83	18.21	17.48	18.00	2201625	120484328.00
2013/07/05	18.18	18.90	18.08	18.34	2186467	124206864.00
2013/07/08	18.08	18.18	17.35	17.45	1317646	72499504.00
2013/07/09	17.56	17.77	17.09	17.18	1260145	67533968.00
2013/07/10	17.15	17.50	17.02	17.43	1092405	58078940.00
2013/07/11	17.43	18.33	17.34	18.11	1520003	83709632.00
2013/07/12	18.24	18.39	17.78	17.80	1079554	60155696.00
2013/07/15	17.82	18.92	17.82	18.90	2126501	121574328.00
2013/07/16	18.90	19.25	18.54	19.07	2502943	145100016.00
2013/07/17	19.07	19.16	18.68	19.08	1542779	90151496.00
2013/07/18	18.93	18.93	18.56	18.58	1129946	65041788.00
2013/07/19	18.60	18.74	17.74	17.80	1241739	69986528.00
2013/07/22	17.71	18.14	17.53	18.13	969976	53440680.00
2013/07/23	18.08	18.63	18.06	18.45	1077062	61191956.00
2013/07/24	18.45	18.66	18.11	18.51	1229826	69389752.00
2013/07/25	18.81	18.97	18.28	18.28	1583462	91032152.00
2013/07/26	18.18	18.35	17.85	18.10	994882	55377636.00
2013/07/29	17.85	17.88	17.45	17.73	841236	45923276.00
2013/07/30	17.85	18.26	17.68	17.85	586305	32486738.00
2013/07/31	18.16	18.18	17.23	17.35	1746368	94441056.00
2013/08/01	17.38	17.84	17.35	17.78	1012481	55224028.00
2013/08/02	18.01	18.18	17.74	17.75	721096	39918596.00
2013/08/05	17.68	18.27	17.61	18.18	1732501	95902408.00
2013/08/06	18.15	18.42	17.89	18.27	1491002	83357512.00
2013/08/07	18.28	18.42	17.98	17.99	1391171	77812720.00
2013/08/08	18.00	18.64	17.91	18.42	1852301	104588520.00
2013/08/09	18.41	18.55	18.00	18.39	1535307	86295304.00
2013/08/12	18.25	18.51	17.80	18.16	2411223	134057424.00
2013/08/13	18.18	18.22	17.84	17.93	1584597	87615976.00
2013/08/14	17.94	18.14	17.61	17.73	1952041	107086488.00
2013/08/15	17.85	17.85	17.33	17.35	2776623	149656112.00
2013/08/16	17.31	17.51	16.75	16.80	2428164	128648280.00
2013/08/19	16.85	17.17	16.81	17.06	1671950	87790104.00
2013/08/20	17.06	17.17	16.61	16.65	2064256	106943432.00
2013/08/21	16.74	16.92	16.68	16.81	1160839	60197536.00
2013/08/22	16.82	16.96	16.37	16.38	2389368	122268928.00
2013/08/23	16.46	16.50	15.85	15.96	2738398	136348016.00
2013/08/26	15.96	16.32	15.96	16.29	2110006	105569224.00
2013/08/27	16.35	16.53	16.25	16.50	2584989	131081544.00
2013/08/28	16.50	16.50	16.01	16.24	1640737	82556920.00
2013/08/29	16.37	17.12	16.13	17.07	3046111	157515600.00
2013/08/30	17.06	17.23	16.78	16.83	1818304	95579736.00
2013/09/02	17.05	17.06	16.71	16.96	1080960	56338936.00
2013/09/03	17.04	17.12	16.64	16.81	2117518	109789688.00
2013/09/04	16.74	16.79	16.20	16.35	2877850	145667584.00
2013/09/05	16.31	16.31	15.94	16.04	3518982	174426672.00
2013/09/06	16.01	16.18	15.87	16.11	2030014	100424256.00
2013/09/09	16.13	16.26	16.01	16.19	1503089	74961656.00
2013/09/10	16.21	16.21	15.80	15.88	2156135	106337848.00
2013/09/11	15.89	16.24	15.66	16.21	2751048	136065344.00
2013/09/12	16.11	16.58	16.09	16.24	1401007	70667208.00
2013/09/13	16.38	16.51	16.25	16.40	1180623	59834280.00
2013/09/16	16.40	16.68	16.35	16.40	1065895	54374928.00
2013/09/17	16.40	16.64	16.35	16.45	1526263	77769264.00
2013/09/18	16.51	16.64	16.41	16.54	2683240	137108704.00
2013/09/23	16.68	16.93	16.68	16.83	3220419	167465632.00
2013/09/24	16.81	16.83	16.61	16.80	1476445	76152832.00
2013/09/25	16.79	16.79	16.46	16.53	1272680	65049908.00
2013/09/26	16.47	16.98	16.21	16.97	1906001	97934424.00
2013/09/27	16.85	17.67	16.85	17.55	3678065	198575952.00
2013/09/30	17.56	17.84	17.34	17.41	1897351	102407504.00
2013/10/08	17.51	17.90	17.39	17.68	2215049	121171048.00
2013/10/09	17.68	17.82	17.48	17.65	1175311	63796424.00
2013/10/10	17.64	17.64	16.84	16.85	2008763	106434088.00
2013/10/11	16.90	17.51	16.90	17.13	1474898	78007992.00
2013/10/14	17.13	17.14	16.16	16.22	4314636	219571968.00
2013/10/15	16.23	16.68	16.07	16.18	2989897	149623040.00
2013/10/16	16.18	16.18	15.18	15.39	4763755	229191616.00
2013/10/17	15.45	15.51	14.88	14.95	3820872	179289872.00
2013/10/18	15.00	15.14	14.87	15.02	2602449	120852792.00
2013/10/21	15.10	15.66	15.01	15.50	3192599	152149168.00
2013/10/22	15.51	15.67	15.32	15.45	2288449	109594264.00
2013/10/23	15.45	15.57	15.20	15.35	1306789	62158276.00
2013/10/24	15.33	15.51	15.25	15.37	1614484	77087656.00
2013/10/25	15.38	15.45	14.94	14.96	1170039	54866424.00
2013/10/28	15.00	15.25	14.81	15.20	1335965	62088976.00
2013/10/29	15.18	15.28	14.45	14.88	2070299	95841080.00
2013/10/30	14.84	15.06	14.71	14.88	1567662	72121848.00
2013/10/31	14.88	14.88	14.33	14.47	2015066	90333824.00
2013/11/01	13.85	14.44	13.85	14.40	1532039	67446384.00
2013/11/04	14.46	14.54	13.67	13.84	3638519	157237440.00
2013/11/05	13.74	13.74	13.55	13.68	2513716	106349560.00
2013/11/06	13.67	13.81	13.56	13.61	2373504	100684968.00
2013/11/07	13.61	13.68	13.10	13.12	3230139	133313152.00
2013/11/08	13.04	13.26	13.00	13.15	1447283	59179144.00
2013/11/11	13.08	13.35	13.06	13.33	2143636	88406688.00
2013/11/12	13.35	13.53	13.35	13.51	1687522	70663080.00
2013/11/13	13.50	13.50	13.22	13.39	1479836	61589504.00
2013/11/14	13.51	13.98	13.46	13.77	2277971	97205728.00
2013/11/15	13.77	13.97	13.68	13.77	4162689	178467568.00
2013/11/18	13.77	13.89	13.53	13.89	4391605	186981296.00
2013/11/19	13.90	13.91	13.71	13.75	5870061	251048560.00
2013/11/20	13.85	13.88	13.73	13.81	2659743	113970944.00
2013/11/21	13.81	13.87	13.68	13.86	1931229	82647440.00
2013/11/22	13.85	14.41	13.81	14.35	4863000	214330672.00
2013/11/25	14.31	14.39	14.09	14.15	3025320	133447136.00
2013/11/26	14.05	14.24	13.95	14.18	2602502	113693576.00
2013/11/27	14.18	14.46	14.10	14.29	2571394	114397080.00
2013/11/28	14.32	14.49	14.32	14.39	2521227	112673928.00
2013/11/29	14.05	14.10	13.84	13.91	5584070	241801088.00
2013/12/02	13.53	13.70	13.02	13.03	4240903	176004128.00
2013/12/03	12.88	13.44	12.85	13.41	2969854	121287704.00
2013/12/04	13.41	13.87	13.35	13.71	4001653	168872992.00
2013/12/05	13.68	13.94	13.63	13.77	2734243	117348408.00
2013/12/06	13.71	14.23	13.69	14.13	3185122	139368480.00
2013/12/09	14.13	14.38	14.11	14.17	2658529	117482840.00
2013/12/10	14.12	14.24	13.99	14.17	2152326	94397896.00
2013/12/11	14.16	14.34	14.01	14.31	3465838	152472528.00
2013/12/12	14.28	14.65	14.25	14.41	2722319	122528376.00
2013/12/13	14.30	14.47	14.19	14.23	1890982	83875216.00
2013/12/16	14.24	14.28	13.84	13.85	2068186	89938144.00
2013/12/17	13.75	14.01	13.69	13.74	1530077	65779880.00
2013/12/18	13.75	14.44	13.75	14.38	4003633	176890144.00
2013/12/19	14.41	14.46	14.15	14.15	2488557	110309856.00
2013/12/20	14.18	14.60	14.09	14.45	4277131	191031968.00
2013/12/23	14.41	14.71	14.36	14.64	4716539	213086320.00
2013/12/24	14.67	14.78	14.41	14.78	3947843	178656624.00
2013/12/25	14.85	15.11	14.70	14.85	5062213	234245264.00
2013/12/26	14.92	15.01	14.41	14.46	4715026	214342256.00
2013/12/27	14.51	14.74	14.37	14.67	3390467	153217696.00
2013/12/30	14.84	15.10	14.76	14.95	3699171	171212704.00
2013/12/31	14.73	14.94	14.70	14.81	2196916	100773368.00
2014/01/02	14.78	15.01	14.68	15.01	3592905	165226512.00
2014/01/03	15.01	15.42	14.97	15.31	4828282	227824208.00
2014/01/06	15.43	15.47	14.90	14.94	4463370	209005488.00
2014/01/07	14.94	15.81	14.81	15.64	5293950	253619280.00
2014/01/08	15.65	16.17	15.45	16.14	5502429	269231136.00
2014/01/09	16.02	16.30	15.78	15.82	3783688	187026048.00
2014/01/10	15.74	16.01	15.52	15.75	3035005	147731088.00
2014/01/13	15.75	15.83	15.13	15.32	3979871	189674784.00
2014/01/14	15.25	15.44	14.94	15.44	3957820	185620128.00
2014/01/15	15.42	15.61	15.08	15.24	3964359	188357248.00
2014/01/16	15.24	15.65	15.09	15.63	4049055	193429520.00
2014/01/17	15.54	15.57	15.11	15.11	3482298	165126736.00
2014/01/20	15.02	15.02	14.45	14.52	4889576	222279008.00
2014/01/21	14.56	14.83	14.56	14.74	1973824	89860264.00
2014/01/22	14.73	15.15	14.70	15.12	2533181	117687624.00
2014/01/23	15.11	15.27	15.02	15.11	2405502	112898800.00
2014/01/24	15.04	15.37	14.98	15.19	2560725	120887072.00
2014/01/27	15.08	15.18	14.45	14.61	5201852	236706576.00
2014/01/28	14.61	14.83	14.61	14.72	2799993	127666184.00
2014/01/29	14.70	14.76	14.40	14.64	2597224	117241728.00
2014/01/30	14.64	14.76	14.45	14.48	1727990	77977840.00
2014/02/07	14.47	14.47	14.08	14.38	3360171	148340016.00
2014/02/10	14.47	14.90	14.41	14.90	7153690	324081216.00
2014/02/11	14.91	15.10	14.78	15.01	5490162	254200592.00
2014/02/12	15.01	15.28	14.91	15.17	4656426	218557728.00
2014/02/13	15.18	15.36	14.81	14.81	4768441	222406704.00
2014/02/14	14.85	15.14	14.78	15.05	4332349	201272400.00
2014/02/17	15.21	15.80	15.01	15.80	8813101	421604320.00
2014/02/18	15.75	15.97	15.54	15.60	7283381	354479904.00
2014/02/19	15.52	15.98	15.44	15.64	6567858	319087328.00
2014/02/20	15.69	15.76	15.20	15.28	5059556	242011648.00
2014/02/21	15.26	15.58	15.17	15.37	3427768	162981296.00
2014/02/24	15.33	16.04	15.18	15.93	7370486	358037664.00
2014/02/25	15.96	16.05	15.12	15.25	6745904	325966848.00
2014/02/26	15.04	15.08	14.68	14.85	5019703	231070912.00
2014/02/27	14.91	15.13	13.42	13.58	10254842	449905120.00
2014/02/28	13.59	13.81	13.45	13.74	3900417	164977760.00
2014/03/03	13.67	13.99	13.48	13.82	4216618	180267632.00
2014/03/04	13.40	13.75	13.01	13.57	4593879	191355504.00
2014/03/05	13.57	13.90	13.46	13.79	3514104	150089376.00
2014/03/06	13.79	13.83	13.25	13.49	3449527	144965472.00
2014/03/07	13.52	13.60	12.97	13.08	6267996	257536192.00
2014/03/10	13.01	13.01	12.58	12.62	3603885	143075408.00
2014/03/11	12.60	12.71	12.52	12.65	2919926	114823744.00
2014/03/12	12.64	12.84	12.58	12.70	3689049	145978224.00
2014/03/13	12.70	13.06	12.70	13.05	3801857	152198384.00
2014/03/14	12.98	13.25	12.85	13.15	3435832	140200048.00
2014/03/17	13.18	13.31	13.06	13.29	2684287	110265872.00
2014/03/18	13.31	13.41	13.18	13.26	2641771	109113808.00
2014/03/19	13.20	13.20	12.85	13.01	3122201	126045504.00
2014/03/20	12.89	13.04	12.72	12.72	2634028	105597040.00
2014/03/21	12.71	13.06	12.52	13.04	3258774	129664880.00
2014/03/24	13.01	13.10	12.89	13.05	2064089	83598968.00
2014/03/25	13.01	13.13	12.94	12.99	1762389	71431200.00
2014/03/26	13.11	13.15	13.01	13.13	1982814	80754888.00
2014/03/27	13.13	13.16	12.89	12.89	2123532	85877288.00
2014/03/28	12.89	12.94	12.67	12.74	2203512	87594616.00
2014/03/31	12.83	13.06	12.74	12.95	1672109	67322784.00
2014/04/01	12.95	13.21	12.88	13.21	3621675	147206144.00
2014/04/02	13.18	13.26	13.04	13.12	3181286	129944592.00
2014/04/03	13.16	13.38	13.10	13.19	3637042	149660048.00
2014/04/04	13.19	13.35	13.13	13.31	2440407	100769912.00
2014/04/08	13.31	13.51	13.27	13.51	3069490	127931072.00
2014/04/09	13.56	13.77	13.42	13.51	4607095	194286848.00
2014/04/10	13.51	13.58	13.40	13.56	2872208	120284000.00
2014/04/11	13.51	13.73	13.42	13.64	2729186	115395704.00
2014/04/14	13.64	13.71	13.46	13.52	2172688	91440832.00
2014/04/15	13.56	13.64	13.45	13.50	2273708	95591984.00
2014/04/16	13.40	13.40	13.19	13.24	3395792	140066304.00
2014/04/17	13.35	13.48	13.21	13.22	2720730	112578712.00
2014/04/18	13.11	13.12	12.99	13.05	2657391	107888120.00
2014/04/21	12.97	13.17	12.88	12.90	2528716	102375192.00
2014/04/22	12.90	12.95	12.68	12.73	3254890	129534832.00
2014/04/23	12.73	12.93	12.70	12.84	2106193	84211256.00
2014/04/24	12.64	12.64	11.98	12.06	7159787	272015008.00
2014/04/25	12.01	12.16	11.95	12.04	2487621	93769552.00
2014/05/22	11.95	12.28	11.95	12.12	5988772	226935904.00
2014/05/23	12.02	12.14	12.02	12.06	2521742	94894344.00
2014/05/26	12.05	12.23	12.05	12.11	3954816	149676320.00
2014/05/27	12.11	12.21	12.10	12.12	3289628	124705984.00
2014/05/28	12.08	12.18	12.04	12.17	3907057	147486752.00
2014/05/29	12.17	12.51	12.15	12.40	4822127	186282384.00
2014/05/30	12.40	12.46	12.26	12.43	2895350	111532504.00
2014/06/03	12.39	12.57	12.29	12.33	2635460	101948336.00
2014/06/04	12.31	12.32	12.05	12.08	2226497	84242144.00
2014/06/05	12.04	12.35	11.96	12.31	2809385	107316808.00
2014/06/06	12.31	12.31	12.01	12.10	2606847	98559752.00
2014/06/09	12.11	12.26	11.95	11.99	2386234	90226616.00
2014/06/10	12.03	12.08	11.77	12.05	3651355	136158608.00
2014/06/11	12.05	12.31	11.98	12.21	3719778	141509680.00
2014/06/12	12.21	12.24	12.09	12.18	2856402	108539816.00
2014/06/13	12.21	12.38	12.18	12.38	3912206	149762640.00
2014/06/16	12.38	12.51	12.32	12.42	2809479	108855600.00
2014/06/17	12.39	12.42	12.18	12.18	2694287	103314216.00
2014/06/18	12.18	12.23	12.06	12.07	2126897	80310992.00
2014/06/19	12.08	12.20	11.88	11.97	1823391	68709008.00
2014/06/20	11.99	12.07	11.92	12.00	1768172	66174388.00
2014/06/23	12.02	12.17	12.01	12.13	1861537	70305760.00
2014/06/24	12.12	12.25	12.07	12.21	2012931	76311160.00
2014/06/25	12.31	12.50	12.23	12.48	3953005	152934752.00
2014/06/26	12.48	12.58	12.41	12.48	3512557	136812400.00
2014/06/27	12.48	12.86	12.42	12.80	4769252	189285712.00
2014/06/30	12.84	12.96	12.74	12.80	4583514	183135024.00
2014/07/01	12.79	12.82	12.53	12.62	4892789	127700568.00
2014/07/02	12.64	13.14	12.54	13.09	7810394	207039536.00
2014/07/03	13.10	13.66	13.09	13.46	11163552	309376864.00
2014/07/04	13.46	13.57	13.25	13.38	5294160	145632432.00
2014/07/07	13.38	13.38	12.00	12.27	18102135	460351008.00
2014/07/08	12.10	12.85	12.10	12.75	13150428	342177696.00
2014/07/09	12.70	13.18	12.60	12.95	8710321	233478832.00
2014/07/10	12.87	13.00	12.75	12.80	3456916	91663872.00
2014/07/11	12.76	13.18	12.76	12.98	3147182	84200472.00
2014/07/14	12.93	13.13	12.82	13.09	3664407	97879096.00
2014/07/15	13.05	13.13	12.93	13.03	3414110	91746728.00
2014/07/16	12.98	13.10	12.82	12.85	3731450	99266992.00
2014/07/17	12.85	12.89	12.52	12.59	4896974	127696536.00
2014/07/18	12.57	12.77	12.51	12.74	2551610	66893304.00
2014/07/21	12.70	12.74	12.32	12.46	3645401	93888152.00
2014/07/22	12.40	12.70	12.39	12.55	4221385	109277504.00
2014/07/23	12.54	12.67	12.50	12.57	4184116	108672000.00
2014/07/24	12.53	12.78	12.46	12.77	5309164	138023456.00
2014/07/25	12.80	13.03	12.80	12.99	5743667	153375280.00
2014/07/28	13.00	13.31	12.99	13.10	7233943	195884560.00
2014/07/29	13.17	13.33	13.10	13.13	7023328	191244816.00
2014/07/30	13.14	13.33	13.10	13.29	5476679	148876000.00
2014/07/31	13.29	13.52	13.22	13.45	5329416	146950304.00
2014/08/01	13.42	13.92	13.38	13.60	8523474	239868848.00
2014/08/04	13.60	13.77	13.50	13.72	4936937	138785568.00
2014/08/05	13.74	14.55	13.60	14.20	9216378	267309072.00
2014/08/06	14.05	14.35	13.96	14.09	5892464	171479056.00
2014/08/07	14.09	14.17	13.63	13.64	6793672	193516672.00
2014/08/08	13.72	13.78	13.52	13.61	5695968	159800240.00
2014/08/11	13.62	13.90	13.62	13.82	5536838	157269520.00
2014/08/12	13.84	13.98	13.75	13.84	4396312	125375128.00
2014/08/13	13.87	13.87	13.56	13.67	4744096	133426944.00
2014/08/14	13.65	13.77	13.55	13.61	3580165	100521792.00
2014/08/15	13.61	13.83	13.58	13.74	4440204	125436712.00
2014/08/18	13.76	13.99	13.76	13.98	5775789	165101344.00
2014/08/19	14.04	14.04	13.72	13.83	5886627	168199168.00
2014/08/20	13.82	13.88	13.65	13.72	5938476	168326976.00
2014/08/21	13.72	13.75	13.40	13.50	6449899	180149312.00
2014/08/22	13.49	13.72	13.46	13.67	4865188	136255104.00
2014/08/25	13.69	13.70	13.45	13.45	5039652	140387872.00
2014/08/26	13.41	13.42	13.10	13.16	5408831	147775856.00
2014/08/27	13.17	13.37	13.17	13.35	2985284	81642944.00
2014/08/28	13.16	13.33	13.11	13.15	4118849	111964528.00
2014/08/29	13.13	13.39	13.13	13.37	3067251	83839080.00
2014/09/03	13.75	14.15	13.70	14.01	15537813	446683968.00
2014/09/04	13.99	14.13	13.95	14.01	8219116	237259264.00
2014/09/05	14.04	14.34	14.04	14.31	9755210	285552320.00
2014/09/09	14.34	14.44	14.11	14.35	8107402	238223568.00
2014/09/10	14.39	14.44	14.22	14.28	6102136	179549296.00
2014/09/11	14.25	14.37	14.01	14.05	8693064	253794480.00
2014/09/12	14.02	14.89	14.00	14.86	14933469	446024640.00
2014/09/15	14.80	15.72	14.63	15.35	17431714	543312064.00
2014/09/16	15.34	15.36	14.63	14.70	12049282	372150528.00
2014/09/17	14.65	15.21	14.62	15.01	10253798	315224832.00
2014/09/18	14.99	15.80	14.88	15.48	13159548	417975168.00
2014/09/19	15.59	16.06	15.49	15.95	15057092	490932704.00
2014/09/22	15.90	15.95	15.50	15.80	7882009	253086960.00
2014/09/23	15.69	16.07	15.59	15.86	6972529	225909376.00
2014/09/24	15.79	16.39	15.66	16.11	9068458	299186592.00
2014/09/25	16.34	16.62	15.68	15.74	6648530	218239776.00
2014/09/26	15.75	16.13	15.60	15.89	4479337	146084432.00
2014/09/29	15.92	16.25	15.78	15.82	6160062	201873200.00
2014/09/30	15.85	15.94	15.35	15.51	8390593	266935248.00
2014/10/08	15.51	15.94	15.44	15.83	6946807	223880816.00
2014/10/09	15.83	15.83	15.40	15.51	8245321	263443120.00
2014/10/10	15.44	15.77	15.38	15.66	8387871	268784512.00
2014/10/13	15.61	15.62	15.20	15.58	6311209	199298208.00
2014/10/14	15.50	15.54	15.23	15.26	5944655	187396576.00
2014/10/15	14.85	15.34	14.68	15.02	12233303	376063072.00
2014/10/16	14.88	15.65	14.83	15.30	10784697	339408832.00
2014/10/17	15.20	15.37	14.72	15.02	7789756	239397472.00
2014/10/20	15.04	15.29	15.00	15.20	5250515	163367792.00
2014/10/21	15.14	15.21	14.90	15.05	3831673	118099968.00
2014/10/22	15.05	15.20	14.96	15.03	3632789	112397552.00
2014/10/23	15.00	15.07	14.72	14.80	4385427	133542832.00
2014/10/24	14.82	14.95	14.72	14.79	2757816	83994904.00
2014/10/27	14.79	14.97	14.45	14.94	5607677	168742400.00
2014/10/28	14.94	15.42	14.87	15.36	6276462	196349664.00
2014/10/29	15.32	15.60	15.15	15.46	8342912	263101072.00
2014/10/30	15.41	15.51	15.30	15.42	5182500	163845328.00
2014/10/31	15.44	15.60	15.08	15.39	6558853	206528640.00
2014/11/03	15.35	15.59	15.26	15.36	5184355	164132384.00
2014/11/04	15.36	15.47	14.88	15.03	6493633	200863392.00
2014/11/05	15.04	15.06	14.82	14.92	3203626	98253344.00
2014/11/06	14.91	15.14	14.91	15.10	3643137	112531808.00
2014/11/07	15.12	15.23	14.90	14.90	3766434	116079560.00
2014/11/10	14.90	15.13	14.85	14.95	6632706	203866320.00
2014/11/11	15.00	15.05	14.59	14.65	5937973	180740320.00
2014/11/12	14.60	14.89	14.60	14.84	2443736	74203568.00
2014/11/13	14.87	14.87	14.62	14.78	3094223	93524320.00
2014/11/14	14.79	15.19	14.70	15.17	5873108	180844704.00
2014/11/17	15.19	15.74	15.00	15.54	9224336	293110688.00
2014/11/18	15.58	15.73	15.45	15.60	6698683	214807216.00
2014/11/19	15.60	16.51	15.60	16.24	12742304	422608832.00
2014/11/20	16.15	16.30	15.96	16.01	5106647	168646752.00
2014/11/21	16.09	16.12	15.85	15.97	5066191	165702272.00
2014/11/24	16.04	16.63	16.01	16.23	10284321	345325568.00
2014/11/25	16.23	16.59	16.12	16.48	7505032	251617216.00
2014/11/26	16.50	16.57	15.87	16.03	8965840	296012896.00
2014/11/27	16.09	16.13	15.72	15.81	7491604	242813856.00
2014/11/28	15.81	15.94	15.71	15.87	5097081	165541920.00
2014/12/01	15.87	15.93	15.35	15.49	9061722	288259360.00
2014/12/02	15.52	15.69	15.50	15.65	6636793	212375712.00
2014/12/03	15.69	15.90	15.39	15.90	10632390	341255584.00
2014/12/04	15.89	16.26	15.85	16.16	11413420	377215456.00
2014/12/05	16.16	16.16	15.48	15.53	10111516	325780672.00
2014/12/08	15.50	15.53	15.12	15.46	10272461	322432192.00
2014/12/09	15.42	15.42	15.00	15.00	11080583	345429696.00
2014/12/10	15.00	15.41	15.00	15.31	6619543	207160176.00
2014/12/11	15.29	15.46	15.15	15.45	7623848	239552368.00
2014/12/12	15.46	15.50	15.15	15.24	7074384	222484384.00
2014/12/15	13.82	14.83	13.80	14.60	29313080	864122816.00
2014/12/16	14.48	14.48	14.26	14.34	11254005	332062560.00
2014/12/17	14.35	14.54	14.04	14.13	8990867	263528304.00
2014/12/18	14.11	14.11	13.80	13.85	9868534	282107520.00
2014/12/19	13.85	13.92	13.39	13.53	10702622	298717056.00
2014/12/22	13.64	13.93	13.55	13.81	9207526	260078432.00
2014/12/23	13.75	14.05	13.65	13.85	7431466	212697888.00
2014/12/24	13.95	14.18	13.86	14.01	6972080	201019088.00
2014/12/25	14.02	14.16	13.87	14.03	6396431	184384880.00
2014/12/26	14.04	14.24	13.95	14.07	6607261	191252000.00
2014/12/29	14.10	14.35	14.10	14.26	7276167	212566496.00
2014/12/30	14.22	14.30	13.89	13.89	6015349	173969792.00
2014/12/31	13.95	14.22	13.70	14.21	6066623	174654960.00
2015/01/05	14.25	14.84	14.10	14.68	9995391	297259424.00
2015/01/06	14.65	15.38	14.54	15.11	11587996	357644288.00
2015/01/07	15.09	15.35	14.87	14.99	6410330	198495152.00
2015/01/08	15.06	15.27	14.94	14.96	5925151	183303360.00
2015/01/09	14.92	15.44	14.91	15.02	9595748	299904288.00
2015/01/12	14.92	15.72	14.90	15.62	10166857	320827520.00
2015/01/13	15.74	15.97	15.60	15.67	7926552	256113104.00
2015/01/14	15.48	15.50	15.02	15.24	9810272	306909504.00
2015/01/15	15.22	15.49	15.15	15.28	5131254	161342896.00
2015/01/16	15.20	15.67	15.18	15.56	5089057	161525824.00
2015/01/19	15.32	15.67	14.85	15.00	7085994	223332800.00
2015/01/20	15.10	15.46	15.04	15.38	5589778	174955424.00
2015/01/21	15.43	15.90	15.43	15.58	7655277	245517392.00
2015/01/22	15.58	15.69	15.44	15.69	6973497	222743680.00
2015/01/23	15.61	15.74	15.25	15.35	7523439	238364528.00
2015/01/26	15.35	15.70	15.27	15.70	6198155	198229184.00
2015/01/27	15.72	16.21	15.69	16.08	10302010	337845632.00
2015/01/28	16.02	16.93	15.86	16.45	11817804	398121824.00
2015/01/29	16.65	17.24	16.58	16.75	14757257	511054464.00
2015/01/30	16.71	16.89	16.40	16.61	6159279	209753904.00
2015/02/02	16.45	16.50	16.00	16.19	8204501	272634656.00
2015/02/03	16.25	16.65	16.17	16.50	5034478	169199472.00
2015/02/04	16.45	16.53	15.96	15.98	5335089	177701072.00
2015/02/05	15.92	16.18	15.53	15.55	6151396	200802304.00
2015/02/06	15.65	15.75	15.27	15.36	7299063	231424784.00
2015/02/09	15.35	15.61	15.34	15.45	4910371	156493216.00
2015/02/10	15.44	15.62	15.34	15.47	3929653	124746264.00
2015/02/11	15.45	15.62	15.25	15.37	5881616	186035248.00
2015/02/12	15.36	15.75	15.36	15.68	5525001	176259904.00
2015/02/13	15.80	16.06	15.64	15.89	6473020	211053808.00
2015/02/16	15.85	16.18	15.74	16.02	5799712	189511264.00
2015/02/17	16.00	16.36	15.98	16.23	4673296	155388448.00
2015/02/25	16.30	17.89	16.13	17.62	16768303	589306752.00
2015/02/26	17.62	17.80	17.35	17.74	8571784	308210432.00
2015/02/27	17.50	17.69	17.28	17.38	8182431	292425888.00
2015/03/02	17.38	17.54	17.12	17.52	8008297	284525888.00
2015/03/03	17.37	18.06	17.30	17.39	9496087	342638240.00
2015/03/04	17.57	17.85	17.33	17.63	6818933	245501392.00
2015/03/05	17.55	18.09	17.43	17.80	8121488	296643936.00
2015/03/06	17.82	17.90	16.95	16.97	8808173	312726528.00
2015/03/09	16.77	17.29	16.68	17.24	5057038	175599216.00
2015/03/10	17.19	17.53	17.10	17.20	5960265	210772736.00
2015/03/11	17.22	17.37	16.85	17.22	5538129	193829344.00
2015/03/12	17.22	17.25	16.90	17.01	4269953	148925536.00
2015/03/13	17.05	17.59	17.01	17.44	5583620	198050608.00
2015/03/16	17.55	17.94	17.54	17.83	8563704	311726304.00
2015/03/17	17.85	18.00	17.59	17.73	7882934	286205248.00
2015/03/18	17.73	18.50	17.60	18.28	10186310	376749888.00
2015/03/19	18.31	18.50	18.10	18.19	6501765	241877392.00
2015/03/20	18.25	18.48	18.10	18.19	7808434	291277024.00
2015/03/23	18.32	19.09	18.29	19.06	10044325	383739584.00
2015/03/24	19.05	19.06	18.40	18.85	11065561	424024416.00
2015/03/25	18.84	19.60	18.51	19.31	11855494	464329280.00
2015/03/26	19.10	19.57	18.95	19.30	7868199	309346304.00
2015/03/27	19.31	20.25	19.30	20.06	7539728	306463424.00
2015/03/30	19.85	20.60	19.44	20.35	11429044	465627232.00
2015/03/31	20.35	20.50	19.49	19.50	13953019	563453760.00
2015/04/01	19.52	19.85	19.52	19.59	8811583	353412704.00
2015/04/02	19.74	19.87	19.38	19.51	11728142	469427936.00
2015/04/03	19.49	19.69	19.25	19.60	10949933	436105120.00
2015/04/07	19.62	20.26	19.54	20.24	14765685	599085888.00
2015/04/08	20.17	20.21	19.25	19.51	15652768	627967296.00
2015/04/09	19.55	19.67	18.71	19.22	10784285	420725824.00
2015/04/10	19.20	19.58	19.05	19.49	12174900	482555488.00
2015/04/13	19.59	21.22	19.50	20.67	17725137	739234624.00
2015/04/14	20.45	21.08	20.05	20.25	13995799	586699904.00
2015/04/15	20.25	20.50	19.20	19.35	10587387	424888896.00
2015/04/16	19.30	19.97	19.05	19.65	8585772	343365664.00
2015/04/17	19.66	20.22	19.66	19.81	10211213	414231744.00
2015/04/20	19.97	19.97	19.05	19.11	12951157	514785088.00
2015/04/21	19.11	19.85	19.10	19.80	11037815	438990656.00
2015/04/22	19.85	20.39	19.81	20.12	11124655	456341600.00
2015/04/23	20.60	20.84	20.14	20.26	13054172	543838720.00
2015/04/24	19.75	20.05	19.50	19.79	13441263	540887104.00
2015/04/27	19.85	20.22	19.61	19.75	10917810	442187456.00
2015/04/28	19.76	19.83	18.94	19.06	13099240	514915552.00
2015/04/29	19.07	19.30	18.95	19.29	6955928	272382816.00
2015/04/30	19.27	19.34	18.96	19.19	10667703	416501024.00
2015/05/04	19.20	19.28	18.99	19.24	5914217	231577344.00
2015/05/05	19.25	19.26	18.60	18.65	7933397	306696608.00
2015/05/06	18.75	18.91	18.40	18.44	7295971	278841280.00
2015/05/07	18.43	18.74	18.35	18.58	7637211	289098304.00
2015/05/08	18.75	19.07	18.66	18.98	7256168	279033472.00
2015/05/11	19.10	19.54	19.00	19.54	10516858	414091712.00
2015/05/12	19.60	19.65	19.23	19.32	10899980	430694432.00
2015/05/13	19.27	19.82	19.04	19.74	13669887	543423424.00
2015/05/14	19.76	19.80	19.42	19.46	8869250	354004864.00
2015/05/15	19.45	19.45	18.94	19.15	8387284	327511008.00
2015/05/18	18.95	19.55	18.86	19.42	8342131	328681376.00
2015/05/19	19.38	20.20	19.35	20.07	13276518	539042560.00
2015/05/20	20.12	20.81	19.94	20.40	15310933	637415424.00
2015/05/21	20.35	22.48	20.35	22.37	20701324	921040896.00
2015/05/22	22.60	22.83	21.55	22.09	16134525	725650688.00
2015/05/25	22.41	23.60	22.41	22.66	15085348	703097408.00
2015/05/26	22.66	23.25	22.45	23.10	15750073	735831872.00
2015/05/27	23.15	23.25	22.58	23.00	14324597	666322048.00
2015/05/28	22.89	23.75	21.59	21.60	18237350	845213056.00
2015/05/29	21.62	22.32	21.06	22.00	14519602	641968064.00
2015/06/01	22.25	23.83	22.25	23.59	17294357	822696768.00
2015/06/02	23.69	24.21	23.11	24.10	16315893	784972928.00
2015/06/03	23.85	24.54	23.45	23.87	11960025	581900032.00
2015/06/04	23.88	24.04	21.84	23.25	14844313	696335936.00
2015/06/05	23.65	24.51	23.25	24.20	16584916	806984896.00
2015/06/08	24.25	24.35	23.35	23.62	15692027	756461440.00
2015/06/09	23.60	24.02	23.10	23.40	13265379	635468096.00
2015/06/10	23.29	24.21	22.85	23.86	16298172	783333184.00
2015/06/11	23.50	24.90	23.40	24.70	18515335	917211392.00
2015/06/12	24.76	25.00	24.37	24.64	14282411	715513408.00
2015/06/15	24.90	25.55	24.34	25.10	16741430	848385088.00
2015/06/16	25.10	25.88	24.15	24.85	16316453	826993344.00
2015/06/17	24.75	24.79	23.49	24.45	13758429	673535872.00
2015/06/18	24.65	24.69	23.25	23.70	10656727	521523136.00
2015/06/19	23.29	23.83	21.85	22.35	11411362	527648832.00
2015/06/23	22.31	22.84	21.25	22.70	11291117	510013952.00
2015/06/24	22.85	23.35	22.10	22.70	12811089	591172160.00
2015/06/25	22.70	22.70	21.55	21.80	10623833	481131168.00
2015/06/26	21.34	21.34	19.58	19.58	12811595	530486560.00
2015/06/29	19.85	20.00	17.58	18.28	16399484	626742976.00
2015/06/30	18.10	19.65	17.50	19.62	16627714	630401472.00
2015/07/01	19.22	20.17	18.55	18.70	13070800	522122400.00
2015/07/02	18.84	18.85	16.79	17.09	18426034	668281216.00
2015/07/03	16.86	17.60	15.35	16.95	20708852	689588096.00
2015/07/06	18.10	18.50	15.60	16.94	18376741	642777408.00
2015/07/07	16.43	16.65	15.21	15.27	24242373	772642368.00
2015/07/14	16.84	16.84	16.84	16.84	1065645	36754096.00
2015/07/15	18.57	18.57	17.25	17.44	31551890	1169794176.00
2015/07/16	17.44	18.54	16.60	18.08	15408693	558864896.00
2015/07/17	18.09	19.35	18.08	19.09	15266318	583594368.00
2015/07/20	19.29	19.50	18.78	19.15	15107421	591497152.00
2015/07/21	19.20	20.12	19.20	20.03	15038637	607733632.00
2015/07/22	20.27	20.64	19.27	19.67	31703320	641105600.00
2015/07/23	19.67	21.67	19.67	21.67	45776188	961317888.00
2015/07/24	22.70	22.75	21.67	21.93	55115438	1244793088.00
2015/07/27	21.38	23.32	20.54	21.12	52689348	1180507648.00
2015/07/28	20.30	21.47	18.98	20.15	42650930	874694976.00
2015/07/29	20.70	21.22	19.38	21.07	28430956	584697728.00
2015/07/30	20.78	21.20	19.72	19.77	26129265	545551168.00
2015/07/31	19.52	20.29	19.37	19.72	19895896	399337632.00
2015/08/03	19.34	19.76	18.34	18.77	24597408	473794432.00
2015/08/04	18.94	20.02	18.78	20.00	20083411	395279840.00
2015/08/05	19.88	20.19	19.43	19.59	18146939	365546208.00
2015/08/06	19.20	19.66	18.93	19.07	14682212	286629056.00
2015/08/07	19.33	20.00	19.33	19.88	17835367	357453792.00
2015/08/10	20.12	20.77	19.82	20.72	26190553	541973504.00
2015/08/11	20.62	21.30	20.50	20.67	22539650	476357536.00
2015/08/12	20.38	20.57	19.97	19.98	20965175	429792992.00
2015/08/13	20.00	20.55	19.86	20.45	15620563	320871488.00
2015/08/14	20.60	20.84	20.40	20.50	16399334	342887712.00
2015/08/17	20.22	20.74	20.05	20.73	17072737	351693376.00
2015/08/18	20.78	20.87	18.70	18.82	26570192	537483136.00
2015/08/19	18.43	19.45	18.17	19.44	21429880	409310080.00
2015/08/20	19.19	19.42	18.62	18.68	12695509	244766848.00
2015/08/21	18.37	18.63	17.42	17.46	18521547	338610400.00
2015/08/24	16.64	16.92	15.69	15.69	19710197	320300800.00
2015/08/25	14.73	15.40	14.09	14.09	30986021	457922912.00
2015/08/26	14.52	15.10	13.94	14.48	24725298	365421344.00
2015/08/27	14.32	15.96	14.32	15.96	23748855	369085920.00
2015/08/28	16.32	17.12	16.10	16.88	38736504	650612608.00
2015/08/31	16.03	16.27	15.39	16.13	31765432	513019552.00
2015/09/01	15.90	15.90	14.80	15.37	32761134	507663104.00
2015/09/02	14.58	16.14	14.51	15.90	34351768	541288960.00
2015/09/07	15.87	16.56	15.60	15.66	19287850	314922816.00
2015/09/08	15.53	16.21	15.42	16.12	11434872	184049744.00
2015/09/09	16.32	16.77	16.03	16.44	21175842	354328704.00
2015/09/10	16.25	16.40	15.84	15.90	11033337	181277456.00
2015/09/11	16.01	16.24	15.65	15.82	7844239	127110856.00
2015/09/14	15.87	15.92	14.42	14.59	16367557	250340160.00
2015/09/15	14.46	14.69	14.00	14.11	12512615	181988432.00
2015/09/16	14.22	15.47	14.12	15.25	12275651	184303440.00
2015/09/17	15.22	15.37	14.82	14.85	13008775	200002176.00
2015/09/18	14.88	15.01	14.55	14.78	7197711	108111576.00
2015/09/21	14.69	15.24	14.57	15.16	10476382	159576208.00
2015/09/22	15.18	15.52	15.08	15.26	10208056	158967952.00
2015/09/23	14.98	15.03	14.70	14.79	9535810	144131920.00
2015/09/24	14.82	15.02	14.75	14.91	5607395	84975952.00
2015/09/25	14.73	14.98	14.37	14.47	10349421	154309840.00
2015/09/28	14.52	14.80	14.27	14.78	6111974	90928648.00
2015/09/29	14.53	14.61	14.32	14.49	5513649	81503168.00
2015/09/30	14.62	14.75	14.48	14.61	4518281	67398264.00
2015/10/08	15.11	16.10	14.94	15.68	21493548	341269728.00
2015/10/09	15.24	15.59	15.17	15.54	15924520	249297712.00
2015/10/12	15.62	16.29	15.48	16.10	20572169	334728576.00
2015/10/13	15.92	16.12	15.75	15.94	12848999	208384640.00
2015/10/14	15.98	15.99	15.56	15.58	13377805	214536096.00
2015/10/15	15.50	16.09	15.44	16.07	14548026	234207968.00
2015/10/16	16.08	16.21	15.82	16.08	16288805	265581264.00
2015/10/19	16.08	16.24	15.72	15.89	14220613	231667456.00
2015/10/20	15.90	16.46	15.82	16.42	17862491	292335296.00
2015/10/21	16.31	16.61	15.31	15.50	24220732	396346176.00
2015/10/22	15.52	16.01	15.42	15.96	17521699	280340128.00
2015/10/23	16.07	16.82	16.06	16.81	28069902	470196480.00
2015/10/26	17.02	17.03	16.33	16.53	19338373	325789184.00
2015/10/27	16.38	16.58	15.93	16.44	14369746	237013024.00
2015/10/28	16.32	16.62	16.03	16.07	11430699	189924528.00
2015/10/29	16.08	16.26	15.89	16.19	7920064	129679656.00
2015/10/30	16.11	16.31	15.91	16.15	8099470	132830112.00
2015/11/02	15.80	16.07	15.62	15.63	10534307	169501296.00
2015/11/03	15.59	15.82	15.30	15.32	9585106	151701936.00
2015/11/04	15.40	16.04	15.38	16.00	14779578	237605264.00
2015/11/05	16.02	16.44	15.99	16.20	22437274	369937344.00
2015/11/06	16.12	16.63	16.10	16.52	17295900	289153568.00
2015/11/09	16.42	16.88	16.37	16.57	19091620	322099520.00
2015/11/10	16.57	16.69	16.37	16.57	17616955	296140256.00
2015/11/11	16.55	17.37	16.49	17.17	22677146	390021504.00
2015/11/12	17.20	17.32	16.71	16.92	16883572	291264448.00
2015/11/13	16.67	17.07	16.57	16.63	12866157	219016064.00
2015/11/16	16.37	17.03	16.28	17.00	14562691	246675808.00
2015/11/17	17.03	17.19	16.68	16.70	16692776	286769184.00
2015/11/18	16.61	16.70	16.42	16.43	10116344	170187072.00
2015/11/19	16.51	16.91	16.38	16.83	9278304	156191088.00
2015/11/20	16.73	16.99	16.62	16.89	11993731	204981072.00
2015/11/23	16.89	17.53	16.84	17.06	20559205	359881632.00
2015/11/24	17.07	17.39	17.02	17.25	14637327	255847024.00
2015/11/25	17.26	17.60	17.02	17.56	18390924	322851584.00
2015/11/26	17.57	18.15	17.46	17.90	24298211	442053376.00
2015/11/27	17.82	18.39	17.22	17.32	30582496	554703744.00
2015/11/30	17.14	17.61	16.44	17.61	22240869	386335616.00
2015/12/01	17.42	17.96	17.29	17.86	14709332	263155968.00
2015/12/02	17.76	18.68	17.50	18.53	23933072	443116352.00
2015/12/03	18.57	18.63	18.09	18.47	18367009	342436224.00
2015/12/04	18.30	18.50	18.02	18.27	13178351	243846864.00
2015/12/07	18.27	18.63	17.95	18.59	13273258	247727072.00
2015/12/08	18.43	18.43	17.56	17.62	15643497	284296576.00
2015/12/09	17.52	17.68	17.16	17.38	9684745	170872528.00
2015/12/10	17.29	17.76	17.27	17.52	10157110	181330160.00
2015/12/11	17.45	17.52	17.12	17.13	8110731	142435248.00
2015/12/14	17.02	17.43	16.97	17.41	5975376	104654376.00
2015/12/15	17.41	17.69	17.37	17.54	6020286	107249168.00
2015/12/16	17.54	17.72	17.48	17.63	5960057	106741512.00
2015/12/17	17.61	18.07	17.61	18.07	8675161	157831760.00
2015/12/18	18.11	18.32	17.84	17.90	7696725	140787088.00
2015/12/21	17.82	18.44	17.77	18.32	11282792	207701488.00
2015/12/22	18.60	19.09	18.57	18.82	20466201	391965216.00
2015/12/23	18.79	19.27	18.42	18.82	16680622	317878048.00
2015/12/24	18.62	18.92	18.28	18.48	8480996	159817712.00
2015/12/25	18.52	19.05	18.41	18.76	9600958	183230864.00
2015/12/28	18.77	19.00	18.27	18.30	9674230	182631424.00
2015/12/29	18.17	18.47	18.15	18.43	5022284	93360432.00
2015/12/30	18.59	18.59	18.12	18.35	6231418	115946552.00
2015/12/31	18.32	18.47	18.14	18.32	7828356	145681600.00
2016/01/04	18.17	18.42	16.58	16.66	7145588	129174296.00
2016/01/05	15.81	16.89	15.80	16.41	18695512	309402944.00
2016/01/06	16.42	16.79	16.41	16.68	6689990	112730192.00
2016/01/07	16.38	16.41	15.30	15.41	2219600	35971200.00
2016/01/08	15.97	16.15	14.92	15.97	11086287	178406800.00
2016/01/11	15.64	16.08	15.42	15.47	10756275	172621712.00
2016/01/12	15.47	16.03	15.22	15.74	5790152	92351792.00
2016/01/13	15.78	16.02	15.16	15.18	5081886	81110096.00
2016/01/14	14.78	15.72	14.74	15.62	6013052	93390584.00
2016/01/15	15.50	15.62	14.70	14.75	9528105	145351136.00
2016/01/18	14.52	15.07	14.47	14.81	4481305	67510176.00
2016/01/19	14.83	15.37	14.73	15.31	5400333	83226288.00
2016/01/20	15.22	15.47	14.81	15.02	5168658	79782648.00
2016/01/21	14.77	15.40	14.77	15.11	6756339	104044944.00
2016/01/22	15.11	15.20	14.73	15.16	4697597	71753128.00
2016/01/25	15.26	15.31	15.07	15.19	3756398	58029660.00
2016/01/26	14.57	15.02	13.99	14.02	6087159	90130744.00
2016/01/27	14.16	14.31	13.43	13.84	8806725	123525480.00
2016/01/28	13.86	13.96	13.62	13.67	4911160	69221528.00
2016/01/29	13.68	14.12	13.68	13.98	7486139	106289344.00
2016/02/01	13.98	14.13	13.83	13.94	5482501	78070792.00
2016/02/02	13.94	14.37	13.92	14.24	5213866	75168856.00
2016/02/03	14.07	14.16	13.90	14.10	4973873	71124880.00
2016/02/04	14.14	14.46	14.14	14.38	4941597	72305256.00
2016/02/05	14.33	14.50	14.21	14.23	3170890	46338040.00
2016/02/15	13.91	14.32	13.82	14.22	4593779	65888836.00
2016/02/16	14.25	14.69	14.23	14.61	6519743	96377208.00
2016/02/17	14.57	14.62	14.23	14.55	7192164	105903752.00
2016/02/18	14.57	14.69	14.46	14.53	7999713	118848720.00
2016/02/19	14.50	14.57	14.37	14.52	3434333	50703060.00
2016/02/22	14.61	14.82	14.56	14.72	6070261	90872760.00
2016/02/23	14.72	14.78	14.40	14.53	4440190	65936184.00
2016/02/24	14.54	14.65	14.26	14.53	5215700	76946328.00
2016/02/25	14.49	14.50	13.57	13.57	8910747	126580352.00
2016/02/26	13.62	13.85	13.52	13.72	6671288	93289928.00
2016/02/29	13.68	13.82	12.98	13.42	7979504	109091280.00
2016/03/01	13.42	13.65	13.32	13.55	6118730	84215800.00
2016/03/02	13.52	14.02	13.52	13.99	6713487	94415272.00
2016/03/03	13.99	14.17	13.90	13.93	5702829	81553584.00
2016/03/04	13.81	13.96	13.44	13.62	6002103	83819856.00
2016/03/07	13.63	13.91	13.62	13.72	4768462	66992116.00
2016/03/08	13.68	14.04	13.43	14.00	7865822	110279592.00
2016/03/09	13.89	14.02	13.72	13.89	5439803	77106744.00
2016/03/10	13.87	13.99	13.65	13.65	2670968	37649912.00
2016/03/11	13.57	13.92	13.48	13.86	5228506	73172032.00
2016/03/14	13.90	14.30	13.89	14.12	6471446	93463184.00
2016/03/15	14.11	14.16	13.89	14.00	3536914	50558196.00
2016/03/16	14.04	14.10	13.72	13.76	3560757	50315912.00
2016/03/17	13.76	14.08	13.76	14.02	4741148	67511480.00
2016/03/18	14.10	14.42	14.04	14.41	9247843	134536240.00
2016/03/21	14.47	14.68	14.33	14.67	9052475	134060736.00
2016/03/22	14.57	14.59	14.44	14.48	6132491	90726032.00
2016/03/23	14.41	14.52	14.32	14.49	4566045	67167768.00
2016/03/24	14.34	14.40	14.21	14.21	5887709	85774320.00
2016/03/25	14.13	14.35	14.12	14.28	3455013	50131964.00
2016/03/28	14.32	14.51	14.22	14.25	5286740	77338384.00
2016/03/29	14.23	14.28	13.87	13.95	4566547	65550692.00
2016/03/30	14.02	14.48	14.02	14.43	7109569	103508104.00
2016/03/31	14.46	14.52	14.31	14.34	5750622	84363352.00
2016/04/01	14.35	14.35	14.04	14.20	4306706	62185916.00
2016/04/05	14.20	14.50	14.13	14.48	7090569	103991408.00
2016/04/06	14.46	14.89	14.38	14.82	11227156	167647680.00
2016/04/07	14.90	14.98	14.50	14.51	8603958	128729000.00
2016/04/08	14.39	14.48	14.24	14.38	4950140	72543104.00
2016/04/11	14.38	14.75	14.38	14.67	5887025	87815728.00
2016/04/12	14.62	14.71	14.42	14.58	4468369	66233300.00
2016/04/13	14.60	14.89	14.60	14.82	9428781	142058224.00
2016/04/14	14.89	15.29	14.73	15.21	9718279	148485168.00
2016/04/15	15.21	15.58	15.07	15.58	11981692	187468800.00
2016/04/18	15.50	15.94	15.23	15.82	12415534	197986080.00
2016/04/19	15.87	16.00	15.64	15.71	8163552	130957872.00
2016/04/20	15.70	15.78	14.92	15.40	12659689	197174224.00
2016/04/21	15.30	15.69	15.13	15.30	5157543	81070760.00
2016/04/22	15.22	15.47	15.12	15.43	4270006	66605216.00
2016/04/25	15.39	15.42	15.03	15.23	5986388	92646960.00
2016/04/26	15.22	15.70	15.14	15.67	5214441	82071544.00
2016/04/27	15.63	15.69	15.34	15.38	3967745	62766808.00
2016/04/28	15.35	15.62	15.21	15.44	3977905	62340636.00
2016/04/29	15.44	15.53	15.25	15.38	2822527	44203512.00
2016/05/03	15.36	15.67	15.23	15.62	4843606	76672720.00
2016/05/04	15.60	16.11	15.53	15.86	7765385	125904232.00
2016/05/05	15.83	15.91	15.62	15.75	4694718	75176128.00
2016/05/06	15.73	15.84	15.29	15.32	6632160	104377344.00
2016/05/09	15.03	15.17	14.57	14.82	6153768	92706952.00
2016/05/10	14.76	14.88	14.66	14.72	2641096	39770060.00
2016/05/11	14.83	15.22	14.62	14.84	3919913	59447680.00
2016/05/12	14.67	14.69	14.34	14.58	3345317	49578524.00
2016/05/13	14.53	15.18	14.49	14.96	5535759	84378056.00
2016/05/16	14.86	15.20	14.78	15.01	2719474	41394724.00
2016/05/17	15.02	15.15	14.92	15.00	2935194	44918020.00
2016/05/18	14.85	14.96	14.65	14.95	4844908	73111528.00
2016/05/19	14.85	15.07	14.78	14.88	3706411	56404216.00
2016/05/20	14.81	14.97	14.72	14.93	2893236	43850296.00
2016/05/23	15.06	15.06	14.69	14.79	5652797	85425288.00
2016/05/24	14.79	14.79	14.22	14.34	6300993	92900064.00
2016/05/25	14.34	14.44	14.22	14.24	4380570	64015220.00
2016/05/26	14.22	14.35	14.02	14.31	3261878	47146968.00
2016/05/27	14.32	14.34	13.91	14.13	3448654	49819736.00
2016/05/30	14.02	14.16	13.83	14.04	2647917	37862048.00
2016/05/31	14.02	14.54	14.01	14.49	5374370	78724192.00
2016/06/01	14.47	14.59	14.42	14.43	3598803	53166748.00
2016/06/02	14.39	14.56	14.37	14.49	4248532	62594320.00
2016/06/03	14.52	14.75	14.37	14.60	7168064	106488512.00
2016/06/06	14.61	14.70	14.53	14.64	2955342	43996876.00
2016/06/07	14.63	14.77	14.57	14.67	3701680	55332988.00
2016/06/08	14.66	14.66	14.41	14.50	3262366	48238004.00
2016/06/13	14.41	14.44	14.02	14.04	4051947	58807800.00
2016/06/14	14.00	14.17	13.91	14.04	2499792	35735884.00
2016/06/15	13.96	14.43	13.93	14.40	3640242	53079712.00
2016/06/16	14.41	14.59	14.28	14.29	2419040	35231788.00
2016/06/17	14.34	14.66	14.34	14.45	3377719	49482552.00
2016/06/20	14.45	14.56	14.32	14.47	2683935	39075072.00
2016/06/21	14.52	14.68	14.31	14.43	3196602	46830612.00
2016/06/22	14.37	14.66	14.36	14.63	4534516	66639216.00
2016/06/23	14.57	14.92	14.56	14.72	5945212	88448000.00
2016/06/24	14.65	14.86	14.38	14.70	5168221	76470856.00
2016/06/27	14.58	14.99	14.52	14.94	7511621	112159584.00
2016/06/28	14.86	15.36	14.81	15.31	8495207	130130640.00
2016/06/29	15.31	15.37	15.09	15.24	6599786	101385272.00
2016/06/30	15.18	15.30	15.18	15.27	3501852	53876116.00
2016/07/01	15.22	15.32	14.95	14.99	5809235	88546072.00
2016/07/04	15.04	15.36	15.00	15.33	6011336	92569744.00
2016/07/05	15.32	15.38	15.11	15.21	6649350	102034080.00
2016/07/06	15.15	15.29	15.06	15.24	6313340	96792128.00
2016/07/07	15.18	15.58	15.18	15.30	5657286	87884176.00
2016/07/08	15.27	15.70	15.22	15.54	6057145	94592424.00
2016/07/11	15.46	15.72	15.24	15.31	6599140	103274048.00
2016/07/12	15.31	15.54	15.26	15.44	7743397	120198136.00
2016/07/13	15.46	15.62	15.43	15.50	7329719	114891848.00
2016/07/14	15.52	15.55	15.20	15.36	5970444	92441328.00
2016/07/15	15.36	15.40	15.23	15.27	5773982	89077144.00
2016/07/18	15.21	15.35	15.18	15.28	4937715	76066864.00
2016/07/19	15.28	15.31	15.16	15.26	3290154	50572520.00
2016/07/20	15.25	15.46	15.24	15.39	5125552	79464976.00
2016/07/21	15.37	15.46	15.23	15.26	5339708	82572304.00
2016/07/22	15.22	15.29	15.01	15.03	4735609	72186328.00
2016/07/25	15.00	15.11	14.95	15.00	5571887	84492456.00
2016/07/26	14.92	15.12	14.92	15.11	6806636	103111424.00
2016/07/27	15.10	15.21	14.54	14.69	8916288	133844240.00
2016/07/28	14.70	15.72	14.61	15.56	14198068	217130000.00
2016/07/29	15.45	15.56	15.31	15.36	9633829	150097184.00
2016/08/01	15.40	15.40	14.97	15.22	6518846	100065088.00
2016/08/02	15.29	15.70	15.22	15.55	11312158	177513680.00
2016/08/03	15.48	15.61	15.34	15.61	8046960	125472656.00
2016/08/04	15.56	15.56	15.36	15.49	4206228	65684208.00
2016/08/05	15.52	15.65	15.36	15.36	5224303	81525872.00
2016/08/08	15.36	15.44	15.08	15.44	5034692	77598696.00
2016/08/09	15.40	15.71	15.31	15.66	7929969	124100896.00
2016/08/10	15.66	15.74	15.52	15.58	5683710	89536632.00
2016/08/11	15.52	15.84	15.51	15.64	10737000	170255616.00
2016/08/12	15.68	15.75	15.36	15.63	6822331	107057848.00
2016/08/15	15.64	15.98	15.47	15.92	11298232	180177520.00
2016/08/16	15.87	16.00	15.76	15.91	7250775	116090504.00
2016/08/17	15.91	15.91	15.72	15.76	6493111	103547712.00
2016/08/18	15.74	15.89	15.61	15.64	7490856	118754256.00
2016/08/19	15.64	15.69	15.53	15.65	4836228	76025488.00
2016/08/22	15.63	15.83	15.52	15.54	5145339	81389824.00
2016/08/23	15.59	15.81	15.47	15.61	7801839	123224776.00
2016/08/24	15.56	15.67	15.54	15.58	3130153	49302996.00
2016/08/25	15.56	15.57	15.31	15.48	5022929	78330568.00
2016/08/26	15.51	15.91	15.48	15.75	8733781	138690128.00
2016/08/29	15.66	15.79	15.53	15.66	5609216	88599568.00
2016/08/30	15.69	15.71	15.47	15.51	5587976	87756824.00
2016/08/31	15.49	15.51	15.32	15.42	5857116	90984968.00
2016/09/01	15.40	15.46	15.27	15.27	3899192	60380672.00
2016/09/02	15.27	15.38	15.22	15.34	4245605	65604284.00
2016/09/05	15.35	15.47	15.31	15.35	3579163	55617556.00
2016/09/06	15.35	15.55	15.29	15.47	4127514	64244120.00
2016/09/07	15.48	15.60	15.42	15.49	5066143	79255744.00
2016/09/08	15.51	16.09	15.46	15.98	22315309	357045632.00
2016/09/09	16.01	16.16	15.89	15.93	11816309	190948080.00
2016/09/12	15.78	15.90	15.61	15.82	10966858	174370480.00
2016/09/13	15.80	16.11	15.79	15.85	6926654	111393056.00
2016/09/14	15.77	16.16	15.65	16.12	8679310	139648960.00
2016/09/19	16.08	16.44	15.99	16.04	10052979	164215952.00
2016/09/20	15.99	16.25	15.97	16.09	4757790	77249472.00
2016/09/21	16.13	16.15	15.90	15.96	4817568	77666728.00
2016/09/22	16.03	16.07	15.93	15.96	3894156	62785396.00
2016/09/23	15.96	16.34	15.93	16.21	6369560	103952328.00
2016/09/26	16.08	16.19	15.74	15.75	6483793	104017752.00
2016/09/27	15.66	15.78	15.57	15.78	4086060	64600892.00
2016/09/28	15.77	15.79	15.60	15.68	2393146	37831780.00
2016/09/29	15.67	16.18	15.67	16.15	6574791	105928032.00
2016/09/30	16.14	16.20	15.98	16.11	5354604	86848912.00
2016/10/10	16.33	16.62	16.23	16.54	12919425	214211200.00
2016/10/11	16.59	16.62	16.36	16.43	6962897	115681568.00
2016/10/12	16.41	16.91	16.41	16.74	9690423	163737776.00
2016/10/13	16.75	16.86	16.57	16.67	5379976	90580608.00
2016/10/14	16.66	16.82	16.49	16.71	4797367	80514064.00
2016/10/17	16.71	16.79	16.36	16.46	4557425	76086512.00
2016/10/18	16.46	16.61	16.36	16.57	4494872	74743624.00
2016/10/19	16.48	16.65	16.44	16.62	4076655	68014216.00
2016/10/20	16.63	16.66	16.42	16.45	3475881	57810976.00
2016/10/21	16.51	16.93	16.45	16.72	7163843	121107624.00
2016/10/24	16.66	17.01	16.64	16.88	5768274	98023288.00
2016/10/25	16.83	17.23	16.78	17.13	6907315	118879000.00
2016/10/26	17.03	17.79	17.01	17.43	12801971	225681568.00
2016/10/27	17.36	17.54	17.26	17.36	5064109	88618624.00
2016/10/28	17.22	17.42	16.84	16.92	9656004	165724592.00
2016/10/31	16.82	17.08	16.64	16.96	5341712	91041496.00
2016/11/01	16.98	17.35	16.84	17.25	4892150	84538344.00
2016/11/02	17.18	17.43	17.08	17.19	6485966	112804896.00
2016/11/03	17.11	17.29	17.01	17.13	4185752	72422608.00
2016/11/04	17.13	17.22	16.96	17.15	3905821	67216824.00
2016/11/07	17.13	17.44	16.96	17.41	5523098	95926472.00
2016/11/08	17.51	17.57	17.33	17.50	4820668	84833128.00
2016/11/09	17.51	17.52	17.08	17.23	5047994	87874904.00
2016/11/10	17.35	17.78	17.22	17.59	8732759	154714752.00
2016/11/11	17.55	17.74	17.49	17.57	5875401	104237120.00
2016/11/14	17.50	17.64	17.21	17.31	6639656	116351688.00
2016/11/15	17.31	17.53	17.19	17.32	4774854	83196008.00
2016/11/16	17.32	17.39	17.17	17.22	5402551	93926560.00
2016/11/17	17.22	17.36	17.09	17.27	4814019	83612016.00
2016/11/18	17.32	17.54	17.21	17.46	5186076	90648112.00
2016/11/21	17.65	18.37	17.41	17.50	21641486	388833824.00
2016/11/22	17.42	17.71	17.36	17.50	7564869	133704416.00
2016/11/23	17.39	17.52	17.23	17.34	8571576	149929552.00
2016/11/24	17.33	17.68	17.24	17.61	7849463	138820608.00
2016/11/25	17.59	17.89	17.39	17.78	7551836	134802800.00
2016/11/28	17.81	17.96	17.50	17.60	7885820	140328096.00
2016/11/29	17.62	17.69	17.19	17.20	7100662	125066208.00
2016/11/30	17.16	17.29	16.87	17.16	6969076	120119248.00
2016/12/01	17.16	17.56	17.16	17.43	6454558	113120360.00
2016/12/02	17.42	17.61	17.13	17.13	5644961	98964552.00
2016/12/05	17.06	17.38	17.04	17.14	5044608	87482272.00
2016/12/06	17.17	17.31	16.99	17.05	3604857	62110396.00
2016/12/07	17.12	17.13	16.98	17.05	3833730	65898044.00
2016/12/08	17.09	17.13	16.87	16.94	7523111	128485824.00
2016/12/09	16.93	16.99	16.76	16.77	10013591	170524656.00
2016/12/12	16.71	16.80	15.99	16.11	9121713	150390832.00
2016/12/13	16.04	16.08	15.64	15.94	8578809	137374928.00
2016/12/14	15.99	16.26	15.94	16.14	6337827	103120280.00
2016/12/15	16.11	16.30	16.04	16.16	5179470	84680920.00
2016/12/16	16.09	16.38	16.08	16.20	6031540	98754040.00
2016/12/19	16.16	16.22	15.96	15.99	3989185	64577360.00
2016/12/20	15.88	16.06	15.71	15.73	9486143	151366800.00
2016/12/21	15.81	16.18	15.77	16.17	4485431	72674696.00
2016/12/22	16.17	16.33	16.06	16.20	2947760	48160672.00
2016/12/23	16.22	16.30	15.97	16.12	3463739	56391768.00
2016/12/26	16.04	16.16	15.75	16.13	4227671	68177976.00
2016/12/27	16.13	16.31	16.07	16.17	2153527	35181548.00
2016/12/28	16.17	16.20	15.94	16.08	2992010	48400656.00
2016/12/29	16.06	16.21	15.94	16.02	2826420	45841552.00
2016/12/30	15.96	16.11	15.94	15.98	2579053	41677756.00
2017/01/03	16.01	16.43	15.99	16.39	5056645	82727752.00
2017/01/04	16.37	16.56	16.33	16.55	4053851	67276520.00
2017/01/05	16.61	16.84	16.53	16.72	6521673	109821264.00
2017/01/06	16.66	16.81	16.56	16.66	5565193	93697536.00
2017/01/09	16.64	16.74	16.55	16.67	3019461	50730152.00
2017/01/10	16.65	16.81	16.58	16.62	2789698	46925912.00
2017/01/11	16.60	16.78	16.49	16.61	2320713	38930968.00
2017/01/12	16.56	16.66	16.31	16.32	3117177	51695828.00
2017/01/13	16.35	16.56	16.12	16.21	3857356	63631492.00
2017/01/16	16.20	16.29	15.71	16.02	5158895	83403632.00
2017/01/17	16.02	16.21	15.94	16.19	2829780	45883976.00
2017/01/18	16.26	16.41	16.14	16.36	3896831	64100576.00
2017/01/19	16.26	16.34	16.05	16.10	4317664	70423744.00
2017/01/20	16.05	16.25	15.96	16.12	3495390	56875368.00
2017/01/23	16.07	16.28	16.07	16.16	4345369	70826048.00
2017/01/24	16.20	16.20	15.99	16.12	6695450	108845616.00
2017/01/25	16.11	16.44	16.07	16.37	4602045	75555976.00
2017/01/26	16.44	16.64	16.34	16.64	3651988	60938144.00
2017/02/03	16.81	16.97	16.54	16.59	4178870	70561672.00
2017/02/06	16.61	17.01	16.61	16.86	4864282	82653208.00
2017/02/07	16.94	16.95	16.70	16.78	3228714	54694976.00
2017/02/08	16.76	16.81	16.51	16.78	3523335	59187284.00
2017/02/09	16.74	16.89	16.72	16.87	2767480	46901892.00
2017/02/10	16.87	16.87	16.55	16.61	9226985	154936144.00
2017/02/13	16.66	16.73	16.49	16.57	5170396	86534640.00
2017/02/14	16.59	17.05	16.52	17.05	8639683	146511920.00
2017/02/15	17.01	17.21	16.86	17.01	8964978	153835376.00
2017/02/16	16.94	17.10	16.88	17.05	6472548	110903976.00
2017/02/17	17.06	17.15	16.88	17.03	5462102	93720040.00
2017/02/20	17.07	17.19	16.96	17.15	5016561	86438960.00
2017/02/21	17.15	17.27	17.04	17.15	4979049	85985352.00
2017/02/22	17.11	17.19	16.95	17.00	4121233	70699160.00
2017/02/23	17.04	17.13	16.81	16.96	6741600	115125992.00
2017/02/24	16.98	17.06	16.84	16.91	4735571	80767096.00
2017/02/27	16.89	17.04	16.81	16.82	3515795	59925836.00
2017/02/28	16.71	16.82	16.64	16.70	4861749	81883360.00
2017/03/01	16.73	16.75	16.56	16.70	6304110	105843544.00
2017/03/02	16.66	16.81	16.40	16.50	6687363	111740736.00
2017/03/03	16.42	16.55	16.38	16.54	2838536	47196316.00
2017/03/06	16.54	16.64	16.46	16.58	4754217	79440040.00
2017/03/07	16.56	16.61	16.32	16.42	8900404	147664464.00
2017/03/08	16.42	16.53	16.37	16.49	5914174	98247080.00
2017/03/09	16.46	16.47	16.27	16.34	2934195	48324120.00
2017/03/10	16.31	16.38	16.26	16.26	2983354	49072224.00
2017/03/13	16.26	16.52	16.16	16.49	5211513	86140104.00
2017/03/14	16.52	16.54	16.44	16.53	3810764	63360312.00
2017/03/15	16.52	16.61	16.41	16.54	4438268	73958376.00
2017/03/16	16.64	16.84	16.58	16.76	5869313	99217272.00
2017/03/17	16.78	16.78	16.56	16.61	4358961	73343664.00
2017/03/20	16.46	16.46	16.18	16.26	7219500	118359648.00
2017/03/21	16.26	16.34	16.14	16.31	6146488	100636376.00
2017/03/22	16.23	16.29	16.13	16.21	5201541	85091056.00
2017/03/23	16.19	16.47	16.02	16.04	8713368	142662144.00
2017/03/24	16.05	16.18	15.98	16.07	9715152	157521200.00
2017/03/27	16.09	16.22	16.04	16.18	5707629	92797536.00
2017/03/28	16.19	16.20	16.01	16.03	5787449	93859968.00
2017/03/29	16.03	16.09	15.84	15.86	6152480	98739080.00
2017/03/30	15.86	15.92	15.51	15.61	7157314	113223976.00
2017/03/31	15.75	15.91	15.65	15.76	5667785	90213144.00
2017/04/05	15.86	16.07	15.73	16.05	8428513	135177120.00
2017/04/06	16.04	16.14	15.91	16.09	4826055	78198416.00
2017/04/07	16.12	16.12	15.99	16.04	2804889	45409668.00
2017/04/10	16.07	16.24	15.93	16.18	4818253	78368448.00
2017/04/11	16.23	16.24	15.85	16.01	6387117	103163496.00
2017/04/12	16.04	16.05	15.88	16.01	2887638	46534724.00
2017/04/13	15.99	16.21	15.96	16.16	4326337	70335016.00
2017/04/14	16.22	16.43	16.09	16.23	7278396	119196256.00
2017/04/17	16.23	16.42	15.97	16.41	6023780	98540024.00
2017/04/18	16.41	16.77	16.41	16.56	9352667	156713712.00
2017/04/19	16.56	16.60	15.84	16.15	7638454	124315680.00
2017/04/20	16.15	16.36	16.02	16.29	3363232	54929112.00
2017/04/21	16.26	16.42	16.17	16.38	2602844	42817124.00
2017/04/24	16.40	16.41	15.99	16.16	3407311	55407848.00
2017/04/25	15.99	16.14	15.99	16.06	2987426	48363980.00
2017/04/26	16.04	16.18	15.94	15.99	3513421	56872996.00
2017/04/27	15.97	15.99	15.71	15.87	4833755	77279200.00
2017/04/28	15.87	15.95	15.80	15.94	2825812	45238200.00
2017/05/02	15.96	16.24	15.87	16.07	2624939	42558028.00
2017/05/03	16.03	16.16	15.91	15.98	1941118	31377806.00
2017/05/04	16.01	16.20	15.92	16.05	3783041	61372672.00
2017/05/05	16.09	16.18	15.91	15.91	2745571	44441716.00
2017/05/08	15.78	15.98	15.72	15.84	4004625	64164728.00
2017/05/09	15.79	15.97	15.76	15.83	3310595	52953080.00
2017/05/10	15.83	15.95	15.61	15.63	3786703	60196052.00
2017/05/11	15.58	15.66	15.08	15.50	8366418	129525024.00
2017/05/12	15.50	15.61	15.37	15.47	2601136	40694772.00
2017/05/15	15.56	15.60	15.43	15.45	1556983	24353220.00
2017/05/16	15.46	15.66	15.26	15.64	3235381	50561536.00
2017/05/17	15.60	15.68	15.51	15.59	2600821	40919500.00
2017/05/18	15.51	15.59	15.40	15.44	2045517	31950750.00
2017/05/19	15.50	15.51	15.37	15.46	2035566	31727916.00
2017/05/22	15.46	15.50	15.25	15.25	3330800	51564340.00
2017/05/23	15.29	15.37	15.02	15.08	4016508	61586340.00
2017/05/24	15.10	15.17	14.88	15.17	2465456	37487104.00
2017/05/25	15.20	15.24	14.96	15.21	3496333	53246972.00
2017/05/26	15.20	15.30	15.09	15.19	1749389	26807998.00
2017/05/31	15.33	15.40	14.90	14.96	4253970	64729236.00
2017/06/01	14.97	15.18	14.90	15.06	3900200	59327176.00
2017/06/02	15.04	15.05	14.64	14.91	7766200	115814112.00
2017/06/05	14.87	15.02	14.85	14.92	2591500	39067684.00
2017/06/06	14.98	14.98	14.79	14.88	1644600	24672480.00
2017/06/07	14.90	15.17	14.78	15.12	3621800	55021048.00
2017/06/08	15.13	15.42	15.03	15.26	4851800	74613136.00
2017/06/09	15.41	15.83	15.41	15.61	8146800	128847128.00
2017/06/12	15.58	15.87	15.37	15.79	5591846	88707848.00
2017/06/13	15.78	15.85	15.64	15.84	3422287	54431236.00
2017/06/14	15.79	16.00	15.71	15.86	4243754	68036104.00
2017/06/15	15.89	16.07	15.86	16.01	5556548	89653264.00
2017/06/16	16.00	16.13	15.91	16.08	6048875	98040176.00
2017/06/19	16.09	16.16	15.98	16.06	4013600	65106304.00
2017/06/20	16.04	16.15	15.87	16.10	5904860	94309872.00
2017/06/21	16.02	16.14	15.95	16.09	3633100	58295836.00
2017/06/22	16.10	16.11	16.00	16.02	6010500	96379584.00
2017/06/23	15.95	16.50	15.93	16.45	16312700	266256736.00
2017/06/26	16.45	16.68	16.37	16.50	6528000	107918624.00
2017/06/27	16.50	16.70	16.50	16.53	7184200	118936672.00
2017/06/28	16.54	16.65	16.46	16.61	4422007	73199128.00
2017/06/29	16.63	16.63	16.46	16.50	9753000	160826112.00
2017/06/30	16.45	16.61	16.37	16.52	3523200	58127140.00
2017/07/03	16.51	16.74	16.46	16.69	4832200	80460128.00
2017/07/04	16.69	16.75	16.62	16.68	3975300	66298232.00
2017/07/05	16.70	16.80	16.50	16.76	3946300	65720152.00
2017/07/06	16.76	16.76	16.41	16.52	9788600	162484960.00
2017/07/07	16.54	17.00	16.48	16.80	7932300	133106232.00
2017/07/10	16.60	16.65	16.30	16.32	6223200	102536208.00
2017/07/11	16.32	16.42	16.21	16.27	3893600	63423788.00
2017/07/12	16.28	16.46	16.20	16.43	3836300	62613988.00
2017/07/13	16.40	16.40	16.27	16.30	3956300	64494140.00
2017/07/14	16.32	16.36	16.21	16.31	1877600	30561752.00
2017/07/17	15.95	15.95	15.45	15.67	10978000	172048496.00
2017/07/18	15.68	15.87	15.35	15.53	5252700	82035704.00
2017/07/19	15.52	15.93	15.45	15.93	5220700	81875768.00
2017/07/20	15.88	16.13	15.80	15.91	3079500	49194128.00
2017/07/21	15.85	16.13	15.85	16.01	1805603	28957176.00
2017/07/24	16.01	16.68	15.92	16.42	6979300	114229592.00
2017/07/25	16.42	16.62	16.33	16.42	3776500	62394740.00
2017/07/26	16.40	16.59	16.32	16.43	2213500	36320208.00
2017/07/27	16.43	16.43	16.07	16.18	4365500	71050456.00
2017/07/28	16.17	16.33	16.12	16.25	1826500	29652250.00
2017/07/31	16.03	16.60	15.97	16.43	5134600	84039136.00
2017/08/01	16.41	16.82	16.38	16.74	9981400	166692640.00
2017/08/02	16.74	16.80	16.48	16.52	4114200	68177880.00
2017/08/03	16.53	16.69	16.48	16.61	3535800	58666008.00
2017/08/04	16.62	16.83	16.57	16.69	4271400	71255008.00
2017/08/07	16.63	17.13	16.62	17.00	6816200	115764048.00
2017/08/08	17.05	17.44	17.00	17.18	7639300	131967200.00
2017/08/09	17.50	17.76	17.21	17.30	7551600	131832272.00
2017/08/10	17.29	17.44	17.12	17.31	4582900	79184056.00
2017/08/11	17.28	17.28	16.77	16.81	4298200	73093456.00
2017/08/14	16.91	17.15	16.85	17.00	3803000	64778256.00
2017/08/15	17.00	17.32	16.92	17.22	3885800	66926656.00
2017/08/16	17.20	17.37	17.10	17.24	2833900	48883184.00
2017/08/17	17.24	17.35	17.13	17.22	3000800	51720780.00
2017/08/18	17.22	17.72	17.07	17.67	7806800	136506736.00
2017/08/21	17.69	17.73	17.40	17.48	5127200	89976616.00
2017/08/22	17.45	17.46	17.20	17.38	2967700	51337552.00
2017/08/23	17.32	17.44	17.10	17.15	2548700	43974412.00
2017/08/24	17.15	17.19	16.63	16.76	7181000	120965672.00
2017/08/25	16.75	17.11	16.70	16.99	4332500	73610416.00
数据来源:通达信
