002280 联络互动 日线 前复权
      日期	    开盘	    最高	    最低	    收盘	    成交量	    成交额
2009/08/21	2.82	2.82	2.58	2.64	8058149	300328544.00
2009/08/24	2.53	2.59	2.43	2.50	3626007	127348432.00
2009/08/25	2.48	2.59	2.44	2.52	2450670	86462744.00
2009/08/26	2.49	2.59	2.48	2.55	2037091	72335704.00
2009/08/27	2.53	2.58	2.48	2.49	1537967	54278784.00
2009/08/28	2.46	2.49	2.31	2.32	1687946	56464180.00
2009/08/31	2.26	2.27	2.17	2.17	1133312	35849708.00
2009/09/01	2.16	2.22	2.16	2.17	785092	24465938.00
2009/09/02	2.14	2.23	2.12	2.19	788185	24472796.00
2009/09/03	2.16	2.26	2.15	2.25	1307973	41053568.00
2009/09/04	2.23	2.26	2.21	2.24	887607	28186758.00
2009/09/07	2.23	2.34	2.23	2.26	1332500	43302076.00
2009/09/08	2.26	2.29	2.23	2.28	804591	25865382.00
2009/09/09	2.28	2.48	2.24	2.42	1708214	56622140.00
2009/09/10	2.40	2.56	2.38	2.50	2287290	80200784.00
2009/09/11	2.47	2.70	2.42	2.59	2332869	83837968.00
2009/09/14	2.60	2.64	2.54	2.59	1554241	56097956.00
2009/09/15	2.57	2.69	2.55	2.57	1410225	51283956.00
2009/09/16	2.55	2.67	2.55	2.62	1301826	47465844.00
2009/09/17	2.60	2.74	2.60	2.68	1295722	48115200.00
2009/09/18	2.68	2.81	2.63	2.65	1640182	62300248.00
2009/09/21	2.60	2.67	2.35	2.56	1123501	40106432.00
2009/09/22	2.55	2.59	2.47	2.47	662447	23403110.00
2009/09/23	2.47	2.55	2.46	2.48	660920	23191672.00
2009/09/24	2.50	2.63	2.46	2.60	1022772	36570084.00
2009/09/25	2.62	2.65	2.55	2.59	751937	27172382.00
2009/09/28	2.58	2.64	2.44	2.45	648678	23241158.00
2009/09/29	2.41	2.46	2.26	2.31	775874	25513072.00
2009/09/30	2.34	2.37	2.33	2.33	475629	15776518.00
2009/10/09	2.34	2.44	2.34	2.42	529902	17928944.00
2009/10/12	2.41	2.69	2.38	2.60	1482612	53088980.00
2009/10/13	2.58	2.63	2.54	2.61	626152	22612840.00
2009/10/14	2.61	2.68	2.57	2.58	883772	32394498.00
2009/10/15	2.60	2.74	2.58	2.70	1281659	47774056.00
2009/10/16	2.70	2.74	2.64	2.72	867433	32473566.00
2009/10/19	2.72	2.81	2.69	2.76	933142	35687880.00
2009/10/20	2.76	2.87	2.71	2.83	1275415	48988528.00
2009/10/21	2.82	2.82	2.70	2.70	1036860	39757576.00
2009/10/22	2.68	3.00	2.68	2.97	1815110	71428144.00
2009/10/23	2.89	3.00	2.84	2.89	1861184	74609792.00
2009/10/26	2.89	2.93	2.82	2.83	765735	30293064.00
2009/10/27	2.82	2.82	2.64	2.67	960536	36324668.00
2009/10/28	2.67	2.85	2.66	2.84	842294	32140834.00
2009/10/29	2.78	2.94	2.74	2.82	1259450	49661540.00
2009/10/30	2.89	2.91	2.72	2.72	1798591	70135528.00
2009/11/02	2.64	2.74	2.58	2.72	971859	35960824.00
2009/11/03	2.72	2.80	2.70	2.74	636069	24256702.00
2009/11/04	2.75	2.82	2.74	2.77	608160	23364084.00
2009/11/05	2.77	2.79	2.75	2.77	521292	20040206.00
2009/11/06	2.79	2.81	2.72	2.81	939978	36022096.00
2009/11/09	2.83	2.88	2.82	2.87	1151063	45440144.00
2009/11/11	2.86	2.86	2.78	2.81	647489	25160156.00
2009/11/12	2.81	2.83	2.79	2.80	489081	19018780.00
2009/11/13	2.80	2.83	2.75	2.82	462826	17917832.00
2009/11/16	2.82	2.87	2.80	2.86	841686	33164800.00
2009/11/17	2.87	2.89	2.84	2.85	653050	25804724.00
2009/11/18	2.85	2.86	2.77	2.80	694755	27071720.00
2009/11/19	2.80	2.95	2.78	2.91	1488553	59372936.00
2009/11/20	2.89	2.95	2.85	2.90	1243694	50109328.00
2009/11/23	2.88	3.09	2.86	3.03	2818016	114719344.00
2009/11/24	3.00	3.07	2.74	2.77	2113484	85800528.00
2009/11/25	2.81	3.02	2.77	2.97	1805827	72346936.00
2009/11/26	2.98	3.14	2.95	3.00	3056078	127735816.00
2009/11/27	2.95	3.12	2.90	2.94	1753851	72263120.00
2009/11/30	2.94	3.04	2.92	3.02	1258733	51774980.00
2009/12/01	3.01	3.23	2.99	3.21	2039452	87758560.00
2009/12/02	3.20	3.26	3.15	3.18	1569878	68531448.00
2009/12/03	3.18	3.41	3.18	3.34	2241271	101109312.00
2009/12/04	3.30	3.34	3.10	3.18	2000869	87826960.00
2009/12/07	3.15	3.22	3.14	3.20	859523	37363436.00
2009/12/08	3.18	3.20	3.12	3.16	809415	34911964.00
2009/12/09	3.13	3.22	3.10	3.11	705847	30506038.00
2009/12/10	3.11	3.20	3.10	3.12	616131	26416332.00
2009/12/11	3.12	3.13	3.03	3.05	873475	36968040.00
2009/12/14	3.06	3.07	2.96	3.03	648431	26808976.00
2009/12/15	3.03	3.13	2.99	3.09	541511	22983342.00
2009/12/16	3.09	3.15	3.04	3.08	602055	25666230.00
2009/12/17	3.08	3.09	2.90	2.90	617947	25293042.00
2009/12/18	2.89	2.93	2.81	2.87	624999	24828024.00
2009/12/21	2.87	2.91	2.85	2.90	357356	14232502.00
2009/12/22	2.88	2.90	2.78	2.78	429943	16852722.00
2009/12/23	2.78	2.83	2.77	2.83	369470	14387361.00
2009/12/24	2.82	2.94	2.82	2.92	572506	22953532.00
2009/12/25	2.90	2.95	2.87	2.90	468410	18779848.00
2009/12/28	2.90	2.99	2.88	2.98	503666	20460096.00
2009/12/29	2.98	3.00	2.94	2.98	520260	21212106.00
2009/12/30	2.98	2.98	2.90	2.94	521859	21089758.00
2009/12/31	2.92	3.02	2.92	3.00	466323	19129430.00
2010/01/04	3.01	3.10	3.00	3.04	734375	30842474.00
2010/01/05	3.07	3.18	3.04	3.15	865504	36940168.00
2010/01/06	3.15	3.15	3.06	3.11	663519	28353240.00
2010/01/07	3.08	3.14	3.01	3.06	739989	31245472.00
2010/01/08	3.06	3.13	3.06	3.12	500100	21236352.00
2010/01/11	3.12	3.33	3.06	3.31	1604820	71086704.00
2010/01/12	3.30	3.58	3.28	3.38	1800765	83865288.00
2010/01/13	3.30	3.50	3.28	3.48	1294387	60547648.00
2010/01/14	3.49	3.65	3.46	3.52	1383736	66362220.00
2010/01/15	3.53	3.54	3.42	3.46	861413	40498828.00
2010/01/18	3.44	3.47	3.35	3.43	713148	33152346.00
2010/01/19	3.45	3.46	3.36	3.44	602422	27948694.00
2010/01/20	3.44	3.45	3.14	3.15	1239736	55144664.00
2010/01/21	3.15	3.19	3.11	3.15	545999	23583212.00
2010/01/22	3.09	3.15	2.97	3.04	693813	29033850.00
2010/01/25	3.04	3.09	2.99	3.04	379297	15905281.00
2010/01/26	3.09	3.09	2.88	2.91	465400	18921646.00
2010/01/27	2.90	2.95	2.87	2.90	354554	14252985.00
2010/01/28	2.90	2.91	2.82	2.86	399681	15846836.00
2010/01/29	2.87	2.95	2.85	2.88	495890	19836024.00
2010/02/01	2.88	2.90	2.68	2.73	516027	19795522.00
2010/02/02	2.74	2.82	2.71	2.76	511200	19498650.00
2010/02/03	2.76	2.77	2.62	2.74	450034	16845248.00
2010/02/04	2.74	2.82	2.72	2.78	371691	14334384.00
2010/02/05	2.73	2.73	2.64	2.66	461683	17210616.00
2010/02/08	2.67	2.70	2.66	2.68	191689	7159177.00
2010/02/09	2.68	2.71	2.66	2.68	172334	6435078.00
2010/02/10	2.71	2.83	2.69	2.81	557779	21404686.00
2010/02/11	2.81	2.95	2.81	2.90	679855	27230562.00
2010/02/12	2.95	2.95	2.87	2.92	403673	16192444.00
2010/02/22	2.90	2.92	2.81	2.83	437692	17230210.00
2010/02/23	2.83	2.84	2.70	2.78	439441	16829990.00
2010/02/24	2.75	2.91	2.75	2.91	600253	23843528.00
2010/02/25	2.91	3.00	2.91	2.95	526830	21493826.00
2010/02/26	2.94	3.00	2.90	2.97	384117	15674577.00
2010/03/01	2.97	3.02	2.97	2.98	432460	17814314.00
2010/03/02	3.00	3.00	2.93	2.98	504314	20571370.00
2010/03/03	2.97	3.04	2.96	3.03	476861	19661002.00
2010/03/04	3.02	3.04	2.86	2.89	535397	21792488.00
2010/03/05	2.89	2.94	2.86	2.90	341440	13640901.00
2010/03/08	2.89	2.94	2.89	2.93	289455	11654582.00
2010/03/09	2.91	2.95	2.91	2.95	357603	14469395.00
2010/03/10	2.98	2.98	2.89	2.91	267272	10772761.00
2010/03/11	2.91	2.94	2.86	2.94	341064	13664835.00
2010/03/12	2.94	3.11	2.93	3.05	1198519	50005448.00
2010/03/15	3.04	3.12	3.01	3.11	959341	40531672.00
2010/03/16	3.11	3.14	3.04	3.11	592743	25083316.00
2010/03/17	3.12	3.17	3.09	3.16	740035	31783410.00
2010/03/18	3.19	3.19	3.11	3.12	524724	22550362.00
2010/03/19	3.06	3.18	3.06	3.15	568585	24520522.00
2010/03/22	3.16	3.18	3.11	3.13	475567	20407934.00
2010/03/23	3.15	3.16	3.08	3.15	636362	27243852.00
2010/03/24	3.15	3.50	3.15	3.50	1541106	70920008.00
2010/03/25	3.62	3.88	3.62	3.85	4232594	216609584.00
2010/03/26	3.72	3.77	3.64	3.68	1920309	95900552.00
2010/03/29	3.69	3.72	3.53	3.63	1579518	77194936.00
2010/03/30	3.62	3.73	3.58	3.67	1053649	52370744.00
2010/03/31	3.71	3.99	3.69	3.82	1970845	101733960.00
2010/04/01	3.86	4.02	3.74	3.91	1789335	94402200.00
2010/04/02	3.86	3.97	3.84	3.91	1007743	53169432.00
2010/04/06	3.94	4.00	3.89	4.00	1160844	61457844.00
2010/04/07	4.00	4.21	3.95	4.17	1415093	77476440.00
2010/04/08	4.14	4.39	4.07	4.12	1390193	79079064.00
2010/04/09	4.12	4.34	4.12	4.32	1030681	58544868.00
2010/04/12	4.36	4.46	4.30	4.38	1027434	60008420.00
2010/04/13	4.39	4.39	3.91	4.06	1902446	103913488.00
2010/04/14	4.02	4.10	3.94	4.01	733776	39754968.00
2010/04/15	4.03	4.06	3.68	3.79	1248150	64941448.00
2010/04/16	3.78	4.01	3.74	3.94	817772	43023272.00
2010/04/19	3.94	4.07	3.85	3.90	893699	47649452.00
2010/04/20	3.91	3.96	3.73	3.87	853287	43971052.00
2010/04/22	4.06	4.27	3.99	4.17	1687121	93433648.00
2010/04/23	4.15	4.22	3.97	4.01	1506339	82890912.00
2010/04/26	3.99	4.05	3.82	3.91	848141	44770384.00
2010/04/27	3.91	3.91	3.62	3.67	781626	39199108.00
2010/04/28	3.61	3.76	3.55	3.62	584214	28907894.00
2010/04/29	3.69	3.72	3.44	3.46	819305	39475748.00
2010/04/30	3.41	3.41	3.09	3.09	1509395	32154804.00
2010/05/04	2.94	3.04	2.83	2.92	1016302	20374396.00
2010/05/05	2.90	3.08	2.88	3.07	1129469	23129202.00
2010/05/06	3.04	3.12	2.86	2.90	1038098	21311466.00
2010/05/07	2.78	2.88	2.71	2.75	970072	18591614.00
2010/05/10	2.74	2.81	2.59	2.70	909532	16857636.00
2010/05/12	2.58	2.63	2.48	2.59	1327966	23408532.00
2010/05/13	2.56	2.67	2.52	2.65	1104522	19908052.00
2010/05/14	2.64	2.68	2.56	2.67	1079542	19551632.00
2010/05/17	2.60	2.62	2.40	2.42	1129999	19660868.00
2010/05/18	2.42	2.47	2.33	2.44	1136719	18951634.00
2010/05/19	2.40	2.53	2.39	2.47	1076331	18423792.00
2010/05/20	2.44	2.50	2.34	2.35	793624	13376327.00
2010/05/21	2.26	2.46	2.26	2.46	1080074	17837946.00
2010/05/24	2.48	2.64	2.46	2.59	1431772	25403214.00
2010/05/25	2.54	2.64	2.53	2.64	1487108	26617320.00
2010/05/26	2.62	2.66	2.58	2.61	1005823	18154124.00
2010/05/27	2.62	2.69	2.53	2.67	1151879	20878362.00
2010/05/28	2.69	2.81	2.69	2.77	1870948	35386032.00
2010/05/31	2.75	2.84	2.72	2.82	2276224	43755724.00
2010/06/01	2.81	3.07	2.80	3.01	4329402	86977120.00
2010/06/02	2.93	3.13	2.87	3.13	2812446	57149584.00
2010/06/03	3.18	3.46	3.14	3.36	5563246	125212432.00
2010/06/04	3.34	3.73	3.26	3.73	6717543	160479152.00
2010/06/07	3.73	4.13	3.60	4.13	8785812	233345296.00
2010/06/08	4.13	4.32	3.96	3.98	9587587	263178048.00
2010/06/09	3.95	4.10	3.84	4.09	8074506	212970112.00
2010/06/10	4.00	4.05	3.91	3.95	5007525	132682680.00
2010/06/11	3.94	4.02	3.78	3.81	5064745	130925128.00
2010/06/17	3.82	3.89	3.74	3.75	3402654	87331416.00
2010/06/18	3.73	3.98	3.63	3.94	7417278	190775200.00
2010/06/21	3.78	3.85	3.52	3.74	4524474	111722120.00
2010/06/22	3.68	3.81	3.63	3.67	3248837	80775344.00
2010/06/23	3.60	3.94	3.60	3.78	4294271	110181112.00
2010/06/24	3.72	3.72	3.62	3.64	2612386	64235200.00
2010/06/25	3.57	3.70	3.55	3.60	1648650	40161700.00
2010/06/28	3.63	3.64	3.25	3.36	2180378	51009384.00
2010/06/29	3.31	3.47	3.08	3.21	2880015	63572668.00
2010/06/30	3.16	3.29	3.04	3.20	2486441	53196036.00
2010/07/01	3.20	3.47	3.06	3.41	5080585	113342792.00
2010/07/02	3.34	3.44	3.04	3.19	3700350	81426024.00
2010/07/05	3.09	3.09	2.93	2.98	2115852	43287072.00
2010/07/06	2.99	3.11	2.96	3.06	1885245	39212844.00
2010/07/07	3.05	3.25	3.01	3.20	3000278	63709532.00
2010/07/08	3.20	3.20	3.07	3.11	2143108	45562672.00
2010/07/09	3.11	3.33	3.05	3.26	3035528	66350564.00
2010/07/12	3.25	3.62	3.21	3.62	4029643	94276808.00
2010/07/13	3.64	3.81	3.59	3.80	6507412	161963024.00
2010/07/14	3.73	4.04	3.66	3.88	5745307	148145040.00
2010/07/15	3.86	3.92	3.60	3.60	4201347	105807152.00
2010/07/16	3.50	3.60	3.40	3.53	3154110	74460448.00
2010/07/19	3.42	3.63	3.42	3.60	2365169	56700292.00
2010/07/20	3.58	3.76	3.55	3.70	2798328	68704944.00
2010/07/21	3.69	3.79	3.64	3.74	3682525	92097368.00
2010/07/22	3.71	3.78	3.69	3.77	2751104	68978976.00
2010/07/23	3.77	3.77	3.60	3.66	2843297	70183920.00
2010/07/26	3.66	3.79	3.66	3.71	2084424	52068164.00
2010/07/27	3.74	3.74	3.65	3.66	1460440	36197752.00
2010/07/28	3.65	3.75	3.59	3.73	2437794	60482300.00
2010/07/29	3.73	3.80	3.65	3.75	2576474	64273848.00
2010/07/30	3.75	3.75	3.63	3.67	1845139	45670996.00
2010/08/02	3.72	3.89	3.63	3.86	4639612	117283672.00
2010/08/03	3.84	3.89	3.70	3.70	3517375	89608928.00
2010/08/04	3.67	3.72	3.56	3.68	2650338	64516256.00
2010/08/05	3.69	3.70	3.57	3.63	1655031	40460952.00
2010/08/06	3.63	3.76	3.61	3.76	2681126	66708744.00
2010/08/09	3.75	3.95	3.73	3.94	4130476	106250384.00
2010/08/10	3.94	3.95	3.71	3.71	3503616	89829312.00
2010/08/11	3.71	4.11	3.67	4.11	7101437	188676560.00
2010/08/12	4.19	4.55	4.18	4.55	13310947	393036672.00
2010/08/13	4.49	4.50	4.34	4.43	6914993	202640528.00
2010/08/16	4.38	4.60	4.33	4.42	8098236	239422912.00
2010/08/17	4.37	4.44	4.27	4.41	5852358	168965008.00
2010/08/18	4.37	4.38	4.22	4.28	5107339	145460544.00
2010/08/19	4.25	4.42	4.22	4.30	5159826	148672528.00
2010/08/20	4.28	4.28	4.06	4.09	4101933	113403376.00
2010/08/23	4.10	4.20	4.03	4.12	2627588	72237296.00
2010/08/24	4.05	4.21	4.05	4.17	2967331	82314592.00
2010/08/25	4.16	4.16	3.95	3.97	2702186	73195688.00
2010/08/26	3.94	4.06	3.94	4.04	1655967	44411036.00
2010/08/27	4.03	4.43	4.02	4.23	4785384	136047616.00
2010/08/30	4.25	4.35	4.14	4.32	3700202	105061968.00
2010/08/31	4.27	4.57	4.24	4.53	6765075	200089072.00
2010/09/01	4.56	4.56	4.29	4.40	4611830	134830544.00
2010/09/02	4.40	4.53	4.37	4.44	3660180	108086776.00
2010/09/03	4.45	4.45	4.29	4.37	2813666	81400904.00
2010/09/06	4.37	4.46	4.30	4.41	2669404	78068184.00
2010/09/07	4.35	4.85	4.35	4.66	5650990	173800608.00
2010/09/08	4.61	4.71	4.50	4.70	3117184	94536896.00
2010/09/09	4.72	4.94	4.66	4.72	4568128	145572160.00
2010/09/10	4.72	4.82	4.51	4.61	2918920	89027032.00
2010/09/13	4.59	4.72	4.50	4.63	3025338	92221176.00
2010/09/14	4.63	4.67	4.53	4.53	2196805	66317796.00
2010/09/15	4.53	4.56	4.34	4.34	2329457	68332184.00
2010/09/16	4.33	4.46	4.09	4.20	2053022	58287096.00
2010/09/17	4.12	4.29	4.12	4.23	1201857	33768728.00
2010/09/20	4.23	4.30	4.12	4.18	1166793	32732924.00
2010/09/21	4.18	4.25	4.18	4.19	649592	18187102.00
2010/09/27	4.19	4.30	4.19	4.28	1396236	39488856.00
2010/09/28	4.28	4.28	4.14	4.16	1289871	36035004.00
2010/09/29	4.14	4.19	4.00	4.01	1461545	39455600.00
2010/09/30	3.97	4.05	3.86	4.00	1125611	29823526.00
2010/10/08	4.04	4.29	4.04	4.19	1348308	37655604.00
2010/10/11	4.22	4.22	4.09	4.14	1491989	41097312.00
2010/10/12	4.15	4.37	4.14	4.34	2479141	71050944.00
2010/10/13	4.30	4.34	4.20	4.30	1773561	50313492.00
2010/10/14	4.33	4.34	4.05	4.06	2118106	58687640.00
2010/10/15	4.06	4.11	3.89	3.92	1843757	48858444.00
2010/10/18	3.92	3.94	3.56	3.66	2214673	54647164.00
2010/10/19	3.67	3.97	3.67	3.92	1845743	48025896.00
2010/10/20	3.86	4.02	3.74	3.98	1720117	45457996.00
2010/10/21	3.98	4.05	3.90	3.95	1017257	26904092.00
2010/10/22	3.94	4.20	3.89	4.13	2010327	54171020.00
2010/10/25	4.15	4.40	4.14	4.18	2617758	73913240.00
2010/10/26	4.14	4.26	4.07	4.13	1689641	46603196.00
2010/10/27	4.13	4.19	4.05	4.10	1566538	43096732.00
2010/10/28	4.05	4.11	3.97	3.98	1416660	38029840.00
2010/10/29	3.98	4.13	3.98	4.04	1075738	29145808.00
2010/11/01	4.01	4.14	4.01	4.10	1678043	45793928.00
2010/11/02	4.15	4.15	3.98	4.00	2397183	64808628.00
2010/11/03	4.00	4.00	3.86	3.87	1620141	42506036.00
2010/11/04	3.86	3.98	3.86	3.96	1240385	32708000.00
2010/11/05	3.97	4.05	3.93	4.04	1800521	48123108.00
2010/11/08	4.08	4.24	4.03	4.21	3648439	101047800.00
2010/11/09	4.21	4.28	4.14	4.24	2343172	65421212.00
2010/11/10	4.24	4.43	4.19	4.36	4500545	129457304.00
2010/11/11	4.34	4.41	4.21	4.21	2778613	79264392.00
2010/11/12	4.13	4.21	3.81	3.81	2496316	66635708.00
2010/11/15	3.82	3.94	3.81	3.91	991063	25672700.00
2010/11/16	3.92	3.93	3.63	3.77	1273192	32491818.00
2010/11/17	3.70	3.86	3.69	3.75	913281	23233712.00
2010/11/18	3.78	3.83	3.75	3.80	850735	21634262.00
2010/11/19	3.81	3.94	3.76	3.93	1241652	32128454.00
2010/11/22	3.89	4.35	3.87	4.18	3709876	103620688.00
2010/11/23	4.19	4.39	3.87	4.24	3871500	107100104.00
2010/11/24	4.17	4.29	4.14	4.21	2580908	72377488.00
2010/11/25	4.22	4.37	4.14	4.18	2652315	74886712.00
2010/11/26	4.18	4.18	4.00	4.03	1650614	44750284.00
2010/11/29	3.96	4.11	3.96	4.07	1076309	29062902.00
2010/11/30	4.07	4.16	3.89	3.99	1325351	35543100.00
2010/12/01	3.99	3.99	3.91	3.94	723945	19075790.00
2010/12/02	3.96	4.05	3.92	3.97	1215427	32234164.00
2010/12/03	3.98	4.01	3.89	3.90	820120	21560148.00
2010/12/06	3.90	3.95	3.84	3.86	730030	18972540.00
2010/12/07	3.86	3.98	3.86	3.96	1112121	29301642.00
2010/12/08	3.99	3.99	3.87	3.87	1138859	29821130.00
2010/12/09	3.87	3.91	3.74	3.76	911653	23423452.00
2010/12/10	3.77	3.85	3.76	3.82	729689	18555758.00
2010/12/13	3.82	3.96	3.82	3.96	1032088	26936452.00
2010/12/14	3.96	4.11	3.96	4.00	1685971	45410652.00
2010/12/15	3.97	4.01	3.92	3.94	1061805	28064430.00
2010/12/16	3.94	4.01	3.94	3.99	1158775	30746746.00
2010/12/17	3.99	4.00	3.92	3.94	651086	17172152.00
2010/12/20	3.97	3.97	3.82	3.85	966735	25082316.00
2010/12/21	3.92	3.92	3.84	3.88	765840	19827028.00
2010/12/22	3.86	3.90	3.80	3.81	869982	22276028.00
2010/12/23	3.85	3.85	3.72	3.73	650047	16407855.00
2010/12/24	3.71	3.74	3.60	3.62	756265	18604326.00
2010/12/27	3.62	3.70	3.41	3.41	979198	23410802.00
2010/12/28	3.41	3.45	3.24	3.29	979656	21904836.00
2010/12/29	3.29	3.41	3.29	3.40	885976	20083396.00
2010/12/30	3.40	3.45	3.36	3.38	486199	11189118.00
2010/12/31	3.40	3.49	3.40	3.48	405672	9415706.00
2011/01/04	3.50	3.53	3.46	3.49	608030	14283431.00
2011/01/05	3.49	3.52	3.42	3.45	743773	17332652.00
2011/01/06	3.44	3.46	3.37	3.44	723195	16618692.00
2011/01/07	3.38	3.62	3.38	3.56	1450589	34632844.00
2011/01/10	3.56	3.63	3.50	3.50	694741	16621247.00
2011/01/11	3.50	3.50	3.31	3.44	416514	9548201.00
2011/01/12	3.44	3.49	3.41	3.44	340972	7919879.00
2011/01/13	3.56	3.59	3.42	3.42	633935	15022715.00
2011/01/14	3.40	3.41	3.33	3.38	546236	12392347.00
2011/01/17	3.31	3.33	3.10	3.15	514158	11175076.00
2011/01/18	3.15	3.27	3.11	3.16	295277	6349844.50
2011/01/19	3.17	3.22	3.13	3.21	324245	7001046.50
2011/01/20	3.16	3.21	2.99	3.02	431840	9058581.00
2011/01/21	3.02	3.07	2.97	3.07	444566	9163473.00
2011/01/24	3.05	3.06	2.90	2.93	340243	6866621.00
2011/01/25	2.90	2.90	2.84	2.86	338114	6623293.50
2011/01/26	2.91	2.93	2.88	2.92	236894	4704919.50
2011/01/27	2.93	3.17	2.89	3.09	802877	16678777.00
2011/01/28	3.09	3.16	3.07	3.10	365038	7697698.00
2011/01/31	3.10	3.15	3.01	3.12	524055	11096138.00
2011/02/01	3.11	3.16	3.11	3.13	331370	7058862.50
2011/02/09	3.09	3.16	3.01	3.03	395845	8292510.00
2011/02/10	3.07	3.15	3.05	3.13	823352	17399500.00
2011/02/11	3.10	3.22	3.09	3.18	831450	17916442.00
2011/02/14	3.19	3.37	3.19	3.29	820558	18042130.00
2011/02/15	3.30	3.35	3.25	3.26	794489	17752110.00
2011/02/16	3.25	3.32	3.23	3.31	613216	13591414.00
2011/02/17	3.31	3.34	3.25	3.29	566819	12594219.00
2011/02/18	3.32	3.32	3.20	3.26	574200	12615596.00
2011/02/21	3.22	3.32	3.21	3.30	756209	16798880.00
2011/02/22	3.30	3.34	3.17	3.22	958731	21001438.00
2011/02/23	3.17	3.22	3.17	3.20	402764	8728205.00
2011/02/24	3.21	3.25	3.18	3.22	513687	11168438.00
2011/02/25	3.24	3.47	3.24	3.41	2813657	64357188.00
2011/02/28	3.39	3.41	3.30	3.37	1132339	25625866.00
2011/03/01	3.35	3.41	3.33	3.39	869826	19792094.00
2011/03/02	3.39	3.39	3.31	3.38	770426	17473670.00
2011/03/03	3.38	3.50	3.37	3.49	2138862	49719796.00
2011/03/04	3.50	3.61	3.41	3.53	2564620	60741144.00
2011/03/07	3.52	3.52	3.44	3.48	1622576	37963800.00
2011/03/08	3.47	3.52	3.45	3.47	862789	20244174.00
2011/03/09	3.48	3.53	3.46	3.50	804717	18913146.00
2011/03/10	3.49	3.49	3.41	3.42	830739	19273638.00
2011/03/11	3.41	3.46	3.38	3.38	542082	12442988.00
2011/03/14	3.33	3.41	3.30	3.41	626451	14185058.00
2011/03/15	3.41	3.41	3.29	3.33	937989	21034282.00
2011/03/16	3.33	3.40	3.31	3.40	720969	16325840.00
2011/03/17	3.38	3.38	3.33	3.35	479703	10865200.00
2011/03/18	3.37	3.41	3.30	3.33	405200	9147470.00
2011/03/21	3.34	3.63	3.30	3.60	2968853	70252512.00
2011/03/22	3.57	3.62	3.50	3.51	1949582	46676140.00
2011/03/23	3.49	3.60	3.48	3.54	1215809	29070238.00
2011/03/24	3.54	3.59	3.49	3.55	1294579	30837470.00
2011/03/25	3.53	3.56	3.50	3.51	796080	18885988.00
2011/03/28	3.51	3.54	3.45	3.46	784001	18368230.00
2011/03/29	3.44	3.45	3.31	3.34	702224	16103401.00
2011/03/30	3.34	3.40	3.33	3.35	336047	7622554.00
2011/03/31	3.34	3.39	3.33	3.35	386855	8782368.00
2011/04/01	3.34	3.39	3.34	3.38	376018	8551588.00
2011/04/06	3.33	3.41	3.33	3.36	367501	8359853.50
2011/04/07	3.34	3.47	3.34	3.40	384961	8866123.00
2011/04/08	3.40	3.49	3.40	3.47	495605	11523873.00
2011/04/11	3.49	3.50	3.36	3.36	598698	13833862.00
2011/04/12	3.36	3.46	3.35	3.38	449444	10343878.00
2011/04/13	3.34	3.41	3.33	3.38	302108	6866816.50
2011/04/14	3.39	3.42	3.38	3.38	348706	8008690.50
2011/04/15	3.38	3.39	3.33	3.38	459322	10414043.00
2011/04/18	3.38	3.38	3.31	3.31	415799	9380195.00
2011/04/20	3.31	3.31	3.22	3.23	676583	14928274.00
2011/04/21	3.23	3.29	3.20	3.25	611844	13439575.00
2011/04/22	3.28	3.28	3.14	3.15	411800	8922907.00
2011/04/25	3.19	3.19	3.02	3.03	397261	8304961.00
2011/04/26	3.02	3.05	2.99	3.01	275725	5670330.50
2011/04/27	3.06	3.06	2.94	2.97	214103	4396206.00
2011/04/28	2.98	2.99	2.69	2.77	546558	10603987.00
2011/04/29	2.80	2.89	2.77	2.88	220620	4225306.00
2011/05/03	2.93	2.93	2.86	2.86	245300	4770017.00
2011/05/04	2.86	2.87	2.78	2.79	331654	6293477.00
2011/05/05	2.80	2.82	2.78	2.81	215848	4097870.50
2011/05/06	2.79	3.09	2.64	3.04	985920	19633792.00
2011/05/09	3.04	3.06	2.94	3.00	540323	10904257.00
2011/05/10	2.98	3.00	2.93	2.95	485977	9677237.00
2011/05/11	2.96	3.01	2.94	2.98	398700	8011140.00
2011/05/12	2.96	2.96	2.86	2.86	336988	6633096.00
2011/05/13	2.86	2.89	2.81	2.87	187150	3609100.75
2011/05/16	2.87	2.90	2.86	2.88	140210	2730421.25
2011/05/17	2.86	2.86	2.72	2.83	217393	4142446.50
2011/05/18	2.83	2.84	2.80	2.82	149692	2862696.75
2011/05/19	2.80	2.83	2.79	2.83	211599	4041552.25
2011/05/20	2.80	2.88	2.80	2.84	138750	2666165.50
2011/05/23	2.83	2.86	2.72	2.72	263361	4929320.50
2011/05/24	2.72	2.72	2.58	2.66	246991	4430820.00
2011/05/25	2.66	2.70	2.59	2.60	151842	2737844.50
2011/05/26	2.64	2.66	2.59	2.61	119404	2127830.75
2011/05/27	2.60	2.64	2.45	2.45	331572	5721277.00
2011/05/30	2.45	2.49	2.38	2.40	279000	4647061.50
2011/05/31	2.40	2.46	2.39	2.45	201123	3348317.50
2011/06/01	2.48	2.58	2.43	2.53	496975	8492262.00
2011/06/02	2.50	2.53	2.43	2.48	388492	6613245.50
2011/06/03	2.48	2.56	2.48	2.54	208543	3602880.25
2011/06/07	2.49	2.57	2.49	2.54	159901	2779098.75
2011/06/08	2.52	2.57	2.48	2.52	131463	2258435.25
2011/06/09	2.51	2.56	2.49	2.51	220861	3814060.50
2011/06/10	2.47	2.56	2.45	2.54	353940	6125894.00
2011/06/13	2.54	2.58	2.51	2.54	155431	2698304.50
2011/06/14	2.56	2.56	2.53	2.54	215782	3748565.00
2011/06/15	2.53	2.55	2.51	2.52	145449	2518063.50
2011/06/16	2.54	2.54	2.48	2.48	140450	2411170.75
2011/06/17	2.46	2.48	2.39	2.46	274191	4582417.50
2011/06/20	2.43	2.47	2.43	2.47	185839	3126645.00
2011/06/21	2.46	2.72	2.46	2.72	1090874	19432422.00
2011/06/22	2.71	3.00	2.64	2.84	2760291	53102772.00
2011/06/23	2.77	2.88	2.70	2.79	1168000	22018124.00
2011/06/24	2.75	2.86	2.73	2.82	1035389	19688580.00
2011/06/27	2.82	2.88	2.78	2.82	802533	15295592.00
2011/06/28	2.81	2.81	2.72	2.75	828540	15502805.00
2011/06/29	2.74	2.93	2.74	2.86	1853534	36007288.00
2011/06/30	2.83	2.89	2.78	2.84	891726	17084034.00
2011/07/01	2.84	2.86	2.81	2.84	531205	10200959.00
2011/07/04	2.85	2.92	2.84	2.89	870957	16949070.00
2011/07/05	2.91	2.91	2.85	2.86	769428	14924776.00
2011/07/06	2.88	2.88	2.80	2.83	605256	11552461.00
2011/07/07	2.80	2.85	2.80	2.81	584613	11194171.00
2011/07/08	2.80	2.83	2.74	2.77	601085	11327213.00
2011/07/11	2.77	2.81	2.73	2.78	386718	7299882.50
2011/07/12	2.80	2.80	2.72	2.73	466457	8723595.00
2011/07/13	2.75	2.78	2.72	2.78	691353	12947665.00
2011/07/14	2.78	2.88	2.77	2.87	990432	19076996.00
2011/07/15	2.87	2.89	2.83	2.87	787957	15287777.00
2011/07/18	2.89	2.90	2.83	2.84	585596	11322326.00
2011/07/19	2.83	2.84	2.75	2.77	394737	7443028.00
2011/07/20	2.77	2.80	2.75	2.79	305033	5737602.00
2011/07/21	2.80	2.80	2.66	2.67	511201	9451504.00
2011/07/22	2.67	2.70	2.65	2.66	269343	4908359.00
2011/07/25	2.66	2.68	2.48	2.51	432345	7563950.50
2011/07/26	2.50	2.54	2.50	2.53	329180	5677549.50
2011/07/27	2.53	2.57	2.50	2.56	251087	4364222.00
2011/07/28	2.56	2.57	2.52	2.56	349192	6059104.50
2011/07/29	2.56	2.64	2.54	2.56	474115	8359821.00
2011/08/01	2.56	2.58	2.53	2.57	243749	4265894.50
2011/08/02	2.56	2.56	2.46	2.51	312964	5344872.00
2011/08/03	2.51	2.54	2.49	2.53	368347	6358927.00
2011/08/04	2.53	2.59	2.53	2.59	430152	7546836.50
2011/08/05	2.51	2.54	2.42	2.48	367886	6292351.50
2011/08/08	2.46	2.46	2.22	2.29	660795	10618187.00
2011/08/09	2.24	2.24	2.10	2.22	749233	11293346.00
2011/08/10	2.29	2.46	2.24	2.46	1128917	18313552.00
2011/08/11	2.41	2.53	2.38	2.50	1201228	20349162.00
2011/08/12	2.50	2.61	2.46	2.47	1218427	21093714.00
2011/08/15	2.47	2.50	2.43	2.49	804276	13658401.00
2011/08/16	2.49	2.50	2.45	2.45	424140	7174678.50
2011/08/17	2.45	2.48	2.42	2.44	357299	5971251.00
2011/08/18	2.42	2.49	2.35	2.35	353482	5853340.00
2011/08/19	2.32	2.34	2.27	2.30	342349	5419910.50
2011/08/22	2.30	2.35	2.30	2.31	283652	4543886.50
2011/08/23	2.31	2.44	2.31	2.40	472295	7781208.00
2011/08/24	2.41	2.45	2.39	2.39	482247	8004249.50
2011/08/25	2.40	2.45	2.37	2.44	511362	8481089.00
2011/08/26	2.42	2.46	2.42	2.45	404105	6770936.00
2011/08/29	2.42	2.46	2.41	2.44	336832	5614493.00
2011/08/30	2.45	2.54	2.42	2.48	916063	15693528.00
2011/08/31	2.48	2.48	2.38	2.41	406101	6730793.50
2011/09/01	2.40	2.41	2.35	2.39	411315	6727153.00
2011/09/02	2.35	2.38	2.34	2.35	149851	2427206.50
2011/09/05	2.32	2.37	2.27	2.29	333300	5325799.00
2011/09/06	2.29	2.29	2.21	2.22	283500	4415195.00
2011/09/07	2.27	2.30	2.24	2.30	273598	4305116.50
2011/09/08	2.35	2.35	2.29	2.31	256312	4086077.50
2011/09/09	2.30	2.33	2.25	2.26	172000	2711330.50
2011/09/13	2.26	2.26	2.21	2.25	147752	2281301.50
2011/09/14	2.29	2.29	2.23	2.29	147046	2310070.00
2011/09/15	2.31	2.32	2.29	2.31	180010	2866576.25
2011/09/16	2.32	2.34	2.31	2.31	190600	3053964.00
2011/09/19	2.29	2.29	2.22	2.23	233101	3613211.50
2011/09/20	2.28	2.29	2.21	2.25	185971	2885439.25
2011/09/21	2.27	2.33	2.24	2.31	501795	7964476.00
2011/09/22	2.30	2.31	2.23	2.25	367678	5794982.00
2011/09/23	2.19	2.24	2.16	2.22	198110	3031852.00
2011/09/26	2.19	2.26	2.18	2.19	147340	2246463.00
2011/09/27	2.19	2.42	2.19	2.40	835130	13263837.00
2011/09/28	2.37	2.51	2.34	2.45	3003741	50224480.00
2011/09/29	2.37	2.42	2.19	2.21	1084047	17565196.00
2011/09/30	2.19	2.26	2.02	2.11	853852	12611902.00
2011/10/10	2.11	2.14	2.02	2.04	497834	7127907.00
2011/10/11	2.08	2.17	2.03	2.06	393009	5705318.50
2011/10/12	2.05	2.15	2.03	2.13	546062	8020402.00
2011/10/13	2.14	2.17	2.13	2.17	506707	7573828.00
2011/10/14	2.17	2.17	2.11	2.14	389477	5768703.50
2011/10/17	2.14	2.18	2.10	2.18	591943	8836926.00
2011/10/18	2.18	2.18	2.09	2.09	385807	5728864.00
2011/10/19	2.08	2.12	2.08	2.09	211666	3080683.25
2011/10/20	2.11	2.11	2.00	2.03	315521	4481311.50
2011/10/21	2.02	2.05	1.97	1.97	159185	2236587.75
2011/10/24	1.98	2.06	1.96	2.04	344750	4860867.50
2011/10/25	2.00	2.10	2.00	2.08	500187	7212086.00
2011/10/26	2.04	2.13	2.04	2.10	580169	8489509.00
2011/10/27	2.14	2.15	2.08	2.10	532377	7852435.00
2011/10/28	2.13	2.15	2.10	2.14	624479	9261908.00
2011/10/31	2.14	2.38	2.13	2.34	2466026	39077468.00
2011/11/01	2.28	2.30	2.25	2.29	1774041	27925740.00
2011/11/02	2.23	2.52	2.23	2.46	3832280	63325712.00
2011/11/03	2.48	2.59	2.43	2.44	3695964	63727072.00
2011/11/04	2.50	2.54	2.44	2.50	2478393	42303268.00
2011/11/07	2.50	2.50	2.43	2.46	1101352	18614792.00
2011/11/08	2.46	2.46	2.34	2.36	1148290	18933934.00
2011/11/09	2.37	2.45	2.35	2.44	1080423	17857932.00
2011/11/10	2.39	2.62	2.39	2.51	3156188	54437980.00
2011/11/11	2.48	2.51	2.42	2.46	1363854	22952020.00
2011/11/14	2.50	2.54	2.45	2.53	1501727	25655094.00
2011/11/15	2.53	2.57	2.49	2.51	1261849	21731222.00
2011/11/16	2.49	2.52	2.37	2.38	1078873	18055466.00
2011/11/17	2.40	2.46	2.36	2.39	803778	13260670.00
2011/11/18	2.36	2.38	2.27	2.28	923917	14741796.00
2011/11/21	2.29	2.31	2.25	2.30	427765	6763638.50
2011/11/22	2.29	2.34	2.26	2.31	436033	6929533.50
2011/11/23	2.33	2.34	2.28	2.29	340001	5408772.50
2011/11/24	2.26	2.32	2.23	2.29	434893	6848665.50
2011/11/25	2.29	2.31	2.25	2.27	405648	6410120.00
2011/11/28	2.27	2.29	2.25	2.26	254647	3983958.75
2011/11/29	2.28	2.31	2.28	2.29	458642	7261501.00
2011/12/01	2.29	2.37	2.22	2.37	1731454	27670166.00
2011/12/02	2.35	2.37	2.24	2.24	922360	14610807.00
2011/12/05	2.21	2.21	2.03	2.05	669891	9733236.00
2011/12/06	2.05	2.07	2.01	2.05	388720	5525076.00
2011/12/07	2.07	2.07	2.02	2.03	287589	4113302.25
2011/12/08	2.01	2.09	1.97	2.05	368295	5251391.00
2011/12/09	2.02	2.07	1.97	2.01	276374	3928058.00
2011/12/12	2.04	2.05	1.99	2.00	174409	2452515.75
2011/12/13	1.99	2.00	1.91	1.91	338090	4585275.50
2011/12/14	1.90	1.92	1.86	1.87	200280	2666232.25
2011/12/15	1.86	1.88	1.80	1.81	405182	5271203.00
2011/12/16	1.83	1.88	1.79	1.88	293267	3808152.75
2011/12/19	1.86	1.92	1.81	1.88	521353	6847893.00
2011/12/20	1.86	1.90	1.86	1.87	420321	5580834.50
2011/12/21	1.88	1.91	1.73	1.76	374631	4886435.00
2011/12/22	1.75	1.75	1.57	1.65	564378	6682253.00
2011/12/23	1.68	1.72	1.63	1.69	358685	4345855.00
2011/12/26	1.72	1.76	1.69	1.72	377388	4647848.00
2011/12/27	1.72	1.72	1.63	1.63	289386	3434220.00
2011/12/28	1.63	1.64	1.55	1.61	244656	2796205.75
2011/12/29	1.60	1.64	1.59	1.63	507826	5883892.50
2011/12/30	1.64	1.66	1.60	1.64	371450	4344061.50
2012/01/04	1.68	1.70	1.62	1.62	370827	4402465.50
2012/01/05	1.60	1.62	1.52	1.52	329660	3715653.75
2012/01/06	1.54	1.54	1.46	1.53	173416	1888481.38
2012/01/09	1.54	1.62	1.50	1.62	359956	4109921.25
2012/01/10	1.62	1.69	1.62	1.69	518152	6180852.50
2012/01/11	1.70	1.88	1.70	1.88	843208	10986402.00
2012/01/12	2.10	2.10	2.00	2.02	4246412	61310880.00
2012/01/13	1.99	1.99	1.93	1.97	2340183	32100394.00
2012/01/16	1.92	1.98	1.75	1.75	2259083	29127540.00
2012/01/17	1.66	1.86	1.66	1.86	2768896	34470236.00
2012/01/18	1.81	1.95	1.77	1.78	2135561	27915524.00
2012/01/19	1.75	1.76	1.59	1.74	1455063	17488176.00
2012/01/20	1.73	1.76	1.66	1.71	1031226	12605789.00
2012/01/30	1.73	1.81	1.71	1.80	1280539	16085030.00
2012/01/31	1.78	1.80	1.73	1.78	696464	8694763.00
2012/02/01	1.78	1.80	1.70	1.72	711818	8884523.00
2012/02/02	1.72	1.78	1.72	1.78	913892	11418688.00
2012/02/03	1.77	1.84	1.76	1.82	1249746	15964004.00
2012/02/06	1.81	1.87	1.80	1.84	1032251	13321145.00
2012/02/07	1.83	1.84	1.78	1.79	804119	10261152.00
2012/02/08	1.79	1.86	1.79	1.86	1063854	13818860.00
2012/02/09	1.86	1.93	1.84	1.89	1721408	22922150.00
2012/02/10	1.87	1.92	1.86	1.88	981266	13010915.00
2012/02/13	1.84	1.92	1.84	1.91	1081486	14364014.00
2012/02/14	1.90	1.99	1.88	1.97	1920422	26171762.00
2012/02/15	1.95	2.04	1.95	2.02	1734944	24204962.00
2012/02/16	1.97	1.99	1.93	1.95	2727809	37435612.00
2012/02/17	1.94	1.96	1.89	1.90	1177122	15860617.00
2012/02/20	1.92	2.00	1.92	1.92	1292796	17717112.00
2012/02/21	1.92	1.96	1.87	1.96	1152180	15585156.00
2012/02/22	1.95	2.04	1.94	2.02	2152891	30151226.00
2012/02/23	2.00	2.01	1.97	2.00	1737634	24192488.00
2012/02/24	1.99	2.03	1.97	2.02	1460727	20532144.00
2012/02/27	2.01	2.05	2.00	2.00	1579450	22399328.00
2012/02/28	2.00	2.02	1.94	1.98	1170379	16200532.00
2012/02/29	1.97	1.98	1.93	1.94	580699	7945517.50
2012/03/01	1.93	1.99	1.93	1.98	771949	10644138.00
2012/03/02	1.98	2.02	1.97	2.01	985780	13749823.00
2012/03/05	2.02	2.03	1.97	1.98	832773	11623786.00
2012/03/06	1.97	1.98	1.90	1.93	849467	11519598.00
2012/03/08	1.92	1.97	1.92	1.96	680253	9309471.00
2012/03/09	1.97	2.03	1.96	2.02	1144034	16028318.00
2012/03/12	2.02	2.03	1.98	2.03	1025531	14406081.00
2012/03/13	2.03	2.11	2.02	2.07	1565176	22597314.00
2012/03/14	2.07	2.09	1.91	1.92	1465592	20579308.00
2012/03/15	1.93	1.96	1.83	1.86	996312	13207363.00
2012/03/16	1.86	1.93	1.86	1.92	799361	10706398.00
2012/03/19	1.93	1.98	1.90	1.98	672331	9159859.00
2012/03/20	1.98	2.19	1.94	2.11	3718803	53943228.00
2012/03/21	2.10	2.10	2.00	2.06	2013739	28888914.00
2012/03/22	2.04	2.18	2.04	2.14	2373770	35103784.00
2012/03/23	2.13	2.14	2.04	2.06	1209127	17615764.00
2012/03/26	2.07	2.08	1.92	1.95	959910	13399704.00
2012/03/27	1.95	2.03	1.95	1.98	691777	9639179.00
2012/03/28	1.98	1.98	1.87	1.89	759209	10138536.00
2012/03/29	1.90	1.90	1.67	1.72	1339963	16680906.00
2012/03/30	1.72	1.74	1.65	1.69	527561	6358573.50
2012/04/05	1.70	1.76	1.67	1.75	492651	6079700.50
2012/04/06	1.77	1.85	1.75	1.81	697021	8929740.00
2012/04/09	1.80	1.92	1.77	1.82	672910	8760769.00
2012/04/10	1.82	1.83	1.72	1.82	819844	10312005.00
2012/04/11	1.78	1.90	1.78	1.86	854777	11132094.00
2012/04/12	1.88	2.07	1.88	2.07	1913694	27175930.00
2012/04/13	2.24	2.24	2.06	2.08	5252556	78755136.00
2012/04/16	1.97	2.06	1.97	2.02	2267178	31970144.00
2012/04/17	2.01	2.05	1.95	1.96	1276638	17609800.00
2012/04/18	1.97	2.02	1.95	2.01	1069997	14752253.00
2012/04/19	2.01	2.02	1.96	1.98	943732	12983923.00
2012/04/20	1.98	2.03	1.97	2.01	1217211	16970088.00
2012/04/23	2.00	2.01	1.85	1.88	1845346	24672612.00
2012/04/24	1.86	1.89	1.78	1.88	917629	11825880.00
2012/04/25	1.88	2.08	1.86	2.02	2343531	32587720.00
2012/04/26	2.05	2.20	2.03	2.04	3101654	44938520.00
2012/04/27	1.99	1.99	1.83	1.94	1578351	21079404.00
2012/05/02	1.95	1.98	1.90	1.98	1185838	16040623.00
2012/05/03	1.98	2.00	1.95	1.95	735994	10047985.00
2012/05/04	1.96	2.02	1.96	1.99	1151838	15898989.00
2012/05/07	1.98	2.04	1.96	2.03	1032638	14404512.00
2012/05/08	2.03	2.03	1.99	2.02	664297	9252787.00
2012/05/09	2.00	2.08	1.99	2.07	1669008	23638594.00
2012/05/10	2.08	2.08	2.00	2.01	1217767	17128594.00
2012/05/11	2.01	2.01	1.91	1.94	1051104	14324372.00
2012/05/14	1.95	1.97	1.91	1.91	573675	7737614.00
2012/05/15	1.91	1.91	1.85	1.90	582620	7629858.00
2012/05/16	1.90	1.90	1.87	1.87	349757	4599296.00
2012/05/17	1.88	1.91	1.87	1.91	486116	6418933.00
2012/05/18	1.90	1.90	1.85	1.85	566185	7379173.50
2012/05/21	1.85	1.89	1.84	1.87	336610	4398058.00
2012/05/22	1.88	1.90	1.87	1.89	340083	4478664.50
2012/05/23	1.88	1.91	1.84	1.85	373458	4877700.50
2012/05/24	1.86	1.95	1.83	1.90	845706	11159129.00
2012/05/25	1.87	1.88	1.81	1.82	685951	8840490.00
2012/05/28	1.82	1.82	1.76	1.80	587894	7367134.00
2012/05/29	1.83	1.86	1.82	1.85	467207	6032079.50
2012/05/30	1.86	1.89	1.86	1.87	527153	6894840.00
2012/05/31	1.86	1.89	1.84	1.86	446025	5813355.00
2012/06/01	1.86	1.88	1.85	1.87	307006	4002355.75
2012/06/04	1.85	1.85	1.76	1.76	611668	7687135.50
2012/06/05	1.77	1.78	1.73	1.76	309025	3817623.50
2012/06/06	1.79	1.79	1.74	1.75	236359	2920423.50
2012/06/07	1.79	1.79	1.73	1.73	266900	3287418.00
2012/06/08	1.76	1.78	1.73	1.74	268921	3306763.75
2012/06/11	1.76	1.79	1.74	1.78	450904	5579951.00
2012/06/13	1.76	1.80	1.74	1.80	401374	4994358.50
2012/06/14	1.79	1.82	1.76	1.76	277490	3479953.25
2012/06/15	1.76	1.80	1.75	1.78	236969	2958433.00
2012/06/18	1.80	1.81	1.78	1.80	255306	3220241.25
2012/06/19	1.86	1.86	1.80	1.80	525842	6727740.00
2012/06/20	1.80	1.95	1.78	1.85	1466168	19240324.00
2012/06/21	1.85	1.99	1.83	1.95	3180872	42435936.00
2012/06/25	1.95	1.95	1.75	1.78	2101081	27269922.00
2012/06/26	1.81	1.82	1.72	1.74	1142916	14104788.00
2012/06/27	1.76	1.76	1.71	1.71	734885	8936989.00
2012/06/28	1.71	1.72	1.67	1.67	640750	7679522.50
2012/06/29	1.67	1.70	1.65	1.69	376433	4459839.00
2012/07/02	1.70	1.73	1.69	1.71	297741	3585466.50
2012/07/03	1.72	1.73	1.69	1.71	356747	4312700.50
2012/07/04	1.72	1.72	1.70	1.71	298057	3592826.50
2012/07/05	1.71	1.82	1.68	1.80	1781280	22112144.00
2012/07/06	1.81	1.81	1.74	1.78	790946	9843372.00
2012/07/09	1.78	1.79	1.73	1.74	624058	7719947.00
2012/07/10	1.76	1.76	1.67	1.74	573164	6938468.00
2012/07/11	1.75	1.78	1.72	1.78	477278	5886257.00
2012/07/12	1.79	1.79	1.75	1.78	550806	6867714.50
2012/07/13	1.78	1.80	1.75	1.76	420050	5239019.00
2012/07/16	1.75	1.77	1.59	1.61	551038	6511586.00
2012/07/17	1.60	1.63	1.57	1.60	193499	2201586.75
2012/07/18	1.60	1.62	1.58	1.61	308548	3510048.50
2012/07/19	1.62	1.78	1.62	1.78	1864832	22368342.00
2012/07/20	1.74	1.80	1.69	1.79	1937551	23749304.00
2012/07/23	1.77	1.95	1.72	1.85	2805301	36031372.00
2012/07/24	1.80	1.81	1.71	1.74	1223101	15125841.00
2012/07/25	1.71	1.75	1.70	1.70	493241	5966272.00
2012/07/26	1.73	1.73	1.69	1.69	423471	5115431.00
2012/07/27	1.69	1.72	1.64	1.65	574744	6755941.00
2012/07/30	1.67	1.67	1.59	1.60	377426	4323268.50
2012/07/31	1.60	1.63	1.56	1.61	346404	3937100.25
2012/08/01	1.60	1.66	1.60	1.64	304311	3523650.75
2012/08/02	1.66	1.69	1.62	1.62	421087	4950770.00
2012/08/03	1.63	1.65	1.60	1.65	357965	4135827.25
2012/08/06	1.65	1.68	1.63	1.68	575729	6760321.00
2012/08/07	1.66	1.70	1.66	1.69	443470	5272807.00
2012/08/08	1.70	1.70	1.66	1.68	334189	3967706.25
2012/08/09	1.68	1.73	1.62	1.71	658363	7909195.50
2012/08/10	1.72	1.73	1.69	1.70	443216	5346757.00
2012/08/13	1.70	1.71	1.63	1.64	342219	4035627.50
2012/08/14	1.64	1.71	1.60	1.71	755206	8942672.00
2012/08/15	1.73	1.76	1.67	1.68	934021	11358203.00
2012/08/16	1.66	1.67	1.63	1.65	315285	3690973.75
2012/08/17	1.66	1.66	1.61	1.63	279767	3229055.75
2012/08/20	1.62	1.63	1.58	1.62	321349	3655886.50
2012/08/21	1.60	1.80	1.60	1.79	1790723	21574692.00
2012/08/22	1.76	1.80	1.72	1.73	2359902	29213118.00
2012/08/23	1.73	1.74	1.67	1.70	829646	9918636.00
2012/08/24	1.71	1.76	1.67	1.67	582518	7033600.50
2012/08/27	1.63	1.68	1.61	1.62	394959	4557479.00
2012/08/28	1.62	1.67	1.62	1.67	372392	4353917.50
2012/08/29	1.66	1.72	1.64	1.68	371249	4377780.00
2012/08/30	1.68	1.74	1.58	1.61	1437281	16651983.00
2012/08/31	1.59	1.62	1.56	1.58	798122	8973833.00
2012/09/03	1.58	1.62	1.56	1.61	592407	6707360.50
2012/09/04	1.58	1.62	1.57	1.58	575588	6526689.50
2012/09/05	1.59	1.63	1.57	1.62	607286	6929877.50
2012/09/06	1.61	1.63	1.61	1.63	468013	5379389.00
2012/09/07	1.64	1.70	1.63	1.68	992742	11756434.00
2012/09/10	1.67	1.70	1.67	1.69	659520	7869786.50
2012/09/11	1.69	1.70	1.67	1.68	627476	7466469.50
2012/09/12	1.70	1.70	1.67	1.68	602598	7153151.00
2012/09/13	1.68	1.68	1.64	1.64	534267	6292299.00
2012/09/14	1.66	1.66	1.61	1.63	683947	7910888.50
2012/09/17	1.63	1.64	1.58	1.58	427610	4872525.00
2012/09/18	1.59	1.62	1.58	1.60	361014	4099212.00
2012/09/19	1.61	1.64	1.60	1.62	556350	6404083.50
2012/09/20	1.61	1.62	1.54	1.54	588600	6588163.00
2012/09/21	1.50	1.56	1.50	1.52	354437	3882109.00
2012/09/24	1.52	1.55	1.51	1.55	227949	2503565.25
2012/09/25	1.53	1.55	1.51	1.52	171394	1871901.88
2012/09/26	1.52	1.53	1.42	1.43	323700	3401548.00
2012/09/27	1.43	1.47	1.43	1.46	346651	3624492.50
2012/09/28	1.45	1.48	1.45	1.48	288464	3044396.25
2012/10/08	1.48	1.51	1.46	1.48	192700	2057678.88
2012/10/09	1.48	1.52	1.48	1.52	300310	3244091.00
2012/10/10	1.51	1.53	1.51	1.53	293709	3198770.75
2012/10/11	1.52	1.66	1.52	1.56	1027507	11625475.00
2012/10/12	1.55	1.56	1.50	1.51	541936	5919659.00
2012/10/15	1.52	1.52	1.45	1.47	333029	3519471.00
2012/10/16	1.46	1.48	1.44	1.47	189126	1996124.75
2012/10/17	1.47	1.50	1.46	1.48	159080	1689567.75
2012/10/18	1.47	1.52	1.47	1.51	269830	2912750.00
2012/10/19	1.52	1.61	1.50	1.53	796645	8857078.00
2012/10/22	1.51	1.52	1.48	1.52	373390	4007151.75
2012/10/23	1.50	1.52	1.49	1.49	206151	2224217.75
2012/10/24	1.49	1.51	1.48	1.49	234253	2509026.00
2012/10/25	1.50	1.51	1.48	1.48	189112	2025122.38
2012/10/26	1.48	1.50	1.44	1.44	296009	3097218.75
2012/10/29	1.44	1.45	1.43	1.44	113624	1180261.38
2012/10/30	1.45	1.46	1.44	1.44	145866	1516503.88
2012/10/31	1.46	1.46	1.43	1.45	78760	817627.38
2012/11/01	1.46	1.49	1.44	1.48	251102	2656663.50
2012/11/02	1.49	1.49	1.46	1.48	146901	1556931.50
2012/11/05	1.47	1.49	1.47	1.48	146165	1557728.63
2012/11/06	1.47	1.48	1.42	1.45	190683	1986380.38
2012/11/07	1.45	1.46	1.44	1.45	139841	1457713.00
2012/11/08	1.43	1.44	1.41	1.42	197810	2035888.63
2012/11/09	1.44	1.44	1.42	1.42	110160	1130998.38
2012/11/12	1.42	1.43	1.42	1.42	165737	1698609.38
2012/11/13	1.42	1.44	1.41	1.41	241060	2478882.75
2012/11/14	1.41	1.41	1.36	1.38	288363	2884489.75
2012/11/15	1.38	1.38	1.33	1.33	212404	2094049.63
2012/11/16	1.34	1.34	1.30	1.34	230324	2215630.25
2012/11/19	1.35	1.35	1.32	1.34	164325	1594775.75
2012/11/20	1.34	1.37	1.34	1.34	199278	1960853.13
2012/11/21	1.34	1.36	1.32	1.36	158718	1546990.63
2012/11/22	1.35	1.35	1.32	1.32	161300	1566134.00
2012/11/23	1.34	1.34	1.32	1.33	84245	816431.50
2012/11/26	1.34	1.34	1.31	1.31	96300	929257.00
2012/11/27	1.30	1.30	1.24	1.24	291135	2683929.00
2012/11/28	1.22	1.25	1.20	1.24	218257	1973097.63
2012/11/29	1.24	1.25	1.18	1.19	141550	1272624.00
2012/11/30	1.19	1.20	1.13	1.15	631120	5408231.00
2012/12/03	1.16	1.16	1.09	1.09	288166	2408533.50
2012/12/04	1.09	1.10	1.04	1.08	395479	3171807.50
2012/12/05	1.08	1.14	1.08	1.14	390279	3268436.25
2012/12/06	1.12	1.16	1.12	1.12	294306	2493696.00
2012/12/07	1.14	1.24	1.14	1.20	939926	8273660.00
2012/12/10	1.20	1.23	1.18	1.21	509904	4538289.00
2012/12/11	1.21	1.22	1.19	1.20	310772	2764433.50
2012/12/12	1.18	1.21	1.16	1.18	303691	2661425.75
2012/12/13	1.20	1.20	1.15	1.15	294800	2577937.00
2012/12/14	1.14	1.22	1.14	1.21	703159	6222171.50
2012/12/17	1.21	1.28	1.19	1.24	1335300	12005217.00
2012/12/18	1.21	1.21	1.19	1.21	1820151	16174364.00
2012/12/19	1.19	1.19	1.16	1.19	1588816	13882155.00
2012/12/20	1.19	1.19	1.16	1.18	1521080	13255598.00
2012/12/21	1.17	1.18	1.15	1.18	2227475	19279390.00
2012/12/24	1.18	1.22	1.17	1.21	2105583	18636642.00
2012/12/25	1.22	1.27	1.20	1.26	2617180	24017650.00
2012/12/26	1.27	1.31	1.24	1.31	2565826	24055244.00
2012/12/27	1.33	1.36	1.27	1.27	2439770	23417414.00
2012/12/28	1.27	1.31	1.27	1.29	1199989	11332785.00
2012/12/31	1.29	1.30	1.27	1.28	1082571	10117522.00
2013/01/04	1.29	1.30	1.25	1.27	952936	8838932.00
2013/01/07	1.27	1.30	1.26	1.30	960844	9030772.00
2013/01/08	1.31	1.33	1.28	1.32	1371825	13074362.00
2013/01/09	1.32	1.33	1.29	1.31	1111728	10644376.00
2013/01/10	1.31	1.46	1.30	1.41	6344469	65192716.00
2013/01/11	1.33	1.40	1.32	1.37	4407370	43566688.00
2013/01/14	1.35	1.44	1.34	1.41	3156996	31833324.00
2013/01/15	1.41	1.43	1.38	1.42	2829118	28732814.00
2013/01/16	1.42	1.43	1.37	1.41	2235853	22649366.00
2013/01/17	1.40	1.40	1.36	1.37	1485128	14799984.00
2013/01/18	1.37	1.39	1.36	1.39	1043273	10429954.00
2013/01/21	1.39	1.40	1.36	1.37	1633755	16314780.00
2013/01/22	1.36	1.40	1.33	1.35	1398853	13931393.00
2013/01/23	1.35	1.36	1.32	1.35	1223855	11904251.00
2013/01/24	1.34	1.35	1.26	1.27	1715741	16402486.00
2013/01/25	1.27	1.28	1.25	1.26	730014	6766443.00
2013/01/28	1.25	1.29	1.25	1.29	634189	5914274.00
2013/01/29	1.29	1.32	1.29	1.31	834157	7959264.00
2013/01/30	1.31	1.32	1.30	1.30	611856	5830178.50
2013/01/31	1.31	1.31	1.26	1.26	871359	8121079.00
2013/02/01	1.28	1.29	1.26	1.28	692505	6480518.50
2013/02/04	1.28	1.30	1.27	1.30	851254	8031583.00
2013/02/05	1.29	1.33	1.27	1.33	1062796	10126136.00
2013/02/06	1.33	1.41	1.32	1.34	1463158	14437576.00
2013/02/07	1.35	1.35	1.32	1.33	625610	6062090.00
2013/02/08	1.32	1.35	1.32	1.34	682397	6643632.50
2013/02/18	1.35	1.36	1.34	1.36	854463	8375317.50
2013/02/19	1.36	1.37	1.33	1.33	858673	8401777.00
2013/02/20	1.33	1.38	1.33	1.37	1256895	12372101.00
2013/02/21	1.36	1.39	1.34	1.38	1823615	18161822.00
2013/02/22	1.37	1.42	1.37	1.39	2087656	21145422.00
2013/02/25	1.38	1.40	1.36	1.38	1246665	12432253.00
2013/02/26	1.37	1.38	1.33	1.33	1149539	11329608.00
2013/02/27	1.33	1.35	1.30	1.30	786160	7538761.00
2013/02/28	1.30	1.46	1.27	1.46	3713982	37413288.00
2013/03/01	1.46	1.50	1.41	1.43	4825481	49760208.00
2013/03/04	1.42	1.42	1.38	1.39	2275524	22993572.00
2013/03/05	1.38	1.42	1.38	1.41	2080659	21014638.00
2013/03/06	1.41	1.46	1.40	1.45	3137928	32422054.00
2013/03/07	1.45	1.45	1.39	1.44	1588252	16247901.00
2013/03/08	1.44	1.44	1.40	1.42	1053358	10762871.00
2013/03/11	1.42	1.42	1.40	1.41	567882	5764022.50
2013/03/12	1.41	1.43	1.32	1.35	1209135	12052249.00
2013/03/13	1.35	1.35	1.28	1.30	903034	8605428.00
2013/03/14	1.30	1.32	1.28	1.30	667549	6318826.00
2013/03/15	1.30	1.32	1.27	1.29	685468	6508382.50
2013/03/18	1.28	1.31	1.25	1.25	739589	6911148.50
2013/03/19	1.25	1.26	1.20	1.25	903204	8162351.50
2013/03/20	1.24	1.28	1.24	1.28	638052	5924791.00
2013/03/21	1.30	1.33	1.27	1.31	876095	8358813.50
2013/03/22	1.30	1.32	1.29	1.30	611296	5839092.00
2013/03/25	1.29	1.32	1.29	1.29	431921	4114415.00
2013/03/26	1.30	1.31	1.25	1.27	620107	5785050.50
2013/03/27	1.25	1.28	1.25	1.26	569940	5297020.50
2013/03/28	1.26	1.26	1.20	1.21	634641	5740122.00
2013/03/29	1.20	1.23	1.20	1.20	296980	2664225.25
2013/04/01	1.21	1.23	1.20	1.22	261137	2341647.25
2013/04/02	1.21	1.24	1.19	1.20	461496	4133688.75
2013/04/03	1.21	1.21	1.14	1.16	490430	4278404.50
2013/04/08	1.13	1.17	1.12	1.17	286567	2435962.25
2013/04/09	1.16	1.19	1.16	1.17	254180	2217318.00
2013/04/10	1.16	1.20	1.16	1.17	354899	3085699.25
2013/04/11	1.17	1.19	1.16	1.17	410608	3578981.50
2013/04/12	1.17	1.19	1.17	1.18	371909	3253152.75
2013/04/15	1.18	1.19	1.13	1.14	390636	3329986.25
2013/04/16	1.12	1.16	1.12	1.16	214311	1817127.13
2013/04/17	1.16	1.17	1.14	1.17	335067	2889640.75
2013/04/18	1.17	1.18	1.15	1.18	395865	3449627.00
2013/04/19	1.23	1.23	1.19	1.20	702175	6256220.50
2013/04/22	1.19	1.20	1.17	1.20	630697	5528867.00
2013/04/23	1.19	1.19	1.16	1.16	544869	4729937.00
2013/04/24	1.16	1.19	1.15	1.18	674776	5894452.50
2013/04/25	1.17	1.18	1.13	1.14	587255	5067220.50
2013/04/26	1.14	1.15	1.12	1.14	353069	2999357.50
2013/05/02	1.14	1.17	1.13	1.17	680430	5824038.50
2013/05/03	1.17	1.20	1.15	1.19	930550	8172325.00
2013/05/06	1.19	1.22	1.18	1.20	665068	5908757.00
2013/05/07	1.20	1.22	1.19	1.21	798981	7137575.00
2013/05/08	1.21	1.24	1.20	1.24	698869	6274796.50
2013/05/09	1.23	1.24	1.19	1.22	882565	7905236.50
2013/05/10	1.21	1.24	1.21	1.23	513305	4640507.00
2013/05/13	1.23	1.37	1.22	1.31	2031915	19335436.00
2013/05/14	1.31	1.31	1.26	1.27	909635	8496004.00
2013/05/15	1.27	1.28	1.23	1.26	764247	7046167.00
2013/05/16	1.25	1.32	1.25	1.27	946365	8889819.00
2013/05/17	1.27	1.30	1.25	1.28	812609	7619486.50
2013/05/20	1.29	1.33	1.27	1.31	912514	8738900.00
2013/05/21	1.31	1.36	1.30	1.35	1295957	12636291.00
2013/05/22	1.35	1.41	1.31	1.32	1503621	14782723.00
2013/05/23	1.31	1.37	1.30	1.32	1175706	11454139.00
2013/05/24	1.32	1.36	1.32	1.35	1137992	11088325.00
2013/05/27	1.35	1.37	1.32	1.35	1898931	18554770.00
2013/05/28	1.35	1.35	1.30	1.32	1056758	10159545.00
2013/05/29	1.32	1.34	1.31	1.33	850805	8217803.00
2013/05/30	1.35	1.35	1.31	1.33	746920	7107408.00
2013/05/31	1.33	1.34	1.32	1.32	733177	6998644.50
2013/06/03	1.32	1.32	1.29	1.30	564196	5305632.00
2013/06/04	1.30	1.31	1.26	1.26	674776	6251967.50
2013/06/05	1.27	1.29	1.26	1.28	376901	3469684.50
2013/06/06	1.28	1.28	1.25	1.25	479575	4397481.50
2013/06/07	1.25	1.27	1.20	1.23	1069036	9585296.00
2013/06/13	1.22	1.23	1.17	1.20	553521	4806462.50
2013/06/14	1.22	1.22	1.20	1.22	587658	5205058.00
2013/06/17	1.21	1.26	1.21	1.25	372941	3353566.50
2013/07/03	1.19	1.25	1.18	1.22	1956079	17222014.00
2013/07/04	1.21	1.30	1.20	1.25	2833206	25925978.00
2013/07/05	1.24	1.26	1.19	1.20	1268201	11248146.00
2013/07/08	1.17	1.19	1.11	1.19	1233456	10435542.00
2013/07/09	1.18	1.22	1.18	1.22	797067	7024524.00
2013/07/10	1.22	1.24	1.21	1.23	539887	4821124.00
2013/07/11	1.25	1.27	1.23	1.25	835847	7604891.00
2013/07/12	1.25	1.27	1.24	1.25	717000	6519522.00
2013/07/15	1.25	1.40	1.24	1.40	3909976	37479816.00
2013/07/16	1.42	1.43	1.37	1.39	3786660	37829292.00
2013/07/17	1.36	1.38	1.33	1.34	2679235	26065660.00
2013/07/18	1.33	1.42	1.33	1.41	3492704	34722216.00
2013/07/19	1.42	1.49	1.38	1.39	3747915	38178872.00
2013/07/22	1.38	1.46	1.34	1.46	2669707	27155544.00
2013/07/23	1.46	1.48	1.42	1.47	2796055	28763194.00
2013/07/24	1.46	1.53	1.44	1.48	3314177	35075852.00
2013/07/25	1.47	1.49	1.38	1.39	2373152	24114054.00
2013/07/26	1.38	1.45	1.37	1.45	2153963	21728954.00
2013/07/29	1.44	1.51	1.42	1.49	3278450	34377356.00
2013/07/30	1.47	1.49	1.34	1.41	2119835	21443010.00
2013/07/31	1.40	1.57	1.37	1.57	3472167	37711252.00
2013/08/01	1.62	1.75	1.61	1.75	10373392	122334816.00
2013/08/02	1.76	1.84	1.72	1.78	11922106	147944400.00
2013/08/05	1.75	1.75	1.70	1.74	5416985	65279248.00
2013/08/06	1.74	1.78	1.71	1.76	5269475	64078164.00
2013/08/07	1.74	1.74	1.66	1.68	3813580	44892640.00
2013/08/08	1.66	1.70	1.65	1.68	2944987	34665116.00
2013/08/09	1.67	1.70	1.61	1.65	2554816	29613146.00
2013/08/12	1.66	1.67	1.61	1.66	2358707	27187060.00
2013/08/13	1.66	1.69	1.63	1.68	2403140	28074010.00
2013/08/14	1.68	1.72	1.63	1.71	3978536	46944648.00
2013/08/15	1.71	1.73	1.65	1.66	2463595	28901820.00
2013/08/16	1.65	1.71	1.58	1.58	3060761	35531800.00
2013/08/19	1.56	1.65	1.53	1.64	2189800	24720846.00
2013/08/20	1.64	1.70	1.63	1.66	2651014	30907668.00
2013/08/21	1.62	1.85	1.62	1.85	8129221	101014424.00
2013/08/22	1.80	1.85	1.77	1.79	5424124	67831264.00
2013/08/23	1.78	1.79	1.62	1.71	3501456	42063796.00
2013/08/26	1.70	1.74	1.69	1.71	2416304	28870588.00
2013/08/27	1.71	1.78	1.66	1.76	3538310	42447916.00
2013/08/28	1.73	1.73	1.64	1.65	2619151	31012432.00
2013/08/29	1.66	1.70	1.64	1.66	1440263	16772948.00
2013/08/30	1.66	1.69	1.53	1.53	2524731	28366872.00
2013/09/02	1.54	1.56	1.48	1.54	2201052	23787790.00
2013/09/03	1.53	1.62	1.53	1.58	2236540	24995786.00
2013/09/04	1.58	1.61	1.56	1.60	1637594	18363728.00
2013/09/05	1.60	1.65	1.60	1.62	1525618	17397632.00
2013/09/06	1.60	1.62	1.58	1.61	1292004	14546976.00
2013/09/09	1.61	1.62	1.58	1.59	1242583	13925524.00
2013/09/10	1.59	1.65	1.59	1.62	1488954	17020412.00
2013/09/11	1.62	1.64	1.53	1.58	1382287	15327374.00
2013/09/12	1.57	1.59	1.55	1.58	940654	10451598.00
2013/09/13	1.59	1.66	1.58	1.66	1912903	21912458.00
2013/09/16	1.66	1.76	1.66	1.69	2332857	27809146.00
2013/09/17	1.68	1.79	1.65	1.75	3448711	41911984.00
2013/09/18	1.75	1.84	1.75	1.80	3469627	43509408.00
2013/09/23	1.80	2.00	1.80	2.00	2999988	40570812.00
2013/09/24	2.11	2.15	2.01	2.10	6412956	91021320.00
2013/09/25	2.06	2.06	1.98	2.01	3892998	54048776.00
2013/09/26	1.98	2.10	1.98	1.99	2695944	37854164.00
2013/09/27	2.02	2.05	1.92	2.04	1933180	26767956.00
2013/09/30	2.02	2.26	2.02	2.26	4480078	66876936.00
2013/10/08	2.29	2.49	2.20	2.42	5276293	83584304.00
2013/10/09	2.39	2.46	2.34	2.38	3056452	49272752.00
2013/10/10	2.36	2.38	2.23	2.26	2623931	41168172.00
2013/10/11	2.25	2.43	2.17	2.38	4666368	72534968.00
2013/10/14	2.33	2.41	2.26	2.34	2254682	35639640.00
2013/10/15	2.28	2.31	2.25	2.28	1519346	23547370.00
2013/10/16	2.28	2.29	2.03	2.12	2284839	33503114.00
2013/10/17	2.16	2.19	2.06	2.09	1530078	22331990.00
2013/10/18	2.11	2.16	2.10	2.15	795780	11612482.00
2013/10/21	2.14	2.22	2.14	2.18	1655645	24562508.00
2013/10/22	2.18	2.19	2.06	2.07	1499493	21661752.00
2013/10/23	2.09	2.09	1.98	2.02	1531613	21165450.00
2013/10/24	1.99	2.13	1.99	2.13	1648054	23653104.00
2013/10/25	2.08	2.13	1.99	2.01	1380405	19348468.00
2013/10/28	1.99	2.03	1.90	1.91	770731	10296101.00
2013/10/29	1.92	2.02	1.82	1.87	1177890	15453229.00
2013/10/30	1.92	1.96	1.85	1.93	524190	6907106.00
2013/10/31	1.86	2.00	1.86	1.98	646050	8689201.00
2013/11/01	1.95	1.95	1.86	1.92	843336	11128131.00
2013/11/04	1.92	1.97	1.90	1.96	456202	6150737.50
2013/11/05	1.97	1.98	1.88	1.96	1464322	19442020.00
2013/11/06	1.95	2.00	1.93	1.95	796112	10808926.00
2013/11/07	1.93	1.97	1.90	1.91	470988	6304974.00
2013/11/08	1.90	2.03	1.90	1.96	930044	12461985.00
2013/11/11	1.96	2.18	1.96	2.18	3141391	46075800.00
2013/11/12	2.14	2.22	2.12	2.19	2418441	35839416.00
2013/11/13	2.19	2.19	2.10	2.10	1211654	17651808.00
2013/11/14	2.07	2.15	2.02	2.14	1267118	18217384.00
2013/11/15	2.13	2.22	2.12	2.20	1985268	29628876.00
2013/11/18	2.20	2.20	2.12	2.17	1657641	24418950.00
2013/11/19	2.17	2.19	2.09	2.18	1656461	24216994.00
2013/11/20	2.19	2.25	2.12	2.25	2422383	36252176.00
2013/11/21	2.32	2.38	2.23	2.24	3885406	60855780.00
2013/11/22	2.16	2.20	2.12	2.14	2015131	29500872.00
2013/11/25	2.14	2.14	1.99	2.04	1743773	24394688.00
2013/11/26	2.04	2.05	2.00	2.01	912937	12686624.00
2013/11/27	2.02	2.10	2.02	2.08	1146136	16277481.00
2013/11/28	2.08	2.10	2.04	2.06	933332	13201203.00
2013/11/29	2.04	2.08	2.04	2.07	863061	12232185.00
2013/12/02	2.00	2.00	1.84	1.84	2398677	31067510.00
2013/12/03	1.75	1.81	1.69	1.80	1513749	18461850.00
2013/12/04	1.80	1.86	1.78	1.82	1136871	14316151.00
2013/12/05	1.82	1.82	1.77	1.78	715292	8897749.00
2013/12/06	1.77	1.81	1.77	1.79	488570	6070129.50
2013/12/09	1.79	1.82	1.79	1.81	555649	6982744.00
2013/12/10	1.83	1.85	1.82	1.84	611577	7785083.50
2013/12/11	1.85	1.85	1.78	1.81	517858	6479030.00
2013/12/12	1.80	1.82	1.77	1.82	496223	6228404.00
2013/12/13	1.79	1.87	1.78	1.84	623969	7941028.00
2013/12/16	1.85	1.89	1.82	1.87	843102	10835392.00
2013/12/17	1.87	1.89	1.82	1.85	550439	7025228.00
2013/12/18	1.86	1.86	1.83	1.86	402988	5146386.50
2013/12/19	1.87	1.90	1.84	1.84	413245	5339610.50
2013/12/20	1.84	1.87	1.75	1.75	1023766	12665435.00
2013/12/23	1.75	1.78	1.70	1.75	360655	4401083.50
2013/12/24	1.77	1.80	1.74	1.79	313454	3869763.00
2013/12/25	1.78	1.83	1.77	1.83	719425	9061274.00
2013/12/26	1.83	1.83	1.74	1.75	656699	8117692.00
2013/12/27	1.75	1.83	1.72	1.81	1038887	12968157.00
2013/12/30	1.81	1.91	1.80	1.86	790260	10202379.00
2013/12/31	1.87	1.90	1.82	1.86	908377	11697680.00
2014/01/02	1.85	1.96	1.85	1.93	1510943	19900068.00
2014/01/03	1.92	1.96	1.90	1.93	913164	12158999.00
2014/01/06	1.92	1.93	1.90	1.90	808997	10664494.00
2014/01/07	1.91	1.98	1.88	1.91	660402	8790990.00
2014/01/08	1.90	1.95	1.90	1.94	557505	7412678.00
2014/01/09	1.94	1.97	1.90	1.90	697545	9378216.00
2014/01/10	1.90	1.92	1.80	1.80	656310	8384472.00
2014/01/13	1.86	2.00	1.86	2.00	6605010	90372480.00
2014/01/14	1.98	1.98	1.90	1.97	3570297	47614384.00
2014/01/15	1.95	1.97	1.91	1.96	1921190	25787296.00
2014/01/16	1.96	2.01	1.94	1.99	2482324	33910344.00
2014/04/08	2.21	2.21	2.21	2.21	83197	1218004.13
2014/04/09	2.44	2.44	2.44	2.44	251662	4051758.25
2014/04/10	2.70	2.70	2.70	2.70	215823	3822225.25
2014/04/11	2.98	2.98	2.98	2.98	438645	8544805.00
2014/04/14	3.29	3.29	3.29	3.29	5029699	107751544.00
2014/04/15	3.61	3.62	3.40	3.54	14572357	333724736.00
2014/04/16	3.57	3.74	3.47	3.50	9034766	211311168.00
2014/04/17	3.46	3.64	3.45	3.56	6308426	144790288.00
2014/04/18	3.54	3.66	3.50	3.58	4300209	99900264.00
2014/04/21	3.57	3.95	3.57	3.95	12640886	307361952.00
2014/04/22	3.78	3.91	3.54	3.54	9348111	226837536.00
2014/04/23	3.45	3.53	3.29	3.33	7807795	172267616.00
2014/04/24	3.35	3.46	3.23	3.36	6862491	150152528.00
2014/04/25	3.30	3.32	3.16	3.21	6817652	142852032.00
2014/04/28	3.18	3.22	3.05	3.20	4295868	87772312.00
2014/04/29	3.22	3.26	3.09	3.11	3463589	71004224.00
2014/04/30	3.13	3.19	3.05	3.10	3335252	67836136.00
2014/05/05	3.10	3.18	3.05	3.16	2926788	59407944.00
2014/05/06	3.18	3.30	3.17	3.19	4915206	103050720.00
2014/05/07	3.16	3.22	2.93	2.94	5988139	119354520.00
2014/05/08	2.91	2.98	2.87	2.92	3198926	61177956.00
2014/05/09	2.90	2.94	2.79	2.86	2811469	52502008.00
2014/05/12	2.88	3.15	2.84	3.15	9465074	188349664.00
2014/05/13	3.19	3.19	3.04	3.06	4287524	86718312.00
2014/05/14	3.06	3.13	3.00	3.02	2875776	57562620.00
2014/05/15	3.02	3.02	2.79	2.82	4616382	87268496.00
2014/05/16	2.79	2.85	2.76	2.82	2051472	37669956.00
2014/05/19	2.82	2.82	2.74	2.80	2017305	36678004.00
2014/05/20	2.82	2.89	2.81	2.84	2623512	48942180.00
2014/05/21	2.82	2.95	2.78	2.90	3014829	56648632.00
2014/05/22	2.90	2.94	2.80	2.84	2610489	49336612.00
2014/05/23	2.84	3.03	2.81	2.98	4698916	90267016.00
2014/05/26	2.98	3.29	2.98	3.29	6747384	138469456.00
2014/05/27	3.45	3.63	3.40	3.54	9783147	222312416.00
2014/05/28	3.56	3.90	3.51	3.85	11508818	275691840.00
2014/05/29	3.74	4.02	3.70	3.88	10989084	274200704.00
2014/05/30	3.85	3.94	3.75	3.85	7159317	178366960.00
2014/06/03	3.85	3.85	3.56	3.69	5089197	122184104.00
2014/06/04	3.70	3.72	3.44	3.59	6500645	150168544.00
2014/06/05	3.58	3.66	3.50	3.65	4177560	96984840.00
2014/06/06	3.65	3.98	3.63	3.86	8609396	215621888.00
2014/06/09	3.79	4.26	3.76	4.26	8440463	221458800.00
2014/06/10	4.35	4.70	4.34	4.70	9079431	264821488.00
2014/06/11	4.94	4.94	4.49	4.56	13612195	408494688.00
2014/06/12	4.58	4.82	4.44	4.66	11373241	338494560.00
2014/06/13	4.54	4.58	4.36	4.48	9089180	260850640.00
2014/06/16	4.37	4.55	4.35	4.44	5372850	154206576.00
2014/06/17	4.40	4.73	4.39	4.50	7410967	220216560.00
2014/06/18	4.44	4.48	4.26	4.29	5536668	155675328.00
2014/06/19	4.26	4.26	3.85	3.86	5489901	142677040.00
2014/06/20	3.83	3.99	3.77	3.96	3709809	93231192.00
2014/06/23	4.01	4.23	3.96	4.21	3828589	101315648.00
2014/06/24	4.17	4.24	4.12	4.14	2958865	79640736.00
2014/06/25	4.09	4.13	3.93	4.01	3488147	90282048.00
2014/06/26	4.12	4.42	4.12	4.42	7823989	221362928.00
2014/06/27	4.57	4.75	4.42	4.63	8742827	257722736.00
2014/06/30	4.59	5.06	4.42	4.91	8037782	242424976.00
2014/07/01	4.84	4.91	4.68	4.74	5415882	166364336.00
2014/07/02	4.70	4.79	4.47	4.62	4097387	121555136.00
2014/07/03	4.59	4.71	4.52	4.63	2492455	74062208.00
2014/07/04	4.63	4.73	4.47	4.63	3129491	92939480.00
2014/07/07	4.63	4.63	4.39	4.44	2935315	84460648.00
2014/07/08	4.34	4.57	4.33	4.50	3473298	100396656.00
2014/07/09	4.46	4.48	4.28	4.28	2486055	70209112.00
2014/07/10	4.25	4.33	4.10	4.16	3502696	94231944.00
2014/07/11	4.17	4.37	4.08	4.34	2647621	72376808.00
2014/07/14	4.38	4.46	4.18	4.33	2419919	67354928.00
2014/07/15	4.27	4.37	4.15	4.20	1607457	43901472.00
2014/07/16	4.19	4.23	4.09	4.14	1443073	38559740.00
2014/07/17	4.13	4.20	3.96	4.02	1577030	41469972.00
2014/07/18	3.95	4.12	3.95	4.07	1105263	28975838.00
2014/07/21	4.04	4.12	3.96	3.99	1484738	38673088.00
2014/07/22	4.02	4.28	4.00	4.24	2592101	70397768.00
2014/07/23	4.24	4.62	4.21	4.52	5242931	151007376.00
2014/07/24	4.52	4.58	4.34	4.50	3027709	87118640.00
2014/07/25	4.46	4.50	4.23	4.26	2473522	68969464.00
2014/07/28	4.26	4.34	4.14	4.27	2143329	58312112.00
2014/07/29	4.26	4.49	4.21	4.40	2013866	56930816.00
2014/07/30	4.40	4.40	4.21	4.34	2275808	62868956.00
2014/07/31	4.33	4.34	4.26	4.29	1389805	38523096.00
2014/08/01	4.28	4.39	4.27	4.29	1511450	42170416.00
2014/08/04	4.29	4.42	4.15	4.21	2353701	65171944.00
2014/08/05	4.17	4.26	4.10	4.25	1536684	41619040.00
2014/08/06	4.24	4.55	4.18	4.50	3580496	101604648.00
2014/08/07	4.50	4.51	4.25	4.32	2683933	75695768.00
2014/08/08	4.28	4.40	4.20	4.39	2400161	66813128.00
2014/08/11	4.39	4.50	4.34	4.42	2302365	65826056.00
2014/08/12	4.44	4.54	4.35	4.51	2609789	75532448.00
2014/08/13	4.47	4.49	4.33	4.40	1711018	48531252.00
2014/08/14	4.37	4.47	4.34	4.36	1584790	44995748.00
2014/08/15	4.34	4.49	4.34	4.45	2111051	60488012.00
2014/08/18	4.43	4.54	4.39	4.52	2635146	75935648.00
2014/08/19	4.52	4.78	4.48	4.68	4422914	132874600.00
2014/08/20	4.65	4.65	4.51	4.53	2031806	59753876.00
2014/08/21	4.53	4.63	4.46	4.53	1381768	40262556.00
2014/08/22	4.50	4.53	4.40	4.41	2961617	84749000.00
2014/08/25	4.41	4.45	4.38	4.40	1146106	32545488.00
2014/08/26	4.39	4.44	4.35	4.37	1476404	41917748.00
2014/08/27	4.35	4.74	4.35	4.71	5232078	155701392.00
2014/08/28	4.61	4.78	4.54	4.68	4181570	125693688.00
2014/08/29	4.64	4.90	4.46	4.85	3538889	107558432.00
2014/09/01	4.78	5.35	4.78	5.35	5604049	185591536.00
2014/09/02	5.48	5.90	5.45	5.90	5715446	205577792.00
2014/09/03	5.95	6.23	5.69	5.94	7913492	301073024.00
2014/09/04	5.87	6.03	5.72	5.81	4381223	164403968.00
2014/09/05	5.85	5.94	5.57	5.62	5529977	201029520.00
2014/09/09	5.60	5.78	5.56	5.70	2696470	98164392.00
2014/09/10	5.74	5.79	5.65	5.65	1960789	71640976.00
2014/09/11	5.65	5.71	5.59	5.64	1918081	69300920.00
2014/09/12	5.67	6.02	5.67	5.93	4685364	175736560.00
2014/09/15	5.94	6.02	5.70	5.80	2963390	110918272.00
2014/09/16	5.77	5.80	5.56	5.66	2608726	94323632.00
2014/09/17	5.60	5.78	5.57	5.75	1426507	51881100.00
2014/09/25	6.00	6.34	5.86	6.17	5808782	225700960.00
2014/09/26	6.02	6.26	5.92	5.97	2129518	82603976.00
2014/09/29	6.08	6.08	5.79	5.82	1766327	66633472.00
2014/09/30	5.76	5.85	5.74	5.78	1341711	49689732.00
2014/10/08	5.76	5.83	5.76	5.82	992443	36801544.00
2014/10/09	5.84	5.91	5.65	5.71	1769912	65253956.00
2014/10/10	5.71	5.71	5.46	5.53	1805186	64362676.00
2014/10/13	5.52	5.76	5.40	5.73	1525165	54721440.00
2014/10/14	5.71	5.83	5.55	5.63	1395747	51097492.00
2014/10/15	5.63	5.63	5.46	5.51	1379152	48560304.00
2014/10/16	5.48	5.51	5.26	5.30	2009491	69304944.00
2014/10/17	5.32	5.32	4.94	5.06	1809709	58903948.00
2014/10/20	5.08	5.27	4.99	5.23	1382203	45716716.00
2014/10/21	5.23	5.27	5.16	5.19	881581	29453318.00
2014/10/22	5.14	5.24	4.78	4.87	2540866	81489064.00
2014/10/23	4.86	4.89	4.64	4.74	1988921	61012644.00
2014/10/24	4.73	4.84	4.68	4.83	1662422	50857980.00
2014/10/27	4.94	5.33	4.90	5.33	3701148	123103664.00
2014/10/28	5.45	5.76	5.41	5.63	4728761	169961104.00
2014/10/29	5.65	5.86	5.62	5.81	4405595	162012176.00
2014/10/30	5.81	5.81	5.61	5.63	2532228	91790712.00
2014/10/31	5.59	5.86	5.43	5.49	3318538	119535200.00
2014/11/03	5.49	5.57	5.41	5.52	1485488	52352748.00
2014/11/04	5.53	5.54	5.37	5.38	1379886	48028112.00
2014/11/05	5.36	5.41	5.21	5.25	1371837	46380704.00
2014/11/06	5.26	5.57	5.26	5.54	2033085	71273320.00
2014/11/07	5.48	5.82	5.44	5.77	3571549	130743888.00
2014/11/10	5.76	5.88	5.64	5.81	2642446	97701664.00
2014/11/11	5.81	6.04	5.70	6.01	3691639	138843312.00
2014/11/12	5.97	6.62	5.97	6.62	3305649	136937424.00
2014/11/13	6.90	6.98	6.43	6.54	3309439	141872064.00
2014/11/14	6.42	6.58	6.07	6.26	2450714	97509944.00
2014/11/17	6.30	6.90	5.99	6.90	3216963	137605600.00
2014/11/18	6.90	7.40	6.82	7.13	3212607	145049376.00
2014/11/19	7.13	7.85	7.03	7.85	4043752	196346512.00
2014/11/20	7.94	7.94	7.35	7.64	5222047	250807184.00
2014/11/21	7.54	8.28	7.47	8.00	3968302	197713088.00
2014/11/24	8.00	8.00	7.22	7.43	4726085	227109920.00
2014/11/25	7.43	7.51	7.24	7.46	2307023	108561968.00
2014/11/26	7.46	7.46	7.19	7.32	2692708	124757128.00
2014/11/27	7.29	7.42	6.98	7.24	2614663	120190016.00
2014/11/28	7.24	7.35	7.03	7.14	2786075	127479480.00
2014/12/01	7.15	7.16	6.79	6.86	2184136	96223288.00
2014/12/02	6.84	7.42	6.84	7.28	3282278	150400720.00
2014/12/03	7.28	7.39	6.81	6.95	3160333	140392672.00
2014/12/04	6.89	7.12	6.81	6.94	2465514	108993712.00
2014/12/05	6.90	6.90	6.56	6.58	3322977	140679872.00
2014/12/08	6.62	6.70	6.24	6.70	2808728	117729072.00
2014/12/09	6.62	6.63	6.01	6.01	3072142	123373824.00
2014/12/10	5.94	6.50	5.90	6.48	3085695	124962152.00
2014/12/11	6.42	6.77	6.39	6.66	1912758	81240936.00
2014/12/12	6.58	6.74	6.49	6.73	1391130	58913804.00
2014/12/15	6.71	7.06	6.67	6.98	2213266	96628512.00
2014/12/16	6.98	7.02	6.58	6.64	1880335	80336128.00
2014/12/17	6.56	6.56	6.27	6.41	1576717	64314384.00
2014/12/18	6.39	6.45	6.23	6.23	1508059	60575196.00
2014/12/19	6.23	6.52	6.06	6.26	1611457	64683332.00
2014/12/22	6.10	6.10	5.62	5.62	2095038	75985576.00
2014/12/23	5.73	5.73	5.05	5.14	2518969	85917504.00
2014/12/24	5.16	5.67	5.16	5.67	2115410	73664000.00
2014/12/25	6.04	6.25	5.94	6.25	3236820	126811592.00
2014/12/26	6.29	6.47	5.99	6.06	4017462	157992112.00
2014/12/29	6.07	6.10	5.54	5.74	2604033	95651136.00
2014/12/30	5.76	5.86	5.51	5.72	2072661	75505248.00
2014/12/31	5.72	5.83	5.64	5.76	1234786	45313520.00
2015/01/05	5.78	5.85	5.46	5.64	2609356	94395064.00
2015/01/06	5.69	6.22	5.64	6.22	3064619	116740248.00
2015/01/07	6.31	6.46	6.05	6.26	3786989	150681120.00
2015/01/08	6.27	6.55	6.13	6.42	3977173	162082816.00
2015/01/09	6.28	6.63	6.22	6.22	3014987	123714296.00
2015/01/12	6.25	6.37	5.97	6.13	1783268	70290032.00
2015/01/13	6.17	6.65	6.03	6.53	4927735	203785040.00
2015/01/14	6.41	6.50	6.15	6.22	2641468	105951992.00
2015/01/15	6.31	6.50	6.01	6.22	2569062	102579776.00
2015/01/16	6.20	6.70	6.09	6.62	4094899	169273200.00
2015/01/19	6.39	7.29	6.29	7.22	7474649	334114848.00
2015/01/20	7.10	7.96	7.06	7.81	7095699	341742304.00
2015/01/21	7.88	8.35	7.73	7.86	6772931	345868352.00
2015/01/22	7.84	8.63	7.78	8.15	4567391	240775008.00
2015/01/23	8.04	8.10	7.36	7.58	3591553	176692784.00
2015/01/26	7.60	8.23	7.60	8.10	2686429	137263088.00
2015/01/27	8.14	8.86	8.14	8.65	4181155	227653632.00
2015/01/28	8.70	9.38	8.70	9.06	3492308	200901232.00
2015/01/29	8.83	9.98	8.74	9.98	5510541	337717856.00
2015/01/30	10.23	10.47	9.56	10.10	3353963	214252208.00
2015/02/02	9.56	10.97	9.22	10.25	3003275	193678544.00
2015/02/03	10.10	11.29	10.07	11.14	2910932	200479808.00
2015/02/04	11.06	11.58	10.55	11.06	2574418	179594416.00
2015/02/05	10.88	11.51	10.50	10.99	2394128	168624272.00
2015/02/06	10.79	10.79	9.88	9.88	3135971	202821296.00
2015/02/09	9.97	10.45	9.38	9.86	2991107	190621152.00
2015/02/10	9.86	10.24	9.51	10.18	1572065	98679624.00
2015/02/11	10.23	11.06	10.23	10.90	2334888	160276176.00
2015/02/12	10.71	11.19	10.42	10.74	2511174	170543792.00
2015/02/13	10.74	11.06	10.54	10.64	2038831	138334112.00
2015/02/16	10.59	10.74	10.15	10.73	2400688	158806320.00
2015/02/17	10.98	11.55	10.58	11.19	2570706	180388976.00
2015/02/25	11.32	11.32	10.28	10.43	2178018	146807920.00
2015/02/26	10.43	10.83	9.62	10.17	2772669	175338848.00
2015/02/27	10.10	10.43	9.78	10.38	1869699	119017928.00
2015/03/02	10.39	11.44	10.10	11.44	3368096	231598736.00
2015/03/03	11.44	12.34	11.38	11.69	3119381	233879376.00
2015/03/04	12.87	12.87	11.88	12.87	2177239	174496688.00
2015/03/05	13.65	14.17	13.24	14.17	4210343	366813440.00
2015/03/06	14.10	14.89	12.98	13.99	3444925	299304096.00
2015/03/09	13.78	14.32	13.32	13.65	2459315	214611056.00
2015/03/10	13.71	14.58	13.47	13.94	2217969	197755312.00
2015/03/11	13.80	13.92	13.29	13.30	2099495	178458608.00
2015/03/12	13.34	13.75	12.45	12.91	1687171	138482960.00
2015/03/13	13.14	13.62	12.66	13.46	2498102	207946736.00
2015/03/16	13.52	14.82	13.50	14.82	3327900	303760256.00
2015/03/17	15.22	16.32	14.98	16.32	3396769	338546240.00
2015/03/18	16.01	17.96	15.70	16.98	2925522	316564128.00
2015/03/19	17.33	18.50	16.61	18.23	2115109	236364416.00
2015/03/20	18.10	20.07	17.84	20.07	1949396	239053680.00
2015/03/23	20.66	22.09	20.49	22.09	2126607	292651360.00
2015/03/24	23.86	24.31	21.70	24.31	4759789	693464128.00
2015/03/25	24.00	26.74	23.61	24.97	4964962	794631296.00
2015/03/26	23.70	23.84	22.46	22.46	4403639	631431744.00
2015/03/27	21.37	22.68	21.02	22.57	3606711	494492896.00
2015/04/08	24.84	24.84	24.84	24.84	1884216	117480864.00
2015/04/09	24.69	27.33	22.34	27.33	19422073	1197936256.00
2015/04/10	28.30	30.08	27.34	30.08	20059211	1458733824.00
2015/04/13	30.08	31.49	28.46	29.64	16967121	1290876416.00
2015/04/14	28.30	29.10	26.69	26.70	19187725	1324622336.00
2015/04/15	25.50	27.89	24.30	25.50	14866524	965681664.00
2015/04/16	23.90	25.90	23.54	24.16	11778003	729969856.00
2015/04/17	24.06	24.90	23.07	23.10	11696958	695832448.00
2015/04/20	22.72	22.72	20.78	20.79	14945438	807799616.00
2015/04/21	20.38	22.88	20.30	22.88	13120522	720439936.00
2015/04/22	23.56	24.70	23.02	23.42	15496681	927709120.00
2015/04/23	22.98	24.14	22.45	22.70	11855541	689724160.00
2015/04/24	22.31	22.56	21.50	22.29	9307202	514297504.00
2015/04/27	22.50	24.53	22.50	24.53	17582925	1044383872.00
2015/04/28	25.10	26.57	24.70	25.48	17313231	1121768064.00
2015/04/29	25.89	25.89	23.65	24.86	10889754	678089472.00
2015/04/30	24.26	27.35	24.26	26.89	21061278	1412030720.00
2015/05/04	25.90	26.50	24.93	25.12	12302357	786526912.00
2015/05/05	25.00	25.96	24.38	24.86	8422515	534505952.00
2015/05/06	25.12	26.43	24.42	25.06	10056742	642564992.00
2015/05/07	24.14	25.90	23.90	25.13	9092756	574419008.00
2015/05/08	25.74	27.62	25.22	27.40	16494156	1104774784.00
2015/05/11	27.42	29.90	26.75	29.90	17622785	1265659008.00
2015/05/12	29.98	31.04	29.09	29.50	13337715	1002262848.00
2015/05/13	29.50	29.50	28.14	28.28	10388372	746852736.00
2015/05/14	28.34	28.64	26.90	26.93	9977765	684834624.00
2015/05/15	26.58	28.42	25.69	27.73	9427480	644638208.00
2015/05/18	27.12	29.02	27.12	27.87	8710094	615235968.00
2015/05/19	27.50	29.89	27.18	29.49	12186224	889032192.00
2015/05/20	29.50	32.45	29.50	32.45	11686470	933331008.00
2015/05/21	35.10	35.71	33.10	35.71	15226393	1342324864.00
2015/05/22	36.30	38.24	33.10	33.46	15312854	1344204160.00
2015/05/25	32.30	33.90	30.30	32.29	11078780	891207296.00
2015/05/26	32.29	33.84	31.98	33.50	8193907	681174720.00
2015/05/27	33.38	33.38	31.38	32.23	9448711	763131392.00
2015/05/28	31.86	31.90	29.50	29.52	10735321	825785792.00
2015/05/29	30.98	32.48	29.71	32.48	11282324	890723584.00
2015/06/01	34.27	35.24	32.96	33.36	12403562	1053765504.00
2015/06/02	32.76	33.30	31.76	33.17	9612290	783301440.00
2015/06/03	33.18	36.50	32.25	36.50	14766666	1285064576.00
2015/06/04	37.30	37.70	32.86	34.98	11202298	983413888.00
2015/06/05	35.22	35.86	33.36	33.82	7480085	642535040.00
2015/06/08	33.30	33.50	31.69	31.92	6889213	556372800.00
2015/06/09	31.92	33.62	31.50	32.18	6453575	527333888.00
2015/06/10	32.20	32.73	30.94	32.29	8824670	704865856.00
2015/06/11	31.90	32.83	30.70	31.22	9288667	730215424.00
2015/06/12	31.26	31.68	30.18	31.49	9189500	711116864.00
2015/06/15	31.55	31.78	29.22	29.32	11402709	857216832.00
2015/06/16	28.70	28.70	26.38	26.38	8453473	577446336.00
2015/06/17	25.90	27.53	23.86	27.27	9981628	648727808.00
2015/06/18	27.10	28.30	25.10	25.30	9219330	625190080.00
2015/06/19	24.10	24.98	22.76	22.76	7143369	424429056.00
2015/06/23	22.82	23.30	20.48	22.40	8696623	478186720.00
2015/06/24	22.98	23.70	22.50	23.46	8947378	520904256.00
2015/06/25	23.90	25.44	22.78	23.82	10479599	644469376.00
2015/06/26	22.62	22.95	21.43	21.43	6964396	380071808.00
2015/06/29	21.76	21.90	19.28	19.28	6653615	332345760.00
2015/06/30	17.77	21.22	17.34	21.22	10642921	524382080.00
2015/07/01	21.79	23.10	19.49	19.90	11382100	629924352.00
2015/07/02	18.72	20.97	17.94	17.98	10378548	503450272.00
2015/07/03	17.37	19.24	16.18	17.17	14261409	628847232.00
2015/07/06	18.90	18.90	15.44	15.82	12764508	543115200.00
2015/07/14	17.41	17.41	17.41	17.41	253902	11115830.00
2015/07/15	19.16	19.16	16.46	17.41	16517499	750275008.00
2015/07/16	17.41	17.97	15.70	17.06	10961120	472481760.00
2015/07/17	17.18	18.77	17.10	18.77	11274310	514921312.00
2015/07/20	19.34	20.66	19.20	20.16	18102596	910719104.00
2015/07/21	19.50	20.94	19.50	20.28	11860797	604304896.00
2015/07/22	20.06	20.90	19.70	20.67	9884014	507132224.00
2015/07/23	20.90	22.30	20.61	22.06	11339413	615031808.00
2015/07/24	21.85	22.39	20.70	21.06	10680131	584610368.00
2015/07/27	20.66	21.53	18.95	18.95	11079884	561962624.00
2015/07/28	17.06	19.30	17.04	17.04	11690580	511369248.00
2015/07/29	17.40	17.80	15.33	17.70	13760242	570466112.00
2015/07/30	17.50	17.80	15.96	16.01	10047882	431530688.00
2015/07/31	15.50	16.28	15.12	15.42	8552883	334624128.00
2015/08/03	15.30	15.30	13.86	13.87	8737022	313364256.00
2015/08/04	13.86	15.26	13.70	15.26	11335905	414868320.00
2015/08/06	15.18	16.13	14.12	15.85	10130541	392012640.00
2015/08/07	15.86	16.96	15.85	16.67	9527680	395552064.00
2015/08/10	16.88	18.34	16.70	18.09	12852785	558903360.00
2015/08/11	18.10	18.22	17.44	17.52	12283344	548298560.00
2015/08/12	17.12	17.53	16.22	16.38	10309394	437637664.00
2015/08/13	16.10	17.04	15.90	17.03	8246417	342716576.00
2015/08/14	17.22	17.42	16.57	16.66	7520015	322134592.00
2015/08/17	16.63	16.89	16.22	16.64	5495169	228185936.00
2015/08/18	16.70	17.25	14.98	15.11	8733110	357807840.00
2015/08/19	14.16	15.85	14.16	15.72	7528533	284772064.00
2015/08/20	15.18	16.92	15.18	15.94	8067442	324928064.00
2015/08/21	15.52	15.94	14.40	14.44	6799349	260250448.00
2015/08/24	13.50	13.50	12.98	12.98	4861557	160238480.00
2015/08/25	11.68	12.28	11.68	11.68	6676505	197799184.00
2015/08/26	11.30	11.95	10.50	10.50	9102730	254330160.00
2015/08/27	10.61	11.14	9.66	10.70	9051271	241837872.00
2015/08/28	10.90	11.70	10.71	11.63	8967018	250727648.00
2015/08/31	11.52	11.52	10.46	10.46	8048922	222292832.00
2015/09/01	10.30	10.30	9.40	9.40	5985454	144837968.00
2015/09/02	8.58	9.90	8.45	8.76	7852820	177268400.00
2015/09/07	8.96	9.64	8.94	9.64	11317607	270977280.00
2015/09/08	9.78	10.62	9.34	10.62	9501910	235678672.00
2015/09/09	10.62	11.69	10.62	11.68	15237042	436345408.00
2015/09/10	11.46	11.58	11.17	11.17	8214984	235102544.00
2015/09/11	11.23	11.65	11.12	11.53	8293769	239522272.00
2015/09/14	11.50	11.70	10.36	10.36	6662695	182875072.00
2015/09/15	9.58	10.10	9.32	9.34	6862541	165672512.00
2015/09/16	9.50	10.28	9.46	10.28	6275130	159137968.00
2015/09/17	11.10	11.32	10.90	11.32	9759116	278009728.00
2015/09/18	11.74	12.47	11.02	12.47	17846750	526463264.00
2015/09/21	12.47	13.72	12.02	13.54	19231255	644101376.00
2015/09/22	13.10	13.62	12.97	13.21	17112048	573867200.00
2015/09/23	12.86	13.86	12.82	13.34	15663183	529753024.00
2015/09/24	13.45	14.25	13.04	13.68	15166012	521995712.00
2015/09/25	13.30	13.62	12.37	13.00	12481465	410092544.00
2015/09/28	13.07	14.31	12.70	14.31	14308782	493372320.00
2015/09/29	14.08	14.67	13.50	14.36	16584316	594510784.00
2015/09/30	14.37	14.50	13.70	14.00	8224201	290889184.00
2015/10/08	14.70	15.28	14.20	14.94	9931083	371926304.00
2015/10/09	14.84	15.45	14.62	15.00	9485440	360183936.00
2015/10/12	14.94	16.51	14.93	16.51	9789938	400318848.00
2015/10/13	16.62	18.09	16.52	17.65	17569418	760367936.00
2015/10/14	17.34	17.76	16.90	17.22	10482756	454824160.00
2015/10/15	17.10	18.90	17.02	18.69	10359173	471939712.00
2015/10/16	18.54	19.81	18.10	18.98	13192566	626274048.00
2015/10/19	18.70	18.70	17.90	18.30	10902966	500764256.00
2015/10/20	18.10	19.10	18.10	18.27	9627709	450354112.00
2015/10/21	18.27	18.53	16.43	16.43	12470526	543436928.00
2015/10/22	16.18	17.27	16.12	17.13	11104090	472591936.00
2015/10/23	17.04	18.16	17.04	17.79	9940743	438123904.00
2015/10/26	18.30	18.30	17.06	17.40	8103795	355989248.00
2015/10/27	17.05	18.24	15.77	17.57	9183579	394006880.00
2015/10/28	17.36	17.74	16.54	16.74	7076692	305492064.00
2015/10/29	16.76	17.27	16.25	16.85	5907857	249374832.00
2015/10/30	16.72	17.82	16.05	17.42	10797964	465461984.00
2015/11/02	16.70	18.52	16.50	17.46	11442297	505781856.00
2015/11/03	17.46	19.17	17.46	19.16	15256596	703778752.00
2015/11/04	18.96	20.69	18.52	20.62	15952242	789967680.00
2015/11/05	20.61	22.26	20.26	20.43	15261889	813029056.00
2015/11/06	20.14	22.48	20.12	22.34	14333695	775329856.00
2015/11/09	21.92	23.43	21.50	22.25	12885778	728119936.00
2015/11/10	22.28	24.04	22.10	23.82	14678770	863069888.00
2015/11/11	23.67	25.26	23.48	25.01	10269448	634941184.00
2015/11/12	25.10	25.82	23.92	24.22	8920106	546510016.00
2015/11/13	23.50	24.90	21.84	24.10	11949959	706093120.00
2015/11/16	23.10	26.52	23.06	26.52	10314435	663923584.00
2015/11/17	28.34	29.18	26.68	27.10	15622469	1100195712.00
2015/11/18	27.44	28.44	26.33	26.40	10534774	726430080.00
2015/11/19	26.30	29.05	26.30	29.05	11668590	820595264.00
2015/11/20	29.90	30.30	28.18	28.38	10834522	790589120.00
2015/11/23	28.09	28.96	27.10	27.90	9212836	638456256.00
2015/11/24	27.90	27.90	26.54	27.22	7065020	479119712.00
2015/11/25	27.22	28.93	26.70	28.44	8987516	634201280.00
2015/11/26	28.10	28.21	25.90	26.62	11911018	808988608.00
2015/11/27	26.37	26.37	24.10	24.30	9444946	597378624.00
2015/11/30	24.58	24.84	22.42	24.46	8300457	497639776.00
2015/12/01	24.30	24.88	22.30	22.84	7391349	436973184.00
2015/12/02	23.46	23.96	22.10	23.41	9853107	572682752.00
2015/12/03	23.70	24.94	23.50	24.74	9939473	604356928.00
2015/12/04	24.82	24.82	23.44	23.94	9167158	554959232.00
2015/12/07	23.57	24.60	23.56	24.10	7567376	459159584.00
2015/12/08	23.81	24.02	22.90	23.51	7345511	433175584.00
2015/12/09	23.44	23.44	22.46	22.67	6638600	380610720.00
2015/12/10	22.94	24.95	22.93	24.95	14116316	850885184.00
2015/12/11	24.90	25.30	23.45	23.54	9115890	557688320.00
2015/12/14	22.49	23.06	21.74	22.86	8397855	471095264.00
2015/12/15	22.60	23.81	22.30	22.97	6657414	387970784.00
2015/12/16	22.70	23.98	22.34	23.45	11651152	677249152.00
2015/12/17	23.10	23.98	23.10	23.76	15121487	895415616.00
2015/12/18	23.64	23.64	22.70	22.81	11365456	659772864.00
2015/12/21	22.54	23.01	22.04	22.15	10141345	567306432.00
2015/12/22	22.39	23.38	22.38	22.96	15335424	886895616.00
2015/12/23	22.94	22.94	22.22	22.30	8870582	501145216.00
2015/12/24	22.32	22.94	22.14	22.78	13326082	757228992.00
2015/12/25	22.56	24.37	22.54	23.98	21887245	1306142720.00
2015/12/28	24.70	26.30	24.33	24.49	28740173	1821715072.00
2015/12/29	24.30	25.17	23.41	25.17	17966275	1099469824.00
2015/12/30	24.98	26.40	24.54	25.89	20220031	1307662976.00
2015/12/31	26.04	26.34	24.41	24.46	10743788	680365760.00
2016/01/04	24.00	24.26	22.00	22.00	10426432	588847360.00
2016/01/05	19.79	21.20	19.79	19.79	18990065	954562688.00
2016/01/06	19.90	20.39	18.54	20.05	15291793	752426688.00
2016/01/07	19.50	19.50	18.04	18.04	4100284	191173680.00
2016/01/08	17.70	18.68	16.34	17.12	14787588	645836416.00
2016/01/11	16.30	16.52	15.40	15.40	12490622	498004640.00
2016/01/12	15.02	16.52	14.70	15.98	17119500	672683904.00
2016/01/13	16.22	16.64	14.90	14.98	12776345	512484160.00
2016/01/14	13.95	16.27	13.94	16.26	17627082	667579712.00
2016/01/15	16.03	17.42	15.82	16.17	23193125	966572928.00
2016/01/18	15.85	17.38	15.50	17.02	16243865	688256640.00
2016/01/19	16.86	17.69	16.42	17.50	14936780	639513344.00
2016/01/20	17.16	17.87	16.88	17.00	12607182	549471488.00
2016/01/21	16.69	17.46	15.29	15.29	12219026	510505408.00
2016/01/22	15.46	15.85	14.62	15.74	13229003	513963360.00
2016/01/25	16.10	16.38	15.56	15.98	10914121	438677408.00
2016/01/26	15.56	15.74	14.38	14.38	12151635	456837792.00
2016/01/27	14.39	14.66	12.97	13.96	11003930	377951584.00
2016/01/28	13.82	13.89	12.63	12.78	9058533	303959104.00
2016/01/29	12.78	13.95	12.70	13.79	9702355	328377184.00
2016/02/01	13.89	14.38	13.66	13.98	9882849	347052448.00
2016/02/02	14.01	15.38	14.01	15.38	8646560	326896960.00
2016/02/03	15.54	16.34	15.50	15.97	16959754	676921664.00
2016/02/04	16.02	16.50	15.80	16.13	13105700	531673952.00
2016/02/05	16.12	16.12	15.08	15.40	12806962	500728000.00
2016/02/15	14.97	16.52	14.70	16.29	12640654	500578752.00
2016/02/16	16.37	17.10	16.14	16.76	13137800	553542144.00
2016/02/17	16.68	18.44	16.58	18.44	14695893	654443392.00
2016/02/18	18.69	18.90	17.76	18.53	16656575	766771968.00
2016/02/19	18.30	19.50	18.06	18.90	14337428	681425984.00
2016/02/22	19.09	19.46	18.32	19.38	13985149	662172160.00
2016/02/23	21.02	21.03	19.82	20.10	20583429	1054056640.00
2016/02/24	19.56	19.85	18.38	19.02	17649950	848037120.00
2016/02/25	19.54	19.82	17.29	17.78	22179013	1048604352.00
2016/02/26	18.29	18.78	17.50	18.01	17075879	782359680.00
2016/02/29	17.61	17.62	16.28	16.46	16663448	701458496.00
2016/03/01	16.47	17.98	15.38	17.54	17902030	756371840.00
2016/03/02	17.26	18.49	17.10	18.38	18632831	838269632.00
2016/03/03	18.14	19.26	18.05	18.32	18005366	847897728.00
2016/03/04	18.13	18.30	16.72	16.86	16259573	716298944.00
2016/03/07	17.14	18.14	17.14	17.46	10366267	459199584.00
2016/03/08	17.70	18.04	15.94	17.78	13575932	587512896.00
2016/03/09	17.24	18.17	16.74	17.10	10380852	456134304.00
2016/03/10	17.07	17.62	16.74	17.02	8805948	381281536.00
2016/03/11	16.65	17.14	16.50	16.79	6763426	286572512.00
2016/03/14	17.18	18.48	17.14	18.48	14773827	669812096.00
2016/03/15	18.30	18.70	18.04	18.06	11722288	541194752.00
2016/03/16	18.32	18.57	17.54	18.06	11249768	513567904.00
2016/03/17	18.42	19.88	18.38	19.64	23415231	1134775936.00
2016/03/18	19.66	20.84	19.54	20.24	22155093	1124952960.00
2016/03/21	20.54	21.92	20.14	21.60	23921029	1265587072.00
2016/03/22	21.42	22.22	21.21	21.46	26658610	1449913856.00
2016/03/23	21.58	23.61	21.39	23.61	28213927	1574751744.00
2016/03/24	23.89	25.70	23.55	23.84	40933692	2507883008.00
2016/03/25	23.94	24.24	21.58	22.30	32987338	1879836672.00
2016/03/28	22.66	24.46	22.01	22.84	86158338	2008336384.00
2016/03/29	22.49	24.83	20.97	24.71	114513078	2670676736.00
2016/03/30	24.57	26.22	24.36	25.27	123467562	3132798976.00
2016/03/31	24.73	25.95	24.14	25.26	109803237	2737463296.00
2016/04/01	24.47	24.84	22.96	23.32	68886109	1653767680.00
2016/04/05	23.36	24.25	23.26	23.78	51936318	1236164736.00
2016/04/06	23.46	24.07	23.11	23.65	54454610	1285446144.00
2016/04/07	23.63	23.64	22.36	22.39	62533298	1428151424.00
2016/04/08	21.96	23.16	21.54	22.90	56181522	1267028608.00
2016/04/11	23.11	23.62	22.66	22.90	47433124	1097777408.00
2016/04/12	22.56	22.91	21.76	22.12	41147010	915216192.00
2016/04/13	22.31	23.36	22.31	22.64	51650233	1181218048.00
2016/04/14	22.95	23.51	22.82	23.16	51347353	1191654400.00
2016/04/15	23.32	23.38	22.76	22.92	30783405	708035392.00
2016/04/18	22.56	22.61	21.86	22.09	33134937	736572736.00
2016/04/19	22.23	22.83	22.21	22.40	27527519	619924096.00
2016/04/20	22.34	22.53	20.16	20.17	56589982	1190396672.00
2016/04/21	19.96	20.14	19.19	19.29	36210366	712886528.00
2016/04/22	19.14	19.72	18.76	19.67	26123077	509736832.00
2016/10/25	21.64	21.64	20.97	21.64	58040431	1255680000.00
2016/10/26	21.51	21.51	19.95	20.07	71552481	1477072128.00
2016/10/27	19.64	19.81	18.99	19.22	37530463	726292544.00
2016/10/28	19.21	19.55	19.07	19.12	23746945	458645760.00
2016/10/31	19.01	19.14	18.27	18.41	30088696	559424064.00
2016/11/01	18.48	18.60	18.30	18.55	18165724	336930176.00
2016/11/02	18.44	18.51	17.80	17.97	30085702	544749440.00
2016/11/03	17.99	18.25	17.78	17.99	24927995	449989120.00
2016/11/04	18.01	18.25	17.84	18.17	18920180	342292096.00
2016/11/07	18.07	18.32	17.96	18.01	19769909	359291072.00
2016/11/08	18.26	18.31	18.07	18.14	15928158	289959424.00
2016/11/09	18.13	18.21	17.42	17.73	21464020	384332000.00
2016/11/10	17.94	18.00	17.76	17.82	15046641	268927232.00
2016/11/11	17.82	17.89	17.43	17.60	26071615	459183968.00
2016/11/14	17.56	17.83	17.46	17.66	16679267	295053312.00
2016/11/15	17.89	19.35	17.89	18.82	66093820	1240002816.00
2016/11/16	18.92	19.05	18.49	18.60	31553161	590377280.00
2016/11/17	18.55	18.55	18.08	18.15	22609441	412652320.00
2016/11/18	18.22	18.28	17.98	18.02	14645568	265650128.00
2016/11/21	18.00	18.02	17.67	17.76	17843827	318114944.00
2016/11/22	17.77	18.01	17.70	17.96	16058999	286999296.00
2016/11/23	18.01	18.75	18.01	18.32	37823002	698603584.00
2016/11/24	18.16	18.16	17.81	17.83	20758914	373573216.00
2016/11/25	17.81	18.04	17.47	17.98	16053181	286315360.00
2016/11/28	18.08	18.12	17.74	17.76	13805726	246605184.00
2016/11/29	17.76	17.99	17.62	17.64	12580830	223702080.00
2016/11/30	17.56	17.92	17.55	17.67	11056377	196471104.00
2016/12/01	17.81	17.85	17.55	17.58	11945408	210924336.00
2016/12/02	17.65	17.65	16.74	16.85	24128893	413953696.00
2016/12/05	16.75	16.75	16.20	16.26	16037123	264802560.00
2016/12/06	16.27	16.55	16.23	16.31	10315724	168841568.00
2016/12/07	16.38	16.38	15.98	16.30	14927785	241657216.00
2016/12/08	16.36	16.36	16.11	16.11	12202325	197848496.00
2016/12/09	16.09	16.15	15.66	15.67	18445853	293196928.00
2016/12/12	15.74	15.74	14.11	14.16	28909055	429070624.00
2016/12/13	14.26	14.69	14.06	14.47	20381790	295060640.00
2016/12/14	14.49	14.49	13.94	14.06	17116289	242694848.00
2016/12/15	13.89	14.36	13.88	14.22	13606127	193569424.00
2016/12/16	14.42	14.61	14.30	14.35	12163330	175792800.00
2016/12/19	14.38	14.38	14.09	14.12	9015554	127937432.00
2016/12/20	14.19	14.40	14.12	14.38	14447774	207205776.00
2016/12/21	14.46	14.88	14.41	14.62	19277549	283436768.00
2016/12/22	14.54	14.73	14.24	14.51	15240852	220790800.00
2016/12/23	14.43	14.71	14.36	14.43	12489169	181609200.00
2016/12/26	14.44	14.56	14.16	14.53	10306567	148279152.00
2016/12/27	14.57	14.59	14.37	14.42	8969985	129942528.00
2016/12/28	14.43	14.43	14.11	14.17	9929442	141766496.00
2016/12/29	14.17	14.17	13.92	13.96	10702933	150244144.00
2016/12/30	13.94	14.07	13.91	13.93	6945758	97353832.00
2017/01/03	13.95	14.07	13.95	14.04	5851069	82205784.00
2017/01/04	14.13	14.51	14.11	14.41	17988998	258625296.00
2017/01/05	14.52	14.52	14.19	14.20	11873927	170363104.00
2017/01/06	14.20	14.45	14.15	14.35	13696763	196787216.00
2017/01/09	14.27	14.28	13.96	14.16	11826458	167248400.00
2017/01/10	14.16	14.39	14.06	14.12	11760358	167652112.00
2017/01/11	14.10	14.17	13.76	13.80	13835107	193416032.00
2017/01/12	13.84	13.89	13.10	13.40	15629249	211908416.00
2017/01/13	13.40	13.53	13.15	13.20	10092203	134887264.00
2017/01/16	13.26	13.26	11.88	12.19	16074582	201169280.00
2017/01/17	12.19	12.46	11.62	12.34	13546042	164642944.00
2017/01/18	12.31	12.31	12.06	12.07	8353930	101816864.00
2017/01/19	12.09	12.11	11.78	11.92	8232630	98807864.00
2017/01/20	11.98	12.67	11.92	12.38	15864630	196575344.00
2017/01/23	12.33	12.46	12.26	12.36	10147963	125872448.00
2017/01/24	12.34	12.34	12.07	12.07	7630604	93076728.00
2017/01/25	11.93	12.24	11.93	12.16	6390328	77832320.00
2017/01/26	12.18	12.41	12.07	12.37	9295024	114359344.00
2017/02/03	12.43	12.43	12.07	12.12	7365037	89855136.00
2017/02/06	12.06	12.06	10.90	11.02	101955023	1140155264.00
2017/02/07	10.95	11.14	10.84	11.11	40296279	446631776.00
2017/02/08	11.04	11.41	10.92	11.31	43003935	482105952.00
2017/02/09	11.31	11.55	11.21	11.47	39332960	451364704.00
2017/02/10	11.47	11.58	11.30	11.35	29175640	333780960.00
2017/02/13	11.29	11.51	11.16	11.50	29375161	335871648.00
2017/02/14	11.56	11.59	11.41	11.46	25175209	289887616.00
2017/02/15	11.50	11.50	11.27	11.27	22972296	262298496.00
2017/02/16	11.35	11.35	11.17	11.29	20267905	228854992.00
2017/02/17	11.31	11.40	10.96	11.02	34766481	389222272.00
2017/02/20	11.04	11.22	10.93	11.21	23640604	262601088.00
2017/02/21	11.21	11.50	11.11	11.45	38424623	437286368.00
2017/02/22	11.45	11.45	11.29	11.40	22842548	260209904.00
2017/02/23	11.36	12.01	11.28	11.79	54992913	643599744.00
2017/02/24	11.65	12.46	11.63	12.29	82338729	1001889728.00
2017/02/27	12.35	12.65	12.12	12.37	74406716	926757376.00
2017/02/28	12.33	12.56	12.09	12.32	47299436	584131456.00
2017/03/01	12.25	12.49	12.12	12.37	40645174	500864384.00
2017/03/02	12.38	12.39	12.02	12.07	33688926	411974656.00
2017/03/03	12.06	12.24	11.88	12.22	35574696	432051584.00
2017/03/06	12.23	12.38	12.16	12.27	41102240	505884608.00
2017/03/07	12.24	12.44	12.11	12.14	44523014	546825024.00
2017/03/08	12.17	12.24	11.75	11.77	63481506	760299968.00
2017/03/09	11.66	11.82	11.51	11.58	39855167	466769600.00
2017/03/10	11.58	11.66	11.33	11.40	46133104	529407872.00
2017/03/13	11.37	11.56	11.16	11.55	34606104	395949440.00
2017/03/14	11.56	11.66	11.37	11.41	30154733	348324384.00
2017/03/15	11.36	11.52	11.27	11.47	24506602	280771552.00
2017/03/16	11.50	11.64	11.48	11.59	27232550	316125568.00
2017/03/17	11.56	12.75	11.51	12.75	171588953	2140784768.00
2017/03/20	12.75	13.10	12.39	12.97	182849936	2345464064.00
2017/06/21	11.78	12.55	11.78	12.10	103732800	1259765248.00
2017/06/22	12.08	13.31	12.07	12.46	116530100	1488919040.00
2017/06/23	12.34	12.72	11.84	12.23	80507500	993656320.00
2017/06/26	12.06	12.16	11.47	11.74	73591900	865612032.00
2017/06/27	11.66	11.93	11.52	11.93	50601800	594719232.00
2017/06/28	11.86	11.86	11.57	11.58	35289423	413608320.00
2017/06/29	11.49	11.49	10.97	11.09	72222700	806903104.00
2017/06/30	10.98	11.19	10.76	10.84	46544300	512908672.00
2017/07/03	10.84	10.92	10.36	10.46	54776400	578154304.00
2017/07/04	10.43	10.65	10.39	10.56	32061300	339767776.00
2017/07/05	10.57	10.59	10.38	10.56	27415000	288752608.00
2017/07/06	10.57	10.94	10.52	10.80	47261300	512260288.00
2017/07/07	10.82	10.84	10.59	10.67	30888200	330230624.00
2017/07/10	10.65	10.66	10.41	10.43	31407700	330287840.00
2017/07/11	10.40	10.54	10.01	10.11	32438400	336200896.00
2017/07/12	10.06	10.12	9.48	9.84	45322200	445824544.00
2017/07/13	9.57	9.75	9.57	9.64	28769400	277412736.00
2017/07/14	9.60	9.61	9.02	9.10	49559200	458488192.00
2017/07/17	8.95	9.04	8.19	8.19	52332100	442213408.00
2017/07/18	8.10	8.73	8.10	8.52	42987900	362901184.00
2017/07/19	8.41	8.55	8.34	8.49	28320900	239338176.00
2017/07/20	8.50	8.88	8.49	8.70	41998600	367416928.00
2017/07/21	8.71	8.96	8.62	8.65	33526350	294235616.00
2017/07/24	8.52	8.55	8.36	8.48	29487700	249124800.00
2017/07/25	8.55	8.65	8.46	8.52	20333600	173606320.00
2017/07/26	8.55	9.19	8.33	9.05	61419600	539730176.00
2017/07/27	8.88	9.40	8.83	9.23	60477900	554354048.00
2017/07/28	9.20	9.27	9.04	9.06	30575400	278938048.00
2017/07/31	9.08	9.23	9.01	9.03	26507500	241703024.00
2017/08/01	9.03	9.07	8.86	8.98	25168900	225200880.00
2017/08/02	9.08	9.23	9.03	9.12	32172000	293426048.00
2017/08/03	9.13	9.27	8.96	9.12	30292000	276760160.00
2017/08/04	9.12	9.12	8.90	8.91	23156100	208566304.00
2017/08/07	8.65	8.74	8.51	8.59	35678800	307057888.00
2017/08/08	8.62	8.88	8.60	8.78	24528600	214711104.00
2017/08/09	8.75	8.84	8.67	8.71	15672400	136747008.00
2017/08/10	8.68	8.78	8.51	8.55	19066400	164482960.00
2017/08/11	8.48	8.68	8.40	8.55	19421500	166709712.00
2017/08/14	8.55	9.20	8.54	8.99	36942200	328216608.00
2017/08/15	9.00	9.08	8.87	9.05	27145200	243471632.00
2017/08/16	9.00	9.28	8.99	9.17	38055100	349071872.00
2017/08/17	9.10	9.46	9.05	9.32	44015900	408574112.00
2017/08/18	9.24	9.42	9.18	9.19	30906400	286235424.00
2017/08/21	9.18	9.31	9.10	9.20	21379200	196172192.00
2017/08/22	9.21	9.22	8.98	9.01	24829300	224920144.00
2017/08/23	8.93	9.17	8.83	9.07	25506600	228780336.00
2017/08/24	9.03	9.12	8.86	8.87	21686000	194463568.00
数据来源:通达信
