002407 多氟多 日线 前复权
      日期	    开盘	    最高	    最低	    收盘	    成交量	    成交额
2010/05/18	7.11	7.18	6.72	6.80	6959275	265407824.00
2010/05/19	7.01	7.52	6.94	7.52	8924128	359342688.00
2010/05/20	7.55	7.87	7.34	7.51	10114015	419079168.00
2010/05/21	7.10	8.30	7.07	8.30	8761542	372862080.00
2010/05/24	8.38	9.17	8.37	8.93	8243217	396239648.00
2010/05/25	8.93	9.26	8.63	8.88	8230238	398518976.00
2010/05/26	8.79	8.99	8.55	8.72	5106667	243047920.00
2010/05/27	8.72	9.17	8.47	9.03	6766650	327637600.00
2010/05/28	8.92	8.94	8.41	8.49	6896076	323866432.00
2010/05/31	8.69	9.34	8.61	8.64	6627157	322023136.00
2010/06/01	8.61	8.92	8.17	8.66	4797202	222396576.00
2010/06/02	8.62	9.56	8.35	9.54	7255617	355788576.00
2010/06/03	9.42	9.89	9.26	9.36	5976167	308088384.00
2010/06/04	9.26	9.70	9.12	9.62	3628587	185440432.00
2010/06/07	9.42	10.09	9.41	9.87	4365457	229748656.00
2010/06/08	9.80	9.97	9.55	9.63	3343997	175693216.00
2010/06/09	9.63	9.84	9.38	9.50	3424093	177875264.00
2010/06/10	9.42	9.97	9.42	9.78	3781123	198430352.00
2010/06/11	9.81	9.90	9.52	9.57	2870953	149948352.00
2010/06/17	9.65	9.78	8.62	8.67	4711626	231849296.00
2010/06/18	8.62	8.75	8.34	8.48	2853181	132876728.00
2010/06/21	8.45	8.84	8.18	8.80	2326643	108923576.00
2010/06/22	8.70	9.13	8.65	8.91	2661486	128615760.00
2010/06/23	8.82	9.01	8.65	8.88	1849011	88589272.00
2010/06/24	8.99	9.12	8.87	8.97	1895016	92689064.00
2010/06/25	8.88	8.88	8.52	8.68	1407754	66464476.00
2010/06/28	8.62	8.70	8.27	8.32	1348766	62160100.00
2010/06/29	8.36	8.44	7.73	7.74	2013192	88020688.00
2010/06/30	7.59	7.70	7.44	7.62	1417548	58682848.00
2010/07/01	7.67	7.80	7.55	7.61	1578410	66284012.00
2010/07/02	7.55	7.62	7.26	7.53	1745263	71026704.00
2010/07/05	7.39	7.66	7.22	7.59	1540831	63244940.00
2010/07/06	7.60	8.09	7.49	7.85	1808078	77605672.00
2010/07/07	7.89	8.22	7.89	8.05	1675644	73537824.00
2010/07/09	8.20	8.28	7.84	8.20	2324203	102592328.00
2010/07/12	8.17	8.36	7.99	8.34	1774669	79433112.00
2010/07/13	8.20	8.39	8.01	8.33	1536375	68761872.00
2010/07/14	8.31	8.41	8.02	8.09	1481709	66215624.00
2010/07/15	8.05	8.15	7.68	7.71	1283022	55407876.00
2010/07/16	7.68	7.78	7.51	7.73	1106520	46065460.00
2010/07/19	7.65	7.87	7.59	7.85	862110	36588472.00
2010/07/20	7.84	8.67	7.84	8.63	3060669	140111248.00
2010/07/21	8.48	8.76	8.48	8.60	2831306	132698952.00
2010/07/22	8.26	8.72	8.21	8.61	3712963	169858544.00
2010/07/23	8.48	8.58	8.30	8.56	2085900	95623712.00
2010/07/26	8.63	8.78	8.58	8.67	2065010	97410144.00
2010/07/27	8.65	8.93	8.65	8.80	2734403	130717480.00
2010/07/28	8.76	9.06	8.67	9.01	2086471	100387336.00
2010/07/29	8.96	9.10	8.80	9.01	1397752	67793400.00
2010/07/30	8.92	9.00	8.81	8.90	1111859	53633828.00
2010/08/02	8.91	9.09	8.84	8.99	1307659	63737204.00
2010/08/03	9.02	9.22	8.90	8.91	1360957	66495892.00
2010/08/04	8.91	9.12	8.84	9.03	1626654	79138640.00
2010/08/05	9.03	9.25	8.95	9.15	1662395	82295728.00
2010/08/06	9.05	9.22	8.99	9.15	1372053	67988104.00
2010/08/09	9.18	9.18	8.90	9.01	2211728	107745632.00
2010/08/10	8.99	8.99	8.66	8.66	1347369	64553468.00
2010/08/11	8.66	8.86	8.55	8.86	1336991	63096140.00
2010/08/12	8.76	9.01	8.71	8.86	1184431	56985364.00
2010/08/13	8.79	9.18	8.79	9.14	1886364	92248216.00
2010/08/16	9.14	9.32	8.95	9.26	1545291	76808760.00
2010/08/17	9.27	9.58	9.11	9.41	2356527	119272096.00
2010/08/18	9.32	9.63	9.17	9.48	4300070	218587296.00
2010/08/19	9.42	9.47	9.20	9.24	1996693	100996832.00
2010/08/20	9.19	9.70	9.07	9.41	2272200	115188952.00
2010/08/23	9.55	9.69	9.32	9.61	2406466	124191040.00
2010/08/24	9.80	9.80	9.41	9.43	2319087	119726216.00
2010/08/25	9.24	9.30	9.03	9.04	2320957	115163752.00
2010/08/26	9.08	9.14	8.84	8.97	1261898	61454836.00
2010/08/27	8.91	9.26	8.91	9.16	1202476	59612996.00
2010/08/30	9.18	9.40	9.06	9.37	1621906	81269552.00
2010/08/31	9.34	9.47	9.16	9.36	2002302	101068760.00
2010/09/01	9.34	9.63	9.17	9.45	2486660	126979424.00
2010/09/02	9.45	9.61	9.36	9.47	1537753	78814480.00
2010/09/03	9.50	10.46	9.42	10.46	4785862	265305360.00
2010/09/06	10.89	10.89	9.92	10.20	4348922	245360896.00
2010/09/07	10.04	10.37	9.93	10.07	2010736	109817128.00
2010/09/08	10.01	10.51	10.01	10.48	2001567	111331512.00
2010/09/09	10.57	11.53	10.57	11.13	3601392	216412912.00
2010/09/10	11.25	12.11	11.11	11.12	3811573	237132704.00
2010/09/13	11.11	11.86	10.87	11.63	2387371	146366800.00
2010/09/14	11.58	11.61	11.24	11.42	1151040	70731080.00
2010/09/15	11.43	11.54	10.51	10.76	1486746	87893696.00
2010/09/16	10.76	11.05	10.65	10.88	1180717	68915248.00
2010/09/17	10.96	10.96	10.35	10.59	1021387	58341600.00
2010/09/20	10.61	10.88	10.53	10.71	792892	45983980.00
2010/09/21	10.76	10.84	10.36	10.43	547037	30933396.00
2010/09/27	10.49	10.93	10.39	10.84	953197	55072540.00
2010/09/28	10.69	11.03	10.69	10.73	536314	31327962.00
2010/09/29	10.80	10.88	10.49	10.57	803108	46158632.00
2010/09/30	10.53	10.70	10.19	10.66	877181	49347504.00
2010/10/08	10.59	10.97	10.59	10.89	760991	44662952.00
2010/10/11	10.80	11.04	10.61	10.69	1051716	61140316.00
2010/10/12	10.69	10.69	10.19	10.20	1638192	91754728.00
2010/10/13	10.25	10.30	9.86	10.25	1305134	70902384.00
2010/10/14	10.20	10.20	9.61	9.63	1055829	56350712.00
2010/10/15	9.62	10.22	9.55	9.80	1255301	67130552.00
2010/10/18	9.61	9.90	9.03	9.22	1289726	65034360.00
2010/10/19	9.28	9.97	9.28	9.75	1006537	52660264.00
2010/10/20	9.61	10.03	9.50	9.90	917200	48941260.00
2010/10/21	9.99	10.20	9.81	10.18	1243456	67295024.00
2010/10/22	9.99	10.36	9.99	10.28	913391	50451352.00
2010/10/25	10.17	10.62	10.17	10.59	1037060	58667268.00
2010/10/26	10.59	11.51	10.46	11.17	1811048	106725408.00
2010/10/27	11.15	11.67	10.92	11.00	1746935	105302392.00
2010/10/28	10.95	12.03	10.95	11.76	2486551	156513952.00
2010/10/29	11.76	12.57	11.63	12.44	2350448	152807632.00
2010/11/01	12.45	13.21	12.30	12.67	2044132	140087888.00
2010/11/02	12.66	12.88	12.11	12.43	1243708	83514544.00
2010/11/03	13.72	13.72	11.68	11.68	2688601	186761888.00
2010/11/04	11.62	12.29	11.59	12.09	1374246	87922840.00
2010/11/05	12.07	13.17	11.88	12.93	1756274	117801096.00
2010/11/08	13.22	14.03	13.22	13.23	1302404	93939136.00
2010/11/09	13.45	13.45	12.84	12.97	1020618	71567784.00
2010/11/10	12.89	13.52	12.88	13.51	1323015	93690528.00
2010/11/11	13.38	14.07	13.38	13.76	1446130	107247008.00
2010/11/12	13.82	14.03	12.68	13.28	1462839	105497136.00
2010/11/15	13.37	14.58	13.26	14.42	1827908	135497648.00
2010/11/16	14.76	15.36	14.24	14.79	1432669	113058352.00
2010/11/17	14.42	15.80	14.24	14.91	1618788	131969664.00
2010/11/19	15.36	15.76	14.61	15.32	1026121	83041080.00
2010/11/22	15.57	16.43	15.32	16.38	1245299	106644096.00
2010/11/23	16.42	17.01	16.11	16.89	1090704	96060744.00
2010/11/24	16.72	17.01	16.53	16.91	909823	81254672.00
2010/11/25	17.49	18.55	16.15	16.43	1672937	153030064.00
2010/11/26	16.34	17.47	16.34	16.62	1424274	127052296.00
2010/11/29	16.51	17.45	16.20	16.97	1065812	96537776.00
2010/11/30	16.74	17.17	15.27	15.75	1352015	115418656.00
2010/12/01	15.46	15.95	15.46	15.76	547942	46085424.00
2010/12/02	15.79	16.15	15.46	15.68	550222	46024336.00
2010/12/03	15.63	15.76	15.14	15.47	460441	37682828.00
2010/12/06	15.47	15.95	15.47	15.60	494188	41292096.00
2010/12/07	15.47	15.60	14.61	15.43	618076	49834088.00
2010/12/08	15.53	16.36	15.35	16.09	817865	69647720.00
2010/12/09	15.99	16.25	15.59	15.99	945027	80398184.00
2010/12/10	16.07	16.15	15.69	15.92	415396	35163216.00
2010/12/13	15.74	16.11	15.74	16.05	826608	70295424.00
2010/12/14	16.07	16.14	15.47	15.52	882585	73674776.00
2010/12/15	15.52	16.11	15.19	15.72	985526	82903808.00
2010/12/16	15.72	15.97	15.47	15.49	468388	38979908.00
2010/12/17	15.47	15.49	15.22	15.35	332946	27120304.00
2010/12/20	15.51	15.54	14.99	15.18	458089	37255608.00
2010/12/21	15.23	15.31	15.06	15.11	427282	34561400.00
2010/12/22	15.17	15.67	15.07	15.45	708908	58288948.00
2010/12/23	15.38	15.72	14.83	14.99	411630	33883412.00
2010/12/24	14.79	14.88	14.15	14.61	517481	39861932.00
2010/12/27	14.32	14.86	14.23	14.28	285646	22165266.00
2010/12/29	14.18	14.24	13.66	14.08	787540	58329520.00
2010/12/30	14.06	14.16	13.89	13.93	376127	28132134.00
2010/12/31	13.95	14.68	13.95	14.51	589170	45150872.00
2011/01/04	14.59	15.20	14.40	15.17	797122	63641176.00
2011/01/05	15.26	15.62	14.99	15.10	605122	49394292.00
2011/01/06	15.07	15.26	14.00	14.09	1075960	82690472.00
2011/01/07	14.09	14.28	13.24	13.31	1276811	94287224.00
2011/01/10	13.31	13.31	12.30	12.58	2950124	198685440.00
2011/01/11	12.49	12.49	11.97	12.28	1279940	83704320.00
2011/01/12	12.29	12.49	11.92	12.24	1474049	95880272.00
2011/01/13	12.28	12.32	12.01	12.29	960336	62668372.00
2011/01/14	12.30	12.30	11.30	11.31	1928818	121414528.00
2011/01/17	11.33	11.33	10.72	10.82	1694559	99263928.00
2011/01/18	10.82	11.10	10.67	10.98	1040567	61588996.00
2011/01/19	10.98	11.37	10.96	11.30	942430	56922344.00
2011/01/20	11.34	11.34	10.57	10.74	938542	55254700.00
2011/01/21	10.63	11.09	10.58	11.03	1089621	63460240.00
2011/01/24	11.02	11.05	10.23	10.57	802697	45760672.00
2011/01/25	10.43	10.43	9.74	9.92	1224751	65615500.00
2011/01/26	9.94	10.26	9.90	10.11	683629	37219240.00
2011/01/27	10.07	10.34	9.87	10.26	748772	41103088.00
2011/01/28	10.34	10.60	10.30	10.49	954571	54021592.00
2011/01/31	10.67	10.67	10.38	10.65	903012	51438920.00
2011/02/01	10.65	10.86	10.57	10.75	1116867	64718420.00
2011/02/09	10.60	10.61	10.37	10.42	607791	34343788.00
2011/02/10	10.38	10.78	10.21	10.76	841246	48006688.00
2011/02/11	10.89	11.87	10.76	11.87	2214005	138199120.00
2011/02/14	11.92	12.85	11.83	12.46	2604572	170526304.00
2011/02/15	12.20	12.58	12.20	12.21	1767695	116866408.00
2011/02/16	12.17	13.26	12.11	13.07	2003673	137148032.00
2011/02/17	13.09	13.55	12.71	13.33	2197933	154162016.00
2011/02/18	13.16	13.57	12.75	12.92	1515628	106031880.00
2011/02/21	12.84	13.17	12.68	12.95	1027358	71009936.00
2011/02/22	12.88	13.22	12.40	12.51	1352389	91967728.00
2011/02/23	12.49	12.79	12.40	12.63	872247	59014892.00
2011/02/24	12.91	13.15	12.57	12.65	2028438	140216560.00
2011/02/25	12.43	13.15	12.30	13.07	2281473	157189168.00
2011/03/01	13.40	13.84	13.15	13.16	2082619	150110000.00
2011/03/02	13.07	13.07	12.49	12.73	1393853	94953928.00
2011/03/03	12.73	13.00	12.49	12.74	940646	64492344.00
2011/03/04	12.74	12.90	12.56	12.83	708344	48349220.00
2011/03/07	12.98	14.16	12.80	14.16	2384793	172822224.00
2011/03/08	14.22	14.94	14.22	14.33	2488311	193345296.00
2011/03/09	14.42	14.70	14.19	14.55	1235772	95442568.00
2011/03/10	14.63	15.36	14.32	14.84	2287783	180737264.00
2011/03/11	14.72	15.18	14.44	14.78	1606058	127643232.00
2011/03/14	15.05	15.63	14.61	14.78	1210958	96525704.00
2011/03/15	14.78	15.64	14.46	15.63	2007451	159922592.00
2011/03/16	15.34	15.93	15.34	15.53	1552461	129548232.00
2011/03/17	15.38	15.38	14.62	14.72	1084225	86310688.00
2011/03/18	14.79	14.98	14.34	14.45	859106	66684420.00
2011/03/21	14.23	14.70	14.22	14.42	594250	46063728.00
2011/03/22	14.48	14.87	14.22	14.86	664935	51805020.00
2011/03/23	14.85	14.96	14.51	14.67	615137	48316636.00
2011/03/24	14.72	15.47	14.50	15.24	1506639	120561368.00
2011/03/25	15.28	15.28	14.70	14.86	1318416	104725288.00
2011/03/28	14.86	15.72	14.86	15.55	2174567	179523792.00
2011/03/29	15.20	15.76	14.76	15.36	1911316	156700240.00
2011/03/30	15.39	15.39	14.51	14.61	1215047	95909104.00
2011/03/31	14.63	14.79	13.95	14.22	982325	74995232.00
2011/04/01	14.26	15.12	14.26	15.03	1100946	86787392.00
2011/04/06	14.97	14.97	14.57	14.74	577431	45466552.00
2011/04/07	14.74	14.85	14.55	14.75	444128	34784508.00
2011/04/08	14.84	15.27	14.83	14.99	721372	57780512.00
2011/04/11	14.99	14.99	14.41	14.45	1123593	87119448.00
2011/04/12	14.38	14.93	14.37	14.61	753357	58624424.00
2011/04/13	14.55	14.55	13.99	14.47	699778	53093452.00
2011/04/14	14.80	15.65	14.65	15.01	2740052	220938704.00
2011/04/15	14.80	15.57	14.80	15.52	1703251	138815936.00
2011/04/18	15.34	15.41	14.49	14.59	1785767	142654512.00
2011/04/20	14.13	14.39	13.09	13.58	1950521	141738224.00
2011/04/21	13.43	13.64	12.82	13.36	1249561	88395696.00
2011/04/22	13.34	13.74	13.33	13.36	626698	45196104.00
2011/04/25	13.28	13.28	12.35	12.42	1326427	89598424.00
2011/04/26	12.30	12.59	12.30	12.50	486802	32549248.00
2011/04/27	12.49	12.58	11.88	11.97	701848	45808160.00
2011/04/28	12.00	12.42	11.94	12.09	569089	37115344.00
2011/04/29	12.40	13.14	12.09	13.05	1826359	96671584.00
2011/05/03	13.14	13.75	12.59	13.35	2149123	118204448.00
2011/05/04	13.16	13.30	12.66	12.73	1404630	74466504.00
2011/05/05	12.73	13.09	12.40	12.92	958794	50599668.00
2011/05/06	12.67	13.64	12.53	13.36	1585661	86639544.00
2011/05/09	13.37	13.37	12.92	12.99	891523	47818128.00
2011/05/10	13.00	13.39	12.96	13.11	842124	45660000.00
2011/05/11	13.07	13.07	12.67	12.86	867432	45697432.00
2011/05/12	12.79	12.81	12.50	12.52	880745	45745864.00
2011/05/13	12.51	12.64	12.28	12.43	574222	29463412.00
2011/05/16	12.69	12.69	12.17	12.28	510858	25988978.00
2011/05/17	12.20	12.28	11.94	12.17	659632	32901332.00
2011/05/18	11.65	12.52	11.65	12.31	694349	34852724.00
2011/05/19	12.27	12.40	12.05	12.06	778510	39044792.00
2011/05/20	12.02	12.20	11.37	11.53	1073493	51884580.00
2011/05/23	11.52	11.52	10.90	10.91	963621	44075444.00
2011/05/24	10.71	11.04	10.49	10.49	748311	33475434.00
2011/05/25	10.72	11.02	10.47	10.47	1108033	49389216.00
2011/05/26	10.55	11.04	10.51	10.83	1713214	76447336.00
2011/05/27	10.76	10.83	10.48	10.52	961863	42230964.00
2011/05/30	10.40	10.62	10.06	10.22	637720	27188216.00
2011/05/31	10.12	10.56	10.12	10.54	660075	28355866.00
2011/06/01	10.54	10.89	10.46	10.72	1184835	52474400.00
2011/06/02	10.57	10.89	10.41	10.72	893140	39490092.00
2011/06/03	10.82	11.01	10.65	10.89	962595	43270552.00
2011/06/07	10.89	10.99	10.65	10.93	885385	39715940.00
2011/06/08	10.98	11.13	10.67	11.05	1651888	74614696.00
2011/06/09	10.98	10.98	10.57	10.57	1151794	51202208.00
2011/06/10	10.63	10.63	10.10	10.31	978833	41875696.00
2011/06/13	10.35	10.35	10.00	10.30	683198	28744350.00
2011/06/14	10.29	10.64	10.20	10.56	1086112	47149172.00
2011/06/15	10.56	10.77	10.47	10.53	932369	40921336.00
2011/06/16	10.34	10.45	10.02	10.25	611677	26039086.00
2011/06/17	10.25	10.50	10.08	10.08	424041	17990100.00
2011/06/20	10.08	10.28	10.02	10.18	468246	19644856.00
2011/06/21	10.19	10.36	9.98	10.22	664661	28011662.00
2011/06/22	10.22	10.34	10.07	10.15	445706	18749364.00
2011/06/23	10.15	10.82	10.11	10.75	2079588	91450664.00
2011/06/24	10.75	11.02	10.65	10.81	1897378	85357944.00
2011/06/27	10.89	11.19	10.77	11.17	1995323	90600888.00
2011/06/28	11.19	11.27	10.93	11.05	1303912	59527812.00
2011/06/29	11.10	12.02	11.05	11.64	3167255	151690816.00
2011/06/30	11.52	12.70	11.52	12.52	3991075	198650512.00
2011/07/01	12.55	12.66	12.30	12.33	2738616	140005296.00
2011/07/04	12.34	12.84	11.92	12.57	6412300	326000192.00
2011/07/05	12.49	12.97	12.35	12.62	3990505	208656976.00
2011/07/06	12.62	12.62	12.27	12.34	2465057	125577384.00
2011/07/07	12.31	12.54	12.15	12.21	1967234	100203720.00
2011/07/08	12.20	12.27	11.93	12.17	2048359	101973584.00
2011/07/11	12.02	12.22	11.85	12.22	1769126	87693432.00
2011/07/12	12.10	12.44	11.97	12.22	1829564	91946472.00
2011/07/13	12.21	12.52	12.13	12.46	2278747	116287736.00
2011/07/14	12.40	12.44	12.05	12.17	2377289	119573264.00
2011/07/15	12.20	12.27	11.99	12.20	1751725	87652160.00
2011/07/18	12.15	12.48	12.04	12.40	2997942	152231984.00
2011/07/19	12.30	12.30	11.95	12.05	2282531	113368424.00
2011/07/20	12.15	12.20	11.75	11.75	1774725	87195176.00
2011/07/21	11.72	11.97	11.62	11.64	1601337	77816712.00
2011/07/22	11.74	11.75	11.17	11.42	2850390	133790528.00
2011/07/25	11.37	11.37	10.53	10.57	2206982	99268824.00
2011/07/26	10.57	10.75	10.48	10.72	2107976	92419672.00
2011/07/27	10.65	11.05	10.60	10.90	2143883	96705312.00
2011/07/28	10.86	10.86	10.57	10.80	1124758	49928088.00
2011/07/29	10.80	11.92	10.74	11.92	4746460	225713472.00
2011/08/01	11.62	12.26	11.57	11.92	3171899	156575888.00
2011/08/02	11.89	12.38	11.68	12.23	3966298	198001008.00
2011/08/03	12.02	12.38	11.82	12.11	2826959	141076848.00
2011/08/04	12.24	12.37	11.87	12.09	2448527	121648632.00
2011/08/05	11.65	11.83	11.30	11.64	1985841	94949816.00
2011/08/08	11.38	11.49	10.66	10.90	2153165	97831232.00
2011/08/09	10.40	11.13	10.16	10.94	1622068	71534240.00
2011/08/10	11.23	11.28	10.75	10.78	1884713	86066672.00
2011/08/11	10.54	11.27	10.45	11.10	1807050	82182328.00
2011/08/12	11.27	11.47	11.15	11.28	1766521	82686120.00
2011/08/15	11.34	12.02	11.34	11.76	2434203	117674528.00
2011/08/16	11.76	11.80	11.54	11.68	1339307	64237004.00
2011/08/17	11.68	11.94	11.65	11.89	2058697	100361664.00
2011/08/18	12.11	12.30	11.57	11.65	3712764	181881744.00
2011/08/19	11.33	11.60	11.18	11.42	1641174	77045240.00
2011/08/22	11.46	11.87	11.45	11.59	1921179	92317264.00
2011/08/23	11.62	11.90	11.58	11.75	2242516	108442080.00
2011/08/24	11.87	12.00	11.65	11.69	1946569	94768136.00
2011/08/25	11.75	11.80	11.37	11.74	2032555	97197464.00
2011/08/26	11.64	12.03	11.57	11.95	2438571	119667296.00
2011/08/29	11.80	12.28	11.80	12.13	2752574	137203200.00
2011/08/30	12.14	12.20	11.70	11.70	1963724	96992768.00
2011/08/31	11.66	11.82	11.47	11.76	1207113	57908168.00
2011/09/01	11.76	11.86	11.51	11.52	1096162	52667520.00
2011/09/02	11.48	11.62	11.20	11.20	901077	42197508.00
2011/09/05	11.11	11.11	10.81	10.88	934512	42144524.00
2011/09/06	10.77	11.09	10.77	10.99	773759	35084424.00
2011/09/07	11.29	11.53	11.05	11.40	1468754	68427336.00
2011/09/09	11.15	11.44	11.14	11.16	1016707	47229496.00
2011/09/13	11.06	11.06	10.77	10.81	739746	33184474.00
2011/09/14	10.90	11.03	10.67	10.97	941745	42285632.00
2011/09/15	11.02	11.32	10.91	11.07	964885	44489540.00
2011/09/16	11.12	11.31	11.07	11.11	830076	38248304.00
2011/09/19	11.23	11.58	11.23	11.36	2235572	105291872.00
2011/09/20	11.35	12.40	11.27	12.07	3524674	172230624.00
2011/09/21	12.08	12.35	11.91	12.22	4672264	234436128.00
2011/09/22	12.20	12.20	11.65	11.68	2817767	138835712.00
2011/09/23	11.41	11.95	11.27	11.78	2240880	108182224.00
2011/09/26	11.65	11.89	11.45	11.50	1234683	59398812.00
2011/09/27	11.69	12.02	11.57	11.90	2632227	128701152.00
2011/09/28	11.92	12.00	11.45	11.47	2342371	112763296.00
2011/09/29	11.27	11.27	10.72	10.77	2023519	91369296.00
2011/09/30	10.87	11.08	10.68	10.97	1099791	49634844.00
2011/10/10	11.03	11.43	11.03	11.29	1334214	61859384.00
2011/10/11	11.64	11.79	11.10	11.21	2351587	111305200.00
2011/10/12	11.13	11.70	10.98	11.64	2217943	105302080.00
2011/10/13	11.60	12.15	11.60	12.02	3748868	184447488.00
2011/10/14	11.90	12.05	11.73	11.90	2234089	109302768.00
2011/10/17	11.95	12.18	11.56	11.72	3805742	185659680.00
2011/10/18	11.45	11.78	11.21	11.24	2931160	86389344.00
2011/10/19	11.09	11.19	10.20	10.41	6881214	187719056.00
2011/10/20	10.33	10.43	9.97	10.20	3544610	93405624.00
2011/10/21	10.12	10.52	10.09	10.19	2967768	79240064.00
2011/10/24	10.13	10.37	9.33	9.93	4276845	108645296.00
2011/10/25	9.96	10.37	9.49	10.36	7119686	183115392.00
2011/10/26	10.16	10.44	9.97	10.20	6921305	182741920.00
2011/10/27	10.19	10.43	10.05	10.13	4283741	113629488.00
2011/10/28	10.21	10.43	10.08	10.40	5491779	146260800.00
2011/10/31	10.40	10.93	10.32	10.69	6212110	171859056.00
2011/11/01	10.50	11.16	10.45	11.09	8138742	229074624.00
2011/11/02	10.85	11.13	10.77	11.06	5769480	162774128.00
2011/11/03	11.05	11.35	10.78	10.80	8216707	234846208.00
2011/11/04	10.89	10.95	10.43	10.53	6625936	181393664.00
2011/11/07	10.50	10.65	10.33	10.58	3245237	88213296.00
2011/11/08	10.53	10.63	10.33	10.34	3493545	94480304.00
2011/11/09	10.37	10.53	10.29	10.52	2911344	78563488.00
2011/11/10	10.43	11.06	10.40	10.74	8141568	228297456.00
2011/11/11	10.73	10.89	10.65	10.67	3565056	98987240.00
2011/11/14	10.89	11.76	10.89	11.52	11133736	324688384.00
2011/11/15	11.44	11.69	11.37	11.52	7341782	218281664.00
2011/11/16	11.57	11.71	11.04	11.04	6162668	180610576.00
2011/11/17	10.99	11.26	10.89	10.99	3600732	102942912.00
2011/11/18	10.87	11.01	10.73	10.92	3998705	111997672.00
2011/11/21	10.89	11.05	10.73	10.87	2478217	69655352.00
2011/11/22	10.73	10.83	10.37	10.56	2621007	71428040.00
2011/11/23	10.58	10.67	10.39	10.39	1919544	52023632.00
2011/11/24	10.25	10.31	10.00	10.21	2997064	78612160.00
2011/11/25	10.16	10.32	10.03	10.04	1785930	46837472.00
2011/11/28	10.13	10.30	10.12	10.28	2503830	66217964.00
2011/11/29	10.50	10.51	10.18	10.35	3978997	106271872.00
2011/11/30	10.33	10.33	9.45	9.60	5565549	141528096.00
2011/12/01	9.96	9.96	9.59	9.62	5075436	128696656.00
2011/12/02	9.49	9.55	9.09	9.23	2917533	70166216.00
2011/12/05	9.17	9.22	8.57	8.58	3306814	75828040.00
2011/12/06	8.57	8.63	8.25	8.47	2867228	63104068.00
2011/12/07	8.45	8.56	8.39	8.45	2187027	48217552.00
2011/12/08	8.51	8.98	8.40	8.81	4100664	92839280.00
2011/12/09	8.75	9.05	8.68	8.93	4203492	97539504.00
2011/12/12	8.87	9.44	8.87	8.96	4194637	99604696.00
2011/12/13	8.85	8.89	8.45	8.51	2395628	53861596.00
2011/12/14	8.54	9.24	8.54	8.81	3845208	88773808.00
2011/12/15	8.71	8.97	8.57	8.59	4366998	98868488.00
2011/12/16	8.50	8.71	7.98	8.67	4743398	103304360.00
2011/12/19	8.67	8.67	8.27	8.57	3047814	67391520.00
2011/12/20	8.47	8.77	8.40	8.41	2832138	63233832.00
2011/12/21	8.62	8.70	8.05	8.05	3126545	67991480.00
2011/12/22	8.04	8.04	7.26	7.49	4984058	98228064.00
2011/12/23	7.50	7.63	7.37	7.56	3230731	63825620.00
2011/12/26	7.56	7.64	7.20	7.25	2152156	41981352.00
2011/12/27	7.05	7.19	6.71	6.73	3566017	64810204.00
2011/12/28	6.68	6.68	6.09	6.44	3257335	55099472.00
2011/12/30	6.50	6.79	6.46	6.74	2638658	46282028.00
2012/01/04	6.85	6.91	6.37	6.37	2303898	40636480.00
2012/01/05	6.27	6.29	5.79	5.83	3050037	49076236.00
2012/01/06	5.83	6.04	5.53	6.03	3730753	56680516.00
2012/01/09	6.03	6.41	5.77	6.41	4078274	66396328.00
2012/01/10	6.40	6.88	6.33	6.87	5037379	87768752.00
2012/01/11	6.81	7.13	6.71	6.90	4805303	87231776.00
2012/01/12	6.85	7.24	6.77	7.02	5056012	93538912.00
2012/01/13	6.96	7.04	6.61	6.63	4387377	78028168.00
2012/01/16	6.48	6.48	6.19	6.19	3556946	59052244.00
2012/01/17	6.09	6.77	6.09	6.77	3388378	58173512.00
2012/01/18	6.77	7.01	6.53	6.53	3899801	69644296.00
2012/01/19	6.53	6.79	6.41	6.77	2610441	45854828.00
2012/01/20	6.77	6.88	6.71	6.72	2845031	50717332.00
2012/01/30	6.73	6.87	6.63	6.65	2054899	36469788.00
2012/01/31	6.65	6.81	6.59	6.81	2811291	49612012.00
2012/02/01	6.72	6.91	6.55	6.59	3434892	60831656.00
2012/02/02	6.61	6.74	6.53	6.73	3411699	59647152.00
2012/02/03	6.73	7.12	6.73	7.05	8453839	154474256.00
2012/02/06	7.04	7.23	7.03	7.20	7227562	134976784.00
2012/02/07	7.11	7.11	6.85	6.91	5362555	98240288.00
2012/02/08	6.91	7.22	6.72	7.15	9145206	167554448.00
2012/02/09	7.09	7.57	7.00	7.31	14388750	275546880.00
2012/02/10	7.23	7.33	7.09	7.17	9065883	171075952.00
2012/02/13	7.06	7.45	6.97	7.39	11128724	210947056.00
2012/02/14	7.39	7.51	7.28	7.31	8089510	156216112.00
2012/02/15	7.29	7.47	7.17	7.47	9271986	178784160.00
2012/02/16	7.48	7.55	7.29	7.44	7889710	153569296.00
2012/02/17	7.51	7.81	7.47	7.53	9274257	184413472.00
2012/02/20	7.64	7.69	7.47	7.48	7261278	143606752.00
2012/02/21	7.49	7.55	7.25	7.47	7026649	136454592.00
2012/02/22	7.49	7.73	7.40	7.69	9952903	197637088.00
2012/02/23	7.73	8.03	7.69	7.89	12934363	265694992.00
2012/02/24	7.81	7.97	7.77	7.96	9239064	189313024.00
2012/02/27	7.79	8.20	7.79	8.00	15107419	314686752.00
2012/02/28	7.92	7.93	7.69	7.79	9157416	186676560.00
2012/02/29	7.77	7.89	7.60	7.61	7049725	143111984.00
2012/03/01	7.56	7.68	7.53	7.64	5098227	101670472.00
2012/03/02	7.64	7.82	7.64	7.81	5689407	115478336.00
2012/03/05	7.83	7.87	7.63	7.64	7307289	147684320.00
2012/03/06	7.63	7.77	7.59	7.66	6715420	134694464.00
2012/03/07	7.59	7.76	7.45	7.59	5934091	117981296.00
2012/03/08	7.57	7.81	7.57	7.73	6452379	130112288.00
2012/03/09	7.77	8.12	7.76	8.03	13056254	271322752.00
2012/03/12	8.08	8.37	7.93	8.35	16252270	346066208.00
2012/03/13	8.28	8.38	8.17	8.31	11201612	242024400.00
2012/03/14	8.41	8.47	7.63	7.73	13973800	295478912.00
2012/03/15	7.73	7.97	7.37	7.85	12466225	252557264.00
2012/03/16	7.81	8.23	7.77	8.21	11828461	246647360.00
2012/03/19	8.25	8.94	8.17	8.77	16941707	377755424.00
2012/03/20	8.57	8.61	8.33	8.33	14033135	308920032.00
2012/03/21	8.37	9.20	8.33	9.17	24960977	571842624.00
2012/03/22	9.09	9.16	8.79	8.91	15952037	371362848.00
2012/03/23	8.90	8.90	8.39	8.59	9832306	220033248.00
2012/03/26	8.49	8.78	8.47	8.58	6093219	136909088.00
2012/03/27	8.69	8.80	8.53	8.59	6338459	142996208.00
2012/03/28	8.40	8.45	7.70	7.70	10733482	222426992.00
2012/03/29	7.53	7.59	7.05	7.25	7374724	141045216.00
2012/03/30	7.28	7.35	6.80	6.92	6064203	111850568.00
2012/04/05	6.96	7.32	6.95	7.28	5155373	96785192.00
2012/04/06	7.28	7.56	7.25	7.42	6285358	121924240.00
2012/04/09	7.32	7.43	7.17	7.17	3877271	73994304.00
2012/04/11	7.17	7.46	7.05	7.39	4894199	93931584.00
2012/04/12	7.39	7.60	7.37	7.57	5468024	107721976.00
2012/04/13	7.65	7.90	7.55	7.78	6734688	135727632.00
2012/04/16	7.63	7.74	7.61	7.64	4295697	86150016.00
2012/04/17	7.59	7.71	7.33	7.35	4619983	90572904.00
2012/04/18	7.39	7.75	7.35	7.75	5013796	99417072.00
2012/04/19	7.97	8.17	7.77	7.84	8439322	175447264.00
2012/04/20	7.70	7.77	7.56	7.65	7605613	152322432.00
2012/04/23	7.77	7.79	7.23	7.30	6415765	125511320.00
2012/04/24	7.19	7.45	6.90	7.45	6236532	117856808.00
2012/04/25	7.42	7.42	7.09	7.25	5272191	99267200.00
2012/04/26	7.27	7.35	7.01	7.09	3843176	71880432.00
2012/04/27	7.06	7.16	7.05	7.07	2089354	38666744.00
2012/05/02	7.21	7.31	7.13	7.27	3879024	73283416.00
2012/05/03	7.27	7.29	7.11	7.19	2905981	54510152.00
2012/05/04	7.19	7.34	7.17	7.30	3205137	60748300.00
2012/05/07	7.26	7.45	7.23	7.43	3952802	75852632.00
2012/05/08	7.43	7.65	7.29	7.52	5653396	110419824.00
2012/05/09	7.45	7.51	7.29	7.29	3624187	69422600.00
2012/05/10	7.25	7.35	7.21	7.25	2462813	46744580.00
2012/05/11	7.26	7.38	7.21	7.21	2130021	40455968.00
2012/05/14	7.29	7.32	7.05	7.05	2760852	51809900.00
2012/05/15	6.97	6.97	6.74	6.81	3828652	68313912.00
2012/05/16	6.81	6.85	6.73	6.73	2261372	40152284.00
2012/05/17	6.71	6.89	6.68	6.86	2404024	42686012.00
2012/05/18	6.80	7.05	6.74	6.85	3499949	63185756.00
2012/05/21	6.79	6.91	6.69	6.77	2129578	37873964.00
2012/05/22	6.83	7.03	6.77	6.93	2653840	47881232.00
2012/05/23	6.89	6.93	6.73	6.84	2460129	43934512.00
2012/05/24	6.77	6.94	6.76	6.80	2059016	36923128.00
2012/05/25	6.77	6.84	6.54	6.57	2677757	46810528.00
2012/05/28	6.53	6.53	6.17	6.44	4033072	66809080.00
2012/05/29	6.44	6.67	6.42	6.64	3661820	63316696.00
2012/05/30	6.64	6.70	6.55	6.67	2902484	50261748.00
2012/05/31	6.63	6.97	6.59	6.85	5665877	101389488.00
2012/06/01	6.81	7.20	6.81	7.02	6043924	111275368.00
2012/06/04	6.89	7.12	6.76	6.86	6321649	114452616.00
2012/06/05	6.86	6.94	6.74	6.81	2825984	50454440.00
2012/06/06	6.81	7.07	6.81	7.05	5105813	92991376.00
2012/06/07	7.09	7.24	6.97	7.01	4436178	82276504.00
2012/06/08	7.12	7.25	7.02	7.09	4870797	90796048.00
2012/06/11	7.05	7.23	6.91	7.20	4160426	76912408.00
2012/06/12	7.15	7.25	7.09	7.18	3864521	72362144.00
2012/06/13	7.18	7.34	7.16	7.33	5499967	104203888.00
2012/06/14	7.32	7.83	7.25	7.65	14597639	288654816.00
2012/06/15	7.66	8.00	7.53	7.83	18352305	371288704.00
2012/06/18	7.84	7.88	7.64	7.83	9252970	186525504.00
2012/06/19	7.84	7.88	7.68	7.75	7210103	144979088.00
2012/06/20	7.81	7.96	7.73	7.79	10915455	223073232.00
2012/06/21	7.80	7.95	7.43	7.83	13786603	275443744.00
2012/06/25	7.83	7.92	7.61	7.67	11772574	238356560.00
2012/06/26	7.65	7.89	7.47	7.75	13145717	264559280.00
2012/06/27	7.77	8.17	7.61	8.02	16584438	340296832.00
2012/06/28	8.03	8.13	7.84	7.87	13230007	273887520.00
2012/06/29	7.81	7.94	7.67	7.79	12302440	250269488.00
2012/07/02	8.03	8.16	7.85	7.95	12328407	256937872.00
2012/07/03	7.93	8.09	7.85	8.00	8337603	172697312.00
2012/07/04	8.04	8.08	7.83	7.92	9084153	186911792.00
2012/07/05	7.85	7.89	7.45	7.59	10733600	213449456.00
2012/07/06	7.65	8.09	7.51	7.97	10947951	220307632.00
2012/07/09	7.89	8.05	7.81	7.89	9784332	201772000.00
2012/07/10	7.83	8.03	7.57	7.89	12483190	255062384.00
2012/07/11	7.87	8.47	7.81	8.27	19912862	420935936.00
2012/07/12	8.17	8.44	8.06	8.29	14850680	318147456.00
2012/07/13	8.21	8.47	8.13	8.33	14271124	308081344.00
2012/07/16	8.35	8.68	7.97	8.09	15557413	336470336.00
2012/07/17	7.99	8.23	7.89	8.02	11225571	233951616.00
2012/07/18	7.92	8.12	7.73	8.12	11635965	240595056.00
2012/07/19	8.11	8.29	8.03	8.13	11758878	249858848.00
2012/07/20	8.10	8.43	7.97	8.21	11982738	253705936.00
2012/07/23	8.11	8.39	8.05	8.31	12531660	268695360.00
2012/07/24	8.21	8.69	8.17	8.63	19363774	429092320.00
2012/07/25	8.61	8.76	8.31	8.31	16633642	368742656.00
2012/07/26	8.27	8.45	7.93	8.07	13668621	290493184.00
2012/07/27	8.12	8.16	7.87	8.00	10088840	210765504.00
2012/07/30	7.89	8.07	7.28	7.45	13066159	260000128.00
2012/07/31	7.41	7.61	7.03	7.48	10712686	206309104.00
2012/08/01	7.57	7.69	7.39	7.55	11870567	232657376.00
2012/08/02	7.45	7.52	7.15	7.34	8417702	160307600.00
2012/08/03	7.29	7.48	7.16	7.45	7014634	134628448.00
2012/08/06	7.49	7.87	7.37	7.77	11863719	235120976.00
2012/08/07	7.81	8.41	7.73	8.27	17991819	375907008.00
2012/08/08	8.29	8.55	7.89	7.95	18692680	395313408.00
2012/08/09	7.82	7.89	7.61	7.82	8471650	170646544.00
2012/08/10	7.79	7.98	7.70	7.87	5717442	116749512.00
2012/08/13	7.85	7.85	7.39	7.43	5350154	106181992.00
2012/08/14	7.37	7.51	7.23	7.47	4259495	82016952.00
2012/08/15	7.41	7.50	7.22	7.24	3649556	69716632.00
2012/08/16	7.19	7.28	7.04	7.05	3580324	66776056.00
2012/08/17	7.06	7.21	7.05	7.15	2330861	43309484.00
2012/08/20	7.12	7.16	6.93	7.12	2280438	41858360.00
2012/08/21	7.11	7.32	7.09	7.29	3274380	61956648.00
2012/08/22	7.32	7.32	7.01	7.05	3118708	58315596.00
2012/08/23	7.05	7.17	6.97	7.09	2647989	48871224.00
2012/08/24	7.08	7.14	6.96	6.96	2292498	42076336.00
2012/08/27	6.91	6.91	6.55	6.57	3551335	62104392.00
2012/08/28	6.53	6.73	6.53	6.62	2063105	35730800.00
2012/08/29	6.62	6.71	6.51	6.52	2078965	35954996.00
2012/08/30	6.49	6.72	6.35	6.67	3568901	61323544.00
2012/08/31	6.61	6.67	6.49	6.57	1695899	29209750.00
2012/09/03	6.57	6.72	6.49	6.69	2447688	42602404.00
2012/09/04	6.71	6.71	6.55	6.55	2366867	41139412.00
2012/09/05	6.49	6.62	6.45	6.51	1885392	32221336.00
2012/09/06	6.50	6.72	6.50	6.66	2404708	41786640.00
2012/09/07	6.73	7.07	6.68	6.97	5895436	106175792.00
2012/09/10	6.97	7.07	6.90	7.03	3413564	62412144.00
2012/09/11	6.97	6.99	6.87	6.91	2773651	50064620.00
2012/09/12	6.97	7.01	6.90	6.97	2576915	46851324.00
2012/09/13	6.97	6.99	6.81	6.81	2555938	46068964.00
2012/09/14	6.87	6.97	6.87	6.89	2583166	46660248.00
2012/09/17	6.89	6.94	6.55	6.56	2670833	47220828.00
2012/09/18	6.45	6.64	6.41	6.45	2129464	36274692.00
2012/09/19	6.47	6.55	6.46	6.51	1268529	21630170.00
2012/09/20	6.58	6.58	6.13	6.15	3038655	50228196.00
2012/09/21	6.14	6.25	6.09	6.11	1685085	27331046.00
2012/09/24	6.11	6.23	5.94	6.19	1885153	30070718.00
2012/09/25	6.15	6.44	6.14	6.25	2828010	46821568.00
2012/09/26	6.21	6.25	5.97	5.97	1818648	29092010.00
2012/09/27	5.97	6.17	5.95	6.13	2206384	35307972.00
2012/09/28	6.13	6.36	6.09	6.34	2625269	43121456.00
2012/10/08	6.29	6.40	6.20	6.36	1884300	31079970.00
2012/10/09	6.36	6.53	6.36	6.49	2949665	49931948.00
2012/10/10	6.44	6.54	6.39	6.49	2215839	37547452.00
2012/10/11	6.47	6.47	6.33	6.34	2039008	34247996.00
2012/10/12	6.36	6.52	6.25	6.48	2874595	48425208.00
2012/10/15	6.45	6.47	6.35	6.41	1294319	21724132.00
2012/10/16	6.41	6.56	6.41	6.42	1604741	27261754.00
2012/10/17	6.43	6.86	6.43	6.70	6366257	110966672.00
2012/10/18	6.68	6.71	6.59	6.67	3293198	57381060.00
2012/10/19	6.63	6.78	6.57	6.62	2012053	34867044.00
2012/10/22	6.58	6.71	6.53	6.63	1650212	28698652.00
2012/10/23	6.64	6.71	6.49	6.51	2700456	46382756.00
2012/10/24	6.45	6.63	6.40	6.51	1809626	30708460.00
2012/10/25	6.52	6.55	6.39	6.39	1589181	26881766.00
2012/10/26	6.37	6.52	6.13	6.22	1724648	28485952.00
2012/10/29	6.28	6.28	5.99	6.02	1649171	26449984.00
2012/10/30	6.09	6.12	6.01	6.03	1534907	24429818.00
2012/10/31	6.09	6.10	6.01	6.05	1474849	23451004.00
2012/11/01	6.03	6.29	6.01	6.29	2667268	43226512.00
2012/11/02	6.32	6.39	6.23	6.29	1820913	30151754.00
2012/11/05	6.27	6.38	6.17	6.20	1477452	24220958.00
2012/11/06	6.17	6.19	6.03	6.12	1428486	22887638.00
2012/11/07	6.12	6.18	6.10	6.13	1044559	16843382.00
2012/11/08	6.07	6.07	5.94	6.02	1638311	25817438.00
2012/11/09	6.07	6.12	5.97	5.99	1213765	19298522.00
2012/11/12	6.03	6.17	6.01	6.04	780616	12429673.00
2012/11/13	6.05	6.08	5.83	5.83	1160203	18155576.00
2012/11/14	5.84	5.99	5.67	5.75	1725351	26456042.00
2012/11/15	5.69	5.69	5.47	5.47	2461191	35876760.00
2012/11/16	5.44	5.44	5.25	5.35	1851932	26075354.00
2012/11/19	5.37	5.39	5.25	5.39	1155026	16304232.00
2012/11/20	5.39	5.43	5.29	5.35	1871021	26534176.00
2012/11/21	5.35	5.41	5.21	5.40	1692913	23814656.00
2012/11/22	5.38	5.38	5.26	5.27	899600	12634960.00
2012/11/23	5.23	5.35	5.23	5.29	876561	12325705.00
2012/11/26	5.31	5.43	5.23	5.40	1833958	25951886.00
2012/11/27	5.37	5.37	5.00	5.01	2237228	30536772.00
2012/11/28	4.93	5.00	4.73	4.74	2010452	25897006.00
2012/11/29	4.76	4.81	4.57	4.61	1413686	17633138.00
2012/11/30	4.61	4.66	4.55	4.61	1232620	15169581.00
2012/12/03	4.61	4.63	4.27	4.29	1794877	21410510.00
2012/12/04	4.17	4.36	4.13	4.30	2036610	23174234.00
2012/12/05	4.27	4.58	4.25	4.49	3635747	43365572.00
2012/12/06	4.49	4.53	4.42	4.45	1854384	22172144.00
2012/12/07	4.45	4.85	4.40	4.77	4621829	57256540.00
2012/12/10	4.75	4.91	4.68	4.88	4189312	53634512.00
2012/12/11	4.85	4.88	4.75	4.77	2296723	29411538.00
2012/12/12	4.77	4.99	4.74	4.82	2645504	34119480.00
2012/12/13	4.80	4.92	4.77	4.78	2949038	37993288.00
2012/12/14	4.77	5.03	4.77	5.01	4558147	59974124.00
2012/12/17	5.04	5.15	4.95	5.05	3873706	52086280.00
2012/12/18	5.08	5.15	5.01	5.05	2831002	38208128.00
2012/12/19	5.04	5.13	5.03	5.07	1981936	26736040.00
2012/12/20	5.07	5.33	5.01	5.23	4374557	59993296.00
2012/12/21	5.23	5.27	5.11	5.14	3124408	42789944.00
2012/12/24	5.13	5.18	5.04	5.09	2521995	34096412.00
2012/12/25	5.11	5.29	5.10	5.23	3614433	50058396.00
2012/12/26	5.26	5.41	5.23	5.34	2882787	40660536.00
2012/12/27	5.34	5.44	5.27	5.32	3069962	43545976.00
2012/12/28	5.31	5.41	5.21	5.31	2950286	41465960.00
2012/12/31	5.33	5.41	5.31	5.39	2536166	35989444.00
2013/01/04	5.43	5.47	5.23	5.28	2756029	38893092.00
2013/01/07	5.29	5.37	5.23	5.34	2917619	40938688.00
2013/01/08	5.36	5.51	5.28	5.44	4218520	60181740.00
2013/01/09	5.41	5.67	5.37	5.59	5699722	83361632.00
2013/01/10	5.59	5.65	5.49	5.57	4910522	72154048.00
2013/01/11	5.57	5.57	5.25	5.31	4220494	60358616.00
2013/01/14	5.36	5.67	5.29	5.61	5671313	82337128.00
2013/01/15	5.64	5.83	5.57	5.76	6319474	95499744.00
2013/01/16	5.79	6.08	5.71	6.04	8983468	139639808.00
2013/01/17	6.03	6.17	5.89	5.96	6124025	96919200.00
2013/01/18	5.96	6.08	5.87	6.04	4538173	71567088.00
2013/01/21	6.01	6.09	5.91	6.05	4452032	69853736.00
2013/01/22	6.07	6.27	5.97	6.16	8719165	141322816.00
2013/01/23	6.15	6.25	6.05	6.22	7060639	113914000.00
2013/01/24	6.23	6.30	5.77	5.98	9233095	147579760.00
2013/01/25	5.87	6.11	5.87	6.01	6093207	96343864.00
2013/01/28	6.05	6.24	5.95	6.18	8577715	137538208.00
2013/01/29	6.09	6.59	6.01	6.46	13610955	224173392.00
2013/01/30	6.47	6.72	6.42	6.57	14211648	244872656.00
2013/01/31	6.60	6.66	6.36	6.50	9446439	161768544.00
2013/02/01	6.43	6.61	6.37	6.53	8996489	153748864.00
2013/02/04	6.51	6.69	6.42	6.53	8777353	150572080.00
2013/02/05	6.49	6.60	6.41	6.46	10355369	176338112.00
2013/02/06	6.46	6.46	6.15	6.23	12720803	210517952.00
2013/02/07	6.20	6.20	5.92	6.12	11415700	181300448.00
2013/02/08	6.03	6.44	6.01	6.34	9546555	155369776.00
2013/02/18	6.32	6.43	6.23	6.35	8562487	142247824.00
2013/02/19	6.34	6.36	6.09	6.29	8687881	142423488.00
2013/02/20	6.27	6.33	6.16	6.19	8768927	143426736.00
2013/02/21	6.21	6.21	5.77	5.77	6977588	109366784.00
2013/02/22	5.69	5.83	5.65	5.69	4516744	68240448.00
2013/02/25	5.70	5.82	5.70	5.77	2614574	39772084.00
2013/02/26	5.73	5.76	5.57	5.63	3630440	54282104.00
2013/02/27	5.64	5.77	5.64	5.70	2213971	33295114.00
2013/02/28	5.73	5.90	5.67	5.89	4196696	64210060.00
2013/03/01	5.87	5.94	5.77	5.86	3977316	61308976.00
2013/03/04	5.79	5.79	5.48	5.51	4185300	62199592.00
2013/03/05	5.65	6.03	5.65	6.02	9253972	144225232.00
2013/03/06	6.01	6.27	5.91	6.05	9194838	147392768.00
2013/03/07	5.97	6.04	5.88	5.93	4605345	72139336.00
2013/03/08	5.95	6.01	5.89	5.90	2349492	36730028.00
2013/03/11	5.89	6.00	5.87	5.91	2052974	32096510.00
2013/03/12	5.86	5.95	5.55	5.60	4043896	60609024.00
2013/03/13	5.58	5.65	5.41	5.45	2702409	39212028.00
2013/03/14	5.45	5.62	5.44	5.53	2240760	32663682.00
2013/03/15	5.57	5.60	5.37	5.43	1950239	28379238.00
2013/03/18	5.44	5.49	5.23	5.25	1905614	27052544.00
2013/03/19	5.25	5.31	5.15	5.19	3165758	43562396.00
2013/03/20	5.23	5.39	5.15	5.36	3440732	48105964.00
2013/03/21	5.37	5.46	5.35	5.43	2686789	38436080.00
2013/03/22	5.45	5.56	5.39	5.44	2753152	39700220.00
2013/03/25	5.47	5.50	5.35	5.49	2795884	40118096.00
2013/03/26	5.45	5.51	5.37	5.50	3083570	44393188.00
2013/03/27	5.51	5.57	5.45	5.50	2313516	33690088.00
2013/03/28	5.46	5.46	5.21	5.21	2553341	35681624.00
2013/03/29	5.23	5.26	5.17	5.17	1328085	18341316.00
2013/04/01	5.17	5.25	5.15	5.21	1040956	14371807.00
2013/04/02	5.19	5.28	5.06	5.08	1835333	25140222.00
2013/04/03	5.07	5.21	5.00	5.18	2184037	29732632.00
2013/04/08	5.09	5.17	5.01	5.17	1774243	23936056.00
2013/04/09	5.19	5.36	5.15	5.31	2816248	39538116.00
2013/04/10	5.31	5.34	5.21	5.26	1441660	20115268.00
2013/04/11	5.33	5.37	5.27	5.27	1577331	22197444.00
2013/04/12	5.25	5.30	5.13	5.13	1136211	15695355.00
2013/04/15	5.11	5.11	4.99	5.04	1389770	18584012.00
2013/04/16	4.94	5.08	4.91	5.04	1475720	19530146.00
2013/04/17	5.04	5.07	4.99	5.05	1009428	13489937.00
2013/04/18	4.98	5.07	4.97	5.03	1227926	16410283.00
2013/04/19	4.99	5.16	4.97	5.15	2478779	33475260.00
2013/04/22	5.08	5.14	5.05	5.10	1716415	23184082.00
2013/04/23	5.07	5.11	4.83	4.83	2582550	33875652.00
2013/04/24	4.83	4.98	4.83	4.93	1561400	20377702.00
2013/04/25	4.93	4.97	4.77	4.77	2213043	28645070.00
2013/04/26	4.79	4.79	4.57	4.59	1791075	22372352.00
2013/05/02	4.57	4.61	4.51	4.57	1052544	12836037.00
2013/05/03	4.59	5.06	4.59	5.06	4316479	57039984.00
2013/05/06	5.28	5.60	5.20	5.50	14738589	210755248.00
2013/05/07	5.41	5.59	5.33	5.55	8503109	123088176.00
2013/05/08	5.53	5.55	5.43	5.53	5006961	72693944.00
2013/05/09	5.54	5.85	5.50	5.69	10379275	156294816.00
2013/05/10	5.61	5.72	5.38	5.53	6292934	92237984.00
2013/05/13	5.52	5.54	5.38	5.48	3742065	54051728.00
2013/05/14	5.44	5.54	5.35	5.51	4018449	57951500.00
2013/05/15	5.49	5.50	5.38	5.50	3452424	49683828.00
2013/05/16	5.50	5.76	5.45	5.52	7715618	114640152.00
2013/05/17	5.48	5.56	5.36	5.51	5557983	80079992.00
2013/05/20	5.51	5.77	5.45	5.77	9373301	140514992.00
2013/05/21	5.77	5.85	5.67	5.84	7924218	120781704.00
2013/05/22	5.87	5.91	5.59	5.61	6201099	93666648.00
2013/05/23	5.59	5.82	5.49	5.79	7268905	110033536.00
2013/05/24	5.78	5.90	5.73	5.86	6348251	97629792.00
2013/05/27	5.91	5.96	5.80	5.84	6003682	92930376.00
2013/05/28	5.81	5.85	5.71	5.81	4193896	63764400.00
2013/05/29	5.84	6.08	5.81	6.05	8489066	133160264.00
2013/05/30	6.00	6.01	5.92	5.96	5147199	80324936.00
2013/05/31	5.96	6.05	5.84	5.84	4637028	71747392.00
2013/06/03	5.69	5.69	5.23	5.31	11229099	158594864.00
2013/06/04	5.28	5.35	5.19	5.25	4391994	60873732.00
2013/06/05	5.23	5.34	5.23	5.29	2416774	33538720.00
2013/06/06	5.27	5.27	5.11	5.12	3286701	44659180.00
2013/06/07	5.17	5.23	5.08	5.16	2986391	40569672.00
2013/06/13	5.09	5.09	4.77	4.87	2770138	35663324.00
2013/06/14	4.87	5.10	4.87	5.07	3372343	44379064.00
2013/06/17	5.03	5.15	4.95	5.10	3411219	45445548.00
2013/06/18	5.10	5.14	4.97	5.05	2408241	32033276.00
2013/06/19	5.03	5.18	4.87	5.15	4370945	58050660.00
2013/06/20	5.11	5.14	4.88	4.88	3044444	40202764.00
2013/06/21	4.84	4.84	4.65	4.77	2135413	26835266.00
2013/06/24	4.77	4.81	4.26	4.28	3666570	43365136.00
2013/06/25	4.27	4.33	3.85	4.19	3610019	39695156.00
2013/06/26	4.19	4.29	4.09	4.25	2454938	27621100.00
2013/06/27	4.25	4.34	4.08	4.11	3035170	34093636.00
2013/06/28	4.09	4.17	3.95	4.00	3075162	33165996.00
2013/07/01	4.00	4.15	3.97	4.12	2684251	29161424.00
2013/07/02	4.14	4.35	4.13	4.30	4250682	48216388.00
2013/07/03	4.29	4.29	4.09	4.23	3409835	38004324.00
2013/07/04	4.16	4.68	4.13	4.68	6276697	75732256.00
2013/07/05	4.99	5.07	4.81	4.83	14280330	187052880.00
2013/07/08	4.57	4.91	4.57	4.71	7065405	88589584.00
2013/07/09	4.53	4.63	4.43	4.57	5376565	64526320.00
2013/07/10	4.61	4.80	4.55	4.77	5491693	68061568.00
2013/07/11	4.73	4.87	4.67	4.82	5984184	75523104.00
2013/07/12	4.84	4.86	4.61	4.63	4459191	55829940.00
2013/07/15	4.66	4.78	4.62	4.76	3537251	44109996.00
2013/07/16	4.63	4.65	4.41	4.61	9654461	115756544.00
2013/07/17	4.53	4.55	4.41	4.41	6140752	72931864.00
2013/07/18	4.41	4.68	4.37	4.51	7697256	93143576.00
2013/07/19	4.45	4.47	4.25	4.26	4912843	57142360.00
2013/07/22	4.19	4.31	4.13	4.29	2468559	27828704.00
2013/07/23	4.33	4.47	4.31	4.41	3395600	39647640.00
2013/07/24	4.39	4.62	4.24	4.53	5514209	64893424.00
2013/07/25	4.50	4.63	4.45	4.50	4964748	59924736.00
2013/07/26	4.45	4.61	4.40	4.56	4774984	57445692.00
2013/07/29	4.56	4.56	4.39	4.39	2830077	33601832.00
2013/07/30	4.39	4.50	4.29	4.37	2099716	24519276.00
2013/07/31	4.39	4.45	4.31	4.38	2147886	24974218.00
2013/08/01	4.37	4.52	4.36	4.49	2934168	34698280.00
2013/08/02	4.53	4.67	4.45	4.57	5685966	69113712.00
2013/08/05	4.59	4.65	4.54	4.61	3894169	47443736.00
2013/08/06	4.61	4.68	4.57	4.66	4926672	60560084.00
2013/08/07	4.65	4.66	4.49	4.52	4346779	52685604.00
2013/08/08	4.53	4.76	4.50	4.62	5413530	66680152.00
2013/08/09	4.61	4.71	4.58	4.67	4282000	52695420.00
2013/08/12	4.66	4.77	4.66	4.75	5961892	74774224.00
2013/08/13	4.75	4.81	4.73	4.80	4932609	62310804.00
2013/08/14	4.79	4.80	4.68	4.73	4536508	56773292.00
2013/08/15	4.73	4.82	4.65	4.65	3977148	49801836.00
2013/08/16	4.57	4.69	4.51	4.58	4952670	60012808.00
2013/08/19	4.53	4.67	4.53	4.63	3075379	37571908.00
2013/08/20	4.65	4.66	4.56	4.58	3101530	37857044.00
2013/08/21	4.55	4.60	4.55	4.58	2630155	31835780.00
2013/08/22	4.55	4.58	4.47	4.49	4123736	49260624.00
2013/08/23	4.51	4.57	4.43	4.53	3360108	40276664.00
2013/08/26	4.56	4.73	4.50	4.72	8170236	101074088.00
2013/08/27	4.68	4.78	4.66	4.74	6447082	80408888.00
2013/08/28	4.69	4.86	4.61	4.78	8533497	107497648.00
2013/08/29	4.76	4.83	4.67	4.82	6230373	78450496.00
2013/08/30	4.80	4.96	4.68	4.74	8440187	108007208.00
2013/09/02	4.74	4.74	4.61	4.71	3499046	43237068.00
2013/09/03	4.67	4.84	4.67	4.77	4641560	58440772.00
2013/09/04	4.77	4.82	4.71	4.79	3506200	44156856.00
2013/09/05	4.79	4.90	4.74	4.82	5040358	64122640.00
2013/09/06	4.82	5.01	4.78	4.95	9027022	117131968.00
2013/09/09	4.95	5.00	4.87	4.99	6594136	85706464.00
2013/09/10	4.99	5.13	4.94	5.07	7978396	105716480.00
2013/09/11	5.17	5.31	5.07	5.09	15892171	217242048.00
2013/09/12	5.00	5.08	4.93	4.96	6029200	79405312.00
2013/09/13	4.96	5.15	4.96	5.05	4418854	58951088.00
2013/09/16	5.04	5.08	4.97	5.01	2770674	36691212.00
2013/09/17	4.99	5.05	4.77	4.77	5146109	66005392.00
2013/09/18	4.78	4.84	4.73	4.78	2668711	33731540.00
2013/09/23	4.78	5.00	4.78	4.89	3659914	47372892.00
2013/09/24	4.86	4.99	4.83	4.92	3817339	49447268.00
2013/09/25	4.91	4.91	4.79	4.79	3448316	44147156.00
2013/09/26	4.80	4.86	4.69	4.69	2862183	36103416.00
2013/09/27	4.69	4.80	4.69	4.69	2168913	27097196.00
2013/09/30	4.66	4.83	4.64	4.77	2597117	32233182.00
2013/10/08	4.72	4.80	4.70	4.79	2418566	30454996.00
2013/10/09	4.77	4.83	4.75	4.82	2218132	28135784.00
2013/10/10	4.82	4.82	4.71	4.71	2688943	33726784.00
2013/10/11	4.74	4.77	4.70	4.75	4079618	51146020.00
2013/10/14	4.73	4.76	4.65	4.75	3320743	41351560.00
2013/10/15	4.75	4.85	4.72	4.83	4623485	58520444.00
2013/10/16	4.84	4.84	4.58	4.58	4116153	50943368.00
2013/10/17	4.60	4.66	4.53	4.53	3340760	40569412.00
2013/10/18	4.55	4.56	4.49	4.51	2802821	33579720.00
2013/10/21	4.51	4.62	4.51	4.59	2637854	31913404.00
2013/10/22	4.59	4.72	4.56	4.67	4058753	49764776.00
2013/10/23	4.65	4.69	4.49	4.54	3316575	40425892.00
2013/10/24	4.53	4.55	4.45	4.45	1712921	20462950.00
2013/10/25	4.42	4.47	4.31	4.33	2781165	32312788.00
2013/10/28	4.33	4.35	4.20	4.27	1534763	17529688.00
2013/10/29	4.27	4.31	3.98	4.08	3078901	33807024.00
2013/10/30	4.08	4.18	4.07	4.17	1736887	19099518.00
2013/10/31	4.19	4.23	4.10	4.16	2070744	22902132.00
2013/11/01	4.15	4.23	4.13	4.17	1843446	20557380.00
2013/11/04	4.20	4.29	4.17	4.21	1583280	17714306.00
2013/11/05	4.22	4.29	4.19	4.29	1945479	21976358.00
2013/11/06	4.29	4.31	4.22	4.23	2009237	22785804.00
2013/11/07	4.21	4.26	4.15	4.15	1568878	17562290.00
2013/11/08	4.15	4.21	4.06	4.08	1032057	11336580.00
2013/11/11	4.07	4.16	4.01	4.13	1301274	14240340.00
2013/11/12	4.14	4.17	4.10	4.15	1338964	14774775.00
2013/11/13	4.15	4.15	4.03	4.04	1585752	17243418.00
2013/11/14	4.05	4.19	4.03	4.15	1559914	17138042.00
2013/11/15	4.27	4.59	4.25	4.59	4942911	58633752.00
2013/11/18	4.69	4.80	4.61	4.65	13031515	161960704.00
2013/11/19	4.61	4.68	4.54	4.61	5668291	69132272.00
2013/11/20	4.62	4.97	4.59	4.86	11743698	149906416.00
2013/11/21	4.78	4.85	4.73	4.83	5715379	72203200.00
2013/11/22	4.87	4.88	4.71	4.72	3826363	48285752.00
2013/11/25	4.69	4.90	4.63	4.74	4416337	56249364.00
2013/11/26	4.79	4.83	4.70	4.79	2842622	35807760.00
2013/11/27	4.77	4.85	4.75	4.79	3483702	44268688.00
2013/11/28	4.79	4.93	4.79	4.91	5511851	70839680.00
2013/11/29	4.93	4.96	4.83	4.87	4705844	60544020.00
2013/12/02	4.53	4.75	4.43	4.49	5524520	67103540.00
2013/12/03	4.51	4.67	4.48	4.64	3053694	37236916.00
2013/12/04	4.59	4.78	4.59	4.72	3713224	46291364.00
2013/12/05	4.95	5.07	4.80	4.84	7884217	101979384.00
2013/12/06	4.80	4.99	4.80	4.82	4717630	60860248.00
2013/12/09	4.81	4.95	4.79	4.93	4909558	63316216.00
2013/12/10	4.93	5.07	4.92	4.95	5743443	75593104.00
2013/12/11	4.90	4.92	4.77	4.81	3869562	49459284.00
2013/12/12	4.81	4.97	4.79	4.91	3938122	50928308.00
2013/12/13	4.83	4.94	4.80	4.85	3136540	40310764.00
2013/12/16	4.85	4.87	4.67	4.69	3339174	41961844.00
2013/12/17	4.69	4.78	4.68	4.73	1989553	24836008.00
2013/12/18	4.77	4.99	4.71	4.91	4679118	60382584.00
2013/12/19	4.90	4.96	4.83	4.91	3853671	49851764.00
2013/12/20	4.92	5.04	4.84	5.01	8409264	110463448.00
2013/12/23	5.00	5.01	4.81	4.85	4288641	55371240.00
2013/12/24	4.85	4.96	4.75	4.77	4528539	58051300.00
2013/12/25	4.75	4.84	4.71	4.82	3202498	40442760.00
2013/12/26	4.83	4.90	4.77	4.77	3123904	39763732.00
2013/12/27	4.75	5.05	4.73	4.99	7749242	101168768.00
2013/12/30	5.02	5.28	4.99	5.06	8042578	108784208.00
2013/12/31	5.05	5.29	5.01	5.25	9331778	127473816.00
2014/01/02	5.27	5.31	5.15	5.26	6794924	93494272.00
2014/01/03	5.25	5.27	5.11	5.11	5673120	77155592.00
2014/01/06	5.09	5.09	4.57	4.67	9006924	115425104.00
2014/01/07	4.69	4.78	4.64	4.73	4433109	55145440.00
2014/01/08	4.73	4.79	4.61	4.65	3835036	47770000.00
2014/01/09	4.63	4.72	4.44	4.44	4710743	56860180.00
2014/01/10	4.40	4.53	4.38	4.47	2499369	29637654.00
2014/01/13	4.48	4.52	4.38	4.43	2154878	25391946.00
2014/01/14	4.43	4.55	4.41	4.55	2244565	26646372.00
2014/01/15	4.51	4.66	4.51	4.63	3768596	46075268.00
2014/01/16	4.63	4.79	4.57	4.73	5257985	65293612.00
2014/01/17	4.73	4.73	4.59	4.61	2763418	33926104.00
2014/01/20	4.57	4.65	4.53	4.57	1582563	19229812.00
2014/01/21	4.55	4.68	4.55	4.66	1746374	21421142.00
2014/01/22	4.65	4.75	4.65	4.73	2547845	31762686.00
2014/01/23	4.76	4.81	4.70	4.78	3388310	42637312.00
2014/01/24	4.77	4.96	4.73	4.87	5067903	65437696.00
2014/01/27	4.81	4.92	4.77	4.78	2842593	36375928.00
2014/01/28	4.83	4.91	4.73	4.85	2384552	30459762.00
2014/01/29	4.84	4.87	4.78	4.85	2197628	28056274.00
2014/01/30	4.79	4.84	4.69	4.71	2049653	25775646.00
2014/02/07	4.69	5.14	4.63	5.11	7524082	99543848.00
2014/02/10	5.10	5.43	5.08	5.40	11976351	167666848.00
2014/02/11	5.45	5.45	5.19	5.29	8853058	123727352.00
2014/02/12	5.35	5.57	5.35	5.46	10873211	156270528.00
2014/02/13	5.47	5.79	5.47	5.50	16676007	247893216.00
2014/02/14	5.49	5.69	5.40	5.69	9800968	142363632.00
2014/02/17	5.73	5.79	5.61	5.65	8404988	124937168.00
2014/02/18	5.63	5.67	5.45	5.64	7012275	102245032.00
2014/02/19	5.59	5.71	5.49	5.61	6027866	88345024.00
2014/02/20	5.62	5.65	5.37	5.37	5712055	82081032.00
2014/02/21	5.36	5.49	5.26	5.40	5290782	74636312.00
2014/02/24	5.36	5.47	5.31	5.44	4638506	65919872.00
2014/02/25	5.41	5.55	5.08	5.20	8009417	112970736.00
2014/02/26	5.23	5.66	5.14	5.62	9858099	140874080.00
2014/02/27	5.72	6.07	5.55	5.56	17903480	271991168.00
2014/02/28	5.41	5.88	5.33	5.86	14048794	207547024.00
2014/03/03	6.39	6.39	6.01	6.11	18551777	298348736.00
2014/03/04	6.03	6.75	5.96	6.63	28170177	477557408.00
2014/03/05	6.45	6.73	6.37	6.53	14349546	242570512.00
2014/03/06	6.45	6.61	6.12	6.33	11527461	189296848.00
2014/03/07	6.32	6.43	6.07	6.25	11417746	186193360.00
2014/06/04	5.60	5.60	5.60	5.60	486600	7094628.00
2014/06/05	5.01	5.17	5.01	5.03	23695243	311833152.00
2014/06/06	4.97	5.08	4.93	5.02	13455828	176696688.00
2014/06/09	5.00	5.08	4.95	5.06	9914842	130346368.00
2014/06/10	5.09	5.10	4.99	5.09	8143123	107603616.00
2014/06/11	5.09	5.25	5.06	5.19	12992228	175061440.00
2014/06/12	5.15	5.21	5.11	5.15	6341716	85332480.00
2014/06/13	5.13	5.31	5.09	5.25	11313613	154209808.00
2014/06/16	5.27	5.31	5.20	5.23	8544426	117050208.00
2014/06/17	5.20	5.25	5.13	5.15	5430011	73257880.00
2014/06/18	5.13	5.23	5.10	5.20	5964840	80570160.00
2014/06/19	5.32	5.32	4.95	5.02	6100162	81312952.00
2014/06/20	5.01	5.11	4.96	5.08	4408109	57901712.00
2014/06/23	5.08	5.15	5.03	5.09	4819126	64122520.00
2014/06/24	5.12	5.22	5.07	5.20	6806124	91988472.00
2014/06/25	5.17	5.21	5.09	5.16	3937705	52945472.00
2014/06/26	5.15	5.25	5.13	5.22	5623069	76494984.00
2014/06/27	5.22	5.73	5.21	5.48	13956439	198215024.00
2014/06/30	5.48	5.63	5.43	5.48	10375779	149317760.00
2014/07/01	5.48	5.65	5.46	5.63	8723577	127000152.00
2014/07/02	5.58	5.96	5.57	5.86	20749967	311767744.00
2014/07/03	5.81	6.16	5.76	6.07	20999424	328992928.00
2014/07/04	6.07	6.69	6.07	6.26	18058304	299273824.00
2014/07/07	6.33	6.45	6.10	6.34	11606374	189324688.00
2014/07/08	6.34	6.99	6.33	6.99	21397049	373466880.00
2014/07/09	7.17	7.69	7.10	7.30	32842825	621937280.00
2014/07/10	7.57	7.73	7.01	7.14	19939666	372202368.00
2014/07/11	7.13	7.87	7.02	7.59	29897532	581865856.00
2014/07/14	7.47	8.01	7.41	7.83	24075545	479779456.00
2014/07/15	7.69	7.83	7.10	7.34	18220318	350817216.00
2014/07/16	7.22	7.44	7.01	7.33	13934634	260791920.00
2014/07/17	7.33	7.45	7.11	7.41	10805071	203292896.00
2014/07/18	7.35	8.01	7.21	7.91	20536437	410792032.00
2014/07/21	7.69	8.25	7.63	7.85	13681661	279065408.00
2014/07/22	7.81	8.65	7.81	8.62	20658251	446263648.00
2014/07/23	8.53	8.71	8.22	8.44	16235977	352877696.00
2014/07/24	8.35	8.49	7.77	8.00	10804128	223155808.00
2014/07/25	8.05	8.30	7.81	8.12	6373754	132849376.00
2014/07/28	8.05	8.25	7.72	8.07	11068845	226838016.00
2014/07/29	7.97	8.81	7.91	8.60	14627297	318690592.00
2014/07/30	8.54	9.11	8.39	8.87	12311643	277137984.00
2014/07/31	8.79	9.08	8.65	8.76	6292525	142716752.00
2014/08/01	8.76	8.77	8.36	8.38	6822566	148540032.00
2014/08/04	8.43	8.54	8.22	8.52	7775527	166973520.00
2014/08/05	8.45	8.48	8.16	8.25	6885637	146691648.00
2014/08/06	8.21	8.73	8.15	8.50	9898061	215291056.00
2014/08/07	8.55	8.67	8.23	8.26	7363451	159776832.00
2014/08/08	8.24	8.35	8.04	8.20	5267192	111552648.00
2014/08/11	8.25	8.74	8.13	8.65	8300570	181651136.00
2014/08/12	8.56	9.19	8.56	8.97	8704283	199406016.00
2014/08/13	8.97	9.20	8.79	8.93	7097017	163477136.00
2014/08/14	8.87	9.11	8.85	8.92	4068821	93672608.00
2014/08/15	8.92	9.37	8.63	8.91	5527428	126189320.00
2014/08/18	8.97	9.75	8.97	9.64	8582748	208353184.00
2014/08/19	9.76	10.20	9.55	9.98	9422797	238577408.00
2014/08/20	9.85	9.93	9.52	9.56	5659019	139549088.00
2014/08/21	9.39	9.53	8.88	9.01	9726655	225163632.00
2014/08/22	9.01	9.25	8.87	9.21	7921532	184162272.00
2014/08/25	9.21	9.21	8.76	8.81	6838421	155985136.00
2014/08/26	8.70	8.95	8.62	8.76	5858626	131789280.00
2014/08/27	8.75	8.85	8.65	8.68	3560941	79770144.00
2014/08/28	8.64	8.69	8.12	8.26	7299488	155876112.00
2014/08/29	8.24	8.38	8.17	8.31	4099899	87521088.00
2014/09/01	8.37	8.74	8.32	8.64	5427232	120140056.00
2014/09/02	8.63	9.05	8.60	8.83	8463695	192693280.00
2014/09/03	8.85	9.16	8.72	8.87	9612634	219542592.00
2014/09/04	8.95	8.99	8.77	8.96	7666802	175119472.00
2014/09/05	8.91	8.93	8.49	8.57	11444798	253486208.00
2014/09/09	8.57	8.65	8.37	8.59	6296445	137339584.00
2014/09/10	8.53	8.93	8.45	8.87	10673452	240608720.00
2014/09/11	8.85	8.91	8.45	8.51	10314179	228729280.00
2014/09/12	8.43	8.56	8.33	8.54	4719278	102498896.00
2014/09/15	8.53	8.53	8.27	8.44	6455319	139387712.00
2014/09/16	8.44	8.48	8.11	8.12	6554524	139095200.00
2014/09/17	8.11	8.14	7.43	7.75	10733974	214933360.00
2014/09/18	7.71	7.92	7.59	7.90	5887289	118076104.00
2014/09/19	7.85	7.99	7.80	7.92	6147652	125018328.00
2014/09/22	7.91	7.91	7.67	7.68	4231709	84229824.00
2014/09/23	7.64	7.85	7.63	7.80	4215957	84353256.00
2014/09/24	7.80	8.19	7.78	8.13	7579153	157498944.00
2014/09/25	8.17	8.41	8.13	8.16	6745572	143174448.00
2014/09/26	8.11	8.25	8.05	8.06	4674761	97639360.00
2014/09/29	8.07	8.45	8.07	8.45	9680916	206612992.00
2014/09/30	8.45	8.75	8.41	8.67	8001831	177021072.00
2014/10/08	8.71	8.72	8.44	8.58	8446447	184806848.00
2014/10/09	8.59	9.31	8.52	9.19	19011140	436707872.00
2014/10/10	9.21	9.76	9.17	9.42	17251704	421255360.00
2014/10/13	9.43	9.63	8.97	9.35	9961619	235485136.00
2014/10/14	9.39	9.41	8.65	8.66	15522543	356284928.00
2014/10/15	8.66	8.69	8.01	8.36	17586322	373183776.00
2014/10/16	8.21	8.28	8.05	8.06	10091244	211729552.00
2014/10/17	8.04	8.16	7.79	8.02	7173911	147174384.00
2014/10/20	8.05	8.18	7.97	8.18	8093250	168370560.00
2014/10/21	8.19	8.19	7.81	7.85	8164353	167521232.00
2014/10/22	7.83	7.97	7.65	7.75	5868295	117915200.00
2014/10/23	7.75	7.95	7.71	7.85	5169211	104006856.00
2014/10/24	7.84	7.87	7.72	7.81	3417070	68453648.00
2014/10/27	7.77	7.88	7.74	7.82	3572437	71895920.00
2014/10/28	7.83	8.19	7.83	8.15	8866524	183289920.00
2014/10/29	8.16	8.23	8.04	8.21	9483434	198649232.00
2014/10/30	8.25	8.41	8.09	8.17	9484552	200956320.00
2014/10/31	8.13	8.23	7.84	7.93	7859744	161657056.00
2014/11/03	7.93	8.00	7.87	7.93	5199697	105884968.00
2014/11/04	7.92	7.92	7.62	7.68	9574975	190791952.00
2014/11/05	7.71	7.83	7.57	7.71	5421688	107985416.00
2014/11/06	7.71	7.90	7.71	7.88	5560837	112130976.00
2014/11/07	7.89	8.03	7.66	7.74	5978332	121051320.00
2014/11/10	7.75	7.80	7.65	7.77	3987108	79456736.00
2014/11/11	7.77	7.81	7.18	7.25	8531518	164529248.00
2014/11/12	7.25	7.35	7.21	7.33	4006796	75517008.00
2014/11/13	7.35	7.35	7.03	7.09	5868739	108132720.00
2014/11/14	7.08	7.58	7.05	7.48	8547888	163001056.00
2014/11/17	7.43	7.61	7.40	7.43	5436373	104661952.00
2014/11/18	7.44	7.50	7.32	7.47	3507895	66875860.00
2014/11/19	7.48	7.53	7.41	7.49	3684812	70975152.00
2014/11/20	7.49	7.49	7.33	7.36	3274122	62493848.00
2014/11/21	7.37	7.57	7.31	7.51	4607288	88839288.00
2014/11/24	7.58	7.64	7.49	7.56	5879858	114639064.00
2014/11/25	7.57	7.89	7.54	7.87	8553746	171745760.00
2014/11/26	7.93	7.95	7.77	7.86	4446298	89908872.00
2014/11/27	7.87	8.14	7.87	7.93	8701373	179176960.00
2014/11/28	7.91	7.91	7.59	7.66	11024450	218842112.00
2014/12/01	7.67	7.83	7.31	7.41	10388575	200777360.00
2014/12/02	7.41	7.52	7.39	7.41	6074783	116762480.00
2014/12/03	7.45	7.65	7.32	7.64	8626947	166372208.00
2014/12/04	7.63	7.83	7.60	7.79	11598089	230080144.00
2014/12/05	7.79	7.79	7.32	7.43	9150057	177188048.00
2014/12/08	7.37	7.40	7.22	7.29	7234755	136153456.00
2014/12/09	7.31	7.40	7.08	7.09	8347475	156187280.00
2014/12/10	7.05	7.35	6.92	7.33	7253582	134169976.00
2014/12/11	7.35	7.63	7.23	7.57	7741145	149278576.00
2014/12/12	7.57	7.74	7.49	7.71	8222725	161366912.00
2014/12/15	7.68	7.81	7.63	7.74	7136269	142118352.00
2014/12/16	7.77	7.79	7.47	7.55	9220788	179905040.00
2014/12/17	7.51	7.54	7.31	7.37	6114949	117123664.00
2014/12/18	7.43	7.57	7.32	7.32	5209091	100231728.00
2014/12/22	7.37	7.37	6.57	6.73	9148498	161383344.00
2014/12/23	6.59	6.83	6.57	6.63	3426034	59268072.00
2014/12/24	6.69	6.77	6.57	6.75	3875417	66874608.00
2014/12/25	6.75	6.81	6.70	6.74	2889454	50344776.00
2014/12/26	6.74	6.80	6.64	6.71	4649674	80549416.00
2014/12/29	6.70	6.71	6.41	6.45	7469118	126116408.00
2014/12/30	6.45	6.67	6.41	6.56	5393610	91449160.00
2014/12/31	6.57	6.62	6.47	6.56	2860787	48453176.00
2015/01/05	6.58	6.76	6.53	6.72	5582368	96104104.00
2015/01/06	6.75	6.83	6.65	6.83	6098610	106806536.00
2015/01/07	6.75	6.82	6.69	6.75	3910687	68195480.00
2015/01/08	6.75	6.82	6.72	6.78	3390814	59442304.00
2015/01/09	6.71	6.95	6.69	6.81	7200320	127749240.00
2015/01/12	6.79	7.37	6.77	7.23	12790297	236710640.00
2015/01/16	6.65	7.01	6.65	6.92	9900970	175564336.00
2015/01/19	6.75	7.13	6.69	6.90	7906314	142409824.00
2015/01/20	6.96	7.29	6.90	7.28	7916040	146095536.00
2015/01/21	7.29	7.49	7.22	7.35	8852510	168434320.00
2015/01/27	8.05	8.07	7.60	7.66	17900358	357183456.00
2015/01/28	7.66	8.37	7.61	8.28	21821336	450940384.00
2015/01/29	8.16	8.36	7.99	8.21	12549681	263505008.00
2015/01/30	8.17	8.21	7.93	7.97	7823149	161287968.00
2015/02/02	7.79	8.17	7.77	8.08	7106476	147112848.00
2015/02/03	8.09	8.15	7.92	7.97	5794611	119842840.00
2015/02/04	7.97	8.52	7.95	8.24	10873175	232038992.00
2015/02/05	8.17	8.37	8.00	8.09	10278604	216102720.00
2015/02/06	8.05	8.23	7.95	7.97	5051001	104934176.00
2015/02/09	7.85	8.16	7.81	7.98	5475974	113063056.00
2015/02/10	7.91	8.16	7.90	8.07	4459250	92815656.00
2015/02/11	8.09	8.13	7.97	8.12	4472783	92760664.00
2015/02/12	8.15	8.51	8.12	8.38	8608239	185312272.00
2015/02/13	8.45	9.05	8.37	8.90	15856911	357581536.00
2015/02/16	8.91	9.67	8.91	9.57	17567397	425070176.00
2015/02/17	9.61	10.11	9.61	9.87	13687014	350048800.00
2015/02/25	9.92	9.96	9.29	9.35	9361304	227422560.00
2015/02/26	9.34	9.53	9.03	9.17	12019445	284344000.00
2015/02/27	9.17	9.23	8.93	9.17	14661124	342235296.00
2015/03/02	9.18	9.53	9.05	9.10	16529643	392905024.00
2015/03/03	9.09	9.17	8.78	8.85	17368922	398344960.00
2015/03/04	8.85	9.04	8.80	9.03	10600414	243065392.00
2015/03/05	9.01	9.28	8.79	9.25	14144834	328300480.00
2015/03/06	9.24	9.24	8.69	8.69	12499259	284949952.00
2015/03/09	8.57	8.63	8.42	8.63	6678978	146595744.00
2015/03/10	8.63	8.88	8.61	8.79	7273132	164044144.00
2015/03/11	8.79	8.95	8.57	8.70	5819012	129647344.00
2015/03/12	8.71	8.85	8.55	8.71	6183093	138283888.00
2015/03/13	8.71	8.81	8.51	8.69	7666811	170020592.00
2015/03/16	8.70	9.03	8.70	9.02	11651566	265170928.00
2015/03/17	9.05	9.16	8.92	9.12	14926344	344647136.00
2015/03/18	9.11	9.20	9.04	9.18	12155226	284777504.00
2015/03/19	9.18	9.35	8.97	9.02	15421892	361691392.00
2015/03/20	9.00	9.01	8.85	8.92	12400323	283362560.00
2015/03/23	8.95	9.26	8.92	9.26	14428440	336833120.00
2015/03/24	9.37	9.62	9.05	9.53	23128350	557692288.00
2015/03/25	9.58	9.61	9.35	9.46	14333306	347395392.00
2015/03/26	9.51	9.97	9.46	9.57	18517768	460633280.00
2015/03/27	9.57	10.05	9.32	9.99	20043777	495574272.00
2015/03/31	9.77	10.77	9.66	10.21	22505601	583299968.00
2015/04/01	10.35	11.19	10.21	11.04	27412271	760319808.00
2015/04/02	11.05	11.53	10.85	11.43	26191625	750967040.00
2015/04/03	11.23	11.51	11.01	11.35	17435288	501551488.00
2015/04/07	11.46	11.89	11.23	11.59	17252648	509468832.00
2015/04/08	11.45	11.69	10.65	10.99	19214546	544116096.00
2015/04/09	11.00	11.01	10.33	10.85	12481791	340495744.00
2015/04/10	10.81	11.71	10.81	11.55	15808558	461382272.00
2015/04/13	11.71	12.45	11.48	12.27	18589536	569802048.00
2015/04/14	12.27	12.74	11.82	12.30	16027613	504034912.00
2015/04/15	12.02	12.19	11.12	11.17	12614181	379518336.00
2015/04/16	11.05	11.81	10.57	11.41	9468809	274093440.00
2015/04/17	11.51	11.97	11.45	11.76	14298193	425975584.00
2015/04/20	11.87	11.87	10.99	11.03	11491318	332870112.00
2015/04/21	10.94	12.16	10.93	11.99	12917007	380184512.00
2015/04/22	12.22	12.92	12.22	12.77	14948952	484516704.00
2015/04/23	12.93	13.21	12.45	12.83	12885150	424111648.00
2015/04/24	12.69	13.15	12.40	13.01	13260399	431128832.00
2015/04/27	13.31	13.71	12.71	12.94	11311444	378620096.00
2015/04/28	12.95	13.15	12.22	12.87	10133371	328264256.00
2015/04/29	12.67	13.70	12.67	13.53	15642579	527863936.00
2015/04/30	13.42	13.59	13.14	13.15	6886828	232295040.00
2015/05/04	13.27	13.63	13.07	13.31	7072399	239605488.00
2015/05/05	13.19	13.43	12.19	12.37	9240621	301672000.00
2015/05/06	12.37	13.29	12.35	12.56	9625338	311872864.00
2015/05/07	12.56	12.57	11.71	12.18	10103476	308997568.00
2015/05/08	12.39	12.71	11.83	12.68	7930599	247894000.00
2015/05/11	12.69	13.43	12.59	13.29	11202169	371408544.00
2015/05/12	13.37	13.62	13.07	13.46	11694391	395823264.00
2015/05/13	13.39	14.83	13.11	14.72	20937791	753748608.00
2015/05/25	16.21	16.21	15.00	16.21	10243896	417359200.00
2015/05/26	16.21	17.85	16.21	17.37	26254098	1135763328.00
2015/05/27	17.31	17.31	16.37	17.09	16907391	718651072.00
2015/05/28	17.39	18.82	16.47	16.50	22385414	1012588096.00
2015/05/29	17.07	18.17	16.51	18.17	19822825	884047744.00
2015/06/01	19.39	19.91	18.95	19.31	18142086	890765952.00
2015/06/02	18.99	19.31	18.27	19.19	14934499	711911168.00
2015/06/03	19.39	20.17	17.31	18.22	15134917	716441152.00
2015/06/04	17.77	18.11	16.37	17.26	17247946	746050112.00
2015/06/05	17.87	18.05	16.66	16.99	17586402	765025088.00
2015/06/08	17.03	17.39	15.87	17.23	14471154	607870976.00
2015/06/09	17.39	18.13	17.04	17.49	14685260	655894720.00
2015/06/10	17.31	17.74	16.59	17.61	11134036	489524800.00
2015/06/11	17.68	18.25	17.15	18.15	13501179	607255808.00
2015/06/12	18.43	19.39	18.19	18.94	16496055	791251328.00
2015/06/15	18.83	19.79	17.65	18.09	14784846	701105600.00
2015/06/16	17.35	17.63	16.43	16.43	11386227	486349344.00
2015/06/17	16.31	16.70	15.03	16.27	10284872	417272480.00
2015/06/18	16.43	16.71	15.63	15.90	10477694	425510208.00
2015/06/19	15.41	15.79	14.29	14.29	9182551	347379744.00
2015/06/23	14.07	14.59	13.12	13.95	9832330	347046432.00
2015/06/24	14.19	14.40	13.39	14.15	12396229	437734176.00
2015/06/25	14.26	14.31	12.71	12.87	14631026	504986720.00
2015/06/26	12.45	12.45	11.56	11.56	11454555	343518560.00
2015/06/29	11.79	11.91	10.39	10.39	15715468	429415904.00
2015/06/30	9.99	11.38	9.33	11.19	25934044	671583808.00
2015/07/01	11.06	11.74	10.05	10.05	24781100	699999232.00
2015/07/02	9.79	10.23	9.03	9.03	19543380	472490656.00
2015/07/03	8.77	9.33	8.10	8.10	22655847	486779168.00
2015/07/06	8.93	8.93	7.27	7.37	26847425	542778560.00
2015/07/07	7.03	7.04	6.61	6.61	10764801	187057056.00
2015/07/22	7.30	7.30	7.30	7.30	89027	1671036.75
2015/07/23	8.05	8.05	8.05	8.05	12986	268160.91
2015/07/24	8.88	8.88	8.88	8.88	95268	2164489.00
2015/07/27	9.79	9.79	9.46	9.79	44352151	1105771904.00
2015/07/28	9.04	10.59	8.79	10.58	68827233	1710657408.00
2015/07/29	10.39	10.97	9.63	10.79	50265518	1313249024.00
2015/07/30	10.43	10.67	9.71	9.79	34989734	923447680.00
2015/07/31	9.51	9.98	9.04	9.51	22277169	545099968.00
2015/08/03	9.17	9.39	8.59	8.74	22567745	521979872.00
2015/08/04	8.73	9.63	8.73	9.63	20999195	496524896.00
2015/08/05	9.87	10.62	9.67	10.07	45305164	1190804480.00
2015/08/06	9.75	11.10	9.59	11.10	58503432	1623083136.00
2015/08/07	11.58	11.95	10.79	11.63	58353742	1681074944.00
2015/08/10	11.51	12.55	11.39	12.04	41727118	1272655104.00
2015/08/11	11.81	13.27	11.81	12.67	41434520	1332398336.00
2015/08/12	12.39	12.61	11.91	11.95	31945925	992427328.00
2015/08/13	11.76	13.07	11.63	13.07	32892955	1036278848.00
2015/08/14	13.25	13.78	12.83	12.86	31940286	1082681216.00
2015/08/17	12.62	13.59	12.34	13.13	25521886	843064128.00
2015/08/18	13.23	13.30	11.80	11.80	24667540	780682176.00
2015/08/19	11.20	12.32	10.60	11.99	28204436	813498624.00
2015/08/20	11.71	11.97	11.07	11.07	19464612	570373376.00
2015/08/21	10.67	11.06	9.99	10.11	20733006	554880448.00
2015/08/24	9.65	9.74	9.08	9.08	12499047	296843648.00
2015/08/25	8.15	8.58	8.15	8.15	18287203	386380928.00
2015/08/26	7.99	8.91	7.39	8.11	26970342	573588096.00
2015/08/27	8.59	8.94	8.24	8.94	28274660	625063808.00
2015/08/28	9.55	9.85	9.31	9.85	29593924	723454144.00
2015/08/31	9.79	10.59	9.63	9.73	29749703	771109760.00
2015/09/01	9.65	9.65	8.73	8.73	23236635	535401440.00
2015/09/02	7.85	9.59	7.85	8.47	28876916	643486272.00
2015/09/07	8.82	9.34	8.73	9.34	28960055	676356224.00
2015/09/08	9.16	10.29	9.07	10.29	27494207	676453952.00
2015/09/09	10.71	11.35	10.71	11.35	37858464	1073216768.00
2015/09/10	10.99	11.56	10.87	10.99	29397815	838587328.00
2015/09/11	10.99	11.71	10.91	11.28	27929833	800943424.00
2015/09/14	11.47	11.78	10.13	10.13	35693126	996367552.00
2015/09/15	9.61	10.13	9.10	9.13	27767344	674016192.00
2015/09/16	9.42	10.06	9.39	10.06	27590071	685463360.00
2015/09/17	10.69	11.09	10.51	10.86	35018956	975513600.00
2015/09/18	11.26	11.71	10.91	11.17	38923235	1118931072.00
2015/09/21	10.94	12.31	10.27	12.31	37600681	1137769472.00
2015/09/22	12.83	13.56	12.49	12.89	47521780	1576253568.00
2015/09/23	12.59	14.20	12.59	14.20	28115626	980804032.00
2015/09/24	15.03	15.22	13.63	13.82	55983520	2042860416.00
2015/09/25	13.76	14.79	13.63	14.18	48453566	1736523520.00
2015/09/28	13.99	14.51	12.99	14.41	37286986	1308834688.00
2015/09/29	14.10	15.87	13.91	15.09	43648147	1679242880.00
2015/09/30	15.51	15.51	14.28	14.41	34001223	1271176448.00
2015/10/08	14.83	15.86	14.67	15.02	37148905	1435200896.00
2015/10/09	15.02	15.57	14.70	15.03	29706483	1142848896.00
2015/10/12	15.19	16.56	15.03	16.56	32730705	1314098944.00
2015/10/13	16.19	17.19	15.91	16.91	33506949	1395575296.00
2015/10/14	16.55	16.81	16.00	16.00	27125512	1120061696.00
2015/10/15	15.55	16.51	15.43	16.39	27779174	1136668544.00
2015/10/16	16.59	17.27	15.71	16.13	33682951	1401948032.00
2015/10/19	16.01	17.77	15.59	17.77	54969914	2368917248.00
2015/10/20	17.39	18.06	16.99	17.60	34054333	1505515648.00
2015/10/21	17.51	17.99	15.82	15.82	34607350	1464717184.00
2015/10/22	15.79	16.91	15.34	16.70	39794068	1646467584.00
2015/10/23	17.04	18.38	16.18	17.64	48630226	2134021632.00
2015/10/26	17.39	19.43	16.99	19.43	49288637	2309542656.00
2015/10/27	18.79	21.38	18.41	20.42	47774141	2378808320.00
2015/10/28	20.30	20.85	19.53	19.83	32581212	1664182016.00
2015/10/29	20.19	21.15	19.59	20.16	28944568	1481529728.00
2015/10/30	19.74	20.99	19.63	19.67	29570653	1516956032.00
2015/11/02	18.87	20.06	18.84	18.95	25021495	1227520512.00
2015/11/03	18.95	19.47	18.41	18.79	23070874	1106652160.00
2015/11/04	19.00	20.69	19.00	20.55	32670630	1647362944.00
2015/11/05	20.59	21.74	19.85	20.31	33792467	1775004672.00
2015/11/06	20.11	20.75	20.07	20.41	22411324	1151883904.00
2015/11/09	20.03	22.02	19.81	21.28	28790128	1520521984.00
2015/11/10	20.94	22.59	20.51	22.04	34700910	1878119552.00
2015/11/11	21.99	23.25	21.47	21.86	32235259	1803723392.00
2015/11/12	22.15	22.82	21.55	22.18	31102008	1744001536.00
2015/11/13	22.19	24.42	21.87	23.37	42565422	2502614784.00
2015/11/16	23.01	23.72	22.59	23.59	23473251	1374351104.00
2015/11/17	24.23	24.81	23.04	23.18	25560849	1543086720.00
2015/11/18	23.18	23.36	21.24	21.57	28351025	1596202752.00
2015/11/19	21.62	23.48	21.35	23.47	30298017	1716413312.00
2015/11/20	23.38	23.59	22.11	22.60	37116608	2130633728.00
2015/11/23	22.19	23.19	21.39	21.87	22181871	1246852480.00
2015/11/24	21.89	24.02	21.89	23.99	40326241	2372251392.00
2015/11/25	24.19	24.51	23.49	24.07	25177202	1520531200.00
2015/11/26	24.04	24.17	22.74	22.95	25823547	1518874112.00
2015/11/27	22.59	23.34	21.63	21.85	22908624	1303289472.00
2015/11/30	22.03	22.73	20.28	22.43	24238640	1339816448.00
2015/12/01	22.11	22.33	20.17	20.47	23628886	1264489984.00
2015/12/02	20.47	20.86	19.39	20.35	18637377	945382144.00
2015/12/03	21.19	22.25	21.11	22.11	26230034	1440854656.00
2015/12/04	21.77	22.79	21.46	22.19	21516533	1197030016.00
2015/12/07	22.43	24.43	22.43	24.43	29727703	1774305152.00
2015/12/08	25.43	26.89	24.99	26.19	47845578	3113226752.00
2015/12/09	26.12	28.83	26.10	28.83	40889977	2868944640.00
2015/12/10	28.19	28.59	27.11	27.20	32494603	2260950528.00
2015/12/11	26.91	28.19	26.47	26.69	28687128	1975403776.00
2015/12/14	26.52	27.39	25.31	26.79	22942994	1527157376.00
2015/12/15	26.99	28.38	26.99	28.17	24320506	1707928832.00
2015/12/16	27.95	29.11	27.45	27.79	21532025	1526946176.00
2015/12/17	28.03	29.03	27.81	28.54	20735733	1480170112.00
2015/12/18	28.51	31.42	28.23	31.23	35866526	2745492224.00
2015/12/21	30.70	31.22	28.99	30.07	24514782	1849916288.00
2015/12/22	30.15	31.77	29.59	31.76	20798888	1594041728.00
2015/12/23	31.43	34.32	31.23	31.25	27669392	2253039360.00
2015/12/24	30.55	33.39	30.39	32.67	21837164	1748756096.00
2015/12/25	33.09	34.18	31.71	32.83	27174417	2255740928.00
2015/12/28	32.47	33.26	31.43	31.66	19957592	1625194368.00
2015/12/29	31.39	32.71	31.15	32.67	19799940	1604922624.00
2015/12/30	32.99	33.18	31.59	32.03	15405542	1249312384.00
2015/12/31	32.19	32.94	30.19	30.29	23387715	1848654720.00
2016/01/04	30.19	30.55	27.24	27.24	19892250	1411612416.00
2016/01/05	25.47	27.15	24.59	26.29	26077877	1703320704.00
2016/01/06	26.75	27.28	25.45	27.07	23868446	1603264640.00
2016/01/07	26.59	26.59	24.34	24.34	7036850	444806176.00
2016/01/08	24.46	24.99	22.23	24.18	24926964	1511891968.00
2016/01/11	23.03	24.51	22.14	22.15	22763685	1340285952.00
2016/01/12	22.99	24.39	22.60	24.39	29258606	1741790208.00
2016/01/13	24.39	26.67	24.03	25.21	37516692	2371394304.00
2016/01/14	24.31	27.75	24.19	27.75	33456225	2242041600.00
2016/01/15	27.39	30.33	27.09	29.59	40654375	2970112768.00
2016/01/18	28.79	30.39	28.19	30.11	35449132	2623629824.00
2016/01/19	29.99	30.72	29.39	30.39	29818331	2257042944.00
2016/01/20	29.91	31.35	29.57	29.57	30407988	2317439488.00
2016/01/21	28.99	29.91	27.03	27.07	35442926	2530387456.00
2016/01/22	27.78	29.79	26.46	29.15	38201262	2730767104.00
2016/01/25	28.95	29.39	27.91	28.43	29937494	2152653312.00
2016/01/26	27.85	28.11	25.57	25.57	28879409	1936429312.00
2016/01/27	25.79	26.43	23.40	26.03	28668670	1809814784.00
2016/01/28	25.39	25.55	23.41	23.41	22212515	1368181120.00
2016/01/29	22.60	24.99	22.15	24.11	28066841	1685329280.00
2016/02/01	23.52	23.79	21.68	21.79	31040274	1774116992.00
2016/02/02	21.43	23.19	21.43	22.69	21706105	1230333824.00
2016/02/03	22.51	24.98	22.49	24.98	30271780	1822567424.00
2016/02/04	25.38	26.91	24.99	26.59	32905364	2135167360.00
2016/02/05	26.19	26.47	24.35	24.47	25554076	1629477760.00
2016/02/15	23.85	25.38	23.84	25.05	20904680	1309436160.00
2016/02/16	25.29	27.11	24.95	26.59	25565819	1683258240.00
2016/02/17	26.59	26.86	25.60	26.83	24291310	1603475712.00
2016/02/18	26.87	27.99	26.50	26.57	25187984	1732380544.00
2016/02/19	26.25	26.99	25.39	26.27	20321729	1341616768.00
2016/02/22	26.79	28.23	25.95	27.97	28662327	1963497984.00
2016/02/23	27.79	27.83	26.30	27.32	24054210	1638962560.00
2016/02/24	26.83	27.35	26.19	26.95	17485494	1179799680.00
2016/02/25	27.71	28.26	24.59	25.23	33280882	2250831360.00
2016/02/26	25.61	25.78	24.11	24.60	22108399	1391825024.00
2016/02/29	23.79	23.97	22.12	22.12	24517346	1386294656.00
2016/03/01	21.74	23.19	20.79	22.71	21426491	1191970048.00
2016/03/02	22.55	24.37	22.23	24.01	22036812	1295546240.00
2016/03/03	23.61	24.53	23.49	23.50	19396337	1172161920.00
2016/03/04	23.27	23.85	21.13	21.23	22361087	1249979904.00
2016/03/07	21.47	22.27	21.25	21.61	15138152	831554432.00
2016/03/08	21.32	22.91	19.87	22.23	23076013	1251534592.00
2016/03/09	21.43	22.31	21.23	21.35	13953689	763934528.00
2016/03/10	21.55	22.01	21.11	21.22	12578132	686180096.00
2016/03/11	20.83	21.59	20.61	21.01	11853831	632738624.00
2016/03/14	21.59	22.79	21.47	22.35	20229599	1141283712.00
2016/03/15	22.35	23.79	22.31	22.67	25315901	1477022592.00
2016/03/16	22.85	23.51	22.05	22.51	18507554	1061024192.00
2016/03/17	22.63	24.78	22.39	24.78	37059357	2240476672.00
2016/03/18	25.23	25.91	25.15	25.44	34147126	2189318144.00
2016/03/21	25.79	26.35	25.03	25.88	25932381	1674776192.00
2016/03/22	25.41	27.15	25.26	26.04	25549572	1702287488.00
2016/03/23	25.71	25.87	25.10	25.83	20939997	1345411968.00
2016/03/24	25.57	28.43	25.35	28.43	34503230	2385556480.00
2016/03/25	28.93	28.94	26.99	27.74	33813461	2363807488.00
2016/03/28	28.19	30.45	27.78	28.84	44380881	3255475712.00
2016/03/29	28.58	29.18	27.79	28.29	28747696	2054933632.00
2016/03/30	28.86	31.14	28.33	31.14	39389398	2946880256.00
2016/03/31	31.19	31.98	30.61	30.75	36022851	2824035584.00
2016/04/01	30.42	31.93	30.42	31.85	28155219	2211612928.00
2016/04/05	32.25	33.90	31.87	32.89	29731817	2456673792.00
2016/04/06	32.59	36.19	32.41	35.19	35796535	3056128512.00
2016/04/07	35.19	37.63	34.74	35.19	39752545	3597243136.00
2016/04/08	34.71	35.79	34.31	35.68	30768285	2717849088.00
2016/04/11	36.15	36.15	34.78	35.17	27120696	2411084032.00
2016/04/12	34.51	34.94	31.67	32.39	42039779	3515067648.00
2016/04/13	32.60	33.99	32.56	33.25	34073203	2847697152.00
2016/04/14	33.19	33.92	32.79	33.71	25133816	2111768192.00
2016/04/15	33.58	34.87	32.70	34.85	32223236	2751678976.00
2016/04/18	35.29	38.36	34.70	38.36	42239253	3914125056.00
2016/04/19	38.59	39.71	37.71	38.53	41717327	4054636288.00
2016/04/20	38.35	39.47	35.81	37.39	45549840	4315364864.00
2016/04/21	37.03	37.57	33.79	33.86	40512984	3634831616.00
2016/04/22	33.74	37.27	33.47	37.27	44224866	3943956224.00
2016/04/25	36.79	38.39	35.34	37.79	43515213	4077692672.00
2016/04/26	37.26	37.91	36.55	37.15	28324888	2648078592.00
2016/04/27	37.34	38.07	36.27	36.44	35475195	3323055360.00
2016/04/28	36.49	37.78	34.79	37.15	36087913	3261203200.00
2016/04/29	36.59	37.61	36.32	36.42	28937282	2680552448.00
2016/05/03	36.11	40.08	35.83	39.39	44401472	4265182976.00
2016/05/04	39.01	40.01	38.69	39.83	38009379	3767877376.00
2016/05/05	39.47	43.31	39.45	42.03	38500867	3950459648.00
2016/05/06	43.19	45.99	42.25	42.25	56189571	6188485632.00
2016/05/09	42.79	43.71	38.79	42.08	50608883	5278365696.00
2016/05/10	41.20	41.52	39.62	40.99	31358538	3196184064.00
2016/05/11	41.61	41.99	38.99	39.07	36991174	3742269696.00
2016/05/12	38.07	42.75	37.48	42.15	124871616	5096454656.00
2016/05/13	40.73	43.35	39.85	41.20	125980585	5271584768.00
2016/05/16	40.05	42.33	39.42	41.37	103190067	4238715136.00
2016/05/17	41.84	44.80	41.46	42.25	146713475	6331249152.00
2016/05/18	40.91	41.29	39.46	40.34	95443512	3855565824.00
2016/05/19	40.34	42.15	39.85	40.85	89958428	3693791232.00
2016/05/20	39.65	40.62	37.57	38.10	100084845	3909943296.00
2016/05/23	38.40	38.95	37.35	38.66	71139966	2733586432.00
2016/05/24	38.06	38.84	37.60	37.83	57382156	2193818368.00
2016/05/25	38.20	38.35	36.23	36.55	64345388	2409515264.00
2016/05/26	36.54	38.06	35.87	38.06	76041211	2824880384.00
2016/05/27	37.85	38.03	36.35	36.80	60182458	2244441600.00
2016/05/30	36.13	37.11	35.95	36.30	37347057	1371344896.00
2016/05/31	36.46	37.73	36.46	37.53	66985045	2507325952.00
2016/06/01	37.55	40.81	37.20	39.25	105739313	4148358400.00
2016/06/02	38.84	39.83	38.45	38.91	67291174	2632931840.00
2016/06/03	38.85	40.28	38.85	39.70	79927215	3174727168.00
2016/06/06	40.01	40.28	38.87	39.55	59499796	2363629824.00
2016/06/07	39.45	39.45	38.20	38.39	60893137	2363113984.00
2016/06/08	38.16	42.24	37.95	42.24	141220356	5787508736.00
2016/06/13	42.22	44.20	41.10	41.78	165775027	7063945216.00
2016/06/14	40.52	42.18	39.86	40.83	85599281	3523058432.00
2016/06/15	40.08	44.88	39.97	44.14	129191728	5645843456.00
2016/06/16	44.15	47.53	43.85	45.11	147016936	6659764224.00
2016/06/17	44.33	45.14	43.24	43.81	92038205	4082115328.00
2016/06/20	44.34	45.53	43.75	44.45	68049622	3046036224.00
2016/06/21	45.05	45.30	42.35	42.80	76885401	3364398848.00
2016/06/22	42.35	43.25	41.91	43.03	45469115	1942458112.00
2016/06/23	42.85	42.85	41.65	41.95	40983879	1731784704.00
2016/06/24	41.85	42.83	38.85	41.85	61604147	2583855360.00
2016/06/27	41.27	42.64	41.27	42.43	41992868	1775726336.00
2016/06/28	42.05	42.61	41.58	42.19	41971452	1770228480.00
2016/06/29	42.55	44.83	42.54	43.77	78185929	3450553856.00
2016/06/30	43.93	43.93	42.01	42.44	51064894	2184025344.00
2016/07/01	42.47	43.00	41.96	42.14	32046442	1361720704.00
2016/07/04	41.86	42.83	41.75	42.35	36180321	1537020032.00
2016/07/05	42.35	43.58	41.78	42.80	62052000	2653102336.00
2016/07/06	42.26	43.09	41.98	42.27	46202223	1966573056.00
2016/07/07	42.10	44.65	41.87	43.71	91537981	3973648896.00
2016/07/08	43.12	43.59	42.33	42.35	52648191	2259525376.00
2016/07/11	42.33	42.63	41.55	41.61	39016108	1643556992.00
2016/07/12	41.62	42.10	40.35	41.78	35443772	1467161600.00
2016/07/13	42.40	42.60	41.52	41.81	27737679	1167688448.00
2016/07/14	41.66	42.25	41.41	41.71	27288541	1145160064.00
2016/07/15	41.65	42.30	41.27	41.71	34661198	1454322304.00
2016/07/18	41.40	41.59	40.75	40.85	25520377	1050553472.00
2016/07/19	40.85	41.09	39.98	40.58	23276227	945579136.00
2016/07/20	40.65	41.35	40.50	40.68	20669738	849168640.00
2016/07/21	40.52	40.80	39.88	40.13	23354251	943258688.00
2016/07/22	39.74	39.74	38.37	38.57	35796892	1397604992.00
2016/07/25	37.65	38.23	37.15	37.16	30579091	1152686208.00
2016/07/26	37.35	38.60	37.35	38.00	24901436	952169408.00
2016/07/27	39.25	40.55	37.76	39.30	79747384	3158609920.00
2016/07/28	38.51	39.53	37.88	38.77	32733696	1273946624.00
2016/07/29	38.45	39.34	38.03	38.59	24484786	951326272.00
2016/08/01	38.57	38.58	36.86	37.52	22737412	857450048.00
2016/08/02	37.52	38.05	37.25	37.68	15653800	590673856.00
2016/08/03	37.86	38.23	37.35	37.52	19301304	731332736.00
2016/08/04	37.54	39.21	36.97	38.50	36264394	1388138240.00
2016/08/05	38.14	38.32	37.59	37.69	20868062	793856896.00
2016/08/08	37.59	37.59	36.96	37.54	15476056	579260864.00
2016/08/09	37.45	38.11	37.39	37.79	17689507	670632320.00
2016/08/10	37.91	38.67	37.71	38.03	26329234	1008126144.00
2016/08/11	37.71	37.89	37.13	37.14	18793685	706703680.00
2016/08/12	37.10	37.76	37.03	37.39	15169975	569721472.00
2016/08/15	37.75	38.60	37.20	38.23	33296278	1270744448.00
2016/08/16	38.23	39.84	38.23	39.23	50395643	1985618944.00
2016/08/17	39.27	39.62	38.66	39.24	31567205	1238558208.00
2016/08/18	39.70	40.83	39.35	39.55	58348042	2344686336.00
2016/08/19	39.27	39.27	38.66	38.87	26605382	1039170688.00
2016/08/22	38.93	39.32	38.44	38.49	19390119	756014272.00
2016/08/23	38.50	38.65	37.70	38.22	18604376	710555328.00
2016/08/24	38.25	38.37	37.94	38.12	13946601	534186016.00
2016/08/25	37.95	38.34	37.35	38.08	18158871	690771328.00
2016/08/26	38.25	38.34	37.80	37.82	15114865	577070976.00
2016/08/29	37.76	37.81	37.35	37.46	15134087	570097088.00
2016/08/30	37.58	38.13	37.53	37.58	12903278	488971136.00
2016/08/31	37.47	37.93	37.45	37.78	12163308	460954432.00
2016/09/01	37.79	37.79	37.19	37.23	16306454	613396352.00
2016/09/02	37.23	37.45	36.65	36.73	15303595	568049856.00
2016/09/05	36.68	37.03	36.62	36.67	10752091	397184928.00
2016/09/06	36.83	38.53	36.60	37.99	28894751	1088387200.00
2016/09/07	37.85	37.85	37.07	37.15	18954015	712518208.00
2016/09/08	37.15	38.10	37.01	37.40	20519050	773626624.00
2016/09/09	37.56	37.84	36.99	37.00	14379194	537957632.00
2016/09/12	36.48	36.48	34.85	34.85	26176688	931826304.00
2016/09/13	35.05	35.34	34.30	34.64	15860093	552537088.00
2016/09/14	34.43	34.43	33.86	34.05	13026417	445367264.00
2016/09/19	34.05	34.50	34.01	34.18	10163526	349718944.00
2016/09/20	34.27	34.51	33.36	34.31	20907769	713271936.00
2016/09/21	34.08	34.48	34.01	34.05	9765279	335038368.00
2016/09/22	34.35	34.35	33.79	33.82	12340218	421887584.00
2016/09/23	33.83	34.01	33.35	33.40	12819754	431313024.00
2016/09/26	33.37	33.37	31.26	31.31	27553457	881956416.00
2016/09/27	31.24	31.70	31.06	31.46	13198107	416124832.00
2016/09/28	31.54	31.83	31.36	31.47	12435878	394830368.00
2016/09/29	31.55	31.61	31.05	31.09	11888689	373771648.00
2016/09/30	31.21	32.44	31.21	31.90	24034322	772815744.00
2016/10/10	31.93	32.70	31.56	32.57	21259576	687190912.00
2016/10/11	32.57	32.62	32.19	32.33	13218557	429256384.00
2016/10/12	32.15	32.58	32.08	32.24	12207174	396150432.00
2016/10/13	32.24	32.53	32.03	32.05	9802307	316530688.00
2016/10/14	32.05	32.11	31.52	31.92	13616606	434728544.00
2016/10/17	32.13	33.64	32.01	32.95	40790469	1345106304.00
2016/10/18	32.90	35.51	32.55	35.21	68979836	2395900928.00
2016/10/19	35.40	35.62	34.55	34.82	40263791	1413281536.00
2016/10/20	34.65	36.34	34.56	35.39	46473319	1663596032.00
2016/10/21	35.40	35.40	34.05	34.76	27531786	958969856.00
2016/10/24	34.78	35.28	34.53	34.73	19533892	682504064.00
2016/10/25	34.74	34.99	34.35	34.48	19482446	676805056.00
2016/10/26	34.48	34.55	33.44	33.95	21573422	734171904.00
2016/10/27	33.99	34.57	33.66	34.04	16326055	561251968.00
2016/10/28	34.25	34.31	33.35	33.37	15214889	513821344.00
2016/10/31	33.37	34.55	32.85	34.28	24533276	837351360.00
2016/11/01	34.15	34.49	33.88	34.25	16431412	562916224.00
2016/11/02	34.19	34.19	33.36	33.44	18094227	612537536.00
2016/11/03	33.21	34.01	33.07	33.28	17612637	592857856.00
2016/11/04	33.29	33.53	32.55	32.65	20481250	677004608.00
2016/11/07	32.66	32.89	32.06	32.37	12683102	414104896.00
2016/11/08	32.51	32.70	32.31	32.53	9899012	322941664.00
2016/11/09	32.55	32.65	31.60	31.84	16759662	538703680.00
2016/11/10	32.04	32.24	31.86	31.97	14694674	472498624.00
2016/11/11	32.00	32.85	31.65	32.60	25085911	812723072.00
2016/11/14	32.21	32.25	31.66	32.02	28149741	903601856.00
2016/11/15	32.03	32.15	31.75	32.12	14956731	479627744.00
2016/11/16	32.17	32.82	32.17	32.57	24860040	813278080.00
2016/11/17	32.70	32.70	31.95	32.08	14551366	469382496.00
2016/11/18	32.10	32.36	31.74	31.83	14772347	474159072.00
2016/11/21	31.66	31.97	31.65	31.74	12529574	399871872.00
2016/11/22	31.82	32.06	31.69	31.97	15656012	501280224.00
2016/11/23	32.23	32.35	31.69	31.75	19342920	621571392.00
2016/11/24	31.74	31.74	31.14	31.22	19182686	605877120.00
2016/11/25	31.23	31.34	30.20	30.85	20565583	634534720.00
2016/11/28	31.05	31.13	30.67	30.82	13145781	407980608.00
2016/11/29	30.81	30.81	30.30	30.31	16884716	517051968.00
2016/11/30	30.34	31.20	30.32	30.92	21789046	676110080.00
2016/12/01	31.02	31.17	30.52	30.69	12451715	383835072.00
2016/12/02	30.58	30.64	30.06	30.07	14461423	440516704.00
2016/12/05	30.04	30.41	29.87	30.09	9674985	293347936.00
2016/12/06	30.15	31.25	30.01	30.82	21566321	664152000.00
2016/12/07	30.55	30.74	30.38	30.67	11782025	362088832.00
2016/12/08	30.69	30.93	30.59	30.63	13912662	430407584.00
2016/12/09	30.40	30.83	30.35	30.40	11745604	360366656.00
2016/12/12	30.40	30.40	27.41	27.76	28198082	817537920.00
2016/12/13	27.73	27.98	26.88	27.38	14378670	395161920.00
2016/12/14	27.35	27.56	26.41	26.72	13852495	375308416.00
2016/12/15	26.58	27.39	26.43	27.07	13525034	366884928.00
2016/12/16	27.19	27.80	27.03	27.60	15844752	438854816.00
2016/12/19	27.62	28.30	27.36	27.44	13658052	381293312.00
2016/12/20	27.35	27.89	27.26	27.65	10458415	290257088.00
2016/12/21	27.70	27.81	27.50	27.73	9733839	270400096.00
2016/12/22	27.73	27.77	27.28	27.47	8235793	227355888.00
2016/12/23	27.32	27.67	26.88	26.91	9252266	253221904.00
2016/12/26	26.82	27.60	26.16	27.46	14253230	384713056.00
2016/12/27	27.45	27.59	27.11	27.19	9477468	260341632.00
2016/12/28	27.15	28.19	27.06	27.73	21785022	608602240.00
2016/12/29	27.65	27.95	27.20	27.20	13553772	375517728.00
2016/12/30	27.18	27.44	26.96	27.14	9874157	269629664.00
2017/01/03	27.39	27.39	26.98	27.17	10004743	273521952.00
2017/01/04	27.25	29.84	27.10	29.13	43817668	1264691072.00
2017/01/05	28.85	29.54	28.65	28.89	27575996	804822080.00
2017/01/06	28.85	28.87	28.32	28.35	17339903	496790464.00
2017/01/09	28.09	29.72	28.08	29.03	27137995	793791424.00
2017/01/10	28.96	29.02	28.55	28.75	12988961	375696960.00
2017/01/11	28.59	29.33	28.47	28.83	14509220	421824288.00
2017/01/12	28.81	29.10	28.56	28.67	13422631	388777024.00
2017/01/13	28.65	28.85	27.35	27.54	15198718	431632416.00
2017/01/16	27.55	27.65	24.95	26.14	19428927	515483232.00
2017/01/17	26.21	26.62	25.40	26.43	13561877	356593280.00
2017/01/18	26.33	26.64	26.00	26.21	7248093	191742000.00
2017/01/19	25.95	26.25	25.81	25.88	8137901	212755968.00
2017/01/20	25.87	26.50	25.83	26.34	10505537	277557760.00
2017/01/23	26.43	26.71	26.32	26.40	9370567	249504752.00
2017/01/24	26.35	26.45	26.05	26.21	6047355	159805904.00
2017/01/25	26.23	26.33	26.05	26.18	6626563	174663952.00
2017/01/26	26.20	26.57	26.20	26.52	7923646	210686272.00
2017/02/03	26.56	26.65	26.37	26.48	6597193	175842416.00
2017/02/06	26.52	26.97	26.52	26.91	11015922	296642144.00
2017/02/07	26.91	26.97	26.45	26.61	9807030	262636720.00
2017/02/08	26.62	27.01	26.43	26.92	11774915	317116672.00
2017/02/09	26.94	28.67	26.75	27.61	23974580	669160704.00
2017/02/10	27.45	27.95	27.26	27.58	16471707	455449856.00
2017/02/13	27.45	27.79	27.38	27.68	13242454	367972320.00
2017/02/14	27.55	27.91	27.55	27.78	11340051	316000384.00
2017/02/15	27.83	27.83	26.86	26.99	16124352	443545760.00
2017/02/16	26.93	27.51	26.79	27.17	12280682	335741152.00
2017/02/17	27.24	27.30	26.65	26.71	12513892	338524640.00
2017/02/21	26.97	28.04	26.97	27.76	30025095	835602496.00
2017/02/22	27.69	28.84	27.47	28.42	38914084	1102835072.00
2017/02/23	28.15	29.54	28.07	29.13	45002295	1302423936.00
2017/02/24	29.18	29.55	28.86	28.91	29981249	877578112.00
2017/02/27	28.88	29.35	28.18	28.28	24597108	710644352.00
2017/02/28	28.23	28.61	28.18	28.44	14145510	403414528.00
2017/03/01	28.35	29.33	28.16	29.32	37600200	1092066816.00
2017/03/02	29.37	30.23	29.07	29.48	49652205	1479016064.00
2017/03/03	29.24	31.21	29.14	30.78	70269667	2154817792.00
2017/03/06	30.75	31.82	30.50	30.86	56236528	1756327936.00
2017/03/07	30.68	31.62	30.56	30.78	41277443	1285427328.00
2017/03/08	30.89	31.05	30.11	30.14	35932578	1097423232.00
2017/03/09	29.98	30.90	29.88	30.67	36450166	1117857792.00
2017/03/10	30.47	32.67	30.35	31.66	69969678	2210493952.00
2017/03/13	31.53	32.09	31.02	31.47	46336974	1473015680.00
2017/03/14	31.44	31.78	30.85	31.07	32765464	1026767232.00
2017/03/15	31.06	31.45	30.89	31.05	22862369	715266816.00
2017/03/16	31.32	31.45	30.95	31.23	26718355	836860032.00
2017/03/17	31.24	31.30	29.97	30.03	40498813	1246371456.00
2017/03/20	29.93	30.40	29.24	29.91	29505596	884638400.00
2017/03/21	29.84	30.28	29.44	30.11	21857859	655625280.00
2017/03/22	29.85	30.30	29.55	30.05	20999395	632306496.00
2017/03/23	29.99	30.48	29.65	29.86	23878767	721729280.00
2017/03/24	29.67	29.99	29.43	29.53	17824853	530641344.00
2017/03/27	29.56	29.74	29.22	29.59	19158140	566806080.00
2017/03/28	29.45	30.53	29.33	30.25	34266712	1038393472.00
2017/03/29	30.14	30.64	29.97	30.25	30100190	917944192.00
2017/03/30	30.15	30.15	28.35	28.61	33994780	996415680.00
2017/03/31	28.66	29.66	28.62	29.20	23578811	693117184.00
2017/04/05	29.17	31.33	28.95	31.28	56805888	1757152768.00
2017/04/06	31.28	31.33	30.62	31.08	42221063	1310735616.00
2017/04/07	30.89	31.43	30.53	30.55	28240733	875764544.00
2017/04/10	30.35	31.09	30.06	30.12	29711910	914771520.00
2017/04/11	30.10	30.74	28.41	29.77	36684137	1095487744.00
2017/04/12	29.33	29.71	28.97	29.17	18040400	531395648.00
2017/04/13	29.17	29.77	29.08	29.60	18794507	556478912.00
2017/04/14	29.50	29.51	28.53	28.66	21153485	614654656.00
2017/04/17	28.71	29.30	28.70	28.95	14611892	425766144.00
2017/04/18	29.00	29.15	27.87	27.89	18525954	529075552.00
2017/04/19	27.90	27.90	26.67	27.18	17947526	488242848.00
2017/04/20	27.21	27.36	26.75	26.86	12811509	347621312.00
2017/04/21	26.23	26.23	24.16	24.16	46345463	1155914880.00
2017/04/24	22.58	23.13	21.73	21.73	29338708	649706880.00
2017/04/25	20.75	21.95	20.75	21.20	23648947	508567232.00
2017/04/26	21.43	21.95	21.42	21.80	20497900	449175072.00
2017/04/27	21.53	22.00	20.40	21.61	23307007	499097536.00
2017/04/28	21.44	22.03	21.30	21.79	16125986	353694400.00
2017/05/02	21.84	23.08	21.75	22.65	24877324	565806144.00
2017/05/03	22.55	22.92	22.36	22.49	13935182	316729376.00
2017/05/04	22.45	22.64	21.73	21.80	14193351	317861824.00
2017/05/05	21.84	22.49	21.65	21.90	13117287	291601344.00
2017/05/08	21.95	22.54	21.85	21.89	15190353	339474912.00
2017/05/09	21.70	21.70	20.63	21.49	14907141	317727808.00
2017/05/10	21.40	21.81	20.85	20.95	12431387	267155808.00
2017/05/11	20.90	21.02	19.97	20.76	13531843	280111552.00
2017/05/12	20.95	21.01	20.37	20.54	9516207	197507008.00
2017/05/15	20.60	20.86	20.36	20.46	8171226	168154240.00
2017/05/16	20.30	22.38	20.30	22.01	25318273	538529792.00
2017/05/17	22.05	22.20	21.56	21.68	17487863	381493088.00
2017/05/18	21.51	21.67	21.05	21.13	12081381	257528736.00
2017/05/19	21.38	21.57	20.88	21.18	9304320	197560848.00
2017/05/22	20.96	21.18	20.59	20.62	8697400	181193248.00
2017/05/23	20.52	21.08	20.21	20.31	11145877	230096896.00
2017/05/24	20.37	20.50	19.60	20.41	10366586	209008224.00
2017/05/25	20.31	20.31	19.17	19.87	19715285	389272768.00
2017/05/26	19.78	20.06	19.31	19.34	12967336	254600992.00
2017/05/31	19.62	19.98	19.53	19.54	10959909	216125840.00
2017/06/01	19.58	19.58	18.01	18.20	14951400	283036192.00
2017/06/02	18.20	18.55	17.39	18.45	15029100	269482176.00
2017/06/05	18.70	19.17	18.50	18.99	12775400	241521552.00
2017/06/06	18.65	19.10	18.65	18.99	7945300	150158880.00
2017/06/07	19.09	19.45	19.00	19.35	11998500	231648272.00
2017/06/08	19.40	19.64	19.22	19.30	13020000	252962096.00
2017/06/09	19.21	19.40	18.74	19.14	12079900	230425344.00
2017/06/12	19.00	19.05	18.68	18.74	9447003	178071584.00
2017/06/13	18.69	20.14	18.62	19.85	33680456	662716480.00
2017/06/14	19.76	20.37	19.59	19.87	28338258	567411264.00
2017/06/15	19.87	21.80	19.75	21.41	38322937	789359232.00
2017/06/23	21.66	23.07	21.50	21.92	43406700	961591680.00
2017/06/26	22.18	22.30	21.57	22.10	29576100	650164608.00
2017/06/27	21.99	21.99	21.46	21.48	21906500	474283424.00
2017/06/28	21.47	21.86	21.22	21.25	15489168	333907040.00
2017/06/29	21.26	21.50	20.91	21.11	16760200	354518592.00
2017/06/30	20.90	22.20	20.53	21.99	35948900	770448384.00
2017/07/03	21.81	22.59	21.66	22.38	31647400	703322624.00
2017/07/04	22.25	23.49	22.11	22.72	39933900	914425536.00
2017/07/05	22.59	23.36	22.34	23.08	35392800	811371520.00
2017/07/06	23.00	24.65	22.88	23.94	59068500	1416129152.00
2017/07/07	23.61	24.77	23.48	24.34	42970600	1034515392.00
2017/07/10	24.07	24.50	23.60	23.60	33404100	801104000.00
2017/07/11	23.55	23.60	22.68	22.73	27888500	644779328.00
2017/07/12	22.80	25.00	22.80	25.00	67152000	1617068800.00
2017/07/13	25.13	25.73	24.32	24.56	74603800	1869469952.00
2017/07/14	24.33	26.76	24.14	25.99	81016000	2074694528.00
2017/07/17	25.89	27.50	24.15	26.18	96010000	2516600576.00
2017/07/18	25.90	27.45	25.71	27.30	71142600	1895232512.00
2017/07/19	27.20	27.70	26.66	27.36	70717300	1923622528.00
2017/07/20	27.09	28.82	27.00	27.02	82551100	2301097216.00
2017/07/21	26.72	27.59	26.31	26.71	58767532	1578585472.00
2017/07/24	26.48	27.09	25.92	26.22	44178500	1165090304.00
2017/07/25	25.74	26.18	24.57	25.36	53737900	1359384576.00
2017/07/26	25.20	26.86	24.88	26.63	64174000	1666311936.00
2017/07/27	26.30	26.88	25.71	26.08	47231800	1241305216.00
2017/07/28	25.94	26.89	25.80	26.39	50643300	1340816128.00
2017/07/31	26.16	26.80	25.56	26.67	50053800	1311755904.00
2017/08/01	26.48	28.18	26.48	27.66	76797600	2115878656.00
2017/08/02	27.49	27.99	26.82	26.99	57665600	1574710912.00
2017/08/03	26.67	26.89	26.05	26.24	35483500	933607808.00
2017/08/04	26.10	26.50	24.85	25.05	43082700	1104472192.00
2017/08/07	25.00	25.67	24.85	25.20	22751100	574478656.00
2017/08/08	25.20	25.50	24.38	24.43	31840300	791561856.00
2017/08/09	24.29	24.88	24.15	24.55	20446300	503052000.00
2017/08/10	24.45	24.83	24.15	24.21	19911600	486527328.00
2017/08/11	24.21	24.73	23.90	23.95	22863400	556493760.00
2017/08/14	24.19	24.96	24.19	24.88	24745900	610814656.00
2017/08/15	24.50	24.60	23.88	24.06	38025000	919516672.00
2017/08/16	23.91	23.93	23.00	23.38	29720300	692895296.00
2017/08/17	23.46	23.85	23.23	23.64	21338500	502675968.00
2017/08/18	23.46	23.50	23.22	23.31	12770200	298063584.00
2017/08/21	23.31	23.69	23.30	23.60	12553500	295950528.00
2017/08/22	23.62	24.50	23.39	24.49	35732900	861345024.00
2017/08/23	24.55	24.59	23.80	23.84	22444500	541894272.00
2017/08/24	23.30	23.56	22.70	22.80	28625700	660811328.00
2017/08/25	22.79	23.19	22.70	22.85	15321100	351190272.00
2017/08/28	22.85	23.43	22.85	23.19	15973900	370514368.00
2017/08/29	23.16	23.35	22.90	23.00	13685200	316279488.00
2017/08/30	22.90	23.35	22.90	23.18	12538200	290596544.00
2017/08/31	23.16	23.93	23.10	23.91	30063300	713454656.00
数据来源:通达信
