002475 立讯精密 日线 前复权
      日期	    开盘	    最高	    最低	    收盘	    成交量	    成交额
2010/09/15	2.17	2.50	2.17	2.50	31043423	1182485888.00
2010/09/16	2.50	2.68	2.45	2.53	17125240	699813184.00
2010/09/17	2.57	2.60	2.35	2.41	11802672	467264608.00
2010/09/20	2.40	2.56	2.33	2.34	8596809	338151072.00
2010/09/21	2.25	2.27	2.09	2.17	9231356	322270112.00
2010/09/27	2.18	2.26	2.14	2.24	5708605	203904080.00
2010/09/28	2.22	2.26	2.15	2.15	4692703	166702000.00
2010/09/29	2.12	2.29	2.08	2.25	5172356	183316544.00
2010/09/30	2.23	2.43	2.21	2.35	5189412	194295024.00
2010/10/08	2.34	2.45	2.31	2.38	4922162	188668960.00
2010/10/11	2.35	2.38	2.21	2.23	5620211	206872928.00
2010/10/12	2.20	2.27	2.14	2.16	5244866	184311424.00
2010/10/13	2.14	2.19	2.13	2.16	3089697	107798472.00
2010/10/14	2.24	2.37	2.21	2.30	10791278	399084224.00
2010/10/15	2.24	2.25	2.17	2.17	5898197	209804384.00
2010/10/18	2.15	2.15	1.98	2.09	3929061	132182560.00
2010/10/19	2.04	2.27	2.04	2.21	4180691	148045248.00
2010/10/20	2.17	2.30	2.14	2.27	4084616	148729424.00
2010/10/21	2.28	2.30	2.21	2.23	2386292	85871504.00
2010/10/22	2.22	2.28	2.21	2.23	2176566	78710280.00
2010/10/25	2.26	2.36	2.26	2.32	3919360	146259296.00
2010/10/26	2.32	2.32	2.23	2.25	3633322	132939440.00
2010/10/27	2.26	2.36	2.23	2.31	4478958	166815616.00
2010/10/28	2.29	2.55	2.28	2.55	8631854	339443008.00
2010/10/29	2.64	2.81	2.57	2.75	7304875	313697504.00
2010/11/01	2.71	2.94	2.70	2.76	6653710	296087488.00
2010/11/02	2.78	2.84	2.65	2.68	4174482	181979392.00
2010/11/03	2.64	2.69	2.60	2.67	2609172	110159520.00
2010/11/04	2.64	2.85	2.64	2.80	3025554	133457232.00
2010/11/05	2.79	3.08	2.79	3.00	3936883	183882064.00
2010/11/08	3.02	3.17	2.90	3.14	3872939	187602576.00
2010/11/09	3.09	3.12	3.01	3.05	3193279	153616272.00
2010/11/10	3.04	3.18	3.01	3.16	2650874	129937696.00
2010/11/11	3.11	3.24	2.97	2.98	3253324	158474816.00
2010/11/12	2.96	3.03	2.71	2.71	3514216	158570160.00
2010/11/15	2.72	2.97	2.72	2.95	2810695	126775984.00
2010/11/16	2.94	3.08	2.82	2.90	3467777	162441664.00
2010/11/17	2.85	2.96	2.77	2.80	1592721	72188640.00
2010/11/18	2.77	2.89	2.76	2.81	1802429	80155328.00
2010/11/19	2.82	3.05	2.75	3.01	3448929	157472560.00
2010/11/22	2.99	3.21	2.98	3.09	5647286	276894880.00
2010/11/23	3.09	3.20	3.01	3.16	3609346	176616176.00
2010/11/24	3.13	3.23	3.09	3.21	2636081	131233704.00
2010/11/25	3.17	3.24	3.07	3.08	2184939	108118832.00
2010/11/26	3.07	3.14	3.07	3.11	984695	48266984.00
2010/11/29	3.20	3.44	3.20	3.44	3937939	206199296.00
2010/11/30	3.66	3.71	3.39	3.55	5972857	333707808.00
2010/12/01	3.50	3.60	3.43	3.48	2521020	138630432.00
2010/12/02	3.50	3.64	3.46	3.48	2401045	132653400.00
2010/12/03	3.42	3.51	3.28	3.34	2358103	124244952.00
2010/12/06	3.30	3.34	3.17	3.22	2387268	121776264.00
2010/12/07	3.17	3.48	3.17	3.44	2078446	110090088.00
2010/12/08	3.43	3.55	3.39	3.41	1436602	78121456.00
2010/12/09	3.40	3.50	3.31	3.47	1979986	106027272.00
2010/12/10	3.41	3.51	3.34	3.47	1420285	76798584.00
2010/12/13	3.49	3.78	3.47	3.72	2772266	159331872.00
2010/12/14	3.73	3.79	3.66	3.74	2208119	128715600.00
2010/12/15	3.77	3.77	3.59	3.64	3709569	212101216.00
2010/12/16	3.62	3.87	3.55	3.76	2427738	143483152.00
2010/12/17	3.73	3.80	3.67	3.78	1270706	74175928.00
2010/12/20	3.78	3.89	3.68	3.87	2233792	132997952.00
2010/12/21	3.87	3.91	3.72	3.78	1607156	95115296.00
2010/12/22	3.82	3.82	3.66	3.69	1304423	75414928.00
2010/12/23	3.69	3.74	3.59	3.61	1368794	78406696.00
2010/12/24	3.58	3.66	3.24	3.44	3619696	195309872.00
2010/12/27	3.41	3.47	3.19	3.21	2189836	114777560.00
2010/12/28	3.18	3.21	3.04	3.11	2669350	131093256.00
2010/12/29	3.10	3.40	3.10	3.32	2606435	133154224.00
2010/12/30	3.33	3.55	3.29	3.44	2004311	108692880.00
2010/12/31	3.44	3.58	3.42	3.57	1162194	64395380.00
2011/01/04	3.54	3.64	3.49	3.56	1224224	68250288.00
2011/01/05	3.54	3.56	3.45	3.55	1183496	64811784.00
2011/01/06	3.55	3.62	3.46	3.58	956138	53011248.00
2011/01/07	3.57	3.62	3.44	3.50	1041170	57480388.00
2011/01/11	3.36	3.37	3.13	3.14	1779768	89808224.00
2011/01/12	3.15	3.27	3.07	3.17	1422145	71227704.00
2011/01/13	3.19	3.24	3.16	3.19	673669	33874228.00
2011/01/14	3.28	3.28	3.07	3.11	644741	31878590.00
2011/01/17	3.21	3.21	2.83	2.92	1620428	75233024.00
2011/01/18	2.93	3.00	2.84	2.91	844378	39233300.00
2011/01/19	3.00	3.04	2.91	3.00	865651	40783908.00
2011/01/20	2.99	3.03	2.86	2.87	731266	33685524.00
2011/01/21	2.84	3.08	2.84	2.98	1200336	56207096.00
2011/01/24	3.03	3.03	2.89	2.90	787211	36827756.00
2011/01/25	2.90	2.96	2.86	2.93	840270	38590716.00
2011/01/26	2.90	3.02	2.90	2.99	417791	19655682.00
2011/01/27	2.98	3.04	2.96	3.03	558669	26574602.00
2011/01/28	3.03	3.04	2.99	3.04	344918	16431701.00
2011/01/31	3.04	3.07	2.99	3.04	507030	24224034.00
2011/02/01	3.05	3.10	3.01	3.06	432547	20915150.00
2011/02/09	3.06	3.06	2.90	2.90	699893	32765690.00
2011/02/10	2.90	3.01	2.89	3.01	401173	18835576.00
2011/02/11	3.01	3.16	3.01	3.13	641257	31519220.00
2011/02/14	3.12	3.21	3.11	3.19	602162	30084920.00
2011/02/15	3.18	3.25	3.15	3.17	599868	30258100.00
2011/02/16	3.15	3.23	3.14	3.19	588294	29538216.00
2011/02/17	3.19	3.27	3.15	3.17	799869	40267728.00
2011/02/18	3.15	3.25	3.11	3.22	1184695	59616444.00
2011/02/21	3.16	3.31	3.15	3.30	781593	40198080.00
2011/02/22	3.31	3.33	3.17	3.18	752026	38249836.00
2011/02/23	3.17	3.22	3.17	3.20	431268	21636186.00
2011/02/24	3.20	3.26	3.19	3.26	510042	25927554.00
2011/02/25	3.26	3.29	3.21	3.23	435581	22133470.00
2011/02/28	3.23	3.23	3.17	3.22	781008	39263984.00
2011/03/01	3.18	3.27	3.17	3.20	410611	20848912.00
2011/03/02	3.18	3.22	3.15	3.22	404128	20200998.00
2011/03/03	3.18	3.27	3.16	3.17	472730	23908924.00
2011/03/04	3.17	3.19	3.03	3.05	1066824	51827820.00
2011/03/07	3.05	3.10	3.04	3.04	734738	35465632.00
2011/03/08	3.04	3.07	2.99	3.02	790865	37614728.00
2011/03/09	3.06	3.11	3.03	3.07	567955	27647310.00
2011/03/10	3.08	3.08	3.03	3.07	440369	21227294.00
2011/03/11	3.05	3.13	3.02	3.08	504068	24675534.00
2011/03/14	3.09	3.22	3.09	3.22	1143347	57470672.00
2011/03/15	3.24	3.24	3.11	3.20	822641	41225616.00
2011/03/16	3.23	3.24	3.17	3.20	576561	28983856.00
2011/03/17	3.18	3.20	3.10	3.16	586838	29001328.00
2011/03/18	3.13	3.20	3.05	3.08	671128	32832302.00
2011/03/21	3.08	3.11	2.97	3.03	671614	31906430.00
2011/03/22	3.01	3.02	2.92	2.94	596961	27873692.00
2011/03/23	2.95	2.98	2.94	2.97	217008	10182088.00
2011/03/24	2.98	3.00	2.90	2.95	343185	16027217.00
2011/03/25	2.98	2.98	2.91	2.95	562441	26148748.00
2011/03/28	2.95	2.95	2.85	2.85	725200	33066634.00
2011/03/29	2.85	2.89	2.82	2.82	611167	27585304.00
2011/03/30	2.84	2.84	2.68	2.71	780480	33799808.00
2011/03/31	2.71	2.75	2.71	2.73	266346	11548164.00
2011/04/01	2.76	2.76	2.72	2.73	215301	9354511.00
2011/04/06	2.73	2.80	2.73	2.73	365004	15954925.00
2011/04/08	2.79	2.86	2.74	2.80	853514	38218136.00
2011/04/11	2.85	2.85	2.77	2.78	410739	18253440.00
2011/04/12	2.78	2.81	2.72	2.78	721249	31562188.00
2011/04/13	2.77	3.08	2.74	3.04	1548708	72074856.00
2011/04/19	3.36	3.36	3.17	3.36	3231940	170037456.00
2011/04/20	3.58	3.72	3.46	3.52	7075418	397378400.00
2011/04/21	3.52	3.53	3.37	3.51	3007511	164649184.00
2011/04/22	3.48	3.62	3.44	3.55	1828049	100639064.00
2011/04/25	3.51	3.51	3.24	3.42	745506	40135104.00
2011/04/26	3.39	3.46	3.31	3.44	822991	43655176.00
2011/04/27	3.44	3.50	3.36	3.38	488977	26091582.00
2011/04/28	3.38	3.41	3.19	3.36	975298	50293204.00
2011/04/29	3.31	3.38	3.31	3.34	309500	16263708.00
2011/05/03	3.33	3.48	3.29	3.43	483166	25860200.00
2011/05/05	3.37	3.43	3.29	3.43	738322	38839596.00
2011/05/06	3.38	3.54	3.38	3.43	1007143	54837608.00
2011/05/09	3.43	3.54	3.40	3.49	620401	33937916.00
2011/05/10	3.49	3.54	3.43	3.48	516926	28262264.00
2011/05/11	3.44	3.48	3.40	3.44	341041	18399422.00
2011/05/12	3.37	3.44	3.37	3.40	235753	12617025.00
2011/05/13	3.40	3.61	3.33	3.35	391948	20929220.00
2011/05/16	3.31	3.35	3.26	3.26	622061	32151006.00
2011/05/17	3.26	3.33	3.21	3.30	563569	29108810.00
2011/05/18	3.29	3.33	3.26	3.32	301333	15662544.00
2011/05/19	3.34	3.36	3.25	3.29	418325	21679918.00
2011/05/20	3.27	3.32	3.20	3.27	572277	29142650.00
2011/05/23	3.23	3.27	3.12	3.13	349944	17437852.00
2011/05/24	3.11	3.29	3.08	3.08	535608	26604888.00
2011/05/25	3.08	3.19	3.04	3.04	294230	14434671.00
2011/05/26	3.05	3.09	2.91	2.92	494328	15393832.00
2011/05/27	2.91	2.91	2.76	2.86	406864	12198628.00
2011/05/30	2.81	2.91	2.81	2.83	320306	9616550.00
2011/05/31	2.82	2.89	2.81	2.86	294114	8791048.00
2011/06/01	2.87	2.99	2.82	2.99	837967	25281546.00
2011/06/02	2.94	2.98	2.88	2.96	753152	23321992.00
2011/06/03	2.99	3.05	2.93	2.98	187905	5929223.00
2011/06/07	2.98	3.15	2.98	3.15	579225	18688488.00
2011/06/08	3.15	3.24	3.07	3.23	652588	21612746.00
2011/06/09	3.23	3.23	3.05	3.07	764141	24883806.00
2011/06/10	3.07	3.14	3.01	3.14	387017	12484704.00
2011/06/13	3.13	3.19	3.07	3.18	359016	11851875.00
2011/06/14	3.19	3.30	3.19	3.20	507652	17163880.00
2011/06/15	3.21	3.24	3.16	3.18	240256	8013423.00
2011/06/16	3.18	3.18	3.10	3.12	258502	8518004.00
2011/06/17	3.16	3.16	3.04	3.04	178481	5763831.50
2011/06/20	3.04	3.25	2.97	3.16	1052907	34918240.00
2011/06/21	3.13	3.25	3.13	3.23	1125660	37642416.00
2011/06/22	3.24	3.28	3.22	3.24	541127	18369134.00
2011/06/23	3.22	3.41	3.16	3.36	1350284	46482532.00
2011/06/24	3.35	3.56	3.32	3.42	1443750	51705404.00
2011/06/27	3.39	3.51	3.38	3.41	1488090	53419780.00
2011/06/28	3.38	3.44	3.36	3.42	543527	19165920.00
2011/06/29	3.38	3.49	3.38	3.39	655500	23449956.00
2011/06/30	3.43	3.52	3.40	3.47	1148214	41405872.00
2011/07/01	3.66	3.66	3.53	3.60	1545259	57570336.00
2011/07/04	3.65	3.76	3.60	3.72	2420496	93372960.00
2011/07/05	3.71	3.84	3.66	3.72	1872619	72617616.00
2011/07/06	3.67	3.81	3.67	3.81	1211484	46959464.00
2011/07/07	3.81	3.93	3.77	3.81	2467227	98252680.00
2011/07/08	3.81	3.90	3.71	3.89	1500839	59106956.00
2011/07/11	3.87	4.20	3.87	4.05	3140772	131244296.00
2011/07/12	4.01	4.12	3.92	4.05	1161468	48406960.00
2011/07/13	4.02	4.27	3.95	4.25	1557411	65279852.00
2011/07/14	4.30	4.33	3.93	4.12	4719029	199949200.00
2011/07/15	4.07	4.08	3.95	4.01	3311287	137241376.00
2011/07/18	4.00	4.18	3.97	4.13	2529816	106402872.00
2011/07/19	4.10	4.10	3.98	3.98	2542851	105587824.00
2011/07/20	4.03	4.03	3.92	3.95	891004	36424476.00
2011/07/21	3.96	4.15	3.95	4.01	1599478	67292920.00
2011/07/22	4.02	4.19	4.01	4.10	1695948	72194584.00
2011/07/25	4.08	4.19	4.02	4.04	1336277	56433904.00
2011/07/26	4.02	4.19	4.02	4.16	1119120	47636552.00
2011/07/27	4.17	4.48	4.14	4.43	1795129	80196880.00
2011/07/28	4.41	4.50	4.33	4.44	1268484	57597336.00
2011/07/29	4.46	4.48	4.31	4.38	1037911	46698280.00
2011/08/01	4.35	4.38	4.22	4.27	1381776	61062744.00
2011/08/02	4.25	4.36	4.16	4.36	1184030	51941540.00
2011/08/03	4.42	4.56	4.17	4.17	2076268	93995128.00
2011/08/04	4.16	4.21	4.02	4.18	1379028	58788012.00
2011/08/05	4.08	4.18	4.02	4.12	1005269	42739432.00
2011/08/08	4.05	4.13	3.87	4.12	1052206	44044888.00
2011/08/09	4.04	4.28	3.92	4.25	2100910	91051928.00
2011/08/10	4.30	4.40	4.27	4.36	1678410	75155104.00
2011/08/11	4.27	4.40	4.25	4.39	1469022	66038340.00
2011/08/12	4.41	4.47	4.38	4.46	719156	32790916.00
2011/08/15	4.45	4.49	4.18	4.25	2127400	94570040.00
2011/08/16	4.25	4.26	4.12	4.17	1384854	59552084.00
2011/08/17	4.16	4.16	4.06	4.12	1158886	49114840.00
2011/08/18	4.13	4.13	4.00	4.07	1567274	65339116.00
2011/08/19	4.01	4.13	3.97	4.13	666302	27951224.00
2011/08/22	4.13	4.17	4.10	4.14	1182231	50445120.00
2011/08/23	4.15	4.17	4.03	4.13	741610	31207286.00
2011/08/24	4.07	4.20	4.07	4.18	578368	24823208.00
2011/08/25	4.18	4.21	4.11	4.20	652533	28051740.00
2011/08/26	4.20	4.21	4.14	4.16	424926	18309118.00
2011/08/29	4.16	4.16	3.98	4.04	1377506	57629596.00
2011/08/30	4.06	4.07	3.92	3.94	1155786	47589888.00
2011/08/31	3.95	3.97	3.84	3.89	934297	37520844.00
2011/09/01	3.86	3.97	3.86	3.90	335076	13589617.00
2011/09/02	3.91	3.96	3.87	3.95	1037789	42093596.00
2011/09/05	3.95	4.01	3.92	4.00	794844	32634862.00
2011/09/06	3.99	4.00	3.90	3.96	290870	11881081.00
2011/09/07	3.97	4.15	3.95	4.14	603249	25318256.00
2011/09/08	4.13	4.17	4.07	4.07	315581	13433170.00
2011/09/09	4.07	4.17	4.05	4.11	415526	17596212.00
2011/09/13	4.05	4.10	3.93	3.97	935651	38340772.00
2011/09/14	3.98	3.99	3.91	3.95	498201	20299018.00
2011/09/15	3.97	4.04	3.92	4.00	255737	10555339.00
2011/09/16	4.00	4.04	3.99	4.02	302818	12552159.00
2011/09/19	4.03	4.05	3.97	4.02	327756	13607034.00
2011/09/20	4.01	4.03	3.97	4.02	210038	8693554.00
2011/09/21	4.02	4.16	4.02	4.11	992237	42204564.00
2011/09/22	4.05	4.11	4.03	4.08	346767	14578045.00
2011/09/23	4.03	4.08	3.95	3.99	683589	28218180.00
2011/09/26	3.99	4.15	3.99	3.99	424911	17810758.00
2011/09/27	3.99	4.01	3.59	3.65	5166591	199778944.00
2011/09/28	3.66	3.68	3.43	3.49	2706027	98724360.00
2011/09/29	3.49	3.56	3.38	3.54	1064378	38645868.00
2011/09/30	3.51	3.55	3.40	3.51	536602	19318316.00
2011/10/10	3.49	3.52	3.35	3.51	842149	30070768.00
2011/10/11	3.55	3.65	3.51	3.54	702075	26197222.00
2011/10/12	3.49	3.72	3.46	3.70	1215545	46016352.00
2011/10/13	3.70	3.88	3.66	3.76	1170748	46093468.00
2011/10/14	3.76	3.89	3.73	3.88	2097323	83555328.00
2011/10/17	3.89	4.12	3.89	3.99	1448110	60141504.00
2011/10/19	3.95	3.95	3.76	3.83	624636	24768344.00
2011/10/20	3.75	3.82	3.56	3.64	865450	32514132.00
2011/10/21	3.64	3.67	3.42	3.45	1077362	39415824.00
2011/10/24	3.46	3.58	3.39	3.56	616146	22429930.00
2011/10/25	3.57	3.67	3.52	3.66	1415057	52996816.00
2011/10/26	3.64	3.73	3.51	3.68	2172729	82700504.00
2011/10/27	3.69	3.80	3.68	3.68	1630790	63209828.00
2011/10/28	3.70	3.76	3.68	3.70	570430	21930078.00
2011/10/31	3.73	3.74	3.62	3.71	1076530	41003596.00
2011/11/01	3.68	3.74	3.58	3.65	1543607	58838732.00
2011/11/02	3.57	3.77	3.54	3.76	1736830	65572536.00
2011/11/03	3.76	3.85	3.72	3.78	1836384	72158952.00
2011/11/04	3.78	3.92	3.77	3.85	1087699	43407868.00
2011/11/07	3.81	3.86	3.77	3.80	291548	11532082.00
2011/11/08	3.75	3.82	3.67	3.67	856818	33090588.00
2011/11/09	3.67	3.75	3.67	3.73	271958	10460626.00
2011/11/10	3.67	3.80	3.67	3.74	565751	22085858.00
2011/11/11	3.71	3.81	3.65	3.79	745865	28880018.00
2011/11/14	3.79	3.92	3.79	3.88	1432303	57415964.00
2011/11/15	3.89	3.93	3.85	3.91	2140721	86110016.00
2011/11/16	3.91	3.94	3.86	3.89	782343	31549604.00
2011/11/17	3.85	3.94	3.85	3.91	961772	38893420.00
2011/11/18	3.90	3.94	3.87	3.90	945265	38136660.00
2011/11/21	3.83	3.86	3.66	3.75	1035063	40266352.00
2011/11/22	3.67	3.68	3.55	3.58	3427964	128282456.00
2011/11/23	3.55	3.63	3.52	3.56	1563264	57967908.00
2011/11/24	3.52	3.56	3.48	3.48	1405012	51395304.00
2011/11/25	3.48	3.55	3.48	3.53	911720	33343188.00
2011/11/28	3.50	3.61	3.50	3.60	586519	21706864.00
2011/11/29	3.62	3.66	3.57	3.64	234138	8769580.00
2011/11/30	3.62	3.65	3.48	3.52	518668	19241544.00
2011/12/01	3.63	3.65	3.55	3.58	583759	21734730.00
2011/12/02	3.52	3.56	3.41	3.54	438834	15879806.00
2011/12/05	3.47	3.51	3.41	3.46	458648	16496231.00
2011/12/06	3.43	3.48	3.42	3.46	391851	14082577.00
2011/12/07	3.43	3.46	3.38	3.44	587160	20858378.00
2011/12/08	3.41	3.46	3.35	3.41	638368	22616478.00
2011/12/09	3.36	3.44	3.36	3.40	118045	4190487.25
2011/12/12	3.38	3.44	3.36	3.40	991910	34907188.00
2011/12/13	3.34	3.41	3.34	3.41	656339	23043818.00
2011/12/14	3.38	3.42	3.25	3.36	648644	22556482.00
2011/12/15	3.34	3.44	3.30	3.44	932153	32788380.00
2011/12/16	3.38	3.50	3.38	3.50	337197	12135955.00
2011/12/19	3.50	3.50	3.42	3.46	357447	12817173.00
2011/12/20	3.46	3.51	3.42	3.43	176326	6349558.00
2011/12/21	3.42	3.45	3.36	3.36	144200	5100173.00
2011/12/22	3.36	3.39	3.26	3.39	280539	9771116.00
2011/12/23	3.32	3.46	3.32	3.44	230983	8206759.00
2011/12/26	3.41	3.44	3.38	3.38	150630	5353659.50
2011/12/27	3.33	3.38	3.27	3.28	256893	8848731.00
2011/12/28	3.25	3.32	3.17	3.31	300425	10102003.00
2011/12/29	3.26	3.34	3.22	3.22	215985	7367412.50
2011/12/30	3.22	3.36	3.17	3.35	1008659	34312912.00
2012/01/04	3.34	3.34	3.16	3.18	605802	20666546.00
2012/01/05	3.16	3.16	2.85	2.86	987297	30895936.00
2012/01/06	2.85	2.90	2.78	2.83	1442746	43013988.00
2012/01/09	2.83	2.91	2.80	2.87	1152492	34487944.00
2012/01/10	2.89	3.06	2.88	3.00	784314	24259806.00
2012/01/11	3.04	3.04	2.94	2.96	676120	21051298.00
2012/01/12	2.91	3.09	2.91	3.09	1239886	39493140.00
2012/01/13	3.09	3.09	2.93	2.94	1040334	32344744.00
2012/01/16	2.89	2.92	2.83	2.83	668266	20102344.00
2012/01/17	2.84	2.92	2.67	2.92	1059533	31178502.00
2012/01/18	2.91	2.93	2.75	2.75	673029	20069500.00
2012/01/19	2.75	2.86	2.75	2.83	351535	10328730.00
2012/01/20	2.84	3.01	2.78	2.96	534073	16457752.00
2012/01/30	2.97	3.04	2.94	3.01	563959	17699102.00
2012/01/31	2.98	3.03	2.94	2.97	460536	14454613.00
2012/02/01	2.97	3.05	2.95	3.00	233223	7350998.50
2012/02/02	3.01	3.11	2.96	3.09	440163	14064553.00
2012/02/03	3.09	3.21	3.07	3.19	522671	17250524.00
2012/02/06	3.25	3.31	3.16	3.21	1347955	45263348.00
2012/02/07	3.20	3.20	3.13	3.16	660000	21767300.00
2012/02/08	3.17	3.24	3.11	3.23	950648	31568760.00
2012/02/09	3.23	3.32	3.22	3.31	904074	30969306.00
2012/02/10	3.25	3.34	3.25	3.31	295018	10107929.00
2012/02/13	3.25	3.39	3.24	3.27	1362725	47353416.00
2012/02/14	3.27	3.34	3.26	3.31	374953	12886697.00
2012/02/15	3.29	3.34	3.26	3.31	570498	19706348.00
2012/02/16	3.31	3.37	3.24	3.26	1529382	52605616.00
2012/02/17	3.26	3.30	3.22	3.28	276010	9385670.00
2012/02/20	3.33	3.35	3.28	3.29	165800	5719107.50
2012/02/21	3.23	3.29	3.20	3.29	877473	29506088.00
2012/02/22	3.33	3.58	3.33	3.47	2106150	76127304.00
2012/02/23	3.44	3.54	3.42	3.49	764236	27641746.00
2012/02/24	3.51	3.54	3.51	3.53	1046673	38405044.00
2012/02/27	3.53	3.55	3.49	3.54	1364626	49948308.00
2012/02/28	3.47	3.53	3.38	3.46	974758	34924040.00
2012/02/29	3.42	3.42	3.30	3.32	2483575	86640776.00
2012/03/01	3.30	3.49	3.27	3.49	2003831	71276168.00
2012/03/02	3.50	3.64	3.46	3.48	2325273	85561920.00
2012/03/05	3.48	3.59	3.43	3.56	1368801	50083272.00
2012/03/06	3.55	3.56	3.51	3.55	691101	25419452.00
2012/03/07	3.47	3.55	3.46	3.46	894011	32632384.00
2012/03/08	3.45	3.55	3.45	3.48	616698	22541960.00
2012/03/09	3.50	3.54	3.50	3.53	890419	32518620.00
2012/03/12	3.53	3.57	3.46	3.50	784358	28741166.00
2012/03/13	3.47	3.55	3.47	3.54	495865	18195276.00
2012/03/14	3.53	3.65	3.46	3.46	1201712	44410904.00
2012/03/15	3.47	3.50	3.37	3.42	467183	16627335.00
2012/03/16	3.43	3.47	3.34	3.37	1525986	53771532.00
2012/03/19	3.38	3.40	3.27	3.34	2121572	73394776.00
2012/03/20	3.35	3.36	3.29	3.30	938715	32447806.00
2012/03/21	3.31	3.35	3.26	3.33	792200	27210412.00
2012/03/22	3.33	3.35	3.29	3.34	1208731	41938300.00
2012/03/23	3.30	3.35	3.21	3.23	655022	22445900.00
2012/03/26	3.23	3.26	3.04	3.05	2511458	81317520.00
2012/03/27	3.05	3.12	3.05	3.09	3199228	103032432.00
2012/03/28	3.08	3.11	2.95	2.95	1527559	47895376.00
2012/03/29	2.86	2.98	2.86	2.95	1600512	49178056.00
2012/03/30	2.95	2.99	2.90	2.96	718543	22112168.00
2012/04/05	2.96	3.09	2.96	3.04	638346	20319028.00
2012/04/06	3.03	3.11	2.95	3.04	778390	24864316.00
2012/04/09	3.02	3.09	3.02	3.07	629207	20233670.00
2012/04/10	3.07	3.12	2.97	3.06	780178	24986654.00
2012/04/11	3.06	3.09	3.02	3.04	257695	8221543.00
2012/04/12	3.06	3.10	3.04	3.06	671253	21483384.00
2012/04/13	3.14	3.15	3.04	3.07	1070947	34598760.00
2012/04/16	3.07	3.10	3.02	3.02	581271	18545690.00
2012/04/17	2.99	3.04	2.97	3.02	1628280	51349592.00
2012/04/19	3.05	3.20	3.05	3.14	1674453	54928552.00
2012/04/20	3.14	3.17	3.11	3.14	1318953	43207700.00
2012/04/23	3.16	3.16	3.01	3.03	1124433	36054340.00
2012/04/24	2.99	3.07	2.89	2.96	1517690	47255232.00
2012/04/25	2.96	3.02	2.87	2.88	1754505	53754344.00
2012/04/26	2.89	2.94	2.88	2.91	1016722	31006588.00
2012/04/27	2.91	2.91	2.87	2.88	596737	18048956.00
2012/05/02	2.92	2.97	2.90	2.95	613649	18881726.00
2012/05/03	2.95	3.00	2.90	2.93	708830	21686482.00
2012/05/04	2.93	2.96	2.91	2.95	402402	12352442.00
2012/05/07	2.95	3.08	2.93	3.07	1208677	38369672.00
2012/05/08	3.06	3.19	3.06	3.16	2430836	80102304.00
2012/05/09	3.14	3.17	3.10	3.11	748184	24495864.00
2012/05/10	3.12	3.16	3.11	3.13	488901	16011393.00
2012/05/11	3.12	3.13	3.05	3.06	503180	16204252.00
2012/05/14	3.07	3.17	3.07	3.16	939063	30617334.00
2012/05/15	3.12	3.16	3.12	3.16	749338	24615358.00
2012/05/16	3.16	3.29	3.16	3.23	1886877	64216344.00
2012/05/17	3.21	3.29	3.21	3.29	532681	18106674.00
2012/05/18	3.25	3.29	3.23	3.25	880474	29921874.00
2012/05/21	3.26	3.26	3.16	3.19	378944	12703963.00
2012/05/22	3.19	3.24	3.16	3.17	600143	19989492.00
2012/05/23	3.17	3.17	3.11	3.13	789043	25827416.00
2012/05/24	3.11	3.21	3.10	3.13	294044	9688630.00
2012/05/25	3.16	3.17	3.12	3.13	673168	22138416.00
2012/05/28	3.06	3.16	3.06	3.10	360071	11669178.00
2012/05/29	3.10	3.21	3.07	3.19	1679116	55146376.00
2012/05/30	3.19	3.22	3.14	3.18	768809	25490804.00
2012/05/31	3.14	3.38	3.14	3.34	2611106	88997520.00
2012/06/01	3.33	3.38	3.31	3.36	1266235	44169588.00
2012/06/04	3.29	3.38	3.26	3.30	2018325	70243560.00
2012/06/05	3.29	3.37	3.29	3.30	1163958	40412864.00
2012/06/06	3.34	3.35	3.28	3.29	785696	27100954.00
2012/06/07	3.32	3.43	3.32	3.36	1377772	48420676.00
2012/06/08	3.36	3.50	3.35	3.35	1230166	31084132.00
2012/06/11	3.35	3.44	3.29	3.41	902181	22571940.00
2012/06/12	3.38	3.52	3.37	3.49	810723	20908966.00
2012/06/13	3.47	3.61	3.47	3.55	1288786	33860200.00
2012/06/14	3.59	3.60	3.50	3.55	812879	21335772.00
2012/06/15	3.55	3.60	3.51	3.58	846316	22205314.00
2012/06/18	3.59	3.63	3.56	3.60	776924	20683368.00
2012/06/19	3.61	3.61	3.51	3.57	841114	21978584.00
2012/06/20	3.54	3.61	3.51	3.61	903848	23662330.00
2012/06/21	3.66	3.69	3.55	3.68	2223731	59857396.00
2012/06/25	3.68	3.75	3.57	3.61	2219731	59955720.00
2012/06/26	3.60	3.60	3.51	3.60	1423643	37311824.00
2012/06/27	3.60	3.88	3.51	3.75	3323530	92501640.00
2012/06/28	3.70	3.88	3.70	3.86	3749719	105792464.00
2012/06/29	3.87	4.04	3.80	4.02	2489892	72209144.00
2012/07/02	4.01	4.12	3.99	4.09	1501698	44606116.00
2012/07/03	4.09	4.24	3.99	4.09	4508213	137652080.00
2012/07/04	4.10	4.15	3.75	3.79	4980128	143478368.00
2012/07/05	3.75	3.89	3.66	3.86	2422586	67603512.00
2012/07/06	3.86	3.98	3.80	3.94	1428978	41260764.00
2012/07/09	3.95	4.10	3.90	4.01	1925712	57100488.00
2012/07/10	4.07	4.07	3.79	3.90	513380	14725229.00
2012/07/11	3.93	3.95	3.86	3.92	936885	26955094.00
2012/07/12	3.89	4.18	3.88	4.17	2620634	78371976.00
2012/07/13	4.17	4.20	4.10	4.17	1340940	40750832.00
2012/07/16	4.15	4.21	3.89	4.03	1321090	39533136.00
2012/07/17	3.95	4.11	3.95	4.11	460559	13572864.00
2012/07/18	4.13	4.13	3.88	3.96	708438	20555534.00
2012/07/19	3.90	4.07	3.90	4.05	704160	20452338.00
2012/07/20	3.95	4.10	3.95	4.07	416663	12369617.00
2012/07/23	4.02	4.15	3.95	4.15	641696	19372548.00
2012/07/24	4.13	4.30	4.13	4.28	1491708	46493356.00
2012/07/25	4.24	4.53	4.24	4.49	2557108	83063216.00
2012/07/26	4.55	4.55	4.37	4.37	1037058	33741856.00
2012/07/27	4.37	4.43	4.10	4.13	3165917	98700728.00
2012/07/30	4.13	4.29	4.10	4.22	826786	25471492.00
2012/07/31	4.14	4.14	3.81	3.83	2492170	73076640.00
2012/08/01	3.83	4.07	3.83	4.01	1336635	39303640.00
2012/08/02	3.95	4.07	3.93	3.93	1310230	38452424.00
2012/08/03	3.93	4.09	3.93	4.01	1925093	56782416.00
2012/08/06	4.12	4.30	4.05	4.20	2224521	68748888.00
2012/08/07	4.20	4.45	4.18	4.44	1926189	61127640.00
2012/08/08	4.36	4.36	4.16	4.24	4274201	133819344.00
2012/08/09	4.24	4.48	4.16	4.42	1981260	62889076.00
2012/08/10	4.43	4.50	4.37	4.49	980877	32076612.00
2012/08/13	4.41	4.49	4.35	4.38	549794	17744822.00
2012/08/14	4.37	4.48	4.21	4.43	971155	30878422.00
2012/08/15	4.41	4.47	4.30	4.42	980122	31628260.00
2012/08/16	4.31	4.47	4.30	4.33	604344	19295480.00
2012/08/17	4.33	4.36	4.19	4.25	506627	15794816.00
2012/08/20	4.25	4.28	4.19	4.23	405761	12557012.00
2012/08/21	4.25	4.66	4.23	4.45	1788497	58381040.00
2012/08/22	4.53	4.73	4.45	4.61	2139137	72080488.00
2012/08/23	4.60	4.61	4.51	4.59	926162	30731068.00
2012/08/24	4.59	4.59	4.43	4.43	651519	21395660.00
2012/08/27	4.43	4.52	4.38	4.46	497663	16213299.00
2012/08/28	4.49	4.54	4.38	4.51	423327	13787044.00
2012/08/29	4.49	4.69	4.46	4.67	1084786	36408564.00
2012/08/30	4.63	4.73	4.32	4.44	1487761	49083428.00
2012/08/31	4.43	4.46	4.30	4.35	681072	21704302.00
2012/09/03	4.35	4.48	4.30	4.46	864485	28041142.00
2012/09/04	4.48	4.59	4.37	4.48	760994	25053246.00
2012/09/05	4.42	4.54	4.41	4.51	357097	11720842.00
2012/09/06	4.47	4.54	4.40	4.45	505377	16431440.00
2012/09/07	4.45	4.57	4.44	4.48	581967	19193670.00
2012/09/10	4.50	4.54	4.43	4.54	285169	9364745.00
2012/09/11	4.52	4.54	4.30	4.33	1621120	51842888.00
2012/09/12	4.30	4.43	4.30	4.36	332889	10630522.00
2012/09/13	4.44	4.44	4.35	4.35	328401	10542641.00
2012/09/14	4.32	4.40	4.23	4.26	697592	21825386.00
2012/09/17	4.28	4.33	4.20	4.26	272966	8584066.00
2012/09/18	4.23	4.38	4.23	4.37	1145056	36514976.00
2012/09/19	4.41	4.41	4.30	4.32	510891	16199021.00
2012/09/20	4.30	4.35	4.20	4.20	562561	17480118.00
2012/09/21	4.21	4.23	4.07	4.08	1412645	42721284.00
2012/09/24	4.14	4.20	4.02	4.16	397898	12007909.00
2012/09/25	4.19	4.19	4.08	4.08	153790	4667604.00
2012/09/26	4.08	4.19	4.02	4.02	211116	6320196.50
2012/09/27	4.00	4.16	3.97	4.09	635849	18962258.00
2012/09/28	4.17	4.26	4.13	4.20	831532	25674324.00
2012/10/08	4.13	4.24	4.13	4.21	543495	16819122.00
2012/10/09	4.23	4.35	4.23	4.31	765926	23989690.00
2012/10/10	4.31	4.48	4.28	4.47	1463620	47259380.00
2012/10/11	4.50	4.60	4.41	4.43	763814	25249636.00
2012/10/12	4.51	4.51	4.31	4.36	313448	10040049.00
2012/10/15	4.42	4.42	4.33	4.36	182585	5836732.00
2012/10/16	4.31	4.44	4.31	4.34	310155	9875428.00
2012/10/17	4.41	4.44	4.33	4.37	205465	6564472.50
2012/10/18	4.42	4.48	4.35	4.43	156175	5058937.50
2012/10/19	4.42	4.46	4.41	4.43	75542	2448714.00
2012/10/22	4.38	4.44	4.34	4.43	131139	4193714.50
2012/10/23	4.39	4.48	4.35	4.35	126038	4044348.00
2012/10/24	4.37	4.37	4.32	4.33	102084	3251029.00
2012/10/25	4.31	4.36	3.95	4.09	1419093	42622588.00
2012/10/26	4.09	4.12	3.95	4.12	781218	23090124.00
2012/10/29	4.06	4.18	3.95	4.15	554508	16786508.00
2012/10/30	4.18	4.18	4.09	4.12	746119	22621568.00
2012/10/31	4.06	4.16	4.02	4.13	586047	17606638.00
2012/11/01	4.09	4.20	4.09	4.16	446273	13648473.00
2012/11/02	4.19	4.19	4.09	4.10	310475	9366776.00
2012/11/05	4.15	4.16	4.04	4.04	546349	16389364.00
2012/11/06	4.09	4.09	4.02	4.06	146844	4361337.00
2012/11/07	4.06	4.11	4.06	4.06	150843	4523811.50
2012/11/08	4.06	4.06	3.95	3.95	899901	26279408.00
2012/11/09	3.99	3.99	3.81	3.87	729091	20939898.00
2012/11/12	3.94	3.94	3.66	3.73	1278240	35450976.00
2012/11/13	3.73	3.78	3.64	3.66	496573	13509003.00
2012/11/14	3.65	3.74	3.65	3.68	516315	13940519.00
2012/11/15	3.68	3.80	3.65	3.73	387234	10597335.00
2012/11/16	3.73	3.80	3.71	3.75	221880	6127134.00
2012/11/19	3.79	3.79	3.68	3.75	189585	5176827.50
2012/11/20	3.78	3.78	3.70	3.71	137707	3775953.75
2012/11/21	3.74	3.74	3.66	3.69	146527	3978510.25
2012/11/22	3.71	3.78	3.68	3.75	102232	2815129.00
2012/11/23	3.71	3.78	3.71	3.73	141526	3896380.25
2012/11/26	3.65	3.77	3.65	3.68	394298	10734808.00
2012/11/27	3.68	3.68	3.37	3.52	757321	19676750.00
2012/11/28	3.47	3.52	3.39	3.45	551833	14145305.00
2012/11/29	3.43	3.52	3.31	3.39	777735	19499336.00
2012/11/30	3.31	3.49	3.31	3.38	749243	18756598.00
2012/12/03	3.38	3.44	3.28	3.28	846581	20854794.00
2012/12/04	3.28	3.34	3.15	3.18	943976	22382550.00
2012/12/05	3.17	3.46	3.17	3.40	879416	21757778.00
2012/12/06	3.45	3.46	3.27	3.30	441904	10870746.00
2012/12/07	3.30	3.34	3.24	3.34	1024503	24808700.00
2012/12/10	3.33	3.49	3.31	3.48	2458855	61862364.00
2012/12/11	3.48	3.73	3.47	3.73	1894890	50014868.00
2012/12/12	3.65	3.73	3.61	3.68	763861	20552294.00
2012/12/13	3.61	3.64	3.58	3.59	245058	6504038.50
2012/12/14	3.57	3.73	3.57	3.70	1601458	43370800.00
2012/12/17	3.67	3.67	3.31	3.35	4279843	107547824.00
2012/12/18	3.33	3.46	3.27	3.40	1856732	46443412.00
2012/12/19	3.38	3.43	3.36	3.40	1799749	45156264.00
2012/12/20	3.42	3.43	3.36	3.38	984924	24526228.00
2012/12/21	3.41	3.69	3.37	3.65	2121188	55349648.00
2012/12/24	3.62	3.82	3.62	3.80	2216779	61359900.00
2012/12/25	3.79	3.93	3.73	3.90	2077612	58479144.00
2012/12/26	3.90	3.95	3.82	3.90	752047	21631268.00
2012/12/27	3.85	3.91	3.78	3.85	1553486	43814320.00
2012/12/28	3.79	3.85	3.71	3.84	1120528	31110070.00
2012/12/31	3.83	3.85	3.72	3.76	1413720	39152756.00
2013/01/04	3.79	3.83	3.73	3.76	890970	24766936.00
2013/01/07	3.73	3.79	3.67	3.75	547506	15095469.00
2013/01/08	3.77	3.94	3.71	3.92	2113881	59949560.00
2013/01/09	3.92	4.04	3.85	4.02	1849967	53812868.00
2013/01/10	4.02	4.30	3.95	4.10	1098653	32936714.00
2013/01/11	4.10	4.17	4.03	4.04	935230	28153440.00
2013/01/14	4.13	4.31	4.01	4.31	1420434	43636080.00
2013/01/15	4.30	4.44	4.22	4.28	759965	23853916.00
2013/01/16	4.31	4.33	4.17	4.27	680644	21116344.00
2013/01/17	4.26	4.35	4.21	4.27	686697	21484078.00
2013/01/18	4.26	4.35	4.12	4.19	1627378	50246568.00
2013/01/21	4.23	4.27	4.06	4.12	1889915	57337480.00
2013/01/22	4.15	4.16	3.97	4.05	2040317	60145340.00
2013/01/23	4.05	4.06	3.86	3.93	1866043	53871012.00
2013/01/24	3.93	3.93	3.73	3.83	3550927	100356064.00
2013/01/25	3.78	3.95	3.77	3.93	658051	18851452.00
2013/01/28	3.94	3.98	3.90	3.93	708804	20516684.00
2013/01/29	3.95	4.00	3.90	3.92	1414986	40836024.00
2013/01/30	3.95	4.01	3.92	3.99	1203430	35156840.00
2013/01/31	3.99	4.00	3.91	3.92	884712	25519560.00
2013/02/01	3.92	4.01	3.81	3.92	521735	15100192.00
2013/02/04	3.98	3.99	3.80	3.82	904238	25570408.00
2013/02/05	3.84	3.95	3.76	3.95	498513	14247452.00
2013/02/06	3.95	4.02	3.95	3.96	553336	16198447.00
2013/02/07	3.93	4.02	3.92	4.00	419092	12278644.00
2013/02/08	3.96	4.23	3.96	4.11	1296879	39386204.00
2013/02/18	4.11	4.21	4.11	4.19	768061	23563868.00
2013/02/19	4.16	4.36	4.13	4.27	1119285	34981932.00
2013/02/20	4.27	4.37	4.19	4.34	933146	29443314.00
2013/02/21	4.34	4.37	4.19	4.36	936395	29412844.00
2013/02/22	4.35	4.42	4.24	4.36	891936	28554092.00
2013/02/25	4.35	4.42	4.31	4.40	504959	16095425.00
2013/02/26	4.40	4.74	4.35	4.55	1311626	44026444.00
2013/02/27	4.58	4.74	4.37	4.50	1774955	59654552.00
2013/02/28	4.51	4.68	4.50	4.56	689413	23230940.00
2013/03/01	4.57	4.66	4.45	4.52	612077	20301560.00
2013/03/04	4.43	4.61	4.41	4.61	426351	14135065.00
2013/03/05	4.61	4.72	4.54	4.71	1486059	50314172.00
2013/03/06	4.72	5.06	4.71	4.94	1104865	39709232.00
2013/03/07	4.97	4.97	4.71	4.79	789620	27685594.00
2013/03/08	4.73	4.80	4.53	4.64	957885	32207776.00
2013/03/11	4.65	4.65	4.54	4.58	231609	7786283.00
2013/03/12	4.56	4.59	4.33	4.44	710316	22974436.00
2013/03/13	4.43	4.51	4.34	4.44	671317	21767044.00
2013/03/14	4.47	4.61	4.44	4.53	499199	16662587.00
2013/03/15	4.51	4.75	4.48	4.71	569606	19478584.00
2013/03/18	4.71	4.78	4.63	4.68	513980	17797408.00
2013/03/19	4.67	4.79	4.40	4.43	534059	17790032.00
2013/03/20	4.44	4.63	4.41	4.57	745626	24754686.00
2013/03/21	4.54	4.76	4.53	4.75	738647	25310894.00
2013/03/22	4.72	4.81	4.67	4.72	607700	21097138.00
2013/03/25	4.72	4.79	4.51	4.59	892112	30007128.00
2013/03/26	4.59	4.65	4.52	4.62	664305	22337174.00
2013/03/27	4.59	4.72	4.54	4.63	365303	12405103.00
2013/03/28	4.62	4.62	4.46	4.47	726829	23886072.00
2013/03/29	4.47	4.54	4.38	4.41	307592	10007688.00
2013/04/01	4.37	4.68	4.34	4.66	820771	27447114.00
2013/04/02	4.68	4.73	4.44	4.50	479437	16011160.00
2013/04/03	4.56	4.56	4.30	4.43	797103	25659664.00
2013/04/08	4.37	4.50	4.23	4.38	1281748	41649756.00
2013/04/09	4.43	4.49	4.37	4.44	672111	21702862.00
2013/04/10	4.48	4.48	4.27	4.31	979255	30966942.00
2013/04/11	4.36	4.36	4.19	4.29	770084	24079362.00
2013/04/12	4.28	4.37	4.22	4.26	663589	20953992.00
2013/04/15	4.24	4.37	4.13	4.19	631864	19422810.00
2013/04/16	4.16	4.20	4.13	4.19	672529	20569958.00
2013/04/17	4.24	4.30	4.17	4.28	914157	28210914.00
2013/04/18	4.27	4.31	4.22	4.24	435609	13580143.00
2013/04/19	4.25	4.33	4.21	4.31	687251	21513262.00
2013/04/22	4.28	4.28	3.99	4.13	3735835	112392320.00
2013/04/23	4.13	4.13	3.92	3.95	2861903	83944768.00
2013/04/24	3.95	4.07	3.89	4.07	1699671	49853940.00
2013/04/25	4.07	4.13	3.99	4.07	1197291	35555792.00
2013/04/26	4.08	4.08	3.92	3.96	554237	16168618.00
2013/05/02	3.96	4.06	3.80	4.05	1432252	41051652.00
2013/05/03	4.04	4.24	4.03	4.20	2100379	63987648.00
2013/05/06	4.27	4.36	4.26	4.35	1917619	60572820.00
2013/05/07	4.34	4.49	4.31	4.44	1113062	35964412.00
2013/05/08	4.44	4.46	4.38	4.43	669862	21728930.00
2013/05/09	4.44	4.44	4.28	4.30	2190012	69238272.00
2013/05/10	4.26	4.41	4.26	4.31	1107976	35225472.00
2013/05/13	4.31	4.42	4.29	4.41	1347805	43049484.00
2013/05/14	4.40	4.53	4.34	4.50	1514185	49473040.00
2013/05/15	4.49	4.71	4.47	4.70	1740923	58902728.00
2013/05/16	4.65	4.94	4.65	4.74	2461030	86814544.00
2013/05/17	4.74	4.88	4.67	4.82	1366217	48058308.00
2013/05/20	4.86	5.04	4.77	4.83	2157120	76889416.00
2013/05/21	4.80	5.14	4.80	5.10	2889092	105264376.00
2013/05/22	5.10	5.10	4.94	5.00	1048292	38283820.00
2013/05/23	5.00	5.10	4.86	5.03	959271	34932800.00
2013/05/24	5.03	5.13	5.03	5.08	807166	29908306.00
2013/05/27	5.08	5.31	5.03	5.29	932013	35366540.00
2013/05/28	5.25	5.31	4.93	5.03	1376070	50713764.00
2013/05/29	5.03	5.06	4.90	5.01	1200589	43481212.00
2013/05/30	4.93	4.96	4.78	4.95	2631975	93188744.00
2013/05/31	4.93	4.93	4.78	4.79	1572495	55295752.00
2013/06/03	4.84	4.84	4.64	4.65	2134726	73280752.00
2013/06/04	4.65	4.72	4.58	4.66	1047653	35645704.00
2013/06/05	4.66	4.76	4.61	4.72	796065	27400286.00
2013/06/06	4.70	4.71	4.52	4.54	1126440	37870584.00
2013/06/07	4.52	4.63	4.51	4.58	1165059	38897040.00
2013/06/13	4.51	4.58	4.24	4.49	886996	28504376.00
2013/06/14	4.46	4.69	4.46	4.67	1201679	40587224.00
2013/06/17	4.68	4.74	4.61	4.65	875499	29768642.00
2013/06/18	4.65	4.65	4.51	4.58	1118179	37392804.00
2013/06/19	4.54	4.72	4.43	4.68	1098997	36927464.00
2013/06/20	4.66	4.68	4.41	4.42	965517	31773956.00
2013/06/21	4.31	4.58	4.04	4.50	3001680	62682728.00
2013/06/24	4.49	4.49	4.25	4.36	1575648	33612820.00
2013/06/25	4.26	4.37	4.08	4.30	2171779	44996856.00
2013/06/26	4.35	4.59	4.31	4.57	3207371	69530936.00
2013/06/27	4.57	4.64	4.32	4.45	2125866	46406468.00
2013/06/28	4.33	4.41	4.25	4.31	1334936	28027304.00
2013/07/01	4.31	4.39	4.15	4.31	2411721	50437408.00
2013/07/02	4.31	4.41	4.19	4.41	3598078	75118368.00
2013/07/03	4.41	4.74	4.32	4.64	5581496	124041008.00
2013/07/04	4.61	5.02	4.58	4.87	6458975	151294224.00
2013/07/05	4.82	4.92	4.78	4.87	3721260	87377176.00
2013/07/08	4.88	4.88	4.66	4.71	2354959	54312300.00
2013/07/09	4.71	4.71	4.52	4.57	4216611	93736648.00
2013/07/10	4.57	4.64	4.52	4.61	2669661	59271236.00
2013/07/11	4.61	4.82	4.58	4.69	5844653	133360608.00
2013/07/12	4.74	4.78	4.60	4.66	3615425	82123328.00
2013/07/15	4.63	4.92	4.63	4.92	4944868	114528776.00
2013/07/16	4.91	4.94	4.80	4.92	4077442	95966160.00
2013/07/17	4.85	4.92	4.42	4.46	9397857	211782912.00
2013/07/18	4.36	4.52	4.33	4.48	6075089	131458328.00
2013/07/19	4.46	4.52	4.27	4.29	4151388	88702592.00
2013/07/22	4.25	4.49	4.17	4.48	2887687	61035592.00
2013/07/23	4.48	4.57	4.44	4.56	4827806	105861688.00
2013/07/24	4.55	4.55	4.44	4.53	3960335	86514720.00
2013/07/25	4.53	4.55	4.35	4.42	3155052	68467992.00
2013/07/26	4.40	4.43	4.29	4.35	2039120	43100012.00
2013/07/29	4.29	4.37	4.29	4.34	1506144	31761138.00
2013/07/30	4.35	4.42	4.31	4.36	1300727	27616554.00
2013/07/31	4.36	4.45	4.31	4.32	1544217	32662906.00
2013/08/01	4.31	4.46	4.31	4.44	2463999	52731696.00
2013/08/02	4.50	4.87	4.50	4.75	8418198	192238192.00
2013/08/05	4.79	5.07	4.67	5.04	10671792	254492512.00
2013/08/06	5.00	5.25	4.95	5.11	7627830	188754240.00
2013/08/07	5.09	5.27	5.05	5.16	8522546	214194240.00
2013/08/08	5.16	5.69	5.11	5.58	10628465	280790656.00
2013/08/09	5.57	5.58	5.42	5.50	5347923	141865680.00
2013/08/12	5.44	5.65	5.29	5.37	5725968	149698480.00
2013/08/13	5.36	5.52	5.30	5.49	3315322	87108912.00
2013/08/14	5.43	5.49	5.33	5.46	1929546	50444876.00
2013/08/15	5.45	5.54	5.34	5.37	1421617	37270680.00
2013/08/16	5.31	5.44	5.18	5.25	2630066	67714584.00
2013/08/19	5.22	5.55	5.15	5.47	2405006	62181660.00
2013/08/20	5.48	5.48	5.21	5.28	2284897	58855008.00
2013/08/21	5.28	5.82	5.22	5.82	5979017	160845920.00
2013/08/22	5.83	5.91	5.68	5.74	6251632	174313552.00
2013/08/23	5.71	6.22	5.71	6.13	6887491	199557984.00
2013/08/26	6.05	6.38	6.01	6.22	4024173	120415264.00
2013/08/27	6.14	6.22	6.03	6.12	2358197	69566928.00
2013/08/28	6.10	6.15	5.89	5.89	2059920	59928092.00
2013/08/29	5.81	6.11	5.79	5.86	2229097	63739328.00
2013/08/30	5.86	6.04	5.41	5.54	3447378	95790224.00
2013/09/02	5.48	5.96	5.48	5.93	2474330	69204792.00
2013/09/03	5.90	6.01	5.80	6.01	1764196	50517528.00
2013/09/04	5.96	6.11	5.93	6.01	1927646	56103800.00
2013/09/05	6.06	6.18	5.88	5.90	3003599	87128992.00
2013/09/06	5.83	6.11	5.83	5.86	2188572	62718080.00
2013/09/09	5.86	5.86	5.65	5.79	2966127	82225128.00
2013/09/10	5.79	5.79	5.57	5.63	3560041	97037376.00
2013/09/11	5.54	5.54	5.06	5.29	8874760	224921920.00
2013/09/12	5.21	5.37	5.14	5.23	4529642	114435640.00
2013/09/13	5.23	5.52	5.22	5.49	4782033	125614096.00
2013/09/16	5.51	5.58	5.40	5.54	2530289	67270080.00
2013/09/17	5.52	5.54	5.37	5.53	1942345	51322960.00
2013/09/18	5.53	5.59	5.41	5.52	1437518	38255156.00
2013/09/23	5.55	5.84	5.55	5.73	1751492	48610596.00
2013/09/24	5.95	6.19	5.79	5.88	3954172	114016352.00
2013/09/25	5.88	6.10	5.79	5.94	2470177	71386696.00
2013/09/26	5.83	6.04	5.82	5.83	1785038	50901216.00
2013/09/27	5.83	6.00	5.83	5.92	1451628	41577804.00
2013/09/30	5.92	6.01	5.76	5.87	1532885	43475608.00
2013/10/08	5.88	6.22	5.88	6.15	3056474	89826248.00
2013/10/09	6.14	6.21	6.05	6.11	1881378	55543316.00
2013/10/10	6.11	6.13	5.72	5.80	3212122	90679400.00
2013/10/11	5.79	5.83	5.70	5.77	1515766	42017080.00
2013/10/14	5.77	5.82	5.70	5.73	1175800	32608404.00
2013/10/15	5.73	5.79	5.53	5.68	1541738	41978824.00
2013/10/16	5.68	5.69	5.40	5.55	1643982	43882436.00
2013/10/17	5.52	5.62	5.49	5.56	1312506	35246548.00
2013/10/18	5.52	5.68	5.52	5.56	912820	24640932.00
2013/10/21	5.62	5.63	5.50	5.58	1776136	47844852.00
2013/10/22	5.57	5.63	5.46	5.49	1816333	48497520.00
2013/10/23	5.47	5.60	5.37	5.49	1985051	52750436.00
2013/10/24	5.48	5.64	5.47	5.61	1663468	44792316.00
2013/10/25	5.69	5.75	5.48	5.61	2188102	59027516.00
2013/10/28	5.71	5.81	5.62	5.65	1903826	52669124.00
2013/10/29	5.62	5.77	5.41	5.50	2093019	56134812.00
2013/10/30	5.50	5.59	5.31	5.47	2265714	59300340.00
2013/10/31	5.41	5.45	5.13	5.24	3083489	77913464.00
2013/11/01	5.15	5.31	5.15	5.20	1104706	28013596.00
2013/11/04	5.29	5.43	5.20	5.33	1274007	32809024.00
2013/11/05	5.33	5.58	5.33	5.49	1726112	45719424.00
2013/11/06	5.60	5.71	5.56	5.65	2679664	73342448.00
2013/11/07	5.67	5.70	5.28	5.37	2056186	53864712.00
2013/11/08	5.39	5.44	5.06	5.31	1651167	41980844.00
2013/11/11	5.33	5.43	5.22	5.36	1081558	27944270.00
2013/11/12	5.34	5.40	5.26	5.26	736129	18880372.00
2013/11/13	5.23	5.32	5.20	5.25	606005	15429427.00
2013/11/14	5.24	5.46	5.19	5.43	1195589	30897824.00
2013/11/15	5.42	5.60	5.42	5.46	1652659	44156392.00
2013/11/18	5.54	5.61	5.50	5.56	1159495	31275482.00
2013/11/19	5.58	5.61	5.48	5.57	833923	22395446.00
2013/11/20	5.69	5.70	5.52	5.57	1388421	37442132.00
2013/11/21	5.49	5.60	5.48	5.51	867732	23344956.00
2013/11/22	5.51	5.54	5.37	5.48	1443284	38055504.00
2013/11/25	5.41	6.01	5.35	5.80	4365415	120278200.00
2013/11/26	5.80	5.93	5.77	5.83	2069166	58658816.00
2013/11/27	5.83	6.19	5.83	6.19	5589489	164183840.00
2013/11/28	6.22	6.26	5.96	6.09	11908441	346766688.00
2013/11/29	6.01	6.18	5.88	6.14	4144371	121853920.00
2013/12/02	5.94	6.24	5.54	5.87	3727131	107062512.00
2013/12/03	5.86	6.07	5.64	5.94	2487413	70302992.00
2013/12/04	5.96	5.96	5.76	5.88	8050636	226367616.00
2013/12/05	5.75	5.92	5.71	5.79	6547251	184044832.00
2013/12/06	5.86	5.86	5.69	5.73	1642535	45619528.00
2013/12/09	5.73	5.79	5.58	5.67	3260037	89192192.00
2013/12/10	5.69	5.81	5.64	5.78	2455746	68519432.00
2013/12/11	5.78	5.78	5.65	5.71	870405	23968160.00
2013/12/12	5.72	5.96	5.71	5.90	4726112	133920760.00
2013/12/13	5.89	6.12	5.81	6.08	2790941	81329744.00
2013/12/16	6.07	6.11	5.93	5.96	1314618	38065468.00
2013/12/17	6.02	6.02	5.80	5.86	1571951	44823556.00
2013/12/18	5.84	5.96	5.82	5.85	1301824	36989868.00
2013/12/19	5.87	5.99	5.84	5.89	1901270	54234628.00
2013/12/20	5.89	5.89	5.68	5.82	1063647	29831236.00
2013/12/23	5.83	5.84	5.66	5.77	832279	23177512.00
2013/12/24	5.79	6.22	5.76	6.08	3419306	100593936.00
2013/12/25	6.03	6.64	6.03	6.50	5135419	157865584.00
2013/12/26	6.47	6.64	6.37	6.53	2960971	92582560.00
2013/12/27	6.47	6.64	6.37	6.62	3906097	122073224.00
2013/12/30	6.60	6.81	6.53	6.74	2180155	69979096.00
2013/12/31	6.76	7.19	6.49	6.94	4222457	139289184.00
2014/01/02	6.94	7.65	6.73	7.59	8205664	290316320.00
2014/01/03	7.43	7.95	7.40	7.47	6254117	230391648.00
2014/01/06	7.47	7.61	7.28	7.34	2411656	86438312.00
2014/01/07	7.34	7.98	7.25	7.74	3708579	134480768.00
2014/01/08	7.67	8.12	7.60	7.79	1465107	54833380.00
2014/01/09	7.79	7.79	7.46	7.47	2350821	85474240.00
2014/01/10	7.47	7.59	7.16	7.59	3659710	130639256.00
2014/01/13	7.58	7.67	7.38	7.55	2381220	85984096.00
2014/01/14	7.58	7.78	7.49	7.69	1381779	50833576.00
2014/01/15	7.70	8.44	7.59	8.38	3632606	140876080.00
2014/01/16	8.31	8.55	8.14	8.16	2966755	117070696.00
2014/01/17	8.21	8.21	7.88	7.95	1421490	54766388.00
2014/01/20	7.99	7.99	7.55	7.70	1775899	65833940.00
2014/01/21	7.62	7.80	7.42	7.53	3895227	140511216.00
2014/01/22	7.55	7.94	7.50	7.89	3926732	146593120.00
2014/01/23	7.89	7.89	7.51	7.59	3863744	141129104.00
2014/01/24	7.52	7.77	7.49	7.72	2742638	100690312.00
2014/01/27	7.59	8.33	7.58	7.93	2282488	87421176.00
2014/01/28	7.89	8.13	7.52	7.59	2311966	85339304.00
2014/01/29	7.59	7.63	7.22	7.33	3382739	119964648.00
2014/01/30	7.32	7.42	7.19	7.28	1140616	39934348.00
2014/02/07	7.28	7.46	7.19	7.31	1829466	64645144.00
2014/02/10	7.36	7.67	7.31	7.42	2641889	94932440.00
2014/02/11	7.39	7.44	7.13	7.15	4360091	152364784.00
2014/02/12	7.21	7.49	7.15	7.46	2916291	102971200.00
2014/02/13	7.49	7.67	7.26	7.36	3029380	109588648.00
2014/02/14	7.36	7.66	7.28	7.59	3488645	126551360.00
2014/02/17	7.61	7.65	7.30	7.49	3893579	138437360.00
2014/02/18	7.49	7.55	7.27	7.29	2907843	103104728.00
2014/02/19	7.29	7.29	6.98	7.06	3791682	128956528.00
2014/02/20	7.06	7.16	6.81	7.02	3173071	106172456.00
2014/02/21	7.02	7.09	6.90	6.96	2829280	94827272.00
2014/02/24	6.97	7.31	6.92	7.29	3517940	121074808.00
2014/02/25	7.39	7.39	6.85	6.90	2613191	89877672.00
2014/02/26	6.90	7.21	6.89	7.12	2719554	92973808.00
2014/02/27	7.11	7.44	7.09	7.33	3976916	140021888.00
2014/03/05	8.07	8.07	7.33	7.40	8026435	297354304.00
2014/03/06	7.46	7.91	7.33	7.84	6444792	239504960.00
2014/03/07	7.80	8.07	7.61	7.86	4269798	162173968.00
2014/03/10	7.76	7.77	7.25	7.30	3569010	127922176.00
2014/03/11	7.28	7.65	7.25	7.48	3072354	110354960.00
2014/03/12	7.49	7.52	7.33	7.40	1794036	63991908.00
2014/03/13	7.40	7.49	7.34	7.49	825710	29531758.00
2014/03/14	7.49	7.76	7.40	7.68	1954875	72066432.00
2014/03/17	7.68	7.97	7.60	7.89	2011961	75986112.00
2014/03/18	7.95	8.10	7.74	7.79	2287517	87508376.00
2014/03/19	7.79	7.79	7.47	7.64	1972389	72208352.00
2014/03/20	7.59	8.05	7.49	7.57	2954755	110544168.00
2014/03/21	7.49	7.76	7.38	7.60	2466207	89280376.00
2014/03/24	7.60	7.91	7.55	7.79	2763777	103170512.00
2014/03/25	7.77	7.94	7.73	7.84	2142448	80830704.00
2014/03/26	7.86	7.95	7.67	7.74	1467181	55063472.00
2014/03/27	7.74	7.74	7.38	7.50	2211644	79732992.00
2014/03/28	7.48	7.58	7.28	7.32	1465639	52290584.00
2014/03/31	7.32	7.57	7.25	7.48	1258901	45096532.00
2014/04/01	7.48	7.54	7.44	7.48	930785	33573072.00
2014/04/02	7.55	7.55	7.33	7.49	1599952	57347688.00
2014/04/03	7.48	7.55	7.38	7.41	1067975	38400056.00
2014/04/04	7.49	7.79	7.40	7.70	2272034	83530944.00
2014/04/08	7.70	7.85	7.67	7.76	2350691	87700648.00
2014/04/09	7.72	8.02	7.72	7.88	2264898	86036312.00
2014/04/10	7.91	7.95	7.66	7.66	2453056	92324136.00
2014/04/11	7.63	7.71	7.57	7.61	1801931	66098148.00
2014/04/14	7.65	7.82	7.59	7.66	1492913	55296308.00
2014/04/15	7.69	7.77	7.60	7.67	1279412	47175724.00
2014/04/16	7.68	7.68	7.44	7.65	1463807	53164728.00
2014/04/17	7.64	8.04	7.55	7.99	3391327	127987816.00
2014/04/18	7.94	8.30	7.91	8.11	2432416	95110488.00
2014/04/21	8.12	8.67	8.01	8.36	4331380	175098272.00
2014/04/22	8.48	8.67	8.10	8.49	4402093	176223632.00
2014/04/23	8.48	8.73	8.38	8.38	3456562	142376224.00
2014/04/24	8.38	8.66	8.11	8.38	1932253	78207464.00
2014/04/25	8.16	8.64	8.16	8.52	2565216	105075064.00
2014/04/28	8.52	8.55	8.12	8.23	2977891	118930616.00
2014/04/29	8.09	8.50	8.09	8.26	2668837	106643288.00
2014/04/30	8.26	8.26	8.02	8.10	1652400	64437196.00
2014/05/05	8.06	8.87	8.02	8.70	3312545	135209952.00
2014/05/06	8.70	9.58	8.70	9.13	7232111	314218816.00
2014/05/07	9.03	9.15	8.87	9.13	2226074	95946544.00
2014/05/08	9.03	9.31	8.88	9.10	2405632	104912600.00
2014/05/09	9.09	9.09	8.46	8.95	3899199	164115520.00
2014/05/12	8.95	8.97	8.62	8.84	4176062	174989264.00
2014/05/13	8.84	8.96	8.69	8.86	2452095	103380152.00
2014/05/14	8.91	9.00	8.71	8.92	2245343	95600784.00
2014/05/15	8.95	9.29	8.08	8.14	6993094	281469216.00
2014/05/16	8.14	8.21	7.93	8.10	3803869	146784864.00
2014/05/19	8.02	8.17	7.92	8.08	1867703	72042648.00
2014/05/20	8.19	8.40	8.16	8.21	2797327	111035128.00
2014/05/21	8.24	8.55	8.12	8.43	2882655	83143024.00
2014/05/22	8.43	8.92	8.35	8.75	3270180	97623416.00
2014/05/23	8.75	8.89	8.62	8.75	1722582	51535644.00
2014/05/26	8.77	8.95	8.66	8.70	2728226	81750648.00
2014/05/27	8.68	8.87	8.65	8.71	1653026	49495260.00
2014/05/28	8.77	8.92	8.69	8.91	3729489	112887664.00
2014/05/29	8.87	8.98	8.48	8.53	4257754	126773864.00
2014/05/30	8.53	8.91	8.44	8.86	2477715	74302616.00
2014/06/03	8.86	8.97	8.71	8.74	2351956	70912936.00
2014/06/04	8.70	8.83	8.64	8.69	2853548	85073592.00
2014/06/05	8.65	8.99	8.65	8.99	3591747	109213840.00
2014/06/06	9.01	9.26	8.92	9.23	3024376	94208040.00
2014/06/09	9.23	9.33	9.03	9.13	2162889	67528648.00
2014/06/10	9.15	9.28	8.89	9.23	4352701	135449488.00
2014/06/11	9.19	9.54	9.10	9.40	4567344	146175408.00
2014/06/12	9.38	9.39	9.19	9.36	2178553	68990032.00
2014/06/13	9.36	9.45	9.28	9.36	3301069	105599560.00
2014/06/16	9.36	9.48	9.07	9.25	3861770	122378032.00
2014/06/17	9.20	9.26	8.93	9.00	2820070	86911280.00
2014/06/18	9.07	9.26	8.95	9.23	2079201	65136668.00
2014/06/19	9.18	9.25	8.83	9.08	2007748	62311144.00
2014/06/20	9.06	9.17	8.97	9.15	1200238	37329172.00
2014/06/23	9.22	9.29	9.09	9.15	2130254	66814964.00
2014/06/24	9.15	9.18	8.94	9.04	1777955	54820700.00
2014/06/25	8.87	9.04	8.86	9.01	1230860	37523328.00
2014/06/26	9.01	9.15	8.98	8.98	2166540	66952280.00
2014/06/27	8.98	9.06	8.88	9.06	1367184	41864000.00
2014/06/30	9.01	9.66	8.95	9.60	6215033	199194288.00
2014/07/01	9.60	9.72	9.35	9.65	3319153	108664456.00
2014/07/02	9.63	9.92	9.54	9.78	2925428	97522920.00
2014/07/03	9.75	9.92	9.60	9.63	1908817	63516444.00
2014/07/04	9.65	9.65	9.36	9.52	1907864	61611928.00
2014/07/07	9.52	9.63	9.36	9.47	1529904	49465020.00
2014/07/08	9.47	9.52	9.14	9.44	3152359	100108136.00
2014/07/09	9.44	9.45	9.22	9.25	2759530	87658536.00
2014/07/10	9.22	9.26	8.83	8.89	4976961	153298736.00
2014/07/11	8.89	9.05	8.45	8.56	6683381	199734288.00
2014/07/14	8.54	9.07	8.54	9.02	4329890	130066152.00
2014/07/15	8.95	9.12	8.61	8.62	3433647	103586136.00
2014/07/16	8.66	8.77	8.27	8.39	4143811	120076504.00
2014/07/17	8.39	8.61	8.24	8.40	5561815	160198880.00
2014/07/18	8.36	8.52	8.33	8.45	4574083	131805432.00
2014/07/21	8.56	8.83	8.51	8.73	4230662	125886760.00
2014/07/22	8.69	8.96	8.68	8.93	2606180	79015560.00
2014/07/23	8.95	9.06	8.71	8.84	3006287	91344984.00
2014/07/24	8.85	8.93	8.48	8.51	3088795	90819392.00
2014/07/25	8.72	9.06	8.67	8.77	4238636	127720576.00
2014/07/28	8.82	8.91	8.62	8.77	3945549	117974720.00
2014/07/29	8.82	9.09	8.77	9.08	4830518	148348688.00
2014/07/30	9.13	9.13	8.95	9.02	2525792	77938064.00
2014/07/31	9.01	9.13	8.95	9.08	2368344	73058296.00
2014/08/01	8.99	9.20	8.78	8.88	3272084	100309872.00
2014/08/04	8.80	8.91	8.51	8.91	5298015	157379104.00
2014/08/05	8.83	8.89	8.65	8.80	3381228	101356544.00
2014/08/06	8.80	9.06	8.80	8.99	4216158	129015296.00
2014/08/07	9.07	9.21	8.92	9.16	5620773	175825744.00
2014/08/08	9.13	9.33	9.05	9.12	4278591	134502144.00
2014/08/11	9.24	9.32	9.03	9.22	3235457	101913680.00
2014/08/12	9.14	9.68	9.13	9.63	7391102	239874512.00
2014/08/13	9.63	10.16	9.63	10.15	9274448	316119296.00
2014/08/14	10.15	10.67	9.92	10.10	4825083	169117696.00
2014/08/15	10.15	10.22	9.96	10.02	3427912	117954720.00
2014/08/18	10.11	10.25	10.00	10.05	3861423	133074160.00
2014/08/19	10.06	10.22	10.00	10.11	3297271	113355392.00
2014/08/20	10.11	10.14	9.89	9.98	3013944	103119056.00
2014/08/21	9.90	10.04	9.71	10.02	3544879	119043840.00
2014/08/22	10.02	10.02	9.81	9.87	2222261	75137136.00
2014/08/25	9.98	9.98	9.66	9.87	2549221	85369048.00
2014/08/26	9.87	9.92	9.57	9.63	3201611	106279744.00
2014/08/27	9.63	9.65	9.45	9.55	3322009	108047520.00
2014/08/28	9.60	9.71	9.48	9.69	1802887	59080692.00
2014/08/29	9.75	10.27	9.75	10.06	4497280	154194928.00
2014/09/01	10.08	10.28	9.93	10.15	4553995	156828800.00
2014/09/02	10.15	10.18	9.95	10.16	3585166	123079264.00
2014/09/03	10.13	10.20	10.02	10.15	3308635	114445248.00
2014/09/04	10.13	10.13	9.92	10.00	4205187	143304224.00
2014/09/05	9.99	10.06	9.78	9.89	5209405	175546144.00
2014/09/09	9.89	10.03	9.76	9.84	3824499	129550824.00
2014/09/10	9.87	9.98	9.68	9.94	3948944	132534512.00
2014/09/11	9.99	10.00	9.81	9.85	4063630	136748256.00
2014/09/12	9.79	9.91	9.69	9.82	3620015	121076600.00
2014/09/15	9.81	9.88	9.68	9.74	4274344	142377152.00
2014/09/16	9.78	9.84	9.57	9.57	3548049	117603888.00
2014/09/17	9.59	9.71	9.32	9.50	4999535	161474352.00
2014/09/18	9.51	9.60	9.36	9.57	4127977	134078384.00
2014/09/19	9.67	9.96	9.67	9.77	5324396	178477248.00
2014/09/22	9.77	9.98	9.58	9.95	5640525	190245056.00
2014/09/23	9.99	9.99	9.84	9.88	2539306	85922496.00
2014/09/24	9.83	9.94	9.78	9.87	3319557	111761848.00
2014/09/25	9.89	9.95	9.63	9.66	4227693	141166688.00
2014/09/26	9.66	9.66	9.19	9.36	11408345	364979584.00
2014/09/29	9.41	9.59	9.36	9.38	6603042	213534576.00
2014/09/30	9.39	9.60	9.39	9.59	4731776	153873152.00
2014/10/08	9.60	9.66	9.43	9.49	4035392	130751296.00
2014/10/09	9.51	9.59	9.43	9.57	4405629	143311904.00
2014/10/10	9.52	9.54	9.43	9.53	3794977	122929152.00
2014/10/13	9.45	9.49	9.19	9.32	5191524	164786192.00
2014/10/14	9.62	9.62	9.30	9.37	2652954	85158992.00
2014/10/15	9.37	9.57	9.37	9.51	2774328	90056920.00
2014/10/16	9.51	9.53	9.41	9.46	2687200	86812592.00
2014/10/17	9.48	9.54	9.20	9.28	3595381	114461352.00
2014/10/20	9.36	9.45	9.33	9.42	3642007	116890360.00
2014/10/21	9.55	9.98	9.55	9.98	16093632	541006144.00
2014/10/22	9.99	10.00	9.73	9.77	6450533	217787744.00
2014/10/23	9.81	9.87	9.60	9.78	4473614	148874512.00
2014/10/24	9.81	9.90	9.69	9.79	3566237	119496992.00
2014/10/27	9.80	9.86	9.72	9.83	3709951	124219120.00
2014/10/28	9.84	9.95	9.79	9.95	6059527	204575584.00
2014/10/29	9.95	9.96	9.73	9.83	7369178	247220304.00
2014/10/30	9.82	9.89	9.65	9.67	3737409	124392016.00
2014/10/31	9.63	9.66	9.36	9.47	6671629	215437088.00
2014/11/03	9.47	9.57	9.38	9.41	4065320	131332272.00
2014/11/04	9.45	9.59	9.35	9.39	4997282	161403984.00
2014/11/05	9.40	9.44	9.19	9.31	5971525	189794208.00
2014/11/06	9.36	9.45	9.32	9.41	2940999	94386448.00
2014/11/07	9.45	9.53	9.31	9.33	3148598	101131784.00
2014/11/10	9.35	9.35	9.24	9.32	2943430	93372280.00
2014/11/11	9.35	9.37	8.86	8.93	5511759	171152512.00
2014/11/12	8.84	9.02	8.84	9.00	2404957	73820952.00
2014/11/13	9.00	9.00	8.74	8.83	3216368	97134592.00
2014/11/14	8.88	8.94	8.77	8.93	1847273	55990144.00
2014/11/17	8.93	9.23	8.93	9.17	3558687	111004992.00
2014/11/18	9.17	9.33	9.17	9.31	3219706	101930288.00
2014/11/19	9.23	9.42	9.23	9.23	3981636	126983160.00
2014/11/20	9.27	9.34	9.17	9.26	2379396	75257752.00
2014/11/21	9.31	9.31	9.15	9.16	2312928	72940136.00
2014/11/24	9.22	9.28	9.06	9.15	4703009	147022480.00
2014/11/25	9.16	9.20	9.06	9.17	4118083	128371008.00
2014/11/26	9.15	9.20	9.01	9.07	4861874	151267648.00
2014/11/27	9.07	9.12	8.83	8.92	5743262	175883872.00
2014/11/28	8.92	8.92	8.51	8.75	10048096	299864672.00
2014/12/01	8.83	8.83	8.49	8.59	6990777	205598672.00
2014/12/02	8.60	8.97	8.60	8.88	5601657	168479648.00
2014/12/03	8.91	8.95	8.63	8.92	6784981	204500576.00
2014/12/04	8.96	9.27	8.96	9.14	6457710	202355264.00
2014/12/05	9.07	9.20	8.77	8.83	6548705	200570256.00
2014/12/08	8.85	8.89	8.59	8.77	9863919	291861184.00
2014/12/09	8.74	8.74	8.33	8.34	9414850	274611616.00
2014/12/10	8.44	8.92	8.43	8.71	9942754	295545952.00
2014/12/11	8.65	8.80	8.62	8.66	4480540	133376280.00
2014/12/12	8.70	8.93	8.60	8.92	5676191	171690496.00
2014/12/15	8.93	9.11	8.84	9.07	5312064	163119840.00
2014/12/16	9.13	9.13	8.91	9.00	3392097	104126744.00
2014/12/17	9.01	9.06	8.75	8.77	4492741	136254288.00
2014/12/18	8.71	8.83	8.65	8.69	3228695	96426336.00
2014/12/19	8.69	8.80	8.32	8.41	6218000	180183104.00
2014/12/22	8.36	8.41	7.84	8.07	7017427	192794464.00
2014/12/23	8.08	8.15	7.85	7.87	4978120	135517968.00
2014/12/24	7.88	8.52	7.85	8.25	8167754	229417952.00
2014/12/25	8.26	8.57	8.12	8.45	5816631	168361296.00
2014/12/26	8.45	8.53	8.33	8.37	2912459	83968664.00
2014/12/29	8.36	8.36	8.03	8.15	4215538	117498968.00
2014/12/30	8.13	8.13	7.89	7.95	4442703	121685944.00
2014/12/31	7.95	8.53	7.89	8.08	6945873	195489456.00
2015/01/05	8.12	8.38	8.03	8.32	4830265	136379504.00
2015/01/06	8.32	8.99	8.32	8.88	12233160	366351328.00
2015/01/07	8.91	9.18	8.79	8.93	5571584	171129312.00
2015/01/08	9.02	9.15	8.93	9.00	5440212	168404128.00
2015/01/09	9.01	9.35	8.95	9.20	9267600	292846656.00
2015/01/12	9.13	9.44	9.09	9.33	5636401	179954320.00
2015/01/13	9.29	9.75	9.29	9.63	11433571	374888832.00
2015/01/14	9.59	9.79	9.39	9.41	5614135	183649680.00
2015/01/15	9.42	9.57	9.31	9.41	3611411	116429448.00
2015/01/16	9.41	9.45	9.13	9.39	5858365	186598176.00
2015/01/19	9.24	9.66	9.07	9.36	7473589	240908752.00
2015/01/20	9.35	9.78	9.22	9.68	8508187	278985472.00
2015/01/21	9.72	10.31	9.72	10.18	12281307	425403488.00
2015/01/22	10.19	10.26	9.98	10.18	6128812	212476384.00
2015/01/23	10.09	10.19	9.66	9.76	7151326	241556064.00
2015/01/26	9.81	10.30	9.76	10.21	6186608	214384992.00
2015/01/27	10.18	10.45	10.02	10.37	5557757	195262192.00
2015/01/28	10.20	10.37	10.11	10.17	4635136	161922496.00
2015/01/29	10.11	10.11	9.84	9.96	3710893	126667104.00
2015/01/30	10.02	10.05	9.80	9.81	3230350	109156248.00
2015/02/02	9.66	10.03	9.66	9.95	2758577	93539232.00
2015/02/03	10.07	10.24	10.04	10.18	3787110	131675808.00
2015/02/04	10.18	10.30	9.99	10.01	3524318	122124912.00
2015/02/05	9.96	10.08	9.54	9.56	6652357	221073056.00
2015/02/06	9.49	9.81	9.49	9.66	4063952	134078168.00
2015/02/09	9.77	9.81	9.51	9.55	3308009	109080016.00
2015/02/10	9.60	9.82	9.57	9.81	4594535	152288464.00
2015/02/11	9.80	9.87	9.69	9.86	3908160	130909144.00
2015/02/12	9.95	10.28	9.95	10.16	4680803	162751968.00
2015/02/13	10.19	10.27	10.14	10.16	4358370	151960352.00
2015/02/16	10.16	10.99	10.16	10.91	8471167	310368608.00
2015/02/17	11.07	11.25	10.79	10.93	4582679	171966848.00
2015/02/25	11.01	11.20	10.63	10.97	4961868	185918656.00
2015/02/26	10.93	10.93	10.70	10.85	2991390	110315256.00
2015/02/27	10.99	11.34	10.99	11.15	4383040	167124592.00
2015/03/02	11.32	11.37	11.01	11.07	4949472	187563680.00
2015/03/03	11.08	11.53	11.07	11.14	7747592	300445984.00
2015/03/04	11.49	11.50	11.11	11.34	5466063	210792416.00
2015/03/05	11.41	11.62	11.26	11.35	5920853	230479584.00
2015/03/06	11.38	11.47	10.99	11.05	5165359	195864656.00
2015/03/09	11.05	11.44	10.81	11.42	9409997	357625440.00
2015/03/10	11.45	11.79	11.10	11.63	14077340	551510464.00
2015/03/11	11.66	12.18	11.53	11.87	11081723	446859296.00
2015/03/12	12.09	12.11	11.11	11.71	10483077	410004480.00
2015/03/13	11.73	11.76	11.11	11.47	9910681	382394048.00
2015/03/16	11.48	11.52	11.09	11.47	14343254	554291072.00
2015/03/17	11.38	11.51	11.26	11.37	10172355	393895104.00
2015/03/18	11.41	11.44	11.20	11.39	9543551	368000672.00
2015/03/19	11.31	11.39	11.22	11.30	9475195	364423104.00
2015/03/20	11.29	11.41	11.19	11.36	7949388	306743584.00
2015/03/23	11.41	11.88	11.40	11.74	13395724	532608256.00
2015/03/24	11.62	11.83	11.38	11.45	11189471	441520064.00
2015/03/25	11.35	11.41	11.14	11.22	11230579	430242752.00
2015/03/26	11.17	11.19	10.88	10.90	10599825	398884800.00
2015/03/27	10.97	11.14	10.96	11.11	4831588	182500032.00
2015/03/30	11.29	11.62	11.29	11.44	10333348	403235168.00
2015/03/31	11.56	11.56	11.36	11.41	8419931	328984672.00
2015/04/01	11.50	12.23	11.44	12.03	13009402	525430464.00
2015/04/02	12.06	12.22	11.97	12.11	9895645	407350656.00
2015/04/03	12.03	12.56	11.85	12.29	8344466	349348192.00
2015/04/07	12.30	12.91	12.30	12.40	9620238	410583840.00
2015/04/08	12.46	12.47	11.73	12.03	9352051	385200000.00
2015/04/09	11.92	12.03	11.40	11.80	8725304	344967936.00
2015/04/10	11.80	12.32	11.68	12.32	7541562	311517344.00
2015/04/13	12.62	13.10	12.62	12.91	10827786	473946848.00
2015/04/14	13.12	13.14	12.66	13.14	9221139	406499456.00
2015/04/15	13.14	13.14	12.24	12.44	9792384	420958208.00
2015/04/16	12.24	12.62	12.15	12.44	7436064	314962080.00
2015/04/17	12.56	12.62	12.24	12.30	8256702	348278976.00
2015/04/20	12.30	12.30	11.65	11.78	9203001	373301376.00
2015/04/21	11.78	12.18	11.59	12.16	6678498	273346432.00
2015/04/22	12.12	12.77	12.06	12.58	8405744	356983200.00
2015/04/23	12.65	12.75	12.35	12.43	7639329	324011968.00
2015/04/24	12.30	12.47	12.06	12.06	6930334	288280384.00
2015/04/27	12.21	12.36	11.96	12.07	6962491	287638720.00
2015/04/28	12.05	12.16	11.65	11.66	8103368	326160384.00
2015/04/29	11.73	12.44	11.69	12.33	11447164	475050528.00
2015/04/30	12.42	12.42	12.19	12.22	6676275	280063872.00
2015/05/04	12.22	12.49	12.21	12.44	6879669	290241760.00
2015/05/05	12.43	12.55	12.24	12.27	6829189	288357024.00
2015/05/06	12.27	12.45	11.88	12.15	6359230	264801776.00
2015/05/07	12.08	12.22	11.78	11.82	3888291	158523056.00
2015/05/08	11.95	12.18	11.76	12.11	4573345	186101184.00
2015/05/11	12.18	12.61	12.03	12.58	11297879	476753024.00
2015/05/12	12.58	13.84	12.33	13.69	15158163	665299392.00
2015/05/13	13.45	14.08	13.33	13.74	11578338	542367744.00
2015/05/14	13.78	13.80	13.16	13.43	7292722	334099648.00
2015/05/15	13.56	13.81	13.36	13.49	7567850	348384032.00
2015/05/18	13.55	13.55	13.01	13.16	9504818	427661184.00
2015/05/19	13.13	13.50	12.93	13.49	9408267	424072928.00
2015/05/20	13.45	14.38	13.45	13.72	11517724	545848640.00
2015/05/21	13.75	14.93	13.72	14.82	12379601	606260992.00
2015/05/22	14.82	14.90	14.13	14.37	9434824	462063456.00
2015/05/25	14.22	14.87	14.09	14.44	7975699	393981984.00
2015/05/26	14.69	15.05	14.36	15.00	10787569	540434688.00
2015/05/27	15.02	15.23	14.55	14.67	7525616	376647648.00
2015/05/28	14.70	15.55	14.11	14.12	12197437	620038208.00
2015/05/29	14.17	14.63	13.69	14.24	9089608	440942880.00
2015/06/01	14.52	15.14	14.29	15.00	11705719	589863296.00
2015/06/02	15.14	15.65	14.85	15.64	13481384	701868864.00
2015/06/03	15.41	16.23	15.32	15.64	10420696	561104000.00
2015/06/04	15.53	15.96	14.07	15.02	11274092	573944064.00
2015/06/05	15.17	15.44	14.46	14.78	8877306	452355200.00
2015/06/08	14.82	14.83	13.84	14.06	13759761	664545216.00
2015/06/09	14.11	14.75	14.07	14.46	8334222	408987936.00
2015/06/10	14.29	15.92	14.23	15.92	14074455	734805632.00
2015/06/11	16.18	16.96	16.15	16.79	17197253	968377024.00
2015/06/12	16.77	17.01	15.10	16.90	11842172	670819264.00
2015/06/15	16.80	16.97	16.09	16.29	9993088	557773696.00
2015/06/16	16.03	16.03	15.29	15.67	9089339	485012256.00
2015/06/17	15.73	16.21	15.46	16.13	7959259	428974752.00
2015/06/18	16.14	16.43	15.49	15.60	7756171	426381376.00
2015/06/19	15.59	15.60	14.26	14.93	13695482	465610368.00
2015/06/23	14.93	15.26	14.09	14.85	12185968	408740704.00
2015/06/24	14.64	16.35	14.51	16.35	18701938	666053248.00
2015/06/25	16.01	16.70	15.52	15.64	11659390	425420960.00
2015/06/26	14.66	15.53	14.06	14.06	18447367	611859328.00
2015/06/29	14.57	14.93	12.65	13.68	17825606	560367168.00
2015/06/30	14.03	15.05	13.24	14.93	23452766	758061760.00
2015/07/01	14.58	16.22	14.44	14.60	20656000	719558656.00
2015/07/02	14.63	15.18	13.86	14.44	16042237	533230336.00
2015/07/03	14.93	14.97	13.24	14.21	16468658	532008576.00
2015/07/06	15.59	15.59	12.78	13.46	20168895	625887360.00
2015/07/07	12.39	12.99	12.11	12.26	36080589	997573120.00
2015/07/08	11.03	13.50	11.03	13.24	51450233	1434926336.00
2015/07/09	13.24	14.58	12.58	14.58	24042106	763440960.00
2015/07/10	15.02	16.04	14.80	16.04	30076185	1081056256.00
2015/07/13	15.90	17.51	15.34	16.79	33091761	1230414336.00
2015/07/14	16.34	17.47	15.54	15.73	27525434	1024001344.00
2015/07/15	14.66	15.42	14.15	14.15	21096892	700288512.00
2015/07/16	14.15	14.82	12.76	14.28	15271890	491921568.00
2015/07/17	14.66	15.40	14.35	15.02	12580936	423863104.00
2015/07/20	15.00	16.13	14.80	15.96	16209029	564928384.00
2015/07/21	15.68	17.56	15.48	17.56	26941006	1039482496.00
2015/07/22	17.57	17.88	16.31	16.96	19163292	737424832.00
2015/07/23	16.80	17.51	16.23	17.06	22793340	871062656.00
2015/07/24	16.88	17.02	16.00	16.00	24768633	925211072.00
2015/07/27	15.47	16.13	14.40	14.41	21169162	740708928.00
2015/07/28	13.24	15.18	13.24	14.98	27484469	884718272.00
2015/07/29	15.03	15.44	14.13	15.23	16500616	550879104.00
2015/07/30	14.93	15.60	14.35	14.55	12312017	422774784.00
2015/07/31	14.33	15.12	14.26	14.98	13222785	440739328.00
2015/08/03	14.88	15.53	14.70	15.52	16476925	566260288.00
2015/08/04	15.53	17.04	15.15	16.15	13820211	495875712.00
2015/08/05	16.04	16.60	15.71	15.77	9406513	343855168.00
2015/08/06	15.46	15.80	15.31	15.44	7665639	269417312.00
2015/08/07	15.77	16.18	15.47	15.56	8426002	302020384.00
2015/08/10	15.85	16.65	15.64	16.63	11342603	417498720.00
2015/08/11	16.65	17.17	16.35	16.48	12718613	482926752.00
2015/08/12	16.16	16.48	15.84	15.88	9220061	335558336.00
2015/08/13	15.88	16.26	15.57	16.08	7109217	256507232.00
2015/08/14	16.33	16.36	15.07	15.41	16723317	590960448.00
2015/08/17	15.02	15.04	14.13	14.31	34966727	1139051776.00
2015/08/18	14.48	14.50	13.24	13.85	25854523	824563648.00
2015/08/19	13.46	14.38	13.46	14.28	15009334	475556960.00
2015/08/20	14.41	14.48	13.91	13.94	9869137	318896000.00
2015/08/21	13.69	13.93	12.93	13.24	11298759	343413632.00
2015/08/24	12.74	12.74	11.91	11.91	19384701	528728832.00
2015/08/25	10.85	12.28	10.71	10.71	18383618	470214688.00
2015/08/26	11.02	11.68	10.50	11.16	15470489	391496800.00
2015/08/27	11.32	12.28	11.32	12.28	11324287	299420000.00
2015/08/28	12.64	13.13	12.31	12.93	11976395	342846752.00
2015/08/31	12.79	12.85	12.04	12.85	12380850	351280224.00
2015/09/01	12.53	12.53	11.76	12.48	13888604	385802240.00
2015/09/02	11.90	12.83	11.82	12.78	14340258	406649184.00
2015/09/07	12.84	13.23	11.59	11.85	12802749	361820384.00
2015/09/08	11.47	12.17	11.46	12.15	9437963	251334848.00
2015/09/09	12.36	12.71	12.17	12.54	12051510	340712480.00
2015/09/10	12.35	12.44	12.00	12.02	6211740	172308976.00
2015/09/11	11.99	12.24	11.82	11.87	3905702	106243888.00
2015/09/14	11.97	12.07	10.67	10.67	8765798	221965888.00
2015/09/15	10.57	11.06	10.26	10.56	7022348	169966320.00
2015/09/16	10.48	11.57	10.40	11.46	7431773	184262480.00
2015/09/17	11.39	11.73	11.13	11.13	7961134	207811392.00
2015/09/18	11.28	11.41	11.03	11.31	4652740	118728864.00
2015/09/21	11.24	11.92	11.06	11.82	6753695	178390944.00
2015/09/22	12.42	13.01	12.36	13.01	13944008	410288640.00
2015/09/23	12.80	13.08	12.64	12.88	11779630	344362112.00
2015/09/24	12.84	12.95	12.58	12.80	5146793	149104768.00
2015/09/25	12.71	13.88	12.57	12.98	10588489	317728864.00
2015/09/28	12.88	13.34	12.58	13.22	6224740	184362608.00
2015/09/29	13.01	13.46	12.90	12.98	4972481	148267104.00
2015/09/30	13.06	13.39	12.97	13.05	5201696	155158032.00
2015/10/08	13.50	13.77	13.26	13.55	5403632	166257888.00
2015/10/09	13.60	13.68	13.47	13.61	4153627	127895888.00
2015/10/12	13.88	14.40	13.60	14.04	10132524	321790176.00
2015/10/13	13.89	14.07	13.62	13.72	7125886	222867600.00
2015/10/14	13.60	13.81	13.23	13.24	8194677	250308448.00
2015/10/15	13.18	13.85	13.15	13.85	9414933	290547552.00
2015/10/16	14.18	14.93	14.05	14.53	22594188	739325888.00
2015/10/19	14.48	14.48	13.74	13.88	13728795	436750208.00
2015/10/20	13.82	14.37	13.82	14.13	9255552	296385248.00
2015/10/21	14.13	14.27	12.93	13.18	10922294	336911904.00
2015/10/22	13.26	13.95	13.26	13.80	9906475	308081760.00
2015/10/23	13.80	14.35	13.69	14.12	12902407	413483168.00
2015/10/26	14.48	14.51	13.94	14.19	9657261	310549376.00
2015/10/27	14.13	14.37	13.63	14.24	6826270	216393744.00
2015/10/28	14.13	14.83	14.04	14.32	16078469	527753376.00
2015/10/29	14.40	14.57	14.05	14.28	8288149	267514368.00
2015/10/30	14.28	14.48	14.13	14.19	4823022	156139456.00
2015/11/02	13.97	14.45	13.71	14.08	4698500	150710032.00
2015/11/03	14.09	14.30	13.63	13.69	4235416	132664528.00
2015/11/04	13.77	14.25	13.77	14.22	5788927	184655920.00
2015/11/05	14.30	14.30	13.60	13.86	8864311	280148576.00
2015/11/06	13.69	14.20	13.69	14.08	6033224	191739904.00
2015/11/09	13.93	14.26	13.69	14.22	10707565	338723680.00
2015/11/10	14.12	14.48	14.05	14.46	9263658	299236128.00
2015/11/11	14.46	15.00	14.43	14.69	10362654	344971904.00
2015/11/12	14.58	15.02	14.17	14.67	8980925	295696960.00
2015/11/13	14.67	15.71	14.53	15.22	17120738	592353728.00
2015/12/08	16.75	16.75	13.69	15.48	23791185	854601408.00
2015/12/09	15.46	15.68	14.68	15.33	8264923	282117952.00
2015/12/10	15.15	15.48	14.88	15.13	6014447	207071616.00
2015/12/11	15.10	15.51	14.93	15.16	5197320	180256768.00
2015/12/14	15.16	15.45	14.66	15.12	4903711	165129936.00
2015/12/15	15.10	15.44	14.96	15.05	5209275	179344352.00
2015/12/16	15.16	15.40	15.04	15.24	5008489	172291392.00
2015/12/17	15.37	15.58	15.00	15.03	15993117	547873984.00
2015/12/18	15.01	15.01	14.43	14.57	11458377	381596128.00
2015/12/21	14.56	14.81	14.47	14.60	7698726	254842240.00
2015/12/22	14.62	15.01	14.58	14.67	6656946	222616432.00
2015/12/23	14.71	14.78	14.35	14.39	6348266	208712224.00
2015/12/24	14.42	14.70	14.37	14.60	3473566	114553768.00
2015/12/25	14.66	14.70	14.49	14.60	2660359	88030632.00
2015/12/28	14.72	14.72	14.08	14.08	7034391	227930160.00
2015/12/29	14.11	14.27	13.62	13.88	9779108	305933056.00
2015/12/30	13.84	14.26	13.76	13.93	8833348	279799520.00
2015/12/31	14.11	14.31	13.82	14.11	9001254	287731296.00
2016/01/04	14.17	14.17	13.13	13.15	5711193	176496752.00
2016/01/05	13.17	13.68	12.80	13.42	8994917	270947872.00
2016/01/06	13.43	13.65	13.20	13.64	5434976	165352768.00
2016/01/07	13.51	13.51	12.48	12.62	976363	28896036.00
2016/01/08	12.80	13.22	12.13	12.82	6653998	192986400.00
2016/01/11	12.72	12.74	11.92	11.94	5945274	165114656.00
2016/01/12	12.12	12.44	11.84	12.12	5265142	145116960.00
2016/01/13	12.34	12.52	11.93	12.04	4026202	112052712.00
2016/01/14	11.80	12.41	11.46	12.27	7390616	203871520.00
2016/01/15	12.27	12.45	11.82	11.91	6087073	167524304.00
2016/01/18	11.72	12.17	11.52	11.93	4581862	123990256.00
2016/01/19	11.98	12.48	11.75	12.18	7142723	195617936.00
2016/01/20	12.17	12.38	11.91	11.98	5817320	160412928.00
2016/01/21	11.84	12.19	11.66	11.73	5783377	156242896.00
2016/01/22	11.91	11.93	11.25	11.47	5720301	149507120.00
2016/01/25	11.64	11.68	11.33	11.46	4219384	110135840.00
2016/01/26	11.41	11.70	10.96	11.02	7488819	193761792.00
2016/01/27	11.26	11.70	10.61	11.37	8806563	221627568.00
2016/01/28	11.28	11.84	11.20	11.51	7423881	195212432.00
2016/01/29	11.57	12.40	11.57	12.25	8688791	236231568.00
2016/02/01	12.26	12.43	12.16	12.24	6912110	192643456.00
2016/02/02	12.34	12.69	12.25	12.32	5096375	144338304.00
2016/02/03	12.32	12.43	12.18	12.34	3815130	106253520.00
2016/02/04	12.38	12.76	12.32	12.36	5193621	147475952.00
2016/02/05	12.35	12.48	12.17	12.30	2569100	71881192.00
2016/02/15	11.86	12.46	11.82	12.36	3134254	87194248.00
2016/02/16	12.39	12.96	12.39	12.88	5256533	152437552.00
2016/02/17	13.01	13.06	12.61	12.88	2950644	85820880.00
2016/02/18	12.93	13.09	12.69	12.80	4710958	137494608.00
2016/02/19	12.84	12.92	12.70	12.79	3337338	96767840.00
2016/02/22	13.46	13.55	13.03	13.21	6096481	182907744.00
2016/02/23	13.22	13.28	12.72	12.87	4651741	135915296.00
2016/02/24	12.96	12.97	12.48	12.81	4016158	115945128.00
2016/02/25	12.71	12.81	11.60	11.76	7109355	199330864.00
2016/02/26	11.91	12.52	11.91	12.40	8940820	248759488.00
2016/02/29	12.42	12.46	11.51	12.21	8216877	225039808.00
2016/03/01	12.09	12.65	12.08	12.63	6794013	191787776.00
2016/03/02	12.63	13.11	12.42	13.10	6608101	192578624.00
2016/03/03	12.88	13.39	12.88	13.25	6017550	180344160.00
2016/03/04	13.25	13.54	13.07	13.39	13736077	416114976.00
2016/03/07	13.29	13.50	12.95	13.30	7652519	228839936.00
2016/03/08	13.18	13.22	12.73	13.04	4551739	133125664.00
2016/03/09	12.86	13.02	12.71	12.73	2349938	68357032.00
2016/03/10	12.74	13.02	12.64	12.93	3668060	106961680.00
2016/03/11	12.79	12.91	12.60	12.71	2523189	72832992.00
2016/03/14	12.79	13.46	12.79	13.30	4195938	125750920.00
2016/03/15	13.24	13.49	13.19	13.43	7533706	228376944.00
2016/03/16	13.37	13.48	13.16	13.17	3056420	92064504.00
2016/03/17	13.24	13.69	13.24	13.68	8509690	261216192.00
2016/03/18	13.69	13.92	13.62	13.81	6468491	202375680.00
2016/03/21	13.87	14.18	13.55	13.76	8427200	264295744.00
2016/03/22	13.64	13.75	13.50	13.60	4126586	127332336.00
2016/03/23	13.59	13.75	13.41	13.60	4146335	127200992.00
2016/03/24	13.51	13.74	13.42	13.50	4199658	129301768.00
2016/03/25	13.47	13.57	13.21	13.33	4535238	137041936.00
2016/03/28	13.35	13.48	12.95	13.01	5456829	163729008.00
2016/03/29	12.95	13.04	12.68	12.83	5100858	148781376.00
2016/03/30	12.89	13.36	12.89	13.31	6744278	200740112.00
2016/03/31	13.32	13.32	12.58	12.91	20174470	584823104.00
2016/04/01	12.75	12.80	12.31	12.45	8996774	254978704.00
2016/04/05	12.56	12.76	12.46	12.72	10029690	287111680.00
2016/04/06	12.70	12.80	12.63	12.78	8427818	242762464.00
2016/04/07	12.82	12.98	12.68	12.74	9217095	268433216.00
2016/04/08	12.66	12.66	12.24	12.34	8949791	251660720.00
2016/04/11	12.44	12.76	12.35	12.71	7846328	224800576.00
2016/04/12	12.71	12.71	12.44	12.54	4608120	130993296.00
2016/04/13	12.58	12.78	12.58	12.68	10714961	308901280.00
2016/04/14	12.71	12.84	12.60	12.72	5877140	169471808.00
2016/04/15	12.72	12.84	12.62	12.66	3707209	106591768.00
2016/04/18	12.70	12.72	12.28	12.35	5074231	142381968.00
2016/04/19	12.40	12.47	12.03	12.19	7364186	203461776.00
2016/04/20	12.24	12.26	11.46	11.86	8164775	219175024.00
2016/04/21	11.74	12.08	11.68	11.80	5909973	159682736.00
2016/04/22	11.86	12.35	11.86	12.31	7854062	215796704.00
2016/04/25	12.26	12.56	12.20	12.32	5892885	165587952.00
2016/04/26	12.32	12.45	12.08	12.32	3860885	106910096.00
2016/04/27	12.24	12.40	12.14	12.17	3760619	104755392.00
2016/04/28	12.17	12.35	11.91	12.32	3944839	108349760.00
2016/04/29	12.29	12.58	12.23	12.45	7942418	224474448.00
2016/05/03	12.46	12.69	12.32	12.65	6919143	197437008.00
2016/05/04	12.60	12.64	12.43	12.46	4632736	131122720.00
2016/05/05	12.47	12.52	12.40	12.48	2238690	63288888.00
2016/05/06	12.53	12.60	11.98	11.98	5047220	140722656.00
2016/05/09	11.98	12.25	11.68	12.15	4757600	128677000.00
2016/05/10	12.09	12.29	12.09	12.14	3676667	101772448.00
2016/05/11	12.23	12.52	12.23	12.38	7483701	210305840.00
2016/05/12	12.27	12.48	12.25	12.33	2901325	81292720.00
2016/05/13	12.40	12.40	12.00	12.13	7480245	206185488.00
2016/05/16	11.93	12.15	11.75	12.05	5716186	154515632.00
2016/05/17	12.10	12.39	12.01	12.31	5598065	155943104.00
2016/05/18	12.18	12.35	11.85	12.04	6369494	174047776.00
2016/05/19	11.96	12.22	11.89	12.02	4727746	128747360.00
2016/05/20	12.06	12.06	11.90	11.97	2844477	77176912.00
2016/05/23	12.05	12.33	11.96	12.25	4999475	137962672.00
2016/05/24	12.22	12.26	12.04	12.17	2297683	63204952.00
2016/05/25	12.23	12.38	12.08	12.17	2862177	79245120.00
2016/05/26	12.07	12.22	11.95	12.16	2016198	55179560.00
2016/05/27	12.15	12.19	12.02	12.11	2793350	76500536.00
2016/05/30	12.09	12.28	11.91	12.20	2595375	71562368.00
2016/05/31	12.16	12.61	12.16	12.58	6178063	174686032.00
2016/06/01	12.57	12.74	12.53	12.57	5877942	168581936.00
2016/06/02	12.64	12.88	12.57	12.66	5990113	172518064.00
2016/06/03	12.71	13.32	12.71	13.26	15874805	473171936.00
2016/06/06	13.24	13.50	12.95	13.00	7587234	226567568.00
2016/06/07	13.22	13.22	12.89	13.17	4950619	146547840.00
2016/06/08	13.15	13.15	12.80	12.97	5244704	153789728.00
2016/06/13	12.72	12.93	12.48	12.48	5166309	99468464.00
2016/06/14	12.35	12.53	12.15	12.42	7352005	136905088.00
2016/06/15	12.26	12.85	12.23	12.82	7914523	151260192.00
2016/06/16	12.73	12.78	12.40	12.56	9744139	184080544.00
2016/06/17	12.51	12.76	12.51	12.67	9176902	174865824.00
2016/06/20	12.71	12.89	12.48	12.69	6845893	130954128.00
2016/06/21	12.83	12.92	12.48	12.71	6918000	132542664.00
2016/06/22	12.63	12.71	12.41	12.55	6628064	125284768.00
2016/06/23	12.61	12.69	12.41	12.55	8372251	158345344.00
2016/06/24	12.53	12.68	11.95	12.44	6528329	121841896.00
2016/06/27	12.27	13.17	12.15	13.05	18421399	354850624.00
2016/06/28	12.82	13.27	12.75	13.17	11874359	232717648.00
2016/06/29	13.21	13.43	12.61	13.01	9765658	194805136.00
2016/06/30	12.95	13.24	12.93	13.05	4949984	97207136.00
2016/07/01	13.01	13.01	12.61	12.71	9979133	191705280.00
2016/07/04	12.71	13.00	12.71	12.86	6766513	131149216.00
2016/07/05	12.95	13.21	12.87	13.14	9624293	189206288.00
2016/07/06	13.01	13.22	12.88	13.08	8087550	158786096.00
2016/07/07	13.01	13.23	12.89	13.07	6598446	129669896.00
2016/07/08	13.08	13.43	13.04	13.27	12936749	259444192.00
2016/07/11	12.62	12.70	11.93	11.93	60875130	1121891968.00
2016/07/12	11.79	12.01	11.24	11.67	28101494	492444000.00
2016/07/13	11.67	11.97	11.56	11.83	19710787	349615456.00
2016/07/14	11.87	11.90	11.62	11.84	12456444	220602752.00
2016/07/15	11.80	11.93	11.73	11.78	8726194	155266848.00
2016/07/18	11.75	11.75	11.55	11.56	9651998	168822352.00
2016/07/19	11.63	11.86	11.58	11.77	10733549	189289520.00
2016/07/20	11.81	11.87	11.60	11.67	10652545	187572048.00
2016/07/21	11.75	11.79	11.60	11.71	10168273	178946112.00
2016/07/22	11.75	11.79	11.69	11.76	10318154	182673328.00
2016/07/25	11.77	12.27	11.77	12.10	19072086	347348320.00
2016/07/26	12.08	12.23	11.97	12.13	10032811	183553216.00
2016/07/27	12.18	12.53	11.81	12.05	20593559	378784672.00
2016/07/28	12.08	12.23	11.82	12.15	9281610	168278784.00
2016/07/29	12.14	12.34	12.07	12.32	11367066	209518992.00
2016/08/01	12.23	12.33	11.95	12.21	10984925	202171024.00
2016/08/02	12.23	12.63	12.23	12.49	9714597	182257472.00
2016/08/03	12.56	12.57	12.28	12.33	5362553	99986176.00
2016/08/04	12.33	12.57	12.23	12.45	8908094	166767472.00
2016/08/05	12.43	12.53	12.31	12.44	5931947	111318376.00
2016/08/08	12.44	12.65	12.37	12.59	8338710	157906432.00
2016/08/09	12.72	12.75	12.55	12.61	6247866	118631312.00
2016/08/10	12.47	12.57	12.35	12.38	10353273	193824864.00
2016/08/11	12.35	12.37	12.05	12.06	9848564	180705472.00
2016/08/12	12.07	12.19	11.88	12.08	6696015	121646472.00
2016/08/15	12.09	12.48	11.97	12.42	9999742	184910000.00
2016/08/16	12.41	12.64	12.35	12.55	9106096	171380992.00
2016/08/17	12.55	12.62	12.35	12.58	7577490	142722880.00
2016/08/18	12.58	12.69	12.43	12.53	8009731	151625248.00
2016/08/19	12.53	12.67	12.44	12.64	9753377	185068336.00
2016/08/22	12.64	12.72	12.43	12.47	7486647	141609296.00
2016/08/23	12.41	12.93	12.39	12.91	12437723	238681808.00
2016/08/24	12.89	12.99	12.65	12.81	8253358	158599088.00
2016/08/25	12.66	12.86	12.51	12.78	8269018	158251120.00
2016/08/26	12.85	13.19	12.72	12.98	10889525	213554096.00
2016/08/29	13.09	13.60	13.09	13.39	20878051	420605952.00
2016/08/30	13.38	13.67	13.30	13.42	16044992	325513280.00
2016/08/31	13.42	13.45	13.18	13.19	7705274	154141536.00
2016/09/01	13.19	13.43	13.18	13.33	9505100	191427136.00
2016/09/02	13.28	13.47	13.14	13.45	9237046	184728128.00
2016/09/05	13.48	13.91	13.45	13.81	19191119	396789728.00
2016/09/06	14.01	14.17	13.61	13.89	14337273	298042528.00
2016/09/07	13.89	14.10	13.61	13.66	14813521	308219008.00
2016/09/08	13.67	13.81	13.17	13.37	16849791	337806080.00
2016/09/09	13.37	13.58	13.37	13.43	12166233	246771392.00
2016/09/12	13.11	13.38	12.95	13.15	10829651	214199888.00
2016/09/13	13.15	13.68	13.15	13.43	12233979	248534672.00
2016/09/14	13.61	14.01	13.45	13.59	20230114	419139968.00
2016/09/19	14.01	14.29	13.69	13.83	17740059	372526432.00
2016/09/20	13.82	13.85	13.41	13.56	8951807	183170464.00
2016/09/21	13.53	13.73	13.40	13.55	8930806	182257328.00
2016/09/22	13.61	13.72	13.52	13.53	6166433	126184600.00
2016/09/23	13.51	13.72	13.39	13.57	10598000	216281504.00
2016/09/26	13.41	13.58	13.01	13.07	13639394	272753344.00
2016/09/27	13.05	13.22	12.88	13.09	8653143	169856640.00
2016/09/28	13.21	13.40	13.03	13.22	7208975	143621056.00
2016/09/29	13.27	13.54	13.22	13.39	8422663	169532624.00
2016/09/30	13.38	13.49	13.29	13.43	5486086	110760936.00
2016/10/10	13.51	13.66	13.28	13.61	7576808	154502624.00
2016/10/11	13.65	13.73	13.43	13.52	8184853	167467472.00
2016/10/12	13.60	13.67	13.40	13.55	6285964	127944168.00
2016/10/13	13.57	14.81	13.51	14.47	28919196	620578240.00
2016/10/14	14.48	14.78	14.37	14.59	15536753	340708608.00
2016/10/17	14.57	14.66	14.28	14.37	9624511	210039456.00
2016/10/18	14.40	14.66	14.25	14.55	8503181	185360608.00
2016/10/19	14.65	14.69	14.49	14.55	11401572	250835424.00
2016/10/20	14.55	15.32	14.54	15.09	23211966	523988928.00
2016/10/21	15.15	15.25	14.87	14.96	12132271	275125920.00
2016/10/24	15.07	15.21	14.69	14.96	10281090	230126448.00
2016/10/25	14.94	14.95	14.59	14.60	11784694	260094864.00
2016/10/26	14.75	14.81	14.35	14.55	9833283	215933648.00
2016/10/27	14.55	14.61	14.31	14.61	5724076	124725488.00
2016/10/28	14.75	14.97	14.57	14.62	8599825	190968224.00
2016/10/31	14.57	14.97	14.40	14.88	9958454	221038368.00
2016/11/01	14.88	15.45	14.78	15.00	12392915	282018688.00
2016/11/02	15.00	15.18	14.89	15.01	8418263	190652240.00
2016/11/03	15.01	15.01	14.65	14.79	7343301	163539408.00
2016/11/04	14.75	14.89	14.49	14.51	6857957	151045472.00
2016/11/07	14.67	14.67	14.29	14.34	5621729	122366704.00
2016/11/08	14.35	14.43	14.09	14.23	12498199	268884160.00
2016/11/09	14.31	14.57	13.94	14.21	12884636	277438304.00
2016/11/10	14.30	14.44	14.09	14.21	9385163	200817776.00
2016/11/11	14.16	14.24	13.77	13.86	16391583	345768672.00
2016/11/14	13.83	14.31	13.83	14.08	11422278	242395888.00
2016/11/15	14.21	14.23	13.74	14.05	12909041	270322016.00
2016/11/16	14.04	14.20	13.99	14.03	8062104	171120704.00
2016/11/17	14.13	14.39	14.05	14.33	9886910	212105312.00
2016/11/18	14.28	14.35	14.16	14.22	6582991	140952096.00
2016/11/21	14.27	14.27	13.73	13.75	14371139	300882496.00
2016/11/22	13.78	13.91	13.53	13.68	14986323	308256064.00
2016/11/23	13.68	13.93	13.68	13.84	8868848	184812000.00
2016/11/24	13.84	13.88	13.60	13.76	10808522	223384336.00
2016/11/25	13.75	13.75	13.43	13.71	7364092	150608224.00
2016/11/28	13.71	13.81	13.43	13.46	9694870	197670592.00
2016/11/29	13.48	13.80	13.43	13.71	9260803	189778544.00
2016/11/30	13.63	13.91	13.35	13.58	11319117	232183072.00
2016/12/01	13.58	13.67	13.43	13.49	7016942	143382832.00
2016/12/02	13.49	13.55	13.31	13.42	5449884	109905576.00
2016/12/05	13.38	13.85	13.28	13.80	12884759	267003968.00
2016/12/06	13.75	14.29	13.75	14.15	13377654	284041472.00
2016/12/07	14.15	14.27	13.80	14.08	8481928	177778544.00
2016/12/08	14.00	14.21	13.89	14.14	4900757	104026880.00
2016/12/09	14.13	14.13	13.78	13.80	7789984	162768352.00
2016/12/12	13.79	13.79	13.27	13.31	8761441	176763968.00
2016/12/13	13.28	13.40	12.96	13.29	6944770	138283760.00
2016/12/14	13.39	13.39	13.09	13.17	4456285	88580176.00
2016/12/15	13.02	13.35	12.88	13.04	6361872	125302888.00
2016/12/16	13.01	13.06	12.81	12.98	6894467	134386432.00
2016/12/19	13.05	13.07	12.75	12.83	5345344	103663856.00
2016/12/20	12.76	12.85	12.61	12.71	4952645	94957352.00
2016/12/21	12.71	13.21	12.63	12.98	5633336	110611224.00
2016/12/22	12.91	13.22	12.88	12.98	5027657	98892984.00
2016/12/23	13.09	13.09	12.83	12.98	3254308	63437032.00
2016/12/26	12.98	13.51	12.83	13.41	10269696	205773552.00
2016/12/27	13.41	13.83	13.32	13.64	7573374	156259072.00
2016/12/28	13.56	13.73	13.44	13.58	4120630	84282416.00
2016/12/29	13.58	13.65	13.49	13.55	3398117	69550928.00
2016/12/30	13.45	13.78	13.40	13.78	7493109	153625712.00
2017/01/03	13.75	13.76	12.65	12.95	18322037	361185888.00
2017/01/04	12.82	13.51	12.82	13.37	13091405	262524432.00
2017/01/05	13.28	13.38	13.09	13.22	6237974	124188528.00
2017/01/06	13.19	13.30	12.98	13.11	4270297	84201640.00
2017/01/09	12.99	13.24	12.99	13.09	3528861	69630144.00
2017/01/10	13.10	13.39	13.08	13.25	3389856	67683456.00
2017/01/11	13.20	13.36	13.15	13.25	4161691	83011520.00
2017/01/12	13.26	13.32	13.05	13.11	5037919	99826480.00
2017/01/13	13.12	13.38	12.99	13.26	5214196	103958160.00
2017/01/16	13.19	13.48	13.01	13.18	6623719	132554064.00
2017/01/17	13.10	13.38	13.06	13.35	4624322	92472368.00
2017/01/18	13.34	13.40	13.17	13.29	4739312	94733672.00
2017/01/19	13.29	13.33	13.09	13.13	3286544	65300420.00
2017/01/20	13.10	13.24	13.08	13.18	2874656	56981620.00
2017/01/23	13.18	13.52	13.09	13.43	4775540	95810280.00
2017/01/24	13.41	13.48	13.29	13.44	2149715	43412720.00
2017/01/25	13.36	13.53	13.31	13.35	2841800	57321984.00
2017/01/26	13.30	13.60	13.30	13.51	2915704	59270552.00
2017/02/03	13.65	14.00	13.56	13.95	7715170	160851712.00
2017/02/06	13.95	14.11	13.83	14.05	3892723	81944208.00
2017/02/07	14.05	14.18	13.81	13.97	3900662	82039248.00
2017/02/08	13.95	14.45	13.85	14.30	11982100	256987232.00
2017/02/09	14.35	14.47	14.21	14.30	4571040	98734800.00
2017/02/10	14.35	14.49	14.22	14.31	5038652	108966176.00
2017/02/13	14.31	14.38	13.96	14.35	8195492	175469168.00
2017/02/14	14.35	14.68	14.21	14.54	6172123	135036480.00
2017/02/15	14.61	14.97	14.47	14.54	10158013	225746816.00
2017/02/16	14.55	14.70	14.47	14.55	4779459	105011968.00
2017/02/17	14.48	14.58	14.29	14.44	6168756	133638976.00
2017/02/20	14.39	14.71	14.39	14.68	7220562	158618544.00
2017/02/21	14.68	14.73	14.32	14.36	6496242	141338112.00
2017/02/22	14.47	14.69	14.01	14.37	11010233	236336112.00
2017/02/23	14.29	14.38	14.17	14.35	4417071	94864152.00
2017/02/24	14.31	14.41	14.15	14.33	3268855	70342008.00
2017/02/27	14.32	14.63	14.21	14.40	4802171	104703984.00
2017/02/28	14.60	14.72	14.47	14.57	10252941	225807168.00
2017/03/01	14.53	14.69	14.47	14.55	7247397	159072128.00
2017/03/02	14.62	14.66	14.37	14.48	6096204	133243696.00
2017/03/03	14.51	14.84	14.45	14.75	9142145	202158672.00
2017/03/06	14.75	15.34	14.63	15.31	17849978	408005568.00
2017/03/07	15.33	15.40	15.11	15.21	7705667	176260400.00
2017/03/08	15.21	15.34	15.01	15.18	8354318	190596656.00
2017/03/09	15.11	15.30	15.07	15.24	5737344	131327088.00
2017/03/10	15.28	15.31	15.14	15.23	5234851	120121040.00
2017/03/13	15.27	15.84	15.14	15.40	10479538	244878816.00
2017/03/14	15.46	15.60	15.32	15.52	6698852	156039968.00
2017/03/15	15.43	15.44	15.23	15.28	5547446	127848472.00
2017/03/16	15.28	15.47	15.08	15.27	10068281	230356912.00
2017/03/17	15.45	15.45	15.05	15.05	8291619	189073216.00
2017/03/20	15.06	15.37	15.01	15.24	6334803	145532240.00
2017/03/21	15.25	15.36	15.16	15.32	7686563	176897952.00
2017/03/22	15.15	15.63	15.15	15.59	13117281	305218016.00
2017/03/23	15.55	16.27	15.55	16.19	21201735	512522208.00
2017/03/24	16.22	16.67	16.02	16.61	20077783	499121728.00
2017/03/27	16.64	16.75	16.09	16.15	10139353	248060928.00
2017/03/28	16.16	16.41	16.08	16.25	5178879	126882752.00
2017/03/29	16.25	16.58	16.09	16.52	5369088	132228344.00
2017/03/30	16.69	16.75	15.92	16.18	15058787	367606752.00
2017/03/31	16.27	16.81	16.15	16.81	8685100	215727648.00
2017/04/05	16.81	17.23	16.51	17.03	12802538	326501088.00
2017/04/06	16.87	17.38	16.52	16.88	11770085	298759424.00
2017/04/07	16.88	17.01	16.70	16.93	4156997	105482544.00
2017/04/10	16.98	17.13	16.60	16.78	6939392	175076736.00
2017/04/11	16.79	16.87	16.15	16.55	7435460	183461936.00
2017/04/12	16.35	16.99	16.35	16.88	5257663	132615976.00
2017/04/13	16.78	17.01	16.59	16.64	6456129	162697024.00
2017/04/14	16.54	16.69	16.45	16.48	3117978	77683976.00
2017/04/17	16.51	16.55	16.01	16.21	5514695	135003744.00
2017/04/18	16.17	16.40	16.01	16.12	7434343	181082544.00
2017/04/19	16.09	16.27	15.89	16.25	6067750	146777488.00
2017/04/20	16.21	17.38	16.20	17.38	14903064	380404224.00
2017/04/21	17.16	17.43	16.96	17.17	9497930	244426144.00
2017/04/24	17.19	17.21	16.29	16.78	7285207	184080976.00
2017/04/25	16.79	17.80	16.65	17.67	11307502	295748064.00
2017/04/26	17.68	18.01	17.42	17.55	12930301	344243744.00
2017/04/27	17.37	17.91	16.97	17.61	10235272	269405504.00
2017/04/28	17.57	18.21	17.37	18.03	13344196	358780416.00
2017/05/02	18.08	18.21	17.71	17.92	7270137	195617344.00
2017/05/03	17.81	17.93	17.49	17.81	6905089	184600880.00
2017/05/04	17.64	18.15	17.50	17.89	7048540	189557104.00
2017/05/05	17.77	18.27	17.54	17.74	11543402	311323840.00
2017/05/08	17.72	17.95	17.52	17.75	12021276	320006368.00
2017/05/09	17.67	18.00	17.15	17.99	13161852	351735616.00
2017/05/10	17.99	18.93	17.95	18.48	15871182	444157120.00
2017/05/11	18.29	18.76	18.15	18.47	13648306	376783296.00
2017/05/12	18.47	18.58	18.11	18.39	8339667	229982832.00
2017/05/15	18.61	19.28	18.43	19.28	10233508	292903424.00
2017/05/16	19.29	19.83	18.95	19.75	11757362	344286144.00
2017/05/17	19.75	19.75	19.16	19.28	11782261	342735392.00
2017/05/18	18.95	19.20	18.76	18.77	13551020	385188640.00
2017/05/19	18.77	18.93	18.42	18.77	8902843	249601760.00
2017/05/22	18.76	19.40	18.67	19.37	10503200	302566432.00
2017/05/23	19.31	19.91	19.01	19.47	13865169	407968064.00
2017/05/24	19.29	19.55	18.69	19.21	9572580	275278144.00
2017/05/25	19.23	19.31	18.29	18.88	17049576	476894912.00
2017/05/26	18.62	18.71	17.69	18.35	25903446	708232064.00
2017/05/31	18.20	18.50	17.87	18.49	13726758	374934464.00
2017/06/01	18.45	18.81	18.11	18.43	11707100	325776224.00
2017/06/02	18.45	18.77	18.21	18.55	7631900	212304272.00
2017/06/05	18.62	18.83	18.46	18.75	9220500	259205776.00
2017/06/06	18.75	19.03	18.59	18.73	8329000	235809904.00
2017/06/07	18.71	19.23	18.64	19.05	13990600	399132128.00
2017/06/08	19.03	19.33	18.91	19.28	11041100	318077664.00
2017/06/09	19.28	19.52	18.55	19.05	15852300	451925632.00
2017/06/12	18.69	18.79	17.88	18.31	21452202	591347776.00
2017/06/13	18.21	18.61	18.03	18.57	10767672	297701536.00
2017/06/14	18.46	18.73	18.23	18.31	7342722	204092752.00
2017/06/15	18.19	18.44	18.11	18.29	4207820	115725168.00
2017/06/16	18.21	18.69	18.15	18.61	5142648	142970224.00
2017/06/19	18.71	18.78	18.51	18.71	5746100	160962064.00
2017/06/20	18.81	19.08	18.41	18.61	7671216	217461664.00
2017/06/21	18.69	19.22	18.51	19.21	14186900	405051680.00
2017/06/22	19.25	19.85	19.18	19.35	15094300	443964640.00
2017/06/23	19.45	20.15	19.35	20.09	11495600	342177152.00
2017/06/26	20.24	20.24	19.76	19.95	11255100	337322048.00
2017/06/27	19.88	19.91	19.35	19.71	12298800	361583264.00
2017/06/28	19.68	19.68	19.09	19.21	14449061	418215584.00
2017/06/29	19.28	19.30	18.83	19.08	15624400	447445888.00
2017/06/30	19.01	19.50	18.91	19.44	10359300	299396384.00
2017/07/03	19.43	19.53	18.63	18.78	14490600	412179616.00
2017/07/04	18.77	19.05	18.51	18.95	12122800	342211552.00
2017/07/05	18.92	19.28	18.78	19.28	9725600	279646368.00
2017/07/06	19.30	19.55	19.10	19.45	12779000	247531344.00
2017/07/07	19.42	19.50	18.99	19.50	15235000	293314752.00
2017/07/10	19.50	19.50	19.03	19.03	8883900	170928080.00
2017/07/11	18.95	19.45	18.53	19.07	16900300	320358144.00
2017/07/12	18.86	19.80	18.86	19.78	25390600	493444800.00
2017/07/13	19.82	20.12	19.57	19.72	15087900	300126688.00
2017/07/14	19.54	20.00	19.13	19.95	12029600	234465136.00
2017/07/17	19.82	20.11	19.00	19.67	16316100	320656928.00
2017/07/18	19.66	19.75	19.31	19.56	9909900	193285904.00
2017/07/19	19.60	20.97	19.41	20.76	27643200	560195264.00
2017/07/20	20.63	21.37	20.63	21.00	18951200	398863840.00
2017/07/21	20.88	21.68	20.80	21.01	14107225	299566944.00
2017/07/24	20.91	21.36	20.70	21.00	10223700	214550784.00
2017/07/25	21.10	21.68	21.04	21.09	12499800	266694928.00
2017/07/26	21.12	21.21	20.47	21.10	12223100	254182304.00
2017/07/27	21.06	21.20	20.55	20.99	10435300	218002720.00
2017/07/28	20.80	21.21	20.65	20.97	5920100	124196848.00
2017/07/31	21.12	21.12	20.46	20.98	13405100	277590848.00
2017/08/01	20.71	20.93	20.45	20.58	11678800	240008624.00
2017/08/02	20.70	21.26	20.24	20.42	18120900	375967232.00
2017/08/03	20.49	20.64	19.58	19.80	20352100	404709952.00
2017/08/04	19.68	20.15	19.32	19.98	13279700	260596064.00
2017/08/07	20.07	20.08	19.57	20.04	9543700	190075568.00
2017/08/08	19.95	19.95	19.46	19.55	18708100	366520320.00
2017/08/09	19.61	19.98	19.50	19.92	14172300	280384864.00
2017/08/10	19.87	20.42	19.68	20.28	19406300	391626976.00
2017/08/11	20.05	21.12	19.87	20.49	21030500	435632288.00
2017/08/14	20.66	21.96	20.60	21.54	32114100	689600576.00
2017/08/15	21.56	21.90	21.35	21.54	13661200	294869472.00
2017/08/16	21.50	21.89	21.46	21.89	11323200	246179456.00
2017/08/17	21.76	21.86	21.16	21.45	14469200	309962848.00
2017/08/18	21.35	21.81	20.97	21.15	11395200	241770784.00
数据来源:通达信
