000333 美的集团 日线 前复权
      日期	    开盘	    最高	    最低	    收盘	    成交量	    成交额
2013/09/18	7.80	9.37	7.63	8.26	38889754	1681303424.00
2013/09/23	8.17	9.39	7.85	9.32	31851606	1406017536.00
2013/09/24	9.13	9.31	8.84	8.90	20004514	901506368.00
2013/09/25	8.74	9.57	8.73	9.01	17165136	781787200.00
2013/09/26	8.91	9.02	8.32	8.47	14680801	640034816.00
2013/09/27	8.47	8.81	8.38	8.47	8561465	372250400.00
2013/09/30	8.46	8.68	8.43	8.53	7668272	331344576.00
2013/10/08	8.47	9.06	8.44	9.00	11112977	493442848.00
2013/10/09	8.91	9.14	8.73	8.91	8305418	370734080.00
2013/10/10	8.87	9.36	8.77	9.19	15625661	708889920.00
2013/10/11	9.27	9.28	9.07	9.14	7969766	363516960.00
2013/10/14	9.14	9.35	8.89	9.27	9646785	441424928.00
2013/10/15	9.27	9.27	8.96	9.04	9241988	419089536.00
2013/10/16	8.94	9.23	8.65	8.91	8918362	397199776.00
2013/10/17	8.91	9.03	8.79	8.90	5552669	247582784.00
2013/10/18	8.87	9.48	8.81	9.27	10420989	478846144.00
2013/10/21	9.32	9.83	9.18	9.76	13565868	638065984.00
2013/10/22	9.64	9.88	9.50	9.65	8214741	390719936.00
2013/10/23	9.66	9.91	9.24	9.29	8729030	407798432.00
2013/10/24	9.27	10.23	9.22	9.67	12218451	583397312.00
2013/10/25	9.65	10.03	9.56	9.72	10233626	490068576.00
2013/10/28	9.79	10.20	9.67	10.19	10446741	508354432.00
2013/10/29	10.09	10.25	9.80	10.05	9652552	469601280.00
2013/10/30	10.07	10.51	9.97	10.38	12128524	604865216.00
2013/10/31	10.51	10.55	9.78	9.91	10073288	491851072.00
2013/11/01	9.74	10.01	9.62	9.74	7205717	344516576.00
2013/11/04	9.69	9.93	9.69	9.80	4962214	238322432.00
2013/11/05	9.67	9.91	9.55	9.85	5475095	261530176.00
2013/11/06	9.79	9.86	9.32	9.47	6025131	284031680.00
2013/11/07	9.41	9.51	9.04	9.33	6205677	283865728.00
2013/11/08	9.21	9.32	9.09	9.18	3341133	153053744.00
2013/11/11	9.18	9.27	8.90	9.21	3580989	162564576.00
2013/11/12	9.23	9.54	9.13	9.36	6472993	301452128.00
2013/11/13	9.23	9.36	9.13	9.13	3048409	139594992.00
2013/11/14	9.15	9.35	8.91	9.27	5436007	246139984.00
2013/11/15	9.23	9.55	9.16	9.32	6421521	298879168.00
2013/11/18	9.36	9.55	9.29	9.50	4983041	232323744.00
2013/11/19	9.50	9.67	9.40	9.53	5316174	250109360.00
2013/11/20	9.66	9.66	9.38	9.45	4172673	195299680.00
2013/11/21	9.45	9.45	9.01	9.19	6602904	300714496.00
2013/11/22	9.23	9.49	9.18	9.42	4428863	205574944.00
2013/11/25	9.22	9.35	9.15	9.26	6320252	289730112.00
2013/11/26	9.24	9.59	9.19	9.58	7858305	367247552.00
2013/11/27	9.59	9.61	9.33	9.42	5417393	252670208.00
2013/11/28	9.43	9.79	9.43	9.71	7237994	343994304.00
2013/11/29	9.67	9.80	9.61	9.78	5125945	244627680.00
2013/12/02	9.54	9.58	9.27	9.30	6513376	304178432.00
2013/12/03	9.27	9.56	9.27	9.54	5606801	261874432.00
2013/12/04	9.53	9.91	9.48	9.78	5726006	274690880.00
2013/12/05	9.82	10.03	9.77	9.94	5473742	265569520.00
2013/12/06	9.96	9.97	9.73	9.91	3844333	185057344.00
2013/12/09	9.92	10.06	9.79	9.93	4707669	227857520.00
2013/12/10	10.01	10.46	10.01	10.25	10813891	538909440.00
2013/12/11	10.19	10.33	9.76	9.90	6295245	309155360.00
2013/12/12	9.85	10.20	9.71	10.15	4568478	221437136.00
2013/12/13	9.94	10.57	9.91	10.37	10987469	551962432.00
2013/12/16	10.37	10.73	10.28	10.31	9577462	485809120.00
2013/12/17	10.32	10.36	10.05	10.07	6405805	315460832.00
2013/12/18	10.06	10.47	9.93	10.46	6406127	318806464.00
2013/12/19	10.53	10.70	10.30	10.30	6346406	320375904.00
2013/12/20	10.23	10.87	10.18	10.81	20368231	1029695744.00
2013/12/23	10.65	10.79	10.34	10.43	7054117	357126336.00
2013/12/24	10.55	10.65	10.27	10.55	6575973	330453344.00
2013/12/25	10.60	10.63	10.37	10.44	4262422	215560128.00
2013/12/26	10.38	10.39	9.69	9.92	10590937	515988352.00
2013/12/27	9.80	10.41	9.75	10.27	7452613	366987488.00
2013/12/30	10.27	10.48	10.18	10.20	4380030	218806912.00
2013/12/31	10.18	10.36	9.87	10.33	5985944	294099104.00
2014/01/02	10.17	10.29	9.96	10.05	3946290	193220272.00
2014/01/03	9.91	10.01	9.56	9.82	7584577	362396320.00
2014/01/06	9.77	9.79	9.36	9.43	5992569	279878528.00
2014/01/07	9.32	9.58	9.32	9.39	3440935	160580656.00
2014/01/13	9.27	9.93	9.21	9.40	7394698	346958976.00
2014/01/14	9.40	9.82	9.35	9.80	5011533	237738080.00
2014/01/15	9.72	10.08	9.67	9.91	4306796	208692016.00
2014/01/16	9.90	10.08	9.75	9.89	4245118	205606080.00
2014/01/17	9.81	9.89	9.45	9.51	4019015	190432272.00
2014/01/20	9.50	9.76	9.40	9.67	3816813	180827664.00
2014/01/21	9.67	9.75	9.47	9.53	4335520	204014336.00
2014/01/22	9.55	9.79	9.49	9.74	4317868	205238256.00
2014/01/23	9.73	10.10	9.62	9.90	5500074	265863456.00
2014/01/24	9.90	10.14	9.75	9.96	5036662	245337712.00
2014/01/27	9.88	9.89	9.57	9.63	5422290	258565264.00
2014/01/28	9.75	9.87	9.61	9.78	3708992	177707760.00
2014/01/29	9.87	9.90	9.67	9.74	4006927	191411776.00
2014/01/30	9.77	9.77	9.40	9.50	5455584	256146016.00
2014/02/07	9.38	9.38	8.97	9.19	9233260	419470272.00
2014/02/10	9.18	9.53	9.11	9.41	7058080	327990400.00
2014/02/11	9.41	9.41	9.13	9.25	6658013	305636960.00
2014/02/12	9.27	9.58	9.18	9.47	6370454	296686592.00
2014/02/13	9.48	9.48	9.19	9.31	6856965	317109248.00
2014/02/14	9.24	9.41	9.22	9.34	3965343	182979760.00
2014/02/17	9.36	9.42	9.27	9.40	5650256	260881616.00
2014/02/18	9.37	9.37	9.18	9.26	4122529	189272112.00
2014/02/19	9.27	9.37	9.13	9.29	4387068	202089728.00
2014/02/20	9.28	9.31	8.92	8.98	8485159	383520512.00
2014/02/21	8.99	9.07	8.86	8.92	4792501	214409184.00
2014/02/24	8.87	8.89	7.75	8.18	13622311	569681728.00
2014/02/25	8.15	8.15	7.74	7.76	15201359	619138432.00
2014/02/26	7.69	7.72	7.40	7.47	11431274	450989056.00
2014/02/27	7.51	7.56	7.06	7.18	14095849	541012992.00
2014/02/28	7.19	7.39	7.07	7.38	7978905	308076480.00
2014/03/03	7.27	7.75	7.27	7.65	6523906	258418192.00
2014/03/04	7.56	7.56	7.25	7.37	5829695	226270208.00
2014/03/05	7.40	7.56	7.28	7.35	4445050	173812816.00
2014/03/06	7.35	7.94	7.30	7.84	11662673	468521568.00
2014/03/07	7.85	8.02	7.75	7.80	5513560	225197536.00
2014/03/10	7.67	8.17	7.60	7.84	10274375	423278112.00
2014/03/11	7.95	8.38	7.95	8.14	10879544	457655968.00
2014/03/12	8.27	8.32	8.03	8.22	6409232	268506560.00
2014/03/13	8.23	8.30	8.03	8.15	4887819	204431520.00
2014/03/14	8.14	8.27	7.94	8.15	4250563	177624032.00
2014/03/17	8.17	8.48	8.05	8.47	7580905	321709312.00
2014/03/18	8.65	8.68	8.22	8.23	7197754	306533792.00
2014/03/19	8.17	8.20	7.80	7.94	5273720	216781120.00
2014/03/20	7.94	8.11	7.55	7.61	7425367	299716608.00
2014/03/21	7.61	7.95	7.61	7.89	4279616	173385632.00
2014/03/24	7.82	8.03	7.75	7.98	4198265	171713632.00
2014/03/25	7.93	8.21	7.85	8.05	4006743	166315504.00
2014/03/26	8.04	8.33	8.04	8.27	4138661	174364928.00
2014/03/27	8.27	8.32	8.13	8.23	4038076	170231824.00
2014/03/28	8.26	8.60	8.26	8.43	7861031	337750208.00
2014/03/31	9.57	9.57	8.94	9.02	32394664	1495925760.00
2014/04/01	9.02	9.65	8.81	9.54	24292441	1127692928.00
2014/04/02	9.58	9.76	9.32	9.35	16536316	771714368.00
2014/04/03	9.40	9.66	9.10	9.29	17307908	804169472.00
2014/04/04	9.18	9.36	9.01	9.27	12139030	555344064.00
2014/04/08	9.24	9.54	9.11	9.47	15452763	718320768.00
2014/04/09	9.53	9.65	9.41	9.49	13011942	610865920.00
2014/04/10	9.54	9.55	9.27	9.42	13733126	638814208.00
2014/04/11	9.45	9.87	9.43	9.77	21234877	1011449984.00
2014/04/14	9.73	9.79	9.56	9.62	10648103	505394752.00
2014/04/15	9.66	9.66	9.21	9.24	12848818	595582848.00
2014/04/16	9.16	9.31	9.16	9.31	6653570	305679104.00
2014/04/17	9.32	9.50	9.32	9.36	6163692	287072384.00
2014/04/18	9.29	9.49	9.19	9.45	5463762	253230784.00
2014/04/21	9.32	9.44	9.24	9.27	6780069	313220640.00
2014/04/22	9.24	9.31	8.77	9.04	11551874	519669824.00
2014/04/23	9.22	9.51	9.19	9.29	10679217	495039648.00
2014/04/24	9.26	9.61	9.14	9.58	11668019	544749632.00
2014/04/25	9.64	9.69	9.47	9.54	9257239	436514880.00
2014/04/28	9.53	9.59	9.00	9.38	9554304	438749344.00
2014/04/29	9.45	9.77	9.24	9.53	18898228	889389056.00
2014/04/30	9.45	9.46	8.96	9.05	27266615	477911360.00
2014/05/05	9.02	9.33	8.74	9.23	21753274	373521696.00
2014/05/06	9.13	9.27	8.90	8.97	16311170	282295296.00
2014/05/07	8.90	8.91	8.65	8.67	19678369	331937440.00
2014/05/08	8.65	9.00	8.54	8.76	18181371	307329056.00
2014/05/09	8.73	8.99	8.65	8.95	15784010	267805024.00
2014/05/13	9.09	9.27	8.95	9.00	17418500	302106720.00
2014/05/14	8.97	9.14	8.89	9.05	11312073	194726032.00
2014/05/15	8.94	9.01	8.82	8.87	14727148	251184080.00
2014/05/16	8.83	8.97	8.81	8.93	7755588	131990808.00
2014/05/19	8.73	8.83	8.54	8.61	13631941	226902016.00
2014/05/20	8.70	8.85	8.48	8.59	10190460	169399520.00
2014/05/21	8.51	8.63	8.41	8.58	8026694	132486376.00
2014/05/22	8.59	8.85	8.56	8.71	13124680	220767312.00
2014/05/23	8.68	8.85	8.67	8.80	6367841	107501560.00
2014/05/26	8.86	9.01	8.75	8.87	11055121	188275440.00
2014/05/27	8.89	8.95	8.81	8.83	8770007	149169472.00
2014/05/28	8.83	9.14	8.73	9.09	18277634	313602048.00
2014/05/29	9.04	9.26	9.04	9.08	13825024	241014496.00
2014/05/30	9.09	9.23	9.08	9.15	10916008	190497328.00
2014/06/03	9.18	9.43	9.17	9.29	11990267	212061216.00
2014/06/04	9.31	9.33	9.00	9.08	9268427	161046976.00
2014/06/05	9.07	9.26	8.99	9.19	8846945	154040848.00
2014/06/06	9.19	9.32	9.13	9.20	7765464	136259808.00
2014/06/09	9.31	9.43	9.12	9.25	11145844	196866688.00
2014/06/10	9.28	9.78	9.28	9.71	33065042	596238080.00
2014/06/11	9.67	9.81	9.55	9.76	19235725	351856672.00
2014/06/12	9.73	9.91	9.61	9.82	18973154	349885760.00
2014/06/13	9.87	10.39	9.87	10.25	29482903	561738432.00
2014/06/16	10.25	10.38	10.12	10.26	22383940	427953888.00
2014/06/17	10.26	10.26	9.83	9.89	22029781	412162272.00
2014/06/18	9.87	9.97	9.67	9.75	12794076	235716464.00
2014/06/19	9.75	9.89	9.58	9.85	15163221	277827104.00
2014/06/20	9.80	9.87	9.67	9.78	14334880	263139552.00
2014/06/23	9.82	9.85	9.52	9.53	18846585	342704672.00
2014/06/24	9.55	9.75	9.41	9.71	11460184	207800640.00
2014/06/25	9.73	9.75	9.54	9.72	11074109	201384016.00
2014/06/26	9.72	10.04	9.67	9.98	12718902	236114256.00
2014/06/27	9.99	10.37	9.94	10.33	22721156	433543072.00
2014/06/30	10.34	10.71	10.31	10.41	21897483	425902560.00
2014/07/01	10.39	10.39	10.05	10.13	20460096	387643360.00
2014/07/02	10.14	10.45	10.13	10.40	20539917	394569568.00
2014/07/03	10.33	10.71	10.30	10.57	18693234	366741344.00
2014/07/04	10.55	10.63	10.41	10.57	11167221	217746176.00
2014/07/07	10.57	10.57	10.27	10.35	12343791	237354960.00
2014/07/08	10.35	10.46	10.11	10.45	14699808	280774720.00
2014/07/09	10.40	10.41	10.10	10.19	11777864	224093024.00
2014/07/10	10.15	10.25	10.09	10.10	9179462	173468304.00
2014/07/11	10.07	10.24	9.97	10.20	13970186	264004192.00
2014/07/14	10.19	10.29	10.00	10.27	13777834	259984672.00
2014/07/15	10.41	10.60	10.32	10.40	17368896	336158624.00
2014/07/16	10.44	10.44	10.14	10.21	10351296	197410320.00
2014/07/17	10.21	10.30	10.13	10.21	7502005	142503920.00
2014/07/18	10.13	10.40	10.07	10.37	13017917	249317184.00
2014/07/21	10.34	10.52	10.31	10.35	10922202	211067008.00
2014/07/22	10.29	10.57	10.29	10.41	14758162	286586784.00
2014/07/23	10.41	10.52	10.29	10.44	12177776	234917264.00
2014/07/24	10.44	10.97	10.43	10.93	33685363	667305280.00
2014/07/25	10.97	11.10	10.81	11.00	20875503	420956576.00
2014/07/28	11.10	11.60	11.03	11.55	29942430	621315136.00
2014/07/29	11.60	11.83	11.40	11.47	23137218	487003200.00
2014/07/30	11.44	11.66	11.29	11.37	16730802	348585472.00
2014/07/31	11.37	11.80	11.32	11.79	17369542	366621472.00
2014/08/01	11.74	12.20	11.67	11.84	20773805	448924352.00
2014/08/04	11.84	12.17	11.84	12.15	17023942	369586016.00
2014/08/05	12.15	12.32	11.94	12.03	20265131	442545600.00
2014/08/06	11.95	11.96	11.59	11.73	22883444	486200000.00
2014/08/07	11.73	11.87	11.44	11.48	24027691	507362144.00
2014/08/08	11.47	11.73	11.47	11.67	14042749	296334496.00
2014/08/11	11.67	11.78	11.59	11.73	14215701	301969120.00
2014/08/12	11.71	11.71	11.48	11.53	20833584	437355872.00
2014/08/13	11.51	11.67	11.48	11.59	14055961	295815840.00
2014/08/14	11.60	11.71	11.45	11.56	12292236	258775056.00
2014/08/15	11.57	11.68	11.50	11.63	12492294	263661232.00
2014/08/18	11.68	11.94	11.68	11.89	15187348	325124320.00
2014/08/19	12.19	12.39	12.07	12.13	29747331	655245312.00
2014/08/20	12.15	12.22	11.97	12.15	15353391	335355808.00
2014/08/21	12.09	12.12	11.85	12.10	17737408	384433056.00
2014/08/22	12.10	12.73	12.05	12.64	28246001	633692160.00
2014/08/25	12.67	12.69	12.40	12.45	14404026	323359392.00
2014/08/26	12.40	12.43	11.99	12.13	17533485	385078048.00
2014/08/27	12.13	12.34	12.09	12.27	10147588	223814800.00
2014/08/28	12.28	12.30	12.04	12.07	12905541	282559104.00
2014/08/29	12.08	12.27	12.05	12.20	6834499	149869232.00
2014/09/01	12.19	12.40	12.07	12.35	10760479	238085728.00
2014/09/02	12.37	12.49	12.30	12.44	18414539	410640960.00
2014/09/03	12.45	12.56	12.31	12.41	21104512	470988384.00
2014/09/04	12.37	12.37	12.15	12.22	29144131	641314560.00
2014/09/05	12.23	12.37	12.20	12.37	20898472	462841184.00
2014/09/09	12.37	12.41	12.13	12.18	17677094	388660864.00
2014/09/10	12.13	12.13	11.89	11.92	24581210	532903616.00
2014/09/11	11.92	12.12	11.79	11.83	26731446	576701504.00
2014/09/12	11.81	11.95	11.79	11.93	13222471	283989728.00
2014/09/15	11.83	11.83	11.39	11.57	32137879	675610240.00
2014/09/16	11.53	11.64	11.35	11.36	20126228	420711904.00
2014/09/17	11.53	11.53	11.33	11.47	11769439	244946400.00
2014/09/18	11.40	11.66	11.35	11.52	16288029	341002432.00
2014/09/19	11.53	11.55	11.14	11.41	17639032	365997056.00
2014/09/22	11.37	11.37	11.01	11.03	24076496	490006688.00
2014/09/23	11.00	11.17	10.94	11.13	15866232	322241056.00
2014/09/24	11.13	11.37	11.03	11.33	21678315	444010464.00
2014/09/25	11.37	11.57	11.34	11.38	19178809	399710656.00
2014/09/26	11.33	11.35	11.14	11.23	13260025	272262240.00
2014/09/29	11.12	11.16	10.67	10.74	58352873	1160256256.00
2014/09/30	10.75	10.83	10.68	10.79	20026996	396879616.00
2014/10/08	10.83	11.06	10.81	11.06	24190755	486573184.00
2014/10/09	11.09	11.18	10.95	11.02	18472230	374680736.00
2014/10/10	10.97	11.04	10.87	10.90	17755804	356663712.00
2014/10/13	10.83	10.85	10.60	10.81	18133261	358653792.00
2014/10/14	10.78	10.84	10.70	10.78	13716955	272146624.00
2014/10/15	10.75	10.99	10.75	10.95	19314527	386898528.00
2014/10/16	10.87	11.15	10.81	11.03	27265863	551678016.00
2014/10/17	11.07	11.20	10.91	11.14	24324812	493682752.00
2014/10/20	11.24	11.38	11.09	11.16	18254209	374414880.00
2014/10/21	11.13	11.21	10.96	10.97	14236804	289347104.00
2014/10/22	10.97	11.20	10.94	11.14	15204845	309262016.00
2014/10/23	11.15	11.31	11.02	11.06	18539980	379641888.00
2014/10/24	11.10	11.10	10.67	10.87	21758729	433891584.00
2014/10/27	10.77	10.77	10.47	10.57	17452485	341714592.00
2014/10/28	10.60	10.79	10.59	10.77	14295847	282236256.00
2014/10/29	10.83	11.20	10.71	11.16	28175976	566019840.00
2014/10/30	11.17	11.23	10.93	10.96	22421591	454077088.00
2014/10/31	10.97	11.51	10.97	11.47	50759890	1048196544.00
2014/11/03	11.47	11.57	11.37	11.41	25264040	527023776.00
2014/11/04	11.41	11.41	11.17	11.30	22041243	454300512.00
2014/11/05	11.27	11.49	11.21	11.26	16282627	337430368.00
2014/11/06	11.27	11.36	10.92	11.02	28249464	572173120.00
2014/11/07	11.03	11.34	10.99	11.34	40603869	832550912.00
2014/11/10	11.41	12.01	11.27	12.00	55412709	1186099712.00
2014/11/11	12.04	12.19	11.75	12.10	60022711	1307188992.00
2014/11/12	12.11	12.52	11.94	12.34	35115726	777630464.00
2014/11/13	12.33	12.51	12.00	12.38	37529036	830110400.00
2014/11/14	12.30	12.50	12.19	12.30	26676138	591775936.00
2014/11/17	12.29	12.45	12.04	12.19	30596965	673208384.00
2014/11/18	12.11	12.18	11.69	11.81	23480725	505901088.00
2014/11/19	11.75	11.89	11.69	11.80	11780515	252146960.00
2014/11/20	11.73	11.79	11.62	11.77	11055839	234770864.00
2014/11/21	11.73	12.19	11.70	12.07	15963612	345562944.00
2014/11/24	12.53	12.55	12.12	12.28	33626687	746108864.00
2014/11/25	12.28	12.40	12.08	12.39	27006818	594468864.00
2014/11/26	12.39	12.53	12.20	12.47	30689736	681911296.00
2014/11/27	12.47	12.57	12.27	12.37	32629918	727138496.00
2014/11/28	12.33	12.38	11.97	12.27	31871006	697570752.00
2014/12/01	12.27	13.44	12.24	13.10	60456065	1409387392.00
2014/12/02	13.09	14.09	12.91	13.89	58727638	1415482624.00
2014/12/03	14.09	15.23	13.74	14.33	81694968	2085027840.00
2014/12/04	14.58	14.91	14.02	14.63	45637574	1160537856.00
2014/12/05	14.83	14.87	13.60	14.00	59345292	1480129280.00
2014/12/15	15.65	15.65	14.80	14.99	136735990	3634176768.00
2014/12/16	15.07	15.19	14.54	14.77	54345660	1405624704.00
2014/12/17	14.72	14.77	14.21	14.51	45381095	1153433600.00
2014/12/18	14.51	16.20	14.47	16.13	79474729	2153946368.00
2014/12/19	16.13	16.45	15.75	15.95	49447512	1374487040.00
2014/12/22	15.79	16.46	15.35	16.10	48149718	1320646144.00
2014/12/23	15.99	17.53	15.73	16.43	68282305	1978414080.00
2014/12/24	16.51	16.69	15.85	15.97	41371957	1156965632.00
2014/12/25	16.03	16.57	15.53	15.99	39073180	1083890816.00
2014/12/26	16.07	16.66	15.61	16.42	42035900	1168808576.00
2014/12/29	16.47	17.07	15.73	15.96	41842144	1175422336.00
2014/12/30	16.00	16.01	15.21	15.43	40508324	1094935808.00
2014/12/31	15.43	15.87	15.33	15.83	34814204	946378240.00
2015/01/05	16.12	17.60	16.12	17.45	97408991	2869142784.00
2015/01/06	17.44	19.19	17.17	18.67	87127770	2743939072.00
2015/01/07	18.68	19.09	18.15	18.63	36827428	1158683520.00
2015/01/08	18.51	19.37	18.13	18.93	53117488	1697994880.00
2015/01/09	18.85	19.40	18.26	18.27	43316849	1390729216.00
2015/01/12	18.25	19.30	17.87	18.88	43823471	1396137856.00
2015/01/13	18.87	19.85	18.54	19.67	45576502	1491650048.00
2015/01/14	19.79	19.80	18.47	18.79	36526991	1177625984.00
2015/01/15	18.77	19.17	18.23	18.90	30902757	978807936.00
2015/01/16	18.87	18.90	18.30	18.52	37834397	1188067584.00
2015/01/19	17.53	18.20	16.42	17.18	61883378	1831044736.00
2015/01/20	17.21	18.11	17.19	17.87	44534828	1341859200.00
2015/01/21	17.91	18.48	17.59	18.32	38473000	1182623488.00
2015/01/22	18.33	18.45	17.87	18.11	26107290	806314048.00
2015/01/23	18.13	18.39	17.74	17.87	26872719	822756800.00
2015/01/26	18.07	18.26	17.89	18.07	24519211	755111168.00
2015/01/27	18.21	18.40	17.70	18.10	35751833	1102678144.00
2015/01/28	17.83	18.07	17.57	17.79	22639316	688043456.00
2015/01/29	17.29	17.73	17.27	17.47	23934492	714512256.00
2015/01/30	17.51	18.13	17.50	17.55	26077875	794075648.00
2015/02/02	17.20	17.49	16.79	16.79	23259089	681058816.00
2015/02/03	17.17	17.20	16.87	17.11	17933455	524301376.00
2015/02/04	17.37	17.71	17.07	17.07	20930397	624896128.00
2015/02/05	17.53	17.86	16.87	16.87	29547882	881037120.00
2015/02/06	16.87	17.35	16.54	16.94	15643109	456274560.00
2015/02/09	16.99	17.53	16.87	17.24	18004002	531394688.00
2015/02/10	17.47	17.92	17.33	17.83	23668571	716106944.00
2015/02/11	18.07	18.07	17.68	17.78	16115712	491666592.00
2015/02/12	17.87	18.04	17.64	17.79	13467539	409651072.00
2015/02/13	17.87	18.04	17.63	17.75	22937091	697578112.00
2015/02/16	17.83	17.87	17.53	17.65	19525981	589192000.00
2015/02/17	17.73	18.76	17.60	18.59	38347961	1197468800.00
2015/02/25	18.80	19.10	18.40	18.73	36733475	1169279104.00
2015/02/26	18.64	18.73	18.28	18.70	18684346	588438208.00
2015/02/27	18.67	18.85	18.33	18.51	19939362	628723840.00
2015/03/02	18.56	18.75	18.29	18.51	26377669	829426880.00
2015/03/03	18.31	18.55	17.73	17.76	28407783	876160832.00
2015/03/04	17.73	18.29	17.63	18.07	24591449	754765696.00
2015/03/05	17.67	17.86	17.20	17.33	34709544	1034165952.00
2015/03/06	17.37	17.50	17.00	17.15	21417572	631626240.00
2015/03/09	16.87	17.53	16.73	17.52	25717020	754379072.00
2015/03/10	17.43	17.75	17.31	17.41	18973677	567670976.00
2015/03/11	17.41	18.18	17.41	18.18	32050462	984717504.00
2015/03/12	18.41	18.45	17.97	17.99	20273051	626647872.00
2015/03/13	17.99	18.53	17.93	18.20	19703512	610843520.00
2015/03/16	18.33	18.60	18.00	18.53	24284228	759688512.00
2015/03/17	18.70	18.72	18.33	18.51	29110958	914548672.00
2015/03/18	18.67	18.87	18.41	18.86	37977215	1202635520.00
2015/03/19	18.99	19.32	18.66	18.87	34273180	1097843456.00
2015/03/20	18.77	19.07	18.51	18.54	31521775	997473408.00
2015/03/23	18.74	19.25	18.60	19.01	31957728	1027188096.00
2015/03/24	19.27	19.39	18.55	18.93	39188921	1251489024.00
2015/03/25	18.60	18.75	18.47	18.56	28349878	894341760.00
2015/03/31	20.66	20.66	19.21	19.50	75600452	2544112384.00
2015/04/01	19.53	20.53	19.33	20.32	47880133	1625659264.00
2015/04/02	20.58	20.65	19.82	20.36	40829397	1388517376.00
2015/04/03	20.29	20.29	19.83	20.12	36814454	1241541760.00
2015/04/07	20.41	20.79	20.01	20.30	48914359	1669415808.00
2015/04/08	20.37	20.39	19.74	20.14	37363989	1263790208.00
2015/04/09	20.14	20.17	19.22	19.45	40755073	1347286912.00
2015/04/10	19.15	19.93	19.15	19.88	35420757	1173751424.00
2015/04/13	20.00	20.37	19.40	19.53	72082948	2402703104.00
2015/04/14	19.52	19.83	19.29	19.67	42832251	1414253568.00
2015/04/15	19.63	19.63	18.89	18.89	41864167	1364833408.00
2015/04/16	18.89	19.80	18.77	19.80	42619132	1403986944.00
2015/04/17	20.30	21.87	19.99	21.39	78378234	2753413376.00
2015/04/20	21.33	21.86	20.62	20.93	57472197	2037619456.00
2015/04/21	21.19	22.30	20.99	22.20	57130309	2084685440.00
2015/04/22	22.67	23.45	22.20	22.21	55425353	2090318080.00
2015/04/23	22.23	22.53	21.65	21.89	36886226	1348921216.00
2015/04/24	21.70	22.18	21.40	21.67	33808178	1226160128.00
2015/04/27	21.93	22.49	21.64	21.92	33569165	1229272960.00
2015/04/28	22.52	23.45	22.03	22.45	81213187	3077442816.00
2015/04/29	22.75	23.11	22.38	22.50	46196056	1737329664.00
2015/04/30	22.39	23.31	22.20	22.85	54409365	2013059456.00
2015/05/04	22.83	22.84	22.13	22.25	37443021	1354295680.00
2015/05/05	22.13	22.19	20.78	20.93	41778503	1448340864.00
2015/05/06	21.40	21.49	20.81	20.95	35435003	1220652160.00
2015/05/07	20.87	21.62	20.68	21.45	28520621	982493568.00
2015/05/08	21.87	22.11	21.37	21.67	34991257	1233945856.00
2015/05/11	21.60	21.97	21.25	21.97	40356486	1418239360.00
2015/05/12	22.00	22.32	21.60	21.84	32285610	1144930432.00
2015/05/13	21.90	22.53	21.67	22.13	38728922	1388811776.00
2015/05/14	22.05	22.30	21.70	21.81	23474537	835156544.00
2015/05/15	21.70	21.73	20.84	21.00	26969868	927394560.00
2015/05/18	20.87	20.87	20.29	20.34	30773506	1028329344.00
2015/05/19	20.42	21.53	20.40	21.42	35521083	1217427328.00
2015/05/20	21.93	22.57	21.68	22.09	48865405	1757078656.00
2015/05/21	22.52	23.85	22.52	23.60	49851521	1877053056.00
2015/05/22	23.73	23.90	22.88	23.61	35661092	1349015808.00
2015/05/25	23.63	24.09	23.20	23.92	37949597	1454409600.00
2015/05/26	23.92	25.86	23.91	25.25	49675847	2002994816.00
2015/05/27	25.27	25.58	24.46	24.62	33975049	1357280896.00
2015/05/28	24.62	24.87	22.73	22.76	39237335	1510353280.00
2015/05/29	22.77	23.20	21.73	22.87	42695899	1568373504.00
2015/06/01	22.94	23.87	22.85	23.80	34768076	1322991744.00
2015/06/02	23.81	23.93	23.13	23.83	36818747	1398865664.00
2015/06/03	23.83	24.60	23.76	24.27	41423504	1614196096.00
2015/06/04	24.20	24.20	21.69	23.55	36413101	1358142336.00
2015/06/05	23.71	24.19	22.83	23.32	45745356	1742067840.00
2015/06/08	23.35	24.52	23.00	24.45	63114809	2440146688.00
2015/06/09	24.47	24.75	23.67	23.95	41610362	1627174912.00
2015/06/10	23.61	24.45	23.40	24.05	33060813	1279451904.00
2015/06/11	24.05	24.37	23.34	23.59	30427905	1164746112.00
2015/06/12	23.59	23.99	23.23	23.45	36525158	1388734976.00
2015/06/15	23.49	23.59	22.44	22.54	43517491	1608845696.00
2015/06/16	22.58	22.96	22.02	22.50	33203355	1209704192.00
2015/06/17	22.70	23.00	22.21	22.85	25990068	950098880.00
2015/06/18	22.85	22.96	22.11	22.14	30265565	1103264256.00
2015/06/19	22.06	22.76	20.20	21.55	35452538	1271766016.00
2015/06/23	21.52	23.63	21.40	23.53	52787032	1937786880.00
2015/06/24	23.57	24.20	23.07	24.09	51962160	1989228928.00
2015/06/25	24.27	24.79	22.20	22.67	57041384	2181446400.00
2015/06/26	22.07	22.61	20.33	21.14	52991654	1844983552.00
2015/06/29	22.20	22.63	19.87	21.07	90937483	3191557632.00
2015/06/30	21.05	23.12	20.73	23.05	75078868	2693630464.00
2015/07/01	22.87	23.40	21.88	21.93	48541700	1794035072.00
2015/07/02	22.33	22.53	20.65	22.19	48577902	1719085184.00
2015/07/03	22.20	22.20	20.04	20.40	60874387	2089743232.00
2015/07/06	22.57	22.57	20.19	21.53	75178048	2585614592.00
2015/07/07	20.87	21.49	20.13	21.02	77361419	2625066240.00
2015/07/08	18.74	19.20	18.74	18.74	115388476	3574854400.00
2015/07/09	18.74	20.79	17.53	20.79	62243192	2013181056.00
2015/07/10	20.87	23.05	20.79	23.03	72185400	2651565312.00
2015/07/13	23.06	24.45	22.45	23.59	78097567	2958227968.00
2015/07/14	23.09	23.23	22.21	22.23	52213203	1909335168.00
2015/07/15	21.83	22.53	20.74	22.20	36258369	1268218368.00
2015/07/16	22.20	22.47	21.45	21.93	30862238	1105386624.00
2015/07/17	22.28	22.83	21.93	22.48	35328116	1277383552.00
2015/07/20	22.57	22.57	21.73	21.95	29121421	1046133952.00
2015/07/21	21.57	21.87	21.44	21.55	21271203	747400384.00
2015/07/22	21.81	22.04	20.93	21.11	36019291	1250358912.00
2015/07/23	21.07	21.53	20.87	21.43	31869269	1104377600.00
2015/07/24	21.43	21.87	21.00	21.11	30540891	1067331968.00
2015/07/27	20.81	21.01	18.87	19.20	44932006	1488742784.00
2015/07/28	18.78	20.57	18.57	20.12	56326708	1814197760.00
2015/07/29	20.20	20.55	19.89	20.48	28478986	939612416.00
2015/07/30	20.45	20.72	19.60	19.70	20397588	675772288.00
2015/07/31	19.37	20.34	19.27	20.30	32407553	1060298560.00
2015/08/03	19.92	20.87	19.85	20.87	31154772	1035419200.00
2015/08/04	20.82	20.93	20.23	20.91	22825969	769591040.00
2015/08/05	21.87	22.19	21.07	21.14	35487734	1247682304.00
2015/08/06	20.73	21.20	20.21	20.75	17598970	594223360.00
2015/08/07	21.06	21.20	20.73	21.01	14913699	510442112.00
2015/08/10	21.01	21.61	20.60	21.50	30259810	1038542976.00
2015/08/11	21.33	21.50	21.15	21.27	24720311	856974720.00
2015/08/12	21.27	21.49	20.53	20.54	22699831	776570560.00
2015/08/13	20.47	20.78	20.20	20.62	15754251	526669888.00
2015/08/14	20.63	20.66	20.33	20.40	17502360	585784896.00
2015/08/17	20.36	20.36	19.87	19.99	17147961	560748480.00
2015/08/18	19.99	20.19	18.66	18.82	25517502	816157632.00
2015/08/19	18.58	19.13	18.20	19.05	25889059	796330880.00
2015/08/20	18.57	18.85	18.21	18.21	24042295	727157504.00
2015/08/21	17.99	18.19	16.87	16.92	30028068	868411392.00
2015/08/24	16.19	16.19	15.05	15.05	52360311	1331971328.00
2015/08/25	14.11	15.65	13.75	14.04	54896159	1355341696.00
2015/08/26	14.32	15.61	14.12	15.02	54967201	1383446144.00
2015/08/27	15.67	15.95	14.98	15.89	40262972	1051756032.00
2015/08/28	16.01	16.65	15.94	16.43	36457571	991774784.00
2015/08/31	16.73	17.39	15.90	17.39	49991081	1384090624.00
2015/09/01	16.86	17.45	16.41	17.42	48440981	1367208704.00
2015/09/02	16.77	17.51	16.41	17.37	64347291	1821117184.00
2015/09/07	17.23	17.53	16.01	16.11	43830923	1216507776.00
2015/09/08	15.97	16.52	15.61	16.47	20686655	556197312.00
2015/09/09	16.47	17.02	16.29	16.80	26777285	743461504.00
2015/09/10	16.55	16.72	16.42	16.44	14092056	387788480.00
2015/09/11	16.49	16.57	16.29	16.37	9503818	259649584.00
2015/09/14	16.47	16.48	15.20	15.54	24433888	641743872.00
2015/09/15	15.45	15.45	14.67	14.87	20303484	510613856.00
2015/09/16	15.00	16.19	14.85	15.96	20269228	521919840.00
2015/09/17	15.88	16.00	15.07	15.20	19481563	512478656.00
2015/09/18	15.32	15.51	15.27	15.45	11668951	301106464.00
2015/09/21	15.23	15.91	15.21	15.89	13657649	355562304.00
2015/09/22	15.80	16.17	15.79	15.97	15591573	416417408.00
2015/09/23	15.80	15.80	15.39	15.43	12130958	316300448.00
2015/09/24	15.58	15.91	15.44	15.62	12004218	315204768.00
2015/09/25	15.54	15.57	14.83	14.93	18559580	469431648.00
2015/09/28	14.95	14.97	14.69	14.93	10799093	269359232.00
2015/09/29	14.73	14.82	14.51	14.58	11615717	286236736.00
2015/09/30	14.68	15.12	14.68	15.02	12239911	307349088.00
2015/10/08	15.87	16.69	15.87	16.27	37937094	1030189056.00
2015/10/09	16.23	16.37	16.03	16.27	14428276	390128320.00
2015/10/12	16.35	17.12	16.20	17.06	27868677	774116736.00
2015/10/13	17.00	17.00	16.62	16.81	17334722	483528288.00
2015/10/14	16.61	16.69	16.13	16.18	20817983	566828928.00
2015/10/15	16.16	16.57	16.09	16.55	20791003	565110528.00
2015/10/16	16.47	16.92	16.40	16.64	22177382	614033664.00
2015/10/19	16.67	16.72	16.28	16.48	20203015	555874240.00
2015/10/20	16.47	16.55	16.33	16.53	14827495	405439520.00
2015/10/21	16.60	16.77	15.91	15.98	22840290	622333888.00
2015/10/22	15.90	16.19	15.87	16.17	17596734	470640800.00
2015/10/23	16.25	16.69	16.25	16.59	19668186	540536704.00
2015/10/26	17.01	17.07	16.57	16.73	22144343	616032512.00
2015/10/27	16.48	16.71	16.10	16.45	19402375	527449216.00
2015/10/28	16.49	16.49	15.95	16.06	24692178	665857536.00
2015/10/29	16.21	16.79	16.03	16.71	32052941	873601664.00
2015/10/30	16.61	17.13	16.39	16.87	28765588	804238400.00
2015/11/02	16.65	17.51	16.59	17.12	28336160	810188672.00
2015/11/03	17.12	17.25	16.80	16.99	15305351	432520992.00
2015/11/04	16.99	17.79	16.97	17.77	28064575	815220480.00
2015/11/05	17.77	18.55	17.57	18.23	39684055	1187986432.00
2015/11/06	18.11	18.35	18.00	18.28	25523951	765096832.00
2015/11/09	18.27	18.87	18.22	18.40	26975435	821175104.00
2015/11/10	18.24	18.35	17.83	17.95	23258701	692802432.00
2015/11/11	18.00	18.03	17.69	17.83	17340451	510869056.00
2015/11/12	17.96	18.10	17.81	18.02	14703937	436293440.00
2015/11/13	17.81	17.82	17.41	17.53	20128419	585517568.00
2015/11/16	17.33	17.47	17.21	17.40	29743834	852226624.00
2015/11/17	17.53	17.85	17.41	17.54	32210345	940608896.00
2015/11/18	17.61	17.64	17.09	17.10	30147848	863942336.00
2015/11/19	17.13	17.25	16.80	17.18	35089474	991226944.00
2015/11/20	17.19	17.23	16.81	16.99	40774150	1148034304.00
2015/11/23	16.98	17.12	16.80	16.93	25663306	722055680.00
2015/11/24	16.96	17.25	16.88	17.20	19402960	547501696.00
2015/11/25	17.19	17.25	16.93	17.06	31692169	896717568.00
2015/11/26	17.13	17.49	17.07	17.29	31111582	890293568.00
2015/11/27	17.16	17.18	16.20	16.27	28239940	785533120.00
2015/11/30	16.39	16.43	15.65	16.09	21306430	571032640.00
2015/12/01	16.11	17.01	15.87	16.75	24238541	666026176.00
2015/12/02	16.72	18.42	16.60	17.73	58529163	1709867392.00
2015/12/03	17.59	17.83	17.40	17.60	22658944	660217152.00
2015/12/04	17.44	17.79	17.23	17.59	24958190	724199296.00
2015/12/07	17.62	17.95	17.29	17.74	23481550	686734208.00
2015/12/08	17.55	17.55	16.90	16.99	18228108	518709856.00
2015/12/09	16.91	17.50	16.91	17.21	18739548	536198976.00
2015/12/10	17.27	17.84	17.25	17.45	30528259	891339968.00
2015/12/11	17.47	17.88	17.24	17.79	23987307	699824320.00
2015/12/14	17.65	18.36	17.55	18.23	33349745	996293440.00
2015/12/15	18.19	18.40	17.91	18.23	22226396	665497664.00
2015/12/16	18.23	18.27	18.00	18.05	11969167	357186016.00
2015/12/17	18.12	18.63	18.12	18.32	20260577	614293568.00
2015/12/18	18.32	18.52	17.87	18.01	16047235	480553888.00
2015/12/21	18.07	19.92	18.01	19.45	46886750	1482978688.00
2015/12/22	19.45	20.12	19.28	19.83	27299101	881777984.00
2015/12/23	19.67	20.39	19.45	19.83	32333920	1064031744.00
2015/12/24	19.82	19.82	18.98	19.33	16999229	538114880.00
2015/12/25	19.37	19.69	19.35	19.63	11185471	357723552.00
2015/12/28	19.68	19.87	18.87	18.87	20393580	647355456.00
2015/12/29	18.90	20.85	18.64	20.26	36755288	1191961472.00
2015/12/30	20.21	21.07	20.12	20.49	44558105	1502908288.00
2015/12/31	20.50	20.59	19.90	20.08	17833301	589581696.00
2016/01/04	20.08	20.32	17.89	18.01	20033877	637157824.00
2016/01/05	18.01	19.19	17.89	19.09	31216593	962833792.00
2016/01/06	19.05	19.50	18.81	19.26	20197645	634290688.00
2016/01/07	18.80	18.85	17.45	17.56	6375400	191155840.00
2016/01/08	18.34	18.59	17.35	18.07	37458179	1117506944.00
2016/01/11	17.53	17.89	16.99	17.13	28231103	816072640.00
2016/01/12	17.28	17.65	16.99	17.41	21424986	616486976.00
2016/01/13	17.57	18.15	17.23	17.53	19005027	555836416.00
2016/01/14	16.88	18.05	16.87	17.93	26566028	773073088.00
2016/01/15	17.93	18.08	16.93	17.13	24067914	696595392.00
2016/01/18	16.69	17.23	16.47	16.73	21498633	600503872.00
2016/01/19	16.75	17.72	16.64	17.41	21806148	619797760.00
2016/01/20	17.33	17.53	16.63	16.89	23014583	649803584.00
2016/01/21	16.62	17.02	16.21	16.22	21196691	584255360.00
2016/01/22	16.46	16.49	15.87	16.25	16937202	456262208.00
2016/01/25	16.35	16.53	16.25	16.33	9353881	255115184.00
2016/01/26	16.23	16.35	15.38	15.43	19729485	521849856.00
2016/01/27	15.53	15.82	14.97	15.69	18425264	476125024.00
2016/01/28	15.55	16.18	15.45	15.87	13262052	351633312.00
2016/01/29	15.77	16.53	15.67	16.41	12192388	331295232.00
2016/02/01	16.41	16.57	16.27	16.43	8426900	230327632.00
2016/02/02	16.43	16.85	16.40	16.61	10567871	293500224.00
2016/02/03	16.52	16.59	16.07	16.31	13041001	353568896.00
2016/02/04	16.35	16.65	16.27	16.39	9208826	252010640.00
2016/02/05	16.47	16.65	16.38	16.48	10029004	275667520.00
2016/02/15	16.17	16.39	16.01	16.17	11744093	317039840.00
2016/02/16	16.42	16.73	16.27	16.69	13392115	368560320.00
2016/02/17	16.64	17.01	16.61	16.83	11642326	325527200.00
2016/02/18	16.95	17.06	16.72	16.77	6958189	194440096.00
2016/02/19	16.74	16.82	16.53	16.60	6615046	183255840.00
2016/02/22	16.86	16.97	16.55	16.89	11233411	313698016.00
2016/02/23	16.91	16.93	16.68	16.78	9740294	271761120.00
2016/02/24	16.73	16.84	16.41	16.76	8208646	226804320.00
2016/02/25	16.68	16.75	15.53	15.85	16250633	437138496.00
2016/02/26	15.93	16.14	15.84	16.09	9505338	253976912.00
2016/02/29	16.05	16.06	15.35	15.58	13187816	343619104.00
2016/03/01	15.63	16.18	15.59	16.17	11008693	294041824.00
2016/03/02	16.33	17.65	16.18	17.65	35574638	1016690688.00
2016/03/03	17.63	17.73	17.20	17.27	14825167	427886496.00
2016/03/04	17.39	18.03	17.23	17.61	26245662	767632512.00
2016/03/07	17.67	18.15	17.43	17.69	11665002	342677216.00
2016/03/08	17.70	17.73	17.05	17.43	9247334	265065472.00
2016/03/09	17.23	17.77	17.08	17.39	9429059	273531616.00
2016/03/10	17.37	17.97	17.33	17.55	10550977	307604928.00
2016/03/11	17.43	17.79	17.34	17.53	6235392	181117664.00
2016/03/14	17.76	18.30	17.75	17.90	16184907	482072256.00
2016/03/15	18.05	18.07	17.53	17.96	11624030	342046176.00
2016/03/16	17.94	17.94	17.60	17.71	7424657	217418592.00
2016/03/17	17.87	18.19	17.82	18.10	10487447	311932960.00
2016/03/18	18.27	18.51	18.01	18.23	24572539	738878016.00
2016/03/21	18.30	18.59	18.21	18.45	19835515	600612480.00
2016/03/22	18.50	18.83	18.39	18.56	13510527	413263136.00
2016/03/23	18.39	18.60	18.19	18.39	9657849	292222912.00
2016/03/24	18.22	19.03	18.05	18.78	21918238	666782848.00
2016/03/25	18.60	19.31	18.57	19.13	16853836	526500832.00
2016/03/28	19.54	19.71	18.53	18.60	25684031	803340032.00
2016/03/29	18.70	18.72	18.07	18.19	16149949	488349312.00
2016/03/30	18.31	18.57	18.19	18.55	19376003	586461120.00
2016/03/31	18.65	19.13	18.65	18.77	20354021	631765056.00
2016/04/01	18.87	18.87	18.33	18.59	10261031	313282080.00
2016/04/05	18.37	18.83	18.37	18.73	14647165	449341184.00
2016/04/06	18.67	18.85	18.57	18.70	11321474	348560320.00
2016/04/07	18.74	18.82	18.23	18.27	14125067	429399328.00
2016/04/08	18.20	18.42	18.09	18.21	8435194	253197760.00
2016/04/11	18.35	18.57	18.33	18.47	15007611	456355584.00
2016/04/12	18.47	18.56	18.33	18.51	8291086	251867136.00
2016/04/13	18.60	18.92	18.55	18.65	18590698	573945600.00
2016/04/14	18.73	18.91	18.67	18.81	11793469	364153504.00
2016/04/15	18.83	18.93	18.73	18.84	8702882	269355552.00
2016/04/18	18.84	18.84	18.50	18.61	9097038	278480448.00
2016/04/19	18.67	18.77	18.47	18.72	7885010	240876608.00
2016/04/20	18.72	18.72	17.87	18.12	20241714	606508928.00
2016/04/21	18.07	18.25	17.97	18.03	8115302	242668320.00
2016/04/22	17.93	18.82	17.91	18.73	14925480	455267200.00
2016/04/25	18.73	19.23	18.67	19.00	21088323	659180160.00
2016/04/26	19.02	19.33	18.93	19.12	10523476	330326176.00
2016/04/27	19.05	19.18	18.81	18.85	10963294	341910720.00
2016/04/28	18.95	19.22	18.56	18.72	13898550	429000128.00
2016/04/29	18.88	19.71	18.88	19.60	25404055	809800960.00
2016/05/03	19.67	20.92	19.67	20.76	29626941	991403712.00
2016/05/04	20.40	20.73	20.07	20.17	27683061	917913728.00
2016/05/05	20.25	20.36	20.10	20.19	19547683	644939328.00
2016/05/06	19.97	20.14	19.35	19.35	38785799	804154752.00
2016/05/09	19.08	19.70	18.99	19.35	32284589	656633600.00
2016/05/10	19.40	20.59	19.15	20.08	48148741	1008644032.00
2016/05/11	20.16	21.21	20.09	20.96	58911733	1280862720.00
2016/05/12	20.60	21.55	20.30	20.90	40702798	895938432.00
2016/05/13	20.81	21.23	20.42	20.51	21455461	467593184.00
2016/05/16	20.51	21.00	20.51	20.80	17884946	388807840.00
2016/05/17	20.65	20.80	20.30	20.35	18828846	404102272.00
2016/06/01	22.10	22.45	21.44	21.86	79182460	1815074176.00
2016/06/02	21.71	21.88	21.36	21.56	38735296	873208192.00
2016/06/03	21.56	22.23	21.45	22.08	36714646	841547712.00
2016/06/06	22.10	23.03	22.00	22.73	44767955	1056676672.00
2016/06/07	22.73	22.83	22.00	22.13	37615544	872772096.00
2016/06/08	22.00	22.00	21.50	21.68	27385702	620325696.00
2016/06/13	21.41	21.83	21.25	21.30	27585859	620447232.00
2016/06/14	21.30	21.69	21.11	21.58	20476417	459586304.00
2016/06/15	21.16	22.06	21.13	21.78	28236018	641982592.00
2016/06/16	21.64	21.71	21.18	21.36	17580475	393835712.00
2016/06/17	21.77	21.90	21.22	21.43	27595876	622869376.00
2016/06/20	21.26	22.03	21.21	21.96	36062846	818210688.00
2016/06/21	21.99	22.15	21.63	21.72	23291425	534140256.00
2016/06/22	21.61	22.03	21.54	21.96	18079780	413277504.00
2016/06/23	21.95	22.03	21.60	21.70	17928263	408680864.00
2016/06/24	21.74	22.23	21.50	21.83	39087493	896873344.00
2016/06/27	21.66	22.87	21.66	22.64	41463643	972892288.00
2016/06/28	22.52	22.52	21.97	22.35	50758050	1180515200.00
2016/06/29	22.28	22.47	22.09	22.37	31857127	741261888.00
2016/06/30	22.44	22.78	22.23	22.72	51989503	1223986816.00
2016/07/01	22.79	23.63	22.79	23.08	47416456	1150129024.00
2016/07/04	23.01	24.08	22.93	23.45	65046066	1598368640.00
2016/07/05	23.55	23.59	23.02	23.10	42663992	1030258624.00
2016/07/06	23.05	23.46	22.86	23.38	40593291	980967040.00
2016/07/07	23.45	23.96	23.33	23.44	59545975	1471120384.00
2016/07/08	23.62	23.75	23.05	23.15	37377178	907840192.00
2016/07/11	23.35	24.22	23.16	23.96	66505083	1655500544.00
2016/07/12	24.05	26.46	23.98	26.46	115331093	3078896896.00
2016/07/13	26.87	27.69	26.05	26.35	89421783	2479972864.00
2016/07/14	26.16	26.65	25.77	26.04	45623148	1237514496.00
2016/07/15	26.06	28.57	26.06	27.65	86992561	2457773312.00
2016/07/18	27.39	28.29	27.01	27.46	55213848	1577573120.00
2016/07/19	27.32	27.55	26.11	26.45	60078343	1661231104.00
2016/07/20	26.49	26.78	26.01	26.30	31844826	867872000.00
2016/07/21	26.58	28.29	26.50	27.07	64280665	1825547520.00
2016/07/22	27.10	27.30	26.00	26.28	52475526	1443097728.00
2016/07/25	26.01	26.43	25.62	25.66	47954066	1291139328.00
2016/07/26	25.69	26.63	25.40	26.54	63149661	1709602176.00
2016/07/27	26.60	26.70	25.36	25.96	61224194	1657006208.00
2016/07/28	25.96	27.38	25.80	26.78	80619290	2243058176.00
2016/07/29	26.78	27.80	26.52	27.20	72082505	2041009408.00
2016/08/01	27.04	27.58	26.51	26.76	47797885	1335042432.00
2016/08/02	26.68	26.74	25.97	26.60	43686022	1192078720.00
2016/08/03	26.42	27.08	26.27	27.01	37767455	1048249152.00
2016/08/04	26.85	27.12	26.53	26.69	35255512	977595392.00
2016/08/05	26.65	27.46	26.56	26.97	44837432	1259936256.00
2016/08/08	26.96	26.96	26.18	26.69	34470242	947532736.00
2016/08/09	26.89	27.05	26.33	26.83	33570092	929091200.00
2016/08/10	26.68	26.99	26.09	26.23	43563723	1196222208.00
2016/08/11	26.26	26.59	26.16	26.24	29570906	809177472.00
2016/08/12	26.24	26.35	25.40	26.04	49373286	1323216768.00
2016/08/15	26.05	27.03	25.65	26.92	67775783	1862533888.00
2016/08/16	27.01	28.15	27.01	27.35	69474666	1990160768.00
2016/08/17	27.60	28.10	27.27	27.43	45391157	1301493504.00
2016/08/18	27.36	27.49	26.84	27.07	35350670	991996032.00
2016/08/19	26.94	27.28	26.68	26.86	27703782	772131776.00
2016/08/22	26.86	26.86	26.32	26.42	25824868	710455360.00
2016/08/23	26.50	27.08	26.40	26.63	27643936	767354048.00
2016/08/24	26.70	26.79	26.21	26.30	22811351	624708672.00
2016/08/25	26.25	26.73	26.00	26.50	22906820	625824448.00
2016/08/26	26.49	26.73	26.13	26.22	20064586	550993536.00
2016/08/29	26.18	26.33	25.88	26.05	21566295	583192640.00
2016/08/30	26.05	26.20	25.71	25.87	24497489	658946880.00
2016/08/31	26.05	26.68	26.03	26.40	36784708	1008493440.00
2016/09/01	26.33	26.62	26.15	26.47	25285622	693932736.00
2016/09/02	26.78	27.07	25.91	26.12	37396799	1022135936.00
2016/09/05	26.13	26.54	25.90	26.43	28757195	786319424.00
2016/09/06	26.30	26.44	25.90	26.31	30546714	828005760.00
2016/09/07	26.29	26.38	26.11	26.23	19284352	525836832.00
2016/09/08	26.23	26.45	26.09	26.21	20133941	548851328.00
2016/09/09	26.27	26.27	25.98	26.02	18190721	492979424.00
2016/09/12	25.74	25.74	25.11	25.29	35950103	947670592.00
2016/09/13	25.46	25.55	25.27	25.34	16457280	434327968.00
2016/09/14	25.21	25.21	24.18	24.40	39798629	1021454464.00
2016/09/19	24.40	25.25	24.39	25.00	26556893	690391424.00
2016/09/20	25.08	25.08	24.74	24.91	9971872	258218032.00
2016/09/21	25.01	25.05	24.88	24.97	9294078	241438464.00
2016/09/22	25.10	25.33	24.93	25.15	22010478	575505664.00
2016/09/23	25.21	25.36	25.12	25.26	13288004	348663680.00
2016/09/26	25.25	25.31	25.00	25.02	11500682	301076064.00
2016/09/27	24.86	25.20	24.76	25.16	10749633	279575520.00
2016/09/28	25.24	25.40	25.12	25.19	11223630	294764800.00
2016/09/29	25.29	25.55	25.20	25.50	12280360	324708064.00
2016/09/30	25.59	26.17	25.51	26.01	20465989	552535488.00
2016/10/10	26.18	26.20	25.52	25.95	25921181	696636608.00
2016/10/11	25.90	26.14	25.68	26.00	22004789	592388992.00
2016/10/12	25.98	25.98	25.76	25.81	12125548	325080768.00
2016/10/13	25.87	25.87	25.29	25.30	22568949	597663616.00
2016/10/14	25.32	25.52	25.25	25.37	17300794	456589376.00
2016/10/17	25.48	25.53	25.21	25.27	14033212	370332576.00
2016/10/18	25.10	25.36	25.05	25.35	22703193	594479936.00
2016/10/19	25.36	25.39	25.08	25.14	15399856	403273952.00
2016/10/20	25.14	25.34	24.99	25.25	15570390	407467360.00
2016/10/21	25.18	25.53	25.16	25.38	23097359	608799360.00
2016/10/24	25.53	25.75	25.39	25.66	34696954	922414272.00
2016/10/25	25.66	25.88	25.53	25.80	29063381	777320448.00
2016/10/26	25.80	25.85	25.59	25.67	18388687	491053888.00
2016/10/27	25.66	25.70	25.40	25.68	12449359	330062944.00
2016/10/28	25.64	25.83	25.49	25.76	20745154	553742336.00
2016/10/31	25.86	26.19	25.67	26.15	41947232	1131912576.00
2016/11/01	26.20	26.91	26.17	26.77	40892220	1127865216.00
2016/11/02	26.71	26.71	26.30	26.48	23445241	645368448.00
2016/11/03	26.30	26.69	26.30	26.40	15732378	433094880.00
2016/11/04	26.30	26.56	25.98	25.99	20128149	547120448.00
2016/11/07	26.02	26.10	25.76	25.95	14285566	384758720.00
2016/11/08	26.03	26.60	26.03	26.40	18522343	506591232.00
2016/11/09	26.49	26.49	25.90	26.18	21096697	573731136.00
2016/11/10	26.30	26.74	26.30	26.57	22722922	627256000.00
2016/11/11	26.55	26.70	26.29	26.43	19100786	524189184.00
2016/11/14	26.56	26.63	25.98	26.10	32829345	893464384.00
2016/11/15	26.05	26.09	25.87	26.00	23755301	639687104.00
2016/11/16	26.00	26.07	25.86	25.94	11325381	305149824.00
2016/11/17	26.00	26.18	25.85	26.00	16811777	453307136.00
2016/11/18	26.02	26.22	25.93	26.13	14911388	403465280.00
2016/11/21	26.13	26.78	26.13	26.58	35242593	970001600.00
2016/11/22	26.61	26.78	26.40	26.44	17065789	470056096.00
2016/11/23	26.47	27.20	26.47	27.05	45671206	1277341696.00
2016/11/24	26.80	28.50	26.69	27.98	77506821	2227223808.00
2016/11/25	27.89	28.30	27.20	28.00	35865533	1035308672.00
2016/11/28	28.35	29.49	27.80	29.12	80168715	2371494656.00
2016/11/29	29.00	31.25	28.87	30.47	120873013	3777693440.00
2016/11/30	30.09	30.31	29.14	29.28	60767554	1851255168.00
2016/12/01	30.30	31.20	29.40	29.85	90766574	2828150272.00
2016/12/02	30.00	30.00	28.54	28.87	50794271	1521112064.00
2016/12/05	27.39	28.28	27.30	27.62	58194538	1672072960.00
2016/12/06	27.82	28.42	27.79	27.87	32569360	948520320.00
2016/12/07	27.89	28.22	27.72	27.89	23746911	687204416.00
2016/12/08	28.04	28.35	27.90	28.11	26205361	763643712.00
2016/12/09	28.22	29.56	28.13	29.18	61417364	1840673536.00
2016/12/12	28.95	29.00	28.18	28.29	34994743	1034597376.00
2016/12/13	28.06	28.50	27.38	27.80	39018212	1126343808.00
2016/12/14	27.85	28.12	27.40	27.40	20756608	596990528.00
2016/12/15	27.28	27.30	26.50	26.83	29346213	818175232.00
2016/12/16	26.90	28.20	26.90	28.20	38413579	1090722560.00
2016/12/19	28.00	28.30	27.66	27.85	21110573	612115072.00
2016/12/20	27.84	28.03	27.02	27.23	21744842	618197952.00
2016/12/21	27.33	27.75	27.21	27.38	19134370	543882560.00
2016/12/22	27.34	27.60	27.06	27.38	14758889	418630592.00
2016/12/23	27.36	27.58	27.06	27.13	13529635	382057664.00
2016/12/26	27.10	27.35	26.91	27.31	16129045	453797728.00
2016/12/27	27.31	27.62	27.20	27.30	23458942	666870592.00
2016/12/28	27.30	27.37	26.90	27.07	17691965	496430272.00
2016/12/29	27.00	27.14	26.97	27.02	17665394	495542368.00
2016/12/30	27.05	27.32	26.90	27.17	17263516	485375904.00
2017/01/03	27.65	28.50	27.62	28.12	44108241	1282988928.00
2017/01/04	28.13	28.98	28.13	28.83	35806832	1057612160.00
2017/01/05	28.82	28.93	28.51	28.69	19176212	568420736.00
2017/01/06	28.69	28.69	28.20	28.39	19794180	580370048.00
2017/01/09	28.48	28.50	27.91	28.25	17747932	517889504.00
2017/01/10	28.00	28.41	28.00	28.18	16612513	484385888.00
2017/01/11	28.07	28.24	27.48	27.60	24037092	692519360.00
2017/01/12	27.60	27.85	27.18	27.20	25368155	721008960.00
2017/01/13	27.24	27.50	27.19	27.22	19486113	551763392.00
2017/01/16	27.22	27.62	26.79	27.25	29154002	823699840.00
2017/01/17	27.20	27.95	27.15	27.91	23461039	670703552.00
2017/01/18	27.76	28.52	27.76	28.14	33983685	996433472.00
2017/01/19	28.00	28.15	27.58	27.77	37098442	1069010752.00
2017/01/20	27.74	28.35	27.72	28.22	32630800	952583488.00
2017/01/23	28.36	28.48	27.90	27.96	25106865	732238784.00
2017/01/24	27.97	28.30	27.80	28.10	26808705	777495424.00
2017/01/25	28.03	28.59	27.96	28.40	28451758	836778112.00
2017/01/26	28.45	29.14	28.45	28.90	34191530	1022714688.00
2017/02/03	28.70	29.05	28.40	28.90	23840976	708232128.00
2017/02/06	28.90	29.46	28.86	28.99	29719260	896997440.00
2017/02/07	29.00	29.17	28.54	28.65	32400398	965184256.00
2017/02/08	28.65	29.07	28.58	28.88	25621590	763569856.00
2017/02/09	28.94	29.12	28.87	29.02	25101671	753527808.00
2017/02/10	29.10	29.48	28.99	29.12	26991885	814459136.00
2017/02/13	29.05	29.94	29.05	29.91	44650847	1368505984.00
2017/02/14	30.00	30.29	29.60	29.69	26523718	818126144.00
2017/02/15	29.83	30.45	29.70	30.06	30427042	947849152.00
2017/02/16	30.00	31.10	29.93	31.03	41327408	1302877952.00
2017/02/17	31.10	31.62	30.80	31.25	39304285	1264349056.00
2017/02/20	31.27	32.47	31.18	31.58	67515453	2228769536.00
2017/02/21	31.71	31.87	31.10	31.45	38615740	1252870400.00
2017/02/22	31.37	32.32	31.31	32.05	33187653	1093310976.00
2017/02/23	32.06	32.28	31.60	32.10	31137295	1025755648.00
2017/02/24	31.98	32.02	31.18	31.37	33884254	1099577984.00
2017/02/27	31.38	31.39	30.58	30.61	33444675	1065158528.00
2017/02/28	30.65	31.08	30.56	30.86	21088826	671010944.00
2017/03/01	30.80	31.05	30.79	31.03	19301163	615952768.00
2017/03/02	31.03	31.16	30.38	30.49	21626204	683771072.00
2017/03/03	30.49	30.73	30.13	30.72	29981615	942871488.00
2017/03/06	30.52	32.10	30.52	31.89	43259618	1406128896.00
2017/03/07	31.90	32.17	31.55	32.01	27466130	903570048.00
2017/03/08	32.18	32.58	31.80	32.28	36485727	1213541760.00
2017/03/09	32.30	32.68	31.88	31.92	23799594	788991168.00
2017/03/10	31.88	33.30	31.77	33.22	48077585	1624041088.00
2017/03/13	33.28	33.79	32.74	32.90	45004050	1537993472.00
2017/03/14	32.94	33.16	32.38	33.02	34191078	1154170240.00
2017/03/15	32.88	33.53	32.80	33.42	32086789	1096873472.00
2017/03/16	33.51	33.76	32.82	32.98	43333001	1478349824.00
2017/03/17	32.83	33.05	32.33	32.41	37922880	1274319104.00
2017/03/20	32.46	32.77	32.00	32.48	33955841	1130342528.00
2017/03/21	32.40	33.31	32.36	33.31	41419431	1403674496.00
2017/03/22	33.12	33.42	32.98	33.36	34298780	1173042304.00
2017/03/23	33.37	33.90	33.08	33.75	37418815	1291101056.00
2017/03/24	33.76	34.66	33.61	33.92	43208129	1520361472.00
2017/03/27	33.92	34.35	33.00	33.15	34969871	1210503424.00
2017/03/28	33.10	33.30	32.67	32.95	35172768	1190715904.00
2017/03/29	32.95	33.09	32.29	32.80	40609335	1368888704.00
2017/03/30	32.75	32.86	31.81	32.13	44539893	1482720640.00
2017/03/31	32.13	32.59	31.83	32.30	39796406	1321769344.00
2017/04/05	32.23	32.52	31.80	32.19	57047461	1891523456.00
2017/04/06	32.26	32.89	32.00	32.89	44007551	1469071616.00
2017/04/07	32.84	33.12	32.56	32.65	36043637	1218565632.00
2017/04/10	32.66	32.76	31.90	31.90	40077667	1330706560.00
2017/04/11	31.83	32.06	30.85	31.40	55991780	1810877184.00
2017/04/12	31.29	31.75	31.05	31.40	25606535	830673216.00
2017/04/13	31.35	32.12	31.33	31.96	24885559	818579584.00
2017/04/14	31.96	32.10	31.40	31.64	16940131	552502016.00
2017/04/17	31.62	32.35	31.49	32.18	38024165	1257959552.00
2017/04/18	32.18	33.22	32.16	33.08	49227457	1668283136.00
2017/04/19	32.93	33.25	32.65	33.23	38721919	1314734720.00
2017/04/20	33.26	34.04	33.25	33.50	51740265	1800422400.00
2017/04/21	33.27	33.55	32.90	33.23	29418329	1004821440.00
2017/04/24	33.00	33.00	32.01	32.12	35097510	1175095040.00
2017/04/25	32.20	33.30	32.01	33.24	39809302	1340561920.00
2017/04/26	33.43	34.20	33.03	33.30	56487892	1957592192.00
2017/04/27	33.30	33.30	32.35	33.04	34837622	1174443264.00
2017/04/28	33.04	33.04	31.96	32.66	41803695	1390913792.00
2017/05/02	32.21	33.92	32.15	33.92	59691490	2053124224.00
2017/05/03	33.92	34.35	33.39	34.19	35366400	1235841408.00
2017/05/04	34.25	34.58	34.03	34.30	42046195	1487632384.00
2017/05/05	34.50	35.31	34.35	35.15	55059063	1980293376.00
2017/05/08	35.09	35.49	34.03	34.68	31844236	1139028352.00
2017/05/09	34.78	34.78	33.56	34.30	38161916	1337877376.00
2017/05/10	34.44	35.33	34.26	35.15	39320934	1367506688.00
2017/05/11	34.96	35.98	34.74	35.82	40898787	1451845760.00
2017/05/12	35.97	36.35	35.31	35.75	38187857	1364622336.00
2017/05/15	35.38	36.00	35.18	35.31	51852105	1837233408.00
2017/05/16	34.54	35.49	34.22	35.32	63049159	2196001536.00
2017/05/17	35.10	35.20	34.31	34.37	50169996	1741741568.00
2017/05/18	34.26	35.06	34.20	34.48	38248848	1327757696.00
2017/05/19	34.71	35.58	34.70	35.54	50578699	1784970880.00
2017/05/22	35.28	36.30	35.28	36.21	47794900	1711710976.00
2017/05/23	36.25	36.58	35.55	36.32	52276026	1889503232.00
2017/05/24	36.16	36.48	35.65	36.11	28275462	1021390208.00
2017/05/25	35.87	36.10	35.20	35.33	41093926	1463033856.00
2017/05/26	35.31	35.94	35.31	35.67	32801198	1170518528.00
2017/05/31	35.78	36.12	35.12	36.12	36876452	1315310976.00
2017/06/01	36.16	36.67	36.00	36.50	40649500	1480882560.00
2017/06/02	36.50	36.65	35.80	36.39	34580400	1255234048.00
2017/06/05	36.29	36.82	36.20	36.39	25682900	938757120.00
2017/06/06	36.50	38.01	36.45	38.00	47849500	1789235200.00
2017/06/07	38.00	39.12	37.81	38.70	53353100	2052782464.00
2017/06/08	38.71	40.25	38.71	40.25	45198800	1789706624.00
2017/06/09	40.39	41.06	39.77	40.30	48933700	1982802688.00
2017/06/12	40.15	41.14	39.81	40.46	46562276	1880663296.00
2017/06/13	40.46	40.70	39.95	40.16	29422737	1182718592.00
2017/06/14	40.04	40.20	38.92	39.10	47401821	1865659776.00
2017/06/15	39.25	40.03	39.01	39.70	40391966	1594147456.00
2017/06/16	39.92	40.38	38.94	39.06	45990378	1819097856.00
2017/06/19	39.60	40.55	39.52	40.34	58573500	2346748416.00
2017/06/20	40.50	41.27	40.04	40.88	55267388	2249834240.00
2017/06/21	41.18	42.79	40.60	42.79	49051600	2046649856.00
2017/06/22	42.84	43.44	42.20	42.50	62591800	2681684992.00
2017/06/23	42.75	44.57	42.26	44.48	47558200	2056736896.00
2017/06/26	44.17	45.39	44.00	44.25	60043100	2681264128.00
2017/06/27	44.40	44.42	43.06	44.00	49851700	2176423936.00
2017/06/28	43.63	43.63	42.50	42.78	58544780	2515804928.00
2017/06/29	42.78	43.25	42.55	43.16	45394400	1947619456.00
2017/06/30	43.00	43.36	42.55	43.04	39196300	1685646592.00
2017/07/03	42.85	42.85	41.56	41.80	51331200	2156580864.00
2017/07/04	41.80	41.82	40.92	41.50	51000200	2104852480.00
2017/07/05	41.40	42.96	41.30	42.94	44130600	1868284416.00
2017/07/06	42.93	43.00	41.65	42.60	45566700	1926026752.00
2017/07/07	42.13	42.48	41.26	41.63	40535300	1689133824.00
2017/07/10	41.30	41.87	41.20	41.37	29679100	1229483392.00
2017/07/11	41.40	43.30	41.40	42.95	68685300	2919625472.00
2017/07/12	42.81	43.17	41.45	41.70	42562000	1799570688.00
2017/07/13	41.50	42.61	41.35	41.99	27696700	1166065024.00
2017/07/14	41.80	42.39	41.38	42.17	23161800	970662272.00
2017/07/17	42.10	42.50	40.50	41.66	46048700	1907521280.00
2017/07/18	41.47	41.82	40.68	41.00	37581500	1540916096.00
2017/07/19	41.20	41.93	40.93	41.22	31519100	1304514816.00
2017/07/20	41.30	42.35	40.70	42.25	46636600	1940264064.00
2017/07/21	42.34	42.46	41.68	41.90	29503966	1242799360.00
2017/07/24	41.91	43.55	41.60	43.42	60522100	2602473472.00
2017/07/25	43.44	43.65	42.95	43.42	32736700	1417603456.00
2017/07/26	43.60	43.60	41.93	42.34	38917600	1655228160.00
2017/07/27	42.34	42.34	40.77	41.20	41800600	1724985856.00
2017/07/28	41.23	41.84	41.07	41.40	24093200	998490176.00
2017/07/31	41.58	41.58	40.78	41.20	33013600	1355932928.00
2017/08/01	41.21	41.59	40.85	41.19	34303300	1411054208.00
2017/08/02	41.18	41.18	40.75	40.80	25701500	1050314624.00
2017/08/03	40.61	41.00	39.90	40.08	35773000	1437369344.00
2017/08/04	40.19	40.39	39.38	39.45	30704400	1218982016.00
2017/08/07	39.35	40.43	38.67	40.29	42068600	1670024960.00
2017/08/08	40.20	40.48	39.89	39.98	21244000	852359168.00
2017/08/09	40.13	41.35	39.51	40.80	29355800	1193145216.00
2017/08/10	40.69	41.18	40.30	40.85	22906100	935040704.00
2017/08/11	40.30	40.90	39.60	39.64	23561200	944958208.00
2017/08/14	39.66	40.45	39.60	40.12	21084900	844438656.00
2017/08/15	40.12	40.12	39.64	39.77	24780300	986854464.00
2017/08/16	39.69	39.69	38.81	39.05	31826100	1243694720.00
2017/08/17	39.06	39.45	38.85	39.32	26038600	1017919360.00
2017/08/18	38.98	39.44	38.90	39.13	17084300	669361472.00
数据来源:通达信
