002624 完美世界 日线 前复权
      日期	    开盘	    最高	    最低	    收盘	    成交量	    成交额
2011/10/28	10.67	12.47	10.67	12.21	19053354	439425088.00
2011/10/31	11.66	12.32	11.32	11.86	14090798	341852768.00
2011/11/01	11.46	12.86	11.39	12.27	13181213	328987936.00
2011/11/02	11.79	12.53	11.64	12.50	9019179	224479888.00
2011/11/03	12.67	12.82	11.83	11.85	9845470	246697760.00
2011/11/04	11.94	12.42	11.73	11.95	7729435	192228240.00
2011/11/07	11.77	12.01	11.29	11.81	6244207	148846096.00
2011/11/08	11.71	12.22	11.63	12.02	6468040	158807216.00
2011/11/09	11.99	12.40	11.83	12.25	6964154	173580016.00
2011/11/10	12.07	12.34	11.95	12.26	5886519	146643280.00
2011/11/11	12.65	12.91	12.25	12.31	9370931	240986672.00
2011/11/14	12.27	12.79	12.23	12.54	7403550	189850272.00
2011/11/15	12.57	12.75	12.17	12.31	5951283	150755472.00
2011/11/16	12.31	12.39	11.82	11.94	4548549	113793904.00
2011/11/17	11.97	12.16	11.77	11.98	3121388	76820616.00
2011/11/18	11.82	12.06	11.80	11.86	2706282	66285856.00
2011/11/21	11.86	11.98	11.68	11.98	2508075	61046596.00
2011/11/22	11.97	13.21	11.92	12.87	12320470	322912096.00
2011/11/23	12.67	12.92	12.52	12.75	6831748	178441696.00
2011/11/24	12.60	13.31	12.51	12.88	7791729	207058864.00
2011/11/25	12.67	12.79	12.22	12.29	5416508	138640720.00
2011/11/28	12.18	12.29	11.36	11.39	5821442	140011808.00
2011/11/29	11.57	11.58	11.29	11.49	3041235	71597208.00
2011/11/30	11.45	11.59	10.47	10.69	4465860	102146392.00
2011/12/01	11.02	11.19	10.81	10.87	3582461	81163000.00
2011/12/02	10.72	10.81	10.27	10.34	2986177	64346488.00
2011/12/05	10.34	10.55	10.27	10.49	2457277	52974068.00
2011/12/06	10.23	10.83	10.23	10.78	3118984	68123304.00
2011/12/07	10.75	11.09	10.58	11.00	3715878	83189384.00
2011/12/08	10.83	11.20	10.42	10.83	3806419	85153744.00
2011/12/09	10.61	11.10	10.46	10.86	3490060	78316624.00
2011/12/12	10.82	11.14	10.35	10.36	3523418	77747552.00
2011/12/13	10.37	10.56	9.61	9.61	2969913	61547916.00
2011/12/14	9.52	9.52	8.87	8.91	2726636	51669196.00
2011/12/15	8.67	8.99	8.57	8.61	1543667	28174374.00
2011/12/16	8.66	8.91	8.23	8.90	2096453	37334752.00
2011/12/19	8.67	8.79	8.31	8.70	2029171	36089820.00
2011/12/20	8.57	8.91	8.56	8.73	2638595	48176896.00
2011/12/21	8.81	8.83	7.82	7.82	2566259	44777424.00
2011/12/22	7.57	7.66	7.10	7.34	2835410	43496544.00
2011/12/23	7.34	7.56	7.22	7.38	1891746	29314874.00
2011/12/26	7.36	7.47	7.00	7.00	1818290	27523346.00
2011/12/27	6.92	7.37	6.92	7.10	2745140	41082584.00
2011/12/28	6.98	7.48	6.74	7.39	2807686	42108124.00
2011/12/29	7.31	7.77	7.27	7.47	3701644	58282820.00
2011/12/30	7.42	7.86	7.39	7.72	3110938	49638576.00
2012/01/04	7.72	7.75	6.91	6.91	2769421	42814544.00
2012/01/05	6.62	6.86	6.19	6.37	3091503	42368540.00
2012/01/06	6.36	6.66	6.08	6.54	2348549	31538640.00
2012/01/09	6.48	6.90	6.32	6.85	2566344	36031064.00
2012/01/10	6.82	7.20	6.72	7.14	3228253	47460652.00
2012/01/11	7.05	7.24	6.97	7.03	2661721	39477660.00
2012/01/13	7.01	7.01	6.40	6.46	2645066	36839636.00
2012/01/16	6.34	6.47	6.17	6.18	1165375	15483251.00
2012/01/17	6.15	6.70	6.12	6.64	1634248	22259220.00
2012/01/18	6.61	6.99	6.42	6.47	2148222	30491460.00
2012/01/19	6.44	6.54	6.17	6.50	1659309	22282344.00
2012/01/20	6.50	6.77	6.44	6.64	1970802	27632724.00
2012/01/30	6.71	6.91	6.58	6.73	3384235	48048696.00
2012/01/31	6.77	7.06	6.69	7.04	4121340	59006892.00
2012/02/01	6.94	7.09	6.78	6.83	3826084	55691080.00
2012/02/02	6.86	6.95	6.70	6.95	2089318	29992646.00
2012/02/03	6.92	7.19	6.86	7.16	3952782	58399676.00
2012/02/06	7.22	7.44	7.20	7.39	4522582	69110664.00
2012/02/07	7.27	7.31	6.97	7.08	2679048	39909424.00
2012/02/08	6.97	7.31	6.97	7.27	2724308	40885884.00
2012/02/09	7.27	7.49	7.25	7.30	2992974	45995284.00
2012/02/10	7.31	7.36	7.13	7.20	3170227	48026956.00
2012/02/13	7.14	7.43	7.08	7.39	3142546	47903028.00
2012/02/14	7.37	7.40	7.18	7.26	2651417	40258564.00
2012/02/15	7.30	7.54	7.26	7.49	4974818	77204944.00
2012/02/16	7.47	7.54	7.34	7.42	3039984	47257268.00
2012/02/17	7.45	7.72	7.29	7.68	4643320	72942712.00
2012/02/20	7.75	7.76	7.58	7.62	3775789	60384996.00
2012/02/21	7.57	7.74	7.41	7.73	3718378	58870768.00
2012/02/22	7.68	7.95	7.63	7.92	4482759	73481888.00
2012/02/23	7.92	8.12	7.85	8.04	3998876	66522724.00
2012/02/24	8.02	8.09	7.91	8.06	2819238	46927796.00
2012/02/27	8.06	8.21	7.94	8.01	3987891	66982848.00
2012/02/28	7.93	7.94	7.55	7.71	4576486	73887528.00
2012/02/29	7.64	7.73	7.57	7.58	2333565	37224976.00
2012/03/01	7.57	7.74	7.56	7.70	1820233	29030330.00
2012/03/02	7.72	7.86	7.67	7.86	2297341	37337204.00
2012/03/05	7.89	7.94	7.71	7.74	2825630	45861852.00
2012/03/06	7.74	8.51	7.57	8.29	6372516	106688640.00
2012/03/07	8.14	8.49	8.07	8.26	5649479	97771072.00
2012/03/08	8.26	8.44	8.22	8.31	3384508	58595880.00
2012/03/09	8.37	8.72	8.34	8.68	5350647	95658128.00
2012/03/12	8.68	9.13	8.62	8.63	5356087	98331136.00
2012/03/13	8.58	8.63	8.34	8.58	4514917	79426288.00
2012/03/14	8.59	8.80	7.93	8.08	5726859	100778720.00
2012/03/15	8.02	8.16	7.72	7.93	3157756	52165004.00
2012/03/16	8.01	8.16	7.89	8.16	2508742	41922916.00
2012/03/19	8.19	8.41	8.12	8.37	2485187	42700324.00
2012/03/20	8.29	8.29	7.90	7.90	2277037	38272440.00
2012/03/21	7.90	8.04	7.63	7.88	1889244	30847306.00
2012/03/22	7.85	8.14	7.82	8.09	2148396	35930212.00
2012/03/23	7.98	8.07	7.70	7.76	1617081	26324766.00
2012/03/26	7.77	7.89	7.59	7.80	937578	15123850.00
2012/03/27	7.96	7.99	7.73	7.75	1086959	17785066.00
2012/03/28	7.74	7.74	7.10	7.11	1739802	26718790.00
2012/03/29	6.98	7.11	6.67	6.74	1274007	18351154.00
2012/03/30	6.73	6.83	6.52	6.67	1155487	16123346.00
2012/04/05	6.71	6.91	6.62	6.91	1084345	15511048.00
2012/04/06	6.87	7.01	6.85	6.95	1127306	16399041.00
2012/04/09	7.02	7.27	6.89	7.08	1615277	24038542.00
2012/04/10	7.82	7.82	7.82	7.82	1783547	29089652.00
2012/04/11	8.15	8.64	8.12	8.64	10382403	181894720.00
2012/04/12	8.62	9.53	8.56	9.53	8208938	155762880.00
2012/04/13	9.92	10.01	9.17	9.22	11141665	218307648.00
2012/04/16	9.07	9.42	9.02	9.24	6790200	129576144.00
2012/04/17	9.17	9.17	8.57	8.69	5514029	100876384.00
2012/04/18	8.67	8.97	8.57	8.80	4674783	85158432.00
2012/04/19	8.72	9.16	8.49	9.08	6377254	116684232.00
2012/04/20	8.98	9.26	8.82	9.06	5357950	100699192.00
2012/04/23	9.00	9.12	8.23	8.42	4786631	84743040.00
2012/04/24	8.38	8.71	7.87	8.68	4030032	69762320.00
2012/04/25	8.54	8.98	8.40	8.84	5254355	95865792.00
2012/04/26	8.80	9.26	8.58	8.70	5426531	100990424.00
2012/04/27	8.49	8.50	8.24	8.32	2573685	44830748.00
2012/05/02	8.44	8.59	8.31	8.48	2003415	35140060.00
2012/05/04	8.52	9.14	8.52	8.85	3739927	69023000.00
2012/05/07	8.85	9.51	8.78	9.46	5928100	113491416.00
2012/05/08	9.37	9.57	9.13	9.42	4956766	95827280.00
2012/05/09	9.30	9.31	8.88	8.96	3122186	59259472.00
2012/05/10	9.03	9.28	8.98	9.12	2303110	43650816.00
2012/05/11	9.07	9.27	8.95	9.06	2254759	42660280.00
2012/05/14	9.09	9.16	8.61	8.64	2282689	41807688.00
2012/05/15	8.65	8.82	8.57	8.81	1367865	24753246.00
2012/05/16	8.73	8.83	8.64	8.64	1158499	21031952.00
2012/05/17	8.62	8.97	8.59	8.95	1610102	29600172.00
2012/05/18	9.07	9.07	8.68	8.71	1766080	32365140.00
2012/05/21	8.61	8.72	8.42	8.57	1311730	23281546.00
2012/05/22	8.65	8.76	8.59	8.66	963703	17329024.00
2012/05/23	8.62	8.64	8.32	8.52	1299280	22907454.00
2012/05/24	8.52	8.57	8.38	8.44	763797	13468870.00
2012/05/25	8.66	9.32	8.65	9.11	4571170	86094976.00
2012/05/28	8.89	9.38	8.87	9.32	3858966	73608072.00
2012/05/29	9.26	9.33	9.05	9.32	2868012	54747848.00
2012/05/30	9.22	9.49	9.12	9.34	3271446	63066356.00
2012/05/31	9.27	10.31	9.22	10.31	9375562	193598832.00
2012/06/01	10.24	10.49	9.79	9.83	15423551	157029664.00
2012/06/04	9.54	9.54	8.83	8.88	11852760	111172064.00
2012/06/05	8.83	9.45	8.83	9.07	9005932	84505648.00
2012/06/06	8.99	9.26	8.84	8.92	5826235	53700012.00
2012/06/07	9.03	9.10	8.67	8.75	5909113	53647548.00
2012/06/08	8.79	8.86	8.39	8.43	5074827	44681488.00
2012/06/11	8.45	8.77	8.32	8.67	4292417	37616988.00
2012/06/12	8.59	8.64	8.41	8.51	2786388	24236926.00
2012/06/13	8.56	8.71	8.39	8.69	4240196	37239240.00
2012/06/14	8.64	9.00	8.62	8.73	5372198	48559320.00
2012/06/15	8.73	8.82	8.38	8.55	3371921	29674536.00
2012/06/18	8.57	8.80	8.56	8.80	2687015	23927426.00
2012/06/19	8.74	9.23	8.66	9.13	8176517	75543632.00
2012/06/20	9.09	9.22	8.99	9.13	5157620	48044520.00
2012/06/21	9.13	9.13	8.71	8.76	3390333	30694060.00
2012/06/25	8.66	8.66	8.17	8.19	3075274	26481386.00
2012/06/26	8.17	8.17	7.82	8.01	2552431	20880978.00
2012/06/27	8.03	8.15	7.97	8.03	1786385	14761447.00
2012/06/28	8.05	8.14	7.90	7.91	1942437	16003042.00
2012/06/29	7.82	8.14	7.64	8.08	2906514	23527950.00
2012/07/02	8.09	8.40	8.02	8.17	2994212	25184202.00
2012/07/03	8.12	8.23	7.99	8.06	2627991	21846192.00
2012/07/04	8.09	8.14	7.89	7.92	1853717	15197857.00
2012/07/05	7.94	8.07	7.69	7.98	3014213	24388956.00
2012/07/06	8.09	8.15	7.84	8.08	3264439	26768416.00
2012/07/09	7.98	8.07	7.54	7.54	2181785	17450502.00
2012/07/10	7.54	7.59	7.26	7.26	1678490	12755537.00
2012/07/11	7.29	7.43	7.28	7.36	967090	7308716.50
2012/07/12	7.34	7.45	7.15	7.39	1952609	14662271.00
2012/07/13	7.24	7.29	6.93	7.00	3440418	25079992.00
2012/07/16	6.93	6.94	6.28	6.33	3579819	24128874.00
2012/07/17	6.22	6.69	6.22	6.38	1809698	11963816.00
2012/07/18	6.39	6.57	6.30	6.50	1976158	13111184.00
2012/07/19	6.45	6.78	6.40	6.72	3057046	20956728.00
2012/07/20	6.70	6.76	6.55	6.61	1911576	13103437.00
2012/07/23	6.57	6.57	6.32	6.46	1201438	7981796.00
2012/07/24	6.35	6.63	6.35	6.57	1158815	7787243.50
2012/07/25	6.51	6.63	6.51	6.52	1419899	9612941.00
2012/07/26	6.49	6.65	6.39	6.44	1632163	11035400.00
2012/07/27	6.49	6.52	6.37	6.44	1110148	7395344.50
2012/07/30	6.46	6.47	5.92	6.01	1789385	11396038.00
2012/07/31	6.01	6.03	5.77	5.79	1713019	10394725.00
2012/08/01	5.82	5.98	5.80	5.90	1207449	7376946.00
2012/08/02	5.91	5.91	5.80	5.83	1161919	7028826.50
2012/08/03	5.80	6.06	5.79	6.04	1403449	8628450.00
2012/08/06	5.95	6.40	5.95	6.32	2521989	16201381.00
2012/08/07	6.37	6.54	6.27	6.47	3148773	20874214.00
2012/08/08	6.46	6.51	6.34	6.41	1950407	12927687.00
2012/08/09	6.41	6.76	6.32	6.66	3819084	25763414.00
2012/08/10	6.62	6.69	6.49	6.58	2973242	20132292.00
2012/08/13	6.58	6.67	6.39	6.57	3714593	24996784.00
2012/08/14	6.49	6.52	6.30	6.51	2388608	15832732.00
2012/08/15	6.48	6.48	6.33	6.36	1490233	9854869.00
2012/08/16	6.36	6.43	6.30	6.33	1190352	7824078.50
2012/08/17	6.35	6.39	6.17	6.25	1410036	9116802.00
2012/08/20	6.14	6.25	6.07	6.22	1146330	7289002.00
2012/08/21	6.23	6.54	6.20	6.49	2827116	18701036.00
2012/08/22	6.47	6.66	6.44	6.53	2778716	18781382.00
2012/08/23	6.57	7.20	6.56	7.20	9743086	70573144.00
2012/08/24	7.34	7.89	7.30	7.52	12716213	99066368.00
2012/08/27	7.38	7.38	6.87	6.95	6298807	46110352.00
2012/08/28	6.87	7.67	6.86	7.67	7812103	59759340.00
2012/08/29	7.92	8.33	7.63	7.74	14789747	121418048.00
2012/08/30	7.39	8.27	7.26	8.16	14122714	114686584.00
2012/08/31	7.87	8.13	7.67	7.93	8668950	70185400.00
2012/09/03	7.87	7.98	7.59	7.94	6850202	54870544.00
2012/09/04	7.81	8.34	7.69	8.17	10674943	88414536.00
2012/09/05	8.01	8.14	7.84	7.93	5529933	45267312.00
2012/09/06	7.88	8.01	7.60	7.74	5679474	45207136.00
2012/09/07	7.82	8.41	7.75	8.11	9093057	75338336.00
2012/09/10	7.97	8.87	7.92	8.61	10690453	92367544.00
2012/09/11	8.50	8.51	8.20	8.37	6032598	51550176.00
2012/09/12	8.37	8.55	8.09	8.34	4126030	35198500.00
2012/09/13	8.34	8.35	8.00	8.00	3130319	26283514.00
2012/09/14	8.00	8.13	7.81	7.87	3086285	25186454.00
2012/09/17	7.81	8.07	7.69	7.69	2371698	19167744.00
2012/09/18	7.70	7.88	7.62	7.70	1646563	13092527.00
2012/09/19	7.71	7.78	7.59	7.68	1677065	13196748.00
2012/09/20	7.61	8.30	7.57	8.02	6860019	56350820.00
2012/09/21	7.79	8.84	7.61	8.60	15306501	133323264.00
2012/09/24	8.49	8.97	8.21	8.44	12067626	106631992.00
2012/09/25	8.22	8.37	7.69	7.82	7907761	64970988.00
2012/09/26	7.79	7.79	7.02	7.02	7195216	53635324.00
2012/09/27	6.90	7.24	6.84	7.09	4136955	30028964.00
2012/09/28	7.05	7.08	6.89	7.06	2838848	20440436.00
2012/10/08	7.11	7.43	7.06	7.30	3788374	28398414.00
2012/10/09	7.29	7.50	7.21	7.47	3683888	27994184.00
2012/10/10	7.41	8.24	7.35	8.24	10619983	87445568.00
2012/10/11	8.24	8.26	7.76	7.82	9836143	80838992.00
2012/10/12	7.78	8.44	7.71	8.12	9305016	77973336.00
2012/10/15	7.96	7.99	7.49	7.69	5136878	40324936.00
2012/10/16	7.69	7.75	7.51	7.59	2717444	21313780.00
2012/10/17	7.54	8.07	7.54	7.83	4332875	34970596.00
2012/10/18	7.69	8.00	7.69	7.96	4224495	34149696.00
2012/10/19	7.91	8.30	7.87	8.03	5884927	49172020.00
2012/10/22	7.79	7.98	7.69	7.94	3525994	28290476.00
2012/10/23	7.88	8.01	7.62	7.63	2859717	22875572.00
2012/10/24	7.50	7.71	7.45	7.47	2486633	19301718.00
2012/10/25	7.48	7.59	7.40	7.56	2350362	18101394.00
2012/10/26	7.53	7.53	7.09	7.11	2325114	17342768.00
2012/10/29	7.12	7.33	7.10	7.13	1137182	8383972.00
2012/10/30	7.12	7.32	7.12	7.19	1489191	11044094.00
2012/10/31	7.17	7.17	6.84	6.98	2276160	16281878.00
2012/11/01	6.90	7.17	6.90	7.15	1649119	12039032.00
2012/11/02	7.15	7.28	7.10	7.19	1476274	10921488.00
2012/11/05	7.20	7.27	7.02	7.08	981525	7160976.50
2012/11/06	7.02	7.09	6.84	6.95	1313940	9358089.00
2012/11/07	6.95	7.06	6.89	7.03	957310	6894002.00
2012/11/08	6.91	6.96	6.62	6.63	1944462	13585783.00
2012/11/09	6.59	6.71	6.59	6.63	858320	5892591.50
2012/11/12	6.68	6.77	6.63	6.75	793906	5488493.00
2012/11/13	6.72	7.14	6.70	7.03	3749064	27003628.00
2012/11/14	6.91	6.98	6.82	6.97	1749489	12433286.00
2012/11/15	6.91	6.93	6.59	6.60	1680756	11688509.00
2012/11/16	6.54	6.61	6.45	6.48	901876	6061089.50
2012/11/19	6.54	6.72	6.45	6.72	1047545	7118250.00
2012/11/20	6.76	6.78	6.60	6.62	920657	6332838.00
2012/11/21	6.62	6.90	6.55	6.82	1864197	12980517.00
2012/11/22	6.74	6.85	6.68	6.78	1288878	8984771.00
2012/11/23	6.78	6.89	6.69	6.73	1285109	9005925.00
2012/11/26	6.75	7.08	6.68	6.87	2238797	15932916.00
2012/11/27	6.78	6.79	6.34	6.35	1765134	11924450.00
2012/11/28	6.35	6.42	6.00	6.01	1102577	6971661.00
2012/11/29	6.00	6.15	5.80	5.91	886109	5482977.00
2012/11/30	5.92	6.03	5.77	5.99	960771	5910568.50
2012/12/03	5.99	6.02	5.69	5.70	707806	4281581.50
2012/12/04	5.60	5.85	5.57	5.84	1031696	6094454.50
2012/12/05	5.90	6.21	5.72	6.14	1620121	10145890.00
2012/12/06	6.07	6.28	5.99	6.17	1516454	9609784.00
2012/12/07	6.14	6.40	6.01	6.30	1749202	11372246.00
2012/12/10	6.25	6.54	6.20	6.48	2698862	17862356.00
2012/12/11	6.47	6.75	6.36	6.44	2859071	19376804.00
2012/12/12	6.48	6.49	6.15	6.38	1999527	13044199.00
2012/12/13	6.34	6.42	6.21	6.25	1053651	6865569.00
2012/12/14	6.25	6.57	6.21	6.53	2609061	17416138.00
2012/12/17	6.52	6.71	6.46	6.60	2209615	15020456.00
2012/12/18	6.56	6.69	6.47	6.53	2291313	15528801.00
2012/12/19	6.52	6.57	6.42	6.53	1883712	12643308.00
2012/12/20	6.49	6.67	6.46	6.64	2754991	18747184.00
2012/12/21	6.63	6.68	6.41	6.49	2536504	17122548.00
2012/12/24	6.49	6.54	6.43	6.49	1216196	8150298.50
2012/12/25	6.44	6.69	6.44	6.65	2796025	19093568.00
2012/12/26	6.65	6.83	6.65	6.82	2738515	19071134.00
2012/12/27	6.90	6.92	6.64	6.65	3011824	20999852.00
2012/12/28	6.65	6.75	6.60	6.73	1693972	11678817.00
2012/12/31	6.69	6.84	6.69	6.74	1874179	13076098.00
2013/01/04	6.80	6.84	6.62	6.72	1854055	12884798.00
2013/01/07	6.71	7.02	6.64	6.96	3532512	24964768.00
2013/01/08	6.94	7.03	6.82	7.03	3807957	27196566.00
2013/01/09	7.00	7.23	6.94	7.14	4305045	31425262.00
2013/01/10	7.12	7.19	7.01	7.10	2717393	19895342.00
2013/01/11	7.11	7.13	6.80	6.81	2952516	21072582.00
2013/01/14	6.79	7.15	6.77	7.07	3159822	22687218.00
2013/01/15	7.09	7.44	7.04	7.20	4991496	37122096.00
2013/01/16	7.17	7.33	7.11	7.26	3722678	27638984.00
2013/01/17	7.29	7.51	7.13	7.49	4101387	30783762.00
2013/01/18	7.42	7.54	7.35	7.47	4545492	34829520.00
2013/01/21	7.47	7.57	7.29	7.31	3874500	29518880.00
2013/01/22	7.30	7.41	7.19	7.22	2965819	22283940.00
2013/01/23	7.24	7.24	6.93	7.08	2998352	21807794.00
2013/01/24	7.20	7.24	6.79	6.84	2626531	18948166.00
2013/01/25	6.87	6.96	6.75	6.86	1661234	11714044.00
2013/01/28	6.80	7.00	6.80	7.00	1356040	9693603.00
2013/01/29	7.04	7.12	6.95	7.08	1880511	13613966.00
2013/01/30	7.09	7.11	6.92	7.01	1725271	12457813.00
2013/01/31	7.01	7.07	6.85	6.90	1302282	9256628.00
2013/02/01	6.89	6.93	6.82	6.88	1687876	11971836.00
2013/02/04	6.85	7.02	6.85	6.96	1462624	10443887.00
2013/02/05	6.93	6.95	6.81	6.94	1345785	9542436.00
2013/02/06	6.93	7.00	6.91	6.94	1285970	9210739.00
2013/02/07	6.94	6.94	6.83	6.87	1283052	9098745.00
2013/02/08	6.84	6.99	6.84	6.93	1135520	8122140.50
2013/02/18	6.93	7.11	6.93	7.10	2521342	18332296.00
2013/02/19	7.09	7.11	6.94	6.98	1727117	12452432.00
2013/02/20	6.98	7.17	6.95	7.16	2141877	15617946.00
2013/02/21	7.14	7.14	6.90	6.97	2064995	14924703.00
2013/02/22	6.92	7.04	6.92	6.94	1243363	8939639.00
2013/02/25	6.99	7.14	6.95	7.08	2077683	15124573.00
2013/02/26	7.05	7.20	7.01	7.02	2924562	21443704.00
2013/02/27	7.05	7.16	6.97	7.15	1722148	12554981.00
2013/02/28	7.13	7.39	7.10	7.35	5201642	39027740.00
2013/03/01	7.29	7.34	7.21	7.30	3541181	26487994.00
2013/03/04	7.22	7.24	6.77	6.85	3356571	24148750.00
2013/03/05	6.80	6.97	6.65	6.90	2369618	16622318.00
2013/03/06	6.89	6.99	6.87	6.99	2098245	15012159.00
2013/03/07	6.99	7.03	6.91	7.00	2254094	16193395.00
2013/03/08	7.01	7.10	6.96	7.07	2230715	16182307.00
2013/03/11	7.02	7.64	7.00	7.42	8288830	62433728.00
2013/03/12	7.39	7.45	7.09	7.20	6121391	45750864.00
2013/03/13	7.11	7.18	6.83	6.88	3431354	24536570.00
2013/03/14	6.86	6.95	6.77	6.77	2365296	16733376.00
2013/03/15	6.71	6.87	6.64	6.71	1986102	13805902.00
2013/03/18	6.59	6.70	6.45	6.50	1517601	10287204.00
2013/03/19	6.50	6.55	6.39	6.50	987955	6601713.00
2013/03/20	6.46	6.72	6.46	6.69	1534120	10504942.00
2013/03/21	6.64	6.84	6.63	6.80	1985559	13759289.00
2013/03/22	6.79	6.93	6.70	6.87	2518592	17722196.00
2013/03/25	6.93	6.96	6.79	6.84	1485568	10499482.00
2013/03/26	6.88	6.88	6.64	6.75	1564380	10875864.00
2013/03/27	6.79	6.86	6.70	6.80	1597096	11164545.00
2013/03/28	6.73	6.73	6.15	6.45	1615507	10793259.00
2013/03/29	6.46	6.52	6.22	6.29	1775174	11608199.00
2013/04/01	6.24	6.41	6.20	6.39	1264485	8313841.50
2013/04/02	6.39	6.51	6.37	6.45	980600	6497866.00
2013/04/03	6.44	6.79	6.30	6.57	3569209	24180028.00
2013/04/08	6.31	6.53	6.20	6.42	1467425	9625848.00
2013/04/09	6.42	6.60	6.35	6.57	2392525	16076504.00
2013/04/10	6.57	6.57	6.36	6.41	1341554	8922755.00
2013/04/11	6.42	6.46	6.34	6.35	863713	5700426.50
2013/04/12	6.35	6.40	6.21	6.28	961520	6224590.50
2013/04/15	6.25	6.29	6.13	6.17	594626	3805679.50
2013/04/16	6.05	6.42	6.01	6.31	922667	5934085.00
2013/04/17	6.30	6.43	6.16	6.24	968870	6275745.00
2013/04/18	6.19	6.28	6.14	6.21	574102	3685488.00
2013/04/19	6.16	6.34	6.16	6.32	1063111	6918610.50
2013/04/22	6.26	6.37	6.23	6.36	988157	6460593.50
2013/04/23	6.36	6.36	6.04	6.04	1014224	6486997.50
2013/04/24	6.08	6.18	6.03	6.14	669195	4230836.50
2013/04/25	6.14	6.14	5.94	5.95	2020683	12592858.00
2013/04/26	5.99	5.99	5.81	5.82	788178	4802631.00
2013/05/02	5.82	5.91	5.78	5.87	373154	2261079.00
2013/05/03	5.93	6.04	5.89	6.00	826012	5124524.50
2013/05/06	6.05	6.09	5.99	6.04	797996	4985188.50
2013/05/07	6.04	6.27	6.04	6.13	1311723	8354431.50
2013/05/08	6.14	6.17	6.04	6.17	1354747	8522883.00
2013/05/09	6.16	6.16	5.99	6.10	1259860	7894126.50
2013/05/10	6.09	6.16	6.05	6.14	1333061	8419601.00
2013/05/13	6.14	6.18	6.09	6.16	1068371	6786501.00
2013/05/14	6.16	6.16	6.01	6.09	716510	4505946.50
2013/05/15	6.05	6.18	6.05	6.17	1046607	6642363.00
2013/05/16	6.20	6.26	6.15	6.24	1817690	11680701.00
2013/05/17	6.27	6.35	6.17	6.31	1871640	12150411.00
2013/05/20	6.31	6.67	6.27	6.62	3131195	20818374.00
2013/05/21	6.57	6.76	6.45	6.71	4938411	33783684.00
2013/05/22	6.72	6.81	6.56	6.62	3400093	23445916.00
2013/05/23	6.62	6.62	6.41	6.45	2334685	15712961.00
2013/05/24	6.47	6.55	6.44	6.54	1947540	13040121.00
2013/05/27	6.54	6.60	6.49	6.59	2096589	14188138.00
2013/05/28	6.58	6.77	6.47	6.72	3418634	23422626.00
2013/05/29	6.59	6.75	6.59	6.66	2465645	16933540.00
2013/05/30	6.62	6.66	6.55	6.63	1730027	11819758.00
2013/05/31	6.64	6.75	6.55	6.57	2534887	17449166.00
2013/06/03	6.53	6.66	6.45	6.54	2157490	14569010.00
2013/06/04	6.53	6.59	6.29	6.36	1889550	12575726.00
2013/06/05	6.33	6.59	6.31	6.59	2006322	13360768.00
2013/06/06	6.61	6.83	6.53	6.63	6446719	44504032.00
2013/06/07	6.54	6.64	6.09	6.22	3213280	21179198.00
2013/06/13	6.07	6.13	5.80	5.98	1132761	6986316.00
2013/06/14	5.99	6.08	5.94	6.02	1165813	7247728.00
2013/06/17	6.04	6.37	5.95	6.31	1377405	8658182.00
2013/06/18	6.31	6.42	6.16	6.37	2167795	14099018.00
2013/06/19	6.30	6.38	6.09	6.34	2084597	13537832.00
2013/06/20	6.33	6.33	6.00	6.18	906299	5772375.50
2013/06/21	6.05	6.26	5.99	6.18	915382	5829563.00
2013/06/24	6.13	6.14	5.59	5.69	1330787	8116463.00
2013/06/25	5.70	5.79	5.10	5.61	1297502	7436679.50
2013/06/26	5.76	5.76	5.50	5.69	814798	4763691.50
2013/06/27	5.62	5.76	5.42	5.44	1131379	6610545.00
2013/06/28	5.36	5.69	5.27	5.51	2144923	12308171.00
2013/07/01	5.44	5.57	5.41	5.55	1030474	5883000.00
2013/07/02	5.55	5.78	5.46	5.68	1746589	10263273.00
2013/07/03	5.68	5.94	5.56	5.85	1719948	10247266.00
2013/07/04	5.95	6.18	5.79	6.01	3414240	21259992.00
2013/07/05	6.01	6.05	5.86	5.90	907180	5586994.50
2013/07/08	5.97	5.97	5.60	5.61	721305	4284968.00
2013/07/09	5.61	5.71	5.56	5.62	364141	2124675.75
2013/07/10	5.60	5.99	5.56	5.94	1312298	7960704.00
2013/07/11	5.85	6.06	5.85	5.98	1532264	9471514.00
2013/07/12	6.01	6.01	5.81	5.84	1311760	8048056.50
2013/07/15	5.83	5.94	5.82	5.93	915081	5587554.50
2013/07/16	5.94	6.09	5.88	6.07	1431103	8886419.00
2013/07/17	6.05	6.35	6.00	6.06	1731421	11033717.00
2013/07/18	6.06	6.12	5.97	6.09	906264	5671837.00
2013/07/19	6.09	6.21	5.97	5.98	1035800	6533257.00
2013/07/22	5.91	6.29	5.90	6.25	1660596	10619495.00
2013/07/23	6.25	6.31	6.17	6.26	1088976	7033294.00
2013/07/24	6.28	6.55	6.06	6.37	2929802	19033510.00
2013/07/25	6.35	6.98	6.24	6.73	14377648	99377880.00
2013/07/26	6.69	6.69	6.30	6.40	5715753	38132500.00
2013/07/29	6.40	6.40	6.13	6.15	2711420	17380988.00
2013/07/30	6.13	6.23	5.92	6.11	2122579	13327185.00
2013/07/31	6.10	6.19	6.05	6.12	1497691	9479289.00
2013/08/01	6.09	6.23	6.09	6.23	1665250	10621478.00
2013/08/02	6.24	6.28	6.15	6.16	2084479	13364856.00
2013/08/05	6.17	6.43	6.13	6.42	2767490	18058270.00
2013/08/06	6.41	6.50	6.31	6.44	2553804	16851484.00
2013/08/07	6.45	6.52	6.31	6.34	1755765	11575863.00
2013/08/08	6.34	6.41	6.27	6.30	1140912	7444834.00
2013/08/09	6.34	6.36	6.24	6.33	1403706	9148333.00
2013/08/12	6.34	6.48	6.27	6.45	2887293	19037290.00
2013/08/13	6.43	6.44	6.29	6.43	2395585	15804949.00
2013/08/14	6.40	6.53	6.36	6.38	2778101	18480704.00
2013/08/15	6.36	6.42	6.24	6.25	1856914	12159199.00
2013/08/16	6.23	6.34	6.00	6.01	3111206	19809942.00
2013/08/19	5.98	6.11	5.95	6.08	1391625	8713231.00
2013/08/20	6.11	6.14	6.03	6.05	1223621	7704955.50
2013/08/21	6.11	6.16	6.00	6.12	1205605	7598353.50
2013/08/22	6.14	6.25	6.09	6.17	1420508	9065956.00
2013/08/23	6.17	6.31	6.12	6.27	2615276	16804460.00
2013/08/26	6.22	6.43	6.22	6.39	4145944	27212048.00
2013/08/27	6.39	6.67	6.33	6.63	10658120	71372136.00
2013/08/28	6.49	6.58	6.33	6.33	6797853	45312820.00
2013/08/29	6.30	6.41	6.22	6.25	2587047	16870490.00
2013/08/30	6.25	6.29	6.06	6.10	2618494	16758873.00
2013/09/02	6.11	6.22	6.09	6.19	2339109	14884285.00
2013/09/03	6.18	6.27	6.12	6.22	2716217	17405148.00
2013/09/04	6.19	6.24	6.16	6.16	2182426	13976892.00
2013/09/05	6.15	6.21	6.12	6.19	1888090	12061601.00
2013/09/06	6.19	6.24	6.14	6.23	1826799	11697445.00
2013/09/09	6.26	6.34	6.19	6.31	2415617	15684519.00
2013/09/10	6.30	6.35	6.25	6.35	2653137	17277966.00
2013/09/11	6.34	6.36	6.25	6.32	2705833	17636484.00
2013/09/12	6.28	6.39	6.28	6.35	2605705	17068140.00
2013/09/13	6.36	6.46	6.33	6.39	3362142	22188592.00
2013/09/16	6.42	6.43	6.29	6.31	2625057	17227498.00
2013/09/17	6.30	6.33	6.11	6.13	2154557	13820733.00
2013/09/18	6.17	6.17	6.10	6.15	1057273	6713430.50
2013/09/23	6.17	6.31	6.17	6.30	1886461	12165630.00
2013/09/24	6.30	6.35	6.22	6.35	2433806	15815902.00
2013/09/25	6.36	6.40	6.28	6.30	2265740	14835700.00
2013/09/26	6.30	6.37	6.20	6.31	3004570	19551924.00
2013/09/27	6.27	6.41	6.27	6.39	3446781	22678738.00
2013/09/30	6.40	6.46	6.34	6.36	2154374	14191435.00
2013/10/08	6.37	6.45	6.30	6.45	2771359	18298296.00
2013/10/09	6.41	6.45	6.37	6.44	2362974	15654574.00
2013/10/10	6.44	6.59	6.40	6.52	6427169	43204828.00
2013/10/11	6.55	6.58	6.46	6.53	3629516	24432788.00
2013/10/14	6.53	6.57	6.48	6.55	3084487	20788038.00
2013/10/15	6.55	6.57	6.43	6.47	2970260	19859340.00
2013/10/16	6.47	6.47	6.25	6.30	2339539	15354232.00
2013/10/17	6.31	6.42	6.30	6.36	2041600	13427718.00
2013/10/18	6.35	6.41	6.31	6.40	1092745	7191000.50
2013/10/21	6.42	6.53	6.38	6.50	2488626	16617328.00
2013/10/22	6.50	6.57	6.47	6.47	2596992	17476180.00
2013/10/23	6.44	6.64	6.42	6.50	3173719	21349434.00
2013/10/24	6.49	6.50	6.34	6.37	1915803	12693437.00
2013/10/25	6.36	6.40	6.29	6.30	1634251	10713096.00
2013/10/28	6.30	6.34	5.97	6.03	2406929	15241575.00
2013/10/29	6.03	6.08	5.59	5.74	2237946	13455765.00
2013/10/30	5.74	5.89	5.73	5.88	1117991	6723538.50
2013/10/31	5.87	5.92	5.84	5.89	877730	5344013.50
2013/11/01	5.90	6.07	5.81	5.98	1360983	8371941.00
2013/11/04	5.96	6.01	5.92	5.99	1050402	6498261.50
2013/11/05	5.99	6.04	5.90	6.02	1252328	7740243.00
2013/11/06	5.97	6.03	5.93	5.97	1275980	7908306.50
2013/11/07	5.97	5.98	5.88	5.89	924525	5676629.00
2013/11/08	5.89	5.93	5.78	5.84	852046	5152666.50
2013/11/11	5.83	5.97	5.82	5.93	619209	3789315.75
2013/11/12	5.94	6.08	5.91	6.05	1333252	8278743.00
2013/11/13	6.05	6.05	5.87	5.87	730699	4505031.00
2013/11/14	5.90	6.03	5.84	6.01	804673	4962882.50
2013/11/15	5.97	6.22	5.97	6.17	2639487	16735530.00
2013/11/18	6.14	6.27	6.13	6.25	1669915	10719635.00
2013/11/19	6.26	6.29	6.17	6.21	2127290	13654188.00
2013/11/20	6.19	6.67	6.19	6.56	5760373	38330280.00
2013/11/21	6.47	7.24	6.44	7.13	21626284	157462688.00
2013/11/22	7.03	7.49	6.92	7.08	15491124	113842688.00
2013/11/25	6.89	7.37	6.80	7.12	13399411	98229504.00
2013/11/26	7.04	7.11	6.81	6.88	6611548	47013916.00
2013/11/27	6.86	6.96	6.80	6.93	4436433	31552072.00
2013/11/28	6.97	7.03	6.85	6.97	4706535	33657676.00
2013/11/29	6.95	7.12	6.92	7.12	4692724	33975628.00
2013/12/02	6.87	6.97	6.48	6.52	5226346	36203580.00
2013/12/03	6.51	6.78	6.46	6.78	2676269	18380352.00
2013/12/04	6.75	6.90	6.66	6.76	2802424	19697108.00
2013/12/05	6.71	7.00	6.71	6.90	3144995	22380958.00
2013/12/06	6.93	7.05	6.82	6.85	1869957	13286265.00
2013/12/09	6.85	6.97	6.85	6.90	2183745	15547831.00
2013/12/10	6.90	6.96	6.84	6.88	2136681	15188240.00
2013/12/11	6.88	6.90	6.63	6.71	2255675	15676751.00
2013/12/12	6.70	6.80	6.63	6.76	1519782	10580977.00
2013/12/13	6.79	6.91	6.72	6.85	1928042	13628437.00
2013/12/16	6.84	7.01	6.82	6.94	2828567	20141534.00
2013/12/17	6.94	7.22	6.87	7.08	5327511	38774888.00
2013/12/18	7.08	7.13	6.87	6.90	2837926	20409140.00
2013/12/19	6.90	7.06	6.76	6.76	2878926	20534022.00
2013/12/20	6.70	6.80	6.61	6.61	1818068	12556383.00
2013/12/23	6.58	6.74	6.47	6.63	1407571	9606469.00
2013/12/24	6.65	6.71	6.53	6.64	1216767	8332062.50
2013/12/25	6.64	6.83	6.60	6.83	1362023	9449008.00
2013/12/26	6.84	6.84	6.65	6.67	1618132	11238279.00
2013/12/27	6.61	6.92	6.61	6.89	2724278	19134352.00
2013/12/30	6.94	7.11	6.87	7.01	3302340	23864736.00
2013/12/31	6.95	7.17	6.94	6.98	2904099	21067136.00
2014/01/02	6.93	7.14	6.93	7.14	3173600	23137872.00
2014/01/03	7.15	7.38	7.08	7.18	5120134	38083712.00
2014/01/06	7.19	7.46	6.94	7.07	4104165	30381418.00
2014/01/07	6.94	7.23	6.92	7.19	3379349	24677784.00
2014/01/08	7.19	7.28	7.08	7.12	2533764	18707042.00
2014/01/09	7.05	7.19	6.84	6.88	2499651	18113578.00
2014/01/10	6.82	6.86	6.64	6.67	1926289	13386037.00
2014/01/13	6.68	6.99	6.24	6.87	3947696	27692088.00
2014/01/14	6.86	7.02	6.75	6.99	1897049	13516023.00
2014/01/15	7.00	7.16	6.93	7.01	3628139	26349288.00
2014/01/16	7.04	7.19	6.94	7.09	3015126	21972740.00
2014/01/17	7.09	7.22	7.02	7.21	4178625	30802772.00
2014/01/20	7.27	7.39	7.08	7.14	5240660	39053408.00
2014/01/21	7.14	7.26	7.05	7.13	3838327	28156898.00
2014/01/22	7.07	7.86	7.07	7.86	15218341	119462152.00
2014/01/23	7.76	7.96	7.64	7.82	13575818	108799984.00
2014/01/24	7.77	7.83	7.65	7.77	6933380	55199408.00
2014/01/27	7.69	7.81	7.56	7.63	5556284	43937832.00
2014/01/28	7.63	8.07	7.56	8.01	8086046	65395892.00
2014/01/29	7.97	7.97	7.72	7.78	5116164	41129784.00
2014/01/30	7.79	7.92	7.60	7.60	3098648	24700258.00
2014/02/07	7.57	7.74	7.42	7.71	3612023	28116118.00
2014/02/10	7.71	8.00	7.71	7.89	6099452	49437740.00
2014/02/11	7.90	7.94	7.67	7.79	5388930	43088432.00
2014/02/12	7.79	8.15	7.62	8.12	7903576	64374808.00
2014/02/13	8.04	8.12	7.70	7.77	5739137	46784280.00
2014/02/14	7.75	7.92	7.70	7.91	4551330	36644488.00
2014/02/17	7.90	8.06	7.88	8.05	5975608	48890964.00
2014/02/18	8.04	8.44	7.97	8.38	10596089	89475688.00
2014/02/19	8.29	8.35	8.09	8.21	5679429	47814560.00
2014/02/20	8.21	8.35	7.89	7.89	5614068	46245760.00
2014/02/21	7.85	7.96	7.59	7.75	4191251	33559020.00
2014/02/24	7.75	7.96	7.65	7.90	3328510	26727492.00
2014/02/25	7.85	7.96	7.18	7.35	5232745	40999312.00
2014/02/26	7.32	7.45	7.10	7.44	2941694	22096776.00
2014/02/27	7.39	7.50	7.24	7.27	3340319	25351692.00
2014/02/28	7.26	7.39	7.09	7.32	2289274	17004420.00
2014/03/03	7.29	7.50	7.27	7.46	2737042	20882544.00
2014/03/04	7.38	7.56	7.35	7.52	2401723	18411692.00
2014/03/05	7.48	7.65	7.41	7.52	2556178	19776100.00
2014/03/06	7.52	7.54	7.34	7.44	1826838	13965618.00
2014/03/07	7.44	7.50	7.34	7.38	1723177	13163389.00
2014/03/10	7.33	7.35	6.96	6.97	2369850	17360578.00
2014/03/11	6.97	7.10	6.93	7.05	1215072	8799437.00
2014/03/12	7.06	7.19	7.01	7.19	1863674	13680887.00
2014/03/13	7.20	7.26	7.17	7.25	1157939	8602764.00
2014/03/14	7.22	7.26	7.14	7.25	849545	6298227.00
2014/03/17	7.26	7.39	7.24	7.37	1370946	10345774.00
2014/03/18	7.42	7.56	7.37	7.46	2299501	17718676.00
2014/03/19	7.49	7.70	7.44	7.68	3380781	26421112.00
2014/03/20	7.63	7.70	7.39	7.40	2722352	21119564.00
2014/03/21	7.35	7.59	7.25	7.59	2002069	15328075.00
2014/03/24	7.60	7.79	7.55	7.65	2517730	19922880.00
2014/03/25	7.69	7.82	7.59	7.73	2299155	18200956.00
2014/03/26	7.74	7.77	7.59	7.68	1248240	9837867.00
2014/03/27	7.67	7.67	7.46	7.49	2137955	16615429.00
2014/03/28	7.64	7.64	7.19	7.28	1734988	13291064.00
2014/03/31	7.21	7.35	7.20	7.31	856293	6411596.00
2014/04/01	7.32	7.46	7.32	7.46	772832	5881109.50
2014/04/02	7.47	7.51	7.37	7.44	862374	6581564.50
2014/04/03	7.49	7.53	7.41	7.53	1113254	8550281.00
2014/04/04	7.52	7.93	7.52	7.89	4737208	37936756.00
2014/09/01	8.70	8.70	8.70	8.70	166315	1473550.88
2014/09/02	9.59	9.59	9.59	9.59	59040	575640.00
2014/09/03	10.57	10.57	10.57	10.57	84262	904131.25
2014/09/04	11.64	11.64	11.64	11.64	370961	4377340.00
2014/09/05	12.82	12.82	12.82	12.82	340234	4416237.50
2014/09/09	14.12	14.12	14.12	14.12	377983	5397597.00
2014/09/10	15.55	15.55	15.55	15.55	496158	7794642.00
2014/09/11	17.12	17.12	17.12	17.12	3094575	53474256.00
2014/09/12	18.85	18.85	18.85	18.85	1002393	19055490.00
2014/09/17	20.75	20.75	20.75	20.75	14316647	299361088.00
2014/09/18	21.83	21.83	19.83	19.92	29451440	620621568.00
2014/09/19	20.17	21.11	20.06	20.44	18179041	376217504.00
2014/09/22	21.16	22.39	20.97	21.44	18456831	400767968.00
2014/09/23	21.04	21.33	20.54	21.06	10924245	229988368.00
2014/09/24	20.85	20.94	20.40	20.66	9251413	192499296.00
2014/09/25	20.52	21.13	20.34	21.01	10130213	211672176.00
2014/09/26	20.89	21.21	20.45	20.61	6005107	125744448.00
2014/09/29	20.64	21.27	20.53	20.92	6925115	145456688.00
2014/09/30	21.09	21.44	20.59	21.07	6545192	138358176.00
2014/10/08	21.29	21.29	20.51	20.80	4726329	98837672.00
2014/10/09	20.88	21.19	20.61	21.19	6814918	143570912.00
2014/10/10	21.04	22.20	20.73	21.99	10096552	218064560.00
2014/10/13	21.79	23.98	21.62	23.39	11027844	254187840.00
2014/10/14	23.14	23.60	21.34	21.44	9322467	209887248.00
2014/10/15	21.06	21.67	20.72	21.10	5237163	111243008.00
2014/10/16	20.89	21.14	20.36	20.36	3473937	72660664.00
2014/10/17	20.34	20.50	18.70	19.03	5852483	114130720.00
2014/10/20	19.03	19.37	18.74	19.36	2486380	47961396.00
2014/10/21	19.43	19.61	19.04	19.07	2086151	40602604.00
2014/10/22	19.24	19.61	19.06	19.33	2304599	45062320.00
2014/10/23	19.21	19.44	18.77	18.93	1928850	36983488.00
2014/10/24	18.77	18.99	17.29	17.53	4096013	75136080.00
2014/10/27	17.51	18.14	17.23	17.85	2658166	47611596.00
2014/10/28	18.04	18.67	17.86	18.62	2820980	52378596.00
2014/10/29	18.54	19.40	18.39	18.72	2851445	54432704.00
2014/10/30	18.71	19.31	18.54	19.19	2452095	47062296.00
2014/10/31	19.39	19.40	18.64	19.14	2099301	40165816.00
2014/11/03	19.12	19.65	19.02	19.22	1991468	38733708.00
2014/11/04	19.11	19.34	18.87	19.27	1303700	25130688.00
2014/11/05	19.23	19.55	19.06	19.42	1243837	24296160.00
2014/11/06	19.45	19.45	18.82	19.18	1640807	31573544.00
2014/11/07	19.18	19.34	18.99	19.31	1608415	31123702.00
2014/11/10	19.31	19.79	19.11	19.64	1695063	33469408.00
2014/11/11	19.51	19.73	18.45	18.94	2224541	42765620.00
2014/11/12	18.89	19.31	18.64	19.24	1015467	19555408.00
2014/11/13	19.34	20.11	19.07	20.06	2987031	59285748.00
2014/11/14	19.84	20.64	19.74	20.49	3354885	68500328.00
2014/11/24	21.33	21.78	20.15	20.20	4596061	96572368.00
2014/11/25	19.93	20.31	19.44	19.66	2511323	49719548.00
2014/11/26	19.54	20.19	19.48	19.89	1635953	32803378.00
2014/11/27	19.86	20.08	19.69	19.79	1765010	35231812.00
2014/11/28	19.55	19.98	19.52	19.60	2109134	41832540.00
2014/12/01	19.54	19.67	18.34	18.38	3146117	59748352.00
2014/12/02	18.38	18.78	18.38	18.61	1359772	25546480.00
2014/12/03	18.63	19.18	18.43	19.12	1940737	36863396.00
2014/12/04	19.04	19.33	18.84	19.10	1602162	30944732.00
2014/12/05	19.10	19.32	18.32	19.09	2200898	41683992.00
2014/12/08	18.99	19.34	18.79	19.01	1843619	35332120.00
2014/12/09	19.36	20.09	19.01	19.06	4320215	85656048.00
2014/12/10	18.84	19.81	18.40	19.59	2338784	45620264.00
2014/12/11	19.40	19.83	19.30	19.63	2309612	45465620.00
2014/12/12	19.63	21.60	19.47	21.25	4786701	98579056.00
2014/12/15	21.17	21.82	20.87	21.39	3399143	73035736.00
2014/12/16	21.34	21.55	20.85	21.09	2831943	60602352.00
2014/12/17	20.89	21.04	19.99	20.26	2436852	50063328.00
2014/12/18	20.26	20.49	19.79	20.03	1633743	33026758.00
2014/12/19	19.84	19.94	18.82	18.98	1769030	34417452.00
2014/12/22	18.82	18.83	17.07	17.07	2586746	45748040.00
2014/12/23	16.65	17.68	16.64	17.22	1244989	21753462.00
2014/12/24	17.27	18.14	17.25	17.98	1241456	22181628.00
2014/12/25	17.99	18.84	17.90	18.77	993327	18516426.00
2014/12/26	18.77	18.77	18.34	18.48	685075	12811549.00
2014/12/29	18.36	18.79	17.17	17.34	1567226	28313062.00
2014/12/30	17.34	17.79	16.87	16.94	847540	14624033.00
2014/12/31	16.94	17.37	16.85	17.14	738888	12753045.00
2015/01/05	18.09	18.34	17.85	18.04	1443503	26452090.00
2015/01/06	18.13	18.81	17.68	18.53	1168921	21515982.00
2015/01/07	18.52	18.63	18.21	18.56	665176	12361206.00
2015/01/08	18.56	18.66	18.16	18.31	702012	13007624.00
2015/01/09	18.14	20.16	18.14	18.64	4589342	87411968.00
2015/01/12	18.34	18.91	17.35	17.62	1855529	33398688.00
2015/01/13	17.69	18.04	17.39	17.54	955208	16967002.00
2015/01/14	17.54	17.81	17.25	17.35	1146905	20131948.00
2015/01/15	17.35	17.47	17.27	17.43	492612	8650457.00
2015/01/16	17.35	17.98	17.35	17.94	761613	13595905.00
2015/01/19	17.64	18.74	17.34	18.09	1607276	29389680.00
2015/01/20	18.09	19.19	17.95	18.94	2371459	44877420.00
2015/01/21	19.42	20.71	19.14	20.19	4114015	83048296.00
2015/01/22	20.11	20.33	19.75	19.80	2057613	41317004.00
2015/01/23	19.80	20.12	19.12	19.21	2228735	43851700.00
2015/01/26	19.13	19.64	19.04	19.64	1390546	27243966.00
2015/01/27	19.62	20.23	19.57	19.75	1489854	29878846.00
2015/01/28	19.69	20.14	19.59	20.10	1467767	29476478.00
2015/01/29	20.07	20.14	19.84	20.01	665879	13408764.00
2015/01/30	20.01	20.19	19.52	19.53	1032702	20532042.00
2015/02/02	19.24	19.52	19.04	19.18	1143359	22181814.00
2015/02/03	19.08	19.35	19.08	19.33	694674	13480564.00
2015/02/04	19.37	19.38	19.10	19.23	689717	13386388.00
2015/02/05	19.23	19.73	19.14	19.20	931316	18325042.00
2015/02/06	19.20	19.52	18.84	18.92	770033	14859070.00
2015/02/09	18.83	19.62	18.67	19.02	788043	15247452.00
2015/02/10	18.97	19.32	18.83	18.88	610372	11695848.00
2015/02/11	19.04	19.18	18.89	19.12	602283	11540367.00
2015/02/12	19.19	20.03	19.08	20.03	1654225	32801108.00
2015/02/13	20.52	21.20	19.84	20.15	2685118	55337724.00
2015/02/16	20.20	20.89	20.19	20.82	2090401	43623168.00
2015/02/17	20.90	20.97	20.40	20.57	1253730	26021880.00
2015/02/25	20.57	20.57	19.91	20.10	1267654	25701008.00
2015/02/26	19.95	20.77	19.95	20.53	1146023	23502370.00
2015/02/27	20.53	20.74	20.24	20.40	1334302	27505474.00
2015/03/02	20.41	22.46	20.40	22.46	8355671	185295792.00
2015/03/03	22.54	24.72	22.14	23.82	12400719	293862912.00
2015/03/04	23.49	24.54	23.34	24.06	5881216	141313344.00
2015/03/05	24.62	24.62	23.54	23.88	3998261	96493968.00
2015/03/06	23.94	23.95	22.95	23.12	2749895	64473692.00
2015/03/09	23.01	25.14	22.84	24.50	4219715	102033848.00
2015/03/10	24.54	25.79	24.09	24.11	4644790	116245488.00
2015/03/11	24.10	25.37	23.46	24.39	3750697	92089592.00
2015/03/12	24.42	25.32	24.17	25.23	3999425	99469968.00
2015/03/13	25.54	25.84	24.84	25.41	3022551	77363832.00
2015/03/16	25.93	27.97	25.83	27.47	5809548	158604512.00
2015/03/17	27.48	28.28	26.88	28.02	3686782	102068880.00
2015/03/18	28.18	28.83	27.65	28.02	3470368	98524704.00
2015/03/19	28.06	28.44	27.39	27.64	3310763	92369120.00
2015/03/20	27.85	28.52	27.85	28.50	2807966	79839384.00
2015/03/23	28.49	29.57	28.24	29.02	2250890	65898664.00
2015/07/01	31.93	31.93	30.88	31.93	8958300	286984640.00
2015/07/02	30.76	30.88	28.73	28.73	4855500	142765456.00
2015/07/03	25.85	25.85	25.85	25.85	574900	14930153.00
2015/07/06	23.38	28.38	23.25	23.25	10762174	265387952.00
2015/07/07	20.91	20.91	20.91	20.91	381800	8029254.00
2016/01/20	23.01	23.01	23.01	23.01	2163901	50051032.00
2016/01/21	25.32	25.32	25.32	25.32	59801	1521337.50
2016/01/22	27.86	27.86	27.86	27.86	169206	4734384.00
2016/01/25	30.66	30.66	30.66	30.66	61014	1878010.88
2016/01/26	33.74	33.74	33.74	33.74	417699	14143288.00
2016/01/27	37.13	37.13	31.65	37.13	50512863	1803687296.00
2016/01/28	35.28	39.78	35.08	37.47	34508494	1297586944.00
2016/01/29	35.88	37.99	34.89	35.88	21529300	788714688.00
2016/02/01	34.93	38.76	33.89	36.48	20586609	752752192.00
2016/02/02	35.99	40.14	35.88	40.14	14687336	572392000.00
2016/02/03	41.98	42.88	39.88	41.10	24760878	1020379904.00
2016/02/04	39.96	43.73	39.32	41.10	20892201	878167808.00
2016/02/05	40.78	41.87	38.22	38.44	12001529	483749120.00
2016/02/15	37.08	41.04	36.38	39.79	11146663	437566592.00
2016/02/16	40.08	41.28	38.93	39.68	13565883	544948416.00
2016/02/17	39.38	43.13	39.08	42.68	15060340	623791488.00
2016/02/18	44.88	46.88	43.08	43.50	15581376	698505472.00
2016/02/19	42.58	43.28	41.53	42.11	8931813	377551936.00
2016/02/22	42.88	43.38	41.68	42.38	7236715	308469888.00
2016/02/23	42.38	42.41	39.36	40.11	11593585	472013760.00
2016/02/24	39.31	41.06	38.56	39.48	7157371	284631552.00
2016/02/25	39.54	40.47	35.52	35.52	9246431	348171488.00
2016/02/26	35.28	36.93	35.06	35.58	9288002	334841728.00
2016/02/29	35.53	35.56	32.01	32.01	9045415	294636832.00
2016/03/01	31.47	34.48	29.99	33.45	9139777	298486944.00
2016/03/02	32.88	35.43	32.38	34.86	8221017	284578720.00
2016/03/03	34.31	35.68	33.79	33.93	5553973	193316432.00
2016/03/04	33.28	33.75	30.53	30.53	8426371	267857456.00
2016/03/07	30.87	33.04	30.53	31.73	6640076	212934224.00
2016/03/08	31.19	34.92	30.03	34.66	11692448	391555552.00
2016/03/09	34.85	36.05	33.77	34.73	9149177	323252352.00
2016/03/10	34.22	35.05	32.81	33.10	5790204	194876720.00
2016/03/11	33.38	33.88	31.88	33.87	4229307	139731152.00
2016/03/14	34.06	36.86	34.06	35.66	6747703	241851872.00
2016/03/15	35.44	39.06	35.43	37.03	7535597	283519872.00
2016/03/16	37.38	38.08	35.49	36.26	5427224	198497088.00
2016/03/17	36.76	38.56	36.21	38.05	5261885	198061984.00
2016/03/18	38.14	39.95	38.08	38.79	6907644	271753216.00
2016/03/21	38.98	39.68	38.19	39.48	7745138	300956512.00
2016/03/22	38.87	39.02	38.29	38.34	6555799	253654160.00
2016/03/23	38.18	38.18	36.06	37.38	7946130	295851680.00
2016/03/31	40.88	41.13	38.62	38.80	12042647	483459008.00
2016/04/01	37.88	38.37	36.98	37.82	6575109	248031408.00
2016/04/05	37.89	38.81	36.38	38.18	5851078	221315120.00
2016/04/06	37.73	39.25	37.28	38.17	5795868	222294592.00
2016/04/07	38.21	38.97	37.28	37.31	4804660	182610528.00
2016/04/08	36.78	37.48	35.23	36.07	3642941	132284424.00
2016/04/11	36.33	37.76	36.33	37.52	3800005	141908784.00
2016/04/12	37.44	37.68	36.33	36.57	2661587	97914752.00
2016/04/13	37.08	37.58	36.63	36.68	3654084	136502240.00
2016/04/14	36.84	38.38	36.84	37.63	4417936	167138592.00
2016/04/15	37.64	39.85	37.64	39.16	8108859	317629472.00
2016/04/18	38.86	39.46	37.54	38.28	4916980	190291584.00
2016/04/19	38.86	39.68	37.86	39.31	6080975	237263056.00
2016/04/20	39.38	40.76	36.30	38.09	7946989	311126304.00
2016/04/21	37.25	38.54	36.66	37.00	3640834	136729776.00
2016/04/22	36.40	37.78	36.39	37.24	2614664	97365848.00
2016/04/25	37.25	37.37	36.38	36.88	2634120	97471744.00
2016/04/26	37.29	37.80	36.68	37.22	2878262	107644576.00
2016/04/27	37.26	40.84	36.79	39.18	7107298	278810144.00
2016/04/28	39.08	41.40	39.01	40.42	5221233	211380720.00
2016/04/29	38.88	42.77	38.40	41.86	7830515	322278976.00
2016/05/03	40.88	42.59	40.55	42.16	6465930	272315040.00
2016/05/04	42.23	43.68	41.62	42.98	7104714	304975360.00
2016/05/05	42.21	43.17	41.28	41.37	5088034	215238384.00
2016/05/06	41.16	42.03	38.23	38.51	6734776	267461840.00
2016/05/09	38.18	38.18	35.86	36.03	5833559	214612624.00
2016/05/10	36.06	37.01	35.38	35.74	2650995	95738816.00
2016/05/11	36.18	36.30	32.87	32.98	7008100	241185072.00
2016/05/12	33.03	35.23	32.89	35.08	3783115	129990872.00
2016/05/13	35.68	35.68	33.89	34.38	2439014	85070216.00
2016/05/16	34.81	35.75	34.39	35.44	2497209	88377968.00
2016/05/17	35.44	36.24	34.76	35.19	1857198	65691788.00
2016/05/18	34.87	34.87	33.68	33.98	1960422	66964336.00
2016/05/19	34.38	35.18	33.85	33.99	2074807	71927120.00
2016/05/20	33.99	34.56	33.21	34.10	1716661	58451756.00
2016/05/23	34.48	36.63	34.38	36.35	4476997	160988576.00
2016/05/24	35.88	36.58	35.76	35.88	1699357	61467788.00
2016/05/25	36.38	37.10	36.03	36.53	2561381	94361592.00
2016/05/26	36.65	36.75	35.33	36.24	1709580	61574040.00
2016/05/27	36.24	36.64	35.81	36.08	1275522	46131188.00
2016/05/30	35.78	36.61	35.51	35.84	1632232	58855852.00
2016/05/31	35.91	38.97	35.64	38.34	4823064	183415968.00
2016/06/01	38.90	39.56	38.59	38.79	3684571	144386352.00
2016/06/02	38.90	39.60	37.91	39.41	2899762	111998432.00
2016/06/03	39.40	39.96	38.91	38.94	3428489	135925600.00
2016/06/06	39.21	40.41	38.92	39.06	2380676	94417104.00
2016/06/07	39.30	39.38	37.84	38.21	2477450	95272272.00
2016/06/08	38.41	38.61	36.92	38.05	3376879	126566120.00
2016/06/13	37.41	37.88	36.24	36.32	1989340	73987304.00
2016/06/14	36.21	36.68	36.00	36.11	1683042	61258396.00
2016/06/15	34.91	37.59	34.91	36.71	4164293	153677248.00
2016/06/16	36.80	36.91	35.49	35.81	2543342	91784608.00
2016/06/17	36.11	36.66	35.59	35.85	1917495	68988368.00
2016/06/20	35.90	36.56	35.36	36.01	1275272	45731992.00
2016/06/21	36.36	36.95	36.07	36.14	2358969	86355016.00
2016/06/22	36.16	36.63	35.71	36.41	1388594	50238360.00
2016/06/23	36.56	36.69	35.98	36.31	1141632	41554532.00
2016/06/24	36.31	36.46	34.44	35.68	1890797	67382392.00
2016/06/27	35.16	37.38	35.16	36.96	3070582	111537968.00
2016/06/28	36.52	39.09	36.41	38.92	3503220	133028464.00
2016/06/29	38.71	38.81	37.42	37.73	2317199	88536432.00
2016/06/30	37.43	38.06	37.23	37.66	1994001	75187112.00
2016/07/01	37.42	37.68	35.98	36.61	2857244	105145320.00
2016/07/04	36.29	37.21	35.71	36.89	1916311	70783824.00
2016/10/10	37.91	37.91	33.26	35.00	9965177	341540128.00
2016/10/11	34.21	36.49	33.79	35.94	7252844	255618048.00
2016/10/12	34.91	36.51	34.91	35.10	4577153	163403728.00
2016/10/13	35.14	35.45	34.21	34.48	2669069	92509416.00
2016/10/14	34.91	35.01	33.94	34.17	2140041	73445000.00
2016/10/17	34.26	34.51	33.57	33.84	1992875	67950104.00
2016/10/18	33.86	34.88	33.71	34.64	3513423	121296240.00
2016/10/19	34.58	34.64	33.96	34.10	2628885	90274968.00
2016/10/20	34.03	34.29	33.95	34.03	1948470	66567292.00
2016/10/21	34.17	34.23	33.21	33.41	2898944	97486816.00
2016/10/24	33.86	34.08	33.42	33.66	2835042	95905336.00
2016/10/25	33.78	34.17	33.61	34.15	2366843	80392440.00
2016/10/26	34.16	35.69	33.93	34.51	3194949	111733240.00
2016/10/27	34.52	34.83	33.41	33.83	2678787	91645352.00
2016/10/28	33.71	34.07	33.53	33.64	2146576	72753568.00
2016/10/31	33.61	35.40	33.57	35.31	4906703	171147648.00
2016/11/01	35.30	35.41	34.56	35.12	3004299	105324224.00
2016/11/02	34.94	34.94	34.26	34.61	1924070	66668116.00
2016/11/03	34.64	34.86	34.19	34.44	1402018	48476492.00
2016/11/04	34.31	34.59	33.91	33.99	1675253	57289308.00
2016/11/07	34.07	34.26	33.68	33.78	1548780	52542692.00
2016/11/08	33.87	34.07	33.72	33.84	1705381	57846936.00
2016/11/09	33.74	34.02	33.11	33.59	1569233	52947556.00
2016/11/10	33.71	34.28	33.71	33.85	2026332	69085384.00
2016/11/11	34.25	35.41	34.04	34.07	4067108	141266960.00
2016/11/14	34.21	35.23	33.83	34.11	3656608	126270568.00
2016/11/15	34.14	34.65	33.89	34.42	2237400	76883016.00
2016/11/16	34.39	35.97	34.32	35.97	6599770	233741280.00
2016/11/17	36.01	36.01	34.51	34.83	3250172	113715520.00
2016/11/18	34.82	35.26	34.41	34.66	1410461	49113796.00
2016/11/21	34.63	34.90	34.47	34.60	1173652	40782156.00
2016/11/22	34.81	34.88	34.13	34.40	1764604	60765524.00
2016/11/23	34.41	34.49	33.88	33.93	2271192	77558368.00
2016/11/24	33.96	34.20	33.66	33.81	1304468	44341844.00
2016/11/25	33.82	33.86	32.63	33.33	3702900	122388112.00
2016/11/28	33.28	33.46	33.21	33.27	1730290	57799628.00
2016/11/29	33.11	33.41	32.94	33.02	1448022	48205736.00
2016/11/30	33.10	33.10	32.67	32.91	1339513	44127996.00
2016/12/01	33.04	33.41	32.81	33.41	1812471	60408376.00
2016/12/02	33.54	33.54	32.41	32.45	1912177	62739000.00
2016/12/05	32.43	33.07	32.13	32.56	1285445	42257692.00
2016/12/06	32.80	32.97	32.43	32.92	998413	32733796.00
2016/12/07	32.93	33.20	32.78	33.03	702304	23235562.00
2016/12/08	33.08	33.61	32.86	33.10	1379092	45820656.00
2016/12/09	33.09	33.33	32.89	32.94	1358482	45055164.00
2016/12/12	33.07	33.10	30.11	31.29	2687176	84852560.00
2016/12/13	31.31	31.37	30.22	30.52	1145010	35129092.00
2016/12/14	30.52	30.70	29.59	29.91	1516071	45512380.00
2016/12/15	29.89	30.09	29.20	29.79	2043213	60655736.00
2016/12/16	29.50	30.91	29.50	30.55	2389715	72227000.00
2016/12/19	30.41	30.53	29.50	29.81	1538177	46519176.00
2016/12/20	29.81	32.71	29.33	31.85	2015652	61640028.00
2016/12/21	31.41	33.31	30.22	30.71	3632146	115459400.00
2016/12/22	30.92	30.92	29.53	29.91	2313761	69402416.00
2016/12/23	29.66	30.24	29.66	29.76	1050256	31511192.00
2016/12/26	30.00	30.00	29.41	29.74	1163299	34564592.00
2016/12/27	29.91	30.10	29.64	29.72	770400	23064602.00
2016/12/28	29.52	29.98	29.46	29.51	882146	26245500.00
2016/12/29	29.51	30.14	29.29	29.76	1837769	55055504.00
2016/12/30	29.84	30.11	29.29	29.70	3026549	90278776.00
2017/01/03	29.70	30.01	29.54	29.71	1836314	54788716.00
2017/01/04	29.77	30.11	29.59	30.08	1454672	43606440.00
2017/01/05	30.08	30.27	29.70	30.11	1136030	34292656.00
2017/01/06	30.13	30.13	29.48	29.61	1227981	36509568.00
2017/01/09	29.54	29.68	28.24	28.46	2759910	80131624.00
2017/01/10	28.46	29.19	28.07	28.82	1667421	48172400.00
2017/01/11	28.90	28.91	28.38	28.61	1107901	31765426.00
2017/01/12	28.61	28.61	28.19	28.28	721075	20491268.00
2017/01/13	28.40	28.40	26.96	27.08	1447315	40067600.00
2017/01/16	27.08	27.28	24.51	26.01	2433806	63833368.00
2017/01/17	26.01	27.10	25.19	26.56	1869283	49165048.00
2017/01/18	26.13	27.00	26.02	26.71	1183981	31690356.00
2017/01/19	26.84	26.84	26.33	26.39	646394	17223206.00
2017/01/20	26.41	26.88	26.21	26.80	1107427	29718422.00
2017/01/23	26.79	28.20	26.79	27.64	2156842	59934412.00
2017/01/24	27.66	27.90	27.20	27.25	716327	19656478.00
2017/01/25	27.21	27.72	27.01	27.70	1098102	30341716.00
2017/01/26	27.70	28.21	27.45	28.21	957492	26835896.00
2017/02/03	28.21	28.73	27.66	28.17	1603685	45146864.00
2017/02/06	28.15	28.15	27.61	27.91	1153068	32128604.00
2017/02/07	27.91	28.01	27.54	27.81	1301687	36180500.00
2017/02/08	27.70	27.90	27.10	27.57	1243855	34202312.00
2017/02/09	27.54	27.83	27.37	27.76	1536486	42487224.00
2017/02/10	27.76	28.00	27.19	27.26	1236889	34213380.00
2017/02/13	27.17	27.76	27.17	27.64	1470729	40674600.00
2017/02/14	27.58	28.06	27.44	27.84	1376344	38438004.00
2017/02/15	27.93	27.93	27.44	27.47	904856	25160020.00
2017/02/16	27.30	27.56	27.04	27.13	948936	25957394.00
2017/02/17	27.42	28.06	27.07	27.48	2131225	59288784.00
2017/02/20	27.22	27.81	27.06	27.48	1829795	50219620.00
2017/02/21	27.51	29.59	27.45	28.60	3818112	109583216.00
2017/02/22	28.64	29.01	28.15	28.49	1676733	48088448.00
2017/02/23	28.40	30.63	28.39	30.03	4904749	146185520.00
2017/02/24	30.24	32.33	30.21	30.82	6198361	195158656.00
2017/02/27	30.61	32.57	29.91	31.55	7562501	236767312.00
2017/02/28	31.91	32.41	30.46	31.72	5136990	161778912.00
2017/03/01	31.73	32.11	30.61	30.74	3834391	119932912.00
2017/03/02	30.61	31.33	30.61	30.95	2655443	82645160.00
2017/03/03	30.85	30.89	30.12	30.67	2142785	65798800.00
2017/03/06	30.69	31.63	30.52	31.01	2148415	67149264.00
2017/03/07	31.21	31.40	30.81	31.07	2189566	68397384.00
2017/03/08	31.07	31.10	30.35	30.58	2732060	84052224.00
2017/03/09	30.79	30.81	30.08	30.26	1637402	49892720.00
2017/03/10	30.57	31.73	30.26	30.87	2702146	83906752.00
2017/03/13	30.88	31.49	30.71	31.41	3499693	109045936.00
2017/03/14	31.43	32.57	31.42	32.11	5949161	191870528.00
2017/03/15	32.09	32.09	31.16	31.26	4484625	141678176.00
2017/03/16	31.59	32.10	31.13	31.46	5902143	187313968.00
2017/03/17	31.41	32.06	30.78	31.33	4827505	152280288.00
2017/03/20	31.36	31.46	30.61	30.82	2779695	86056072.00
2017/03/21	30.65	31.28	30.11	30.57	3514546	107727488.00
2017/03/22	30.40	30.98	30.29	30.78	1913692	59016240.00
2017/03/23	30.78	31.36	30.42	30.84	1475432	45659856.00
2017/03/24	30.84	31.21	30.46	30.83	2771848	85553592.00
2017/03/27	30.69	32.21	30.36	31.91	4405525	137823552.00
2017/03/28	31.73	32.26	31.31	31.69	3267376	104100208.00
2017/03/29	31.69	31.76	30.41	30.75	4554241	141507856.00
2017/03/30	30.90	30.90	29.21	29.21	3784942	113428856.00
2017/03/31	29.29	29.48	28.97	29.40	2552280	74997816.00
2017/04/05	29.42	29.99	28.89	29.73	2403243	71065352.00
2017/04/06	29.65	30.41	29.51	29.89	1781095	53861164.00
2017/04/07	29.72	30.36	29.72	29.93	1343664	40463940.00
2017/04/10	30.09	30.48	28.56	28.99	3660408	107444496.00
2017/04/11	28.93	29.76	28.51	29.67	2256952	65967760.00
2017/04/12	29.68	29.87	28.81	29.05	1982140	58344336.00
2017/04/13	28.91	29.56	28.89	29.21	1230647	36209336.00
2017/04/14	29.06	29.31	28.76	29.05	1634538	47583516.00
2017/04/17	29.08	29.27	28.46	28.54	1677877	48533528.00
2017/04/18	28.80	29.19	27.24	27.69	2936587	82834576.00
2017/04/19	27.69	28.46	27.41	28.44	2598506	72665688.00
2017/04/20	28.39	28.67	27.51	28.04	2628514	73853552.00
2017/04/21	28.04	28.41	27.30	27.47	1658004	46248712.00
2017/04/24	27.47	27.71	26.91	26.98	2349474	64167856.00
2017/04/25	26.91	27.71	26.82	27.49	1927957	52860036.00
2017/04/26	27.49	28.19	27.49	27.86	1659284	46465036.00
2017/04/27	27.80	28.69	26.90	28.38	3666242	102520560.00
2017/04/28	29.00	31.22	29.00	30.82	10916471	336007136.00
2017/05/02	30.50	31.33	30.28	31.19	6489578	201708144.00
2017/05/03	31.25	31.34	30.78	31.03	2822896	87658472.00
2017/05/04	31.09	31.57	30.39	30.65	3605020	112238704.00
2017/05/05	30.37	31.17	30.02	30.50	3504722	106968688.00
2017/05/08	30.49	31.87	30.20	30.25	4830978	149783760.00
2017/05/09	30.16	30.80	29.89	30.70	5323923	162419936.00
2017/05/10	30.78	31.95	30.68	31.18	9069426	285692960.00
2017/05/11	31.18	31.52	30.69	31.50	4066911	126846864.00
2017/05/12	31.70	31.72	30.63	30.70	3514621	109567584.00
2017/05/15	30.94	31.38	30.64	31.10	3850863	119604384.00
2017/05/16	31.00	31.38	30.06	31.30	5793143	178843264.00
2017/05/17	31.33	33.49	31.20	32.88	13193758	430398240.00
2017/05/18	32.30	33.81	32.04	33.41	9935424	332143264.00
2017/05/19	33.12	33.98	33.10	33.70	5588988	187325584.00
2017/05/22	33.52	33.72	32.60	32.66	4046600	134087544.00
2017/05/23	32.48	32.69	31.21	31.74	4444922	141802560.00
2017/05/24	31.21	32.50	31.21	32.36	3503674	112138960.00
2017/05/25	32.21	33.28	32.15	32.60	4313415	141127120.00
2017/05/26	32.55	33.46	32.03	32.15	3611774	117908760.00
2017/05/31	32.47	32.69	31.10	31.35	2981563	95800192.00
2017/06/01	31.02	31.67	30.41	30.98	4605400	143406944.00
2017/06/02	30.87	32.19	30.61	31.82	5360800	169572224.00
2017/06/05	32.03	33.20	31.98	33.14	5980200	196718640.00
2017/06/06	33.00	33.80	32.55	33.58	5473900	181971312.00
2017/06/07	33.45	36.91	33.45	35.91	11531300	412271552.00
2017/06/08	35.91	36.45	35.24	35.82	8328800	299342752.00
2017/06/09	35.57	36.39	35.29	35.92	4332300	155351360.00
2017/06/12	35.50	36.54	34.88	36.05	6851317	246915824.00
2017/06/13	36.25	37.42	35.85	36.74	6902788	254151872.00
2017/06/14	36.38	36.60	35.34	35.55	5307586	190372112.00
2017/06/15	35.50	36.94	35.50	36.41	6172265	224660592.00
2017/06/16	36.24	37.20	35.80	36.25	4979345	181301152.00
2017/06/19	35.88	36.25	34.05	36.15	8352200	293968704.00
2017/06/20	35.38	36.00	34.75	35.10	5173769	183023744.00
2017/06/21	35.40	35.58	34.81	35.26	3500900	122961992.00
2017/06/22	35.26	36.00	34.30	34.66	4622100	163332672.00
2017/06/23	34.17	34.60	33.59	33.60	7241500	245943280.00
2017/06/26	33.70	34.89	33.66	34.67	4996700	172446096.00
2017/06/27	34.67	35.96	34.67	35.60	4602400	163092448.00
2017/06/28	35.60	35.60	34.09	34.98	3380543	117814696.00
2017/06/29	34.84	35.08	34.19	34.68	4365600	150378832.00
2017/06/30	34.45	34.80	33.68	34.30	5784200	197546480.00
2017/07/03	34.10	34.26	33.15	33.35	7486200	251194304.00
2017/07/04	33.11	33.88	32.80	33.23	5498300	183103248.00
2017/07/05	33.10	33.67	32.18	33.50	9120400	298447040.00
2017/07/06	33.30	33.36	32.55	32.84	4829600	159203184.00
2017/07/07	32.65	33.89	32.65	33.58	5943500	199215920.00
2017/07/10	33.60	34.30	32.50	32.66	6572200	217929008.00
2017/07/11	32.65	33.04	32.33	32.33	3771100	123148936.00
2017/07/12	32.35	33.20	32.24	33.14	3188200	104032928.00
2017/07/13	32.96	32.97	31.40	31.89	7903400	252238944.00
2017/07/14	31.82	31.88	31.30	31.60	3899600	123163808.00
2017/07/17	31.55	31.88	30.11	30.75	3696500	114547696.00
2017/07/18	30.85	31.35	29.68	30.21	6190100	187840128.00
2017/07/19	30.28	30.78	29.60	30.70	5836400	175378096.00
2017/07/20	30.60	31.55	30.40	30.76	3830300	119088800.00
2017/07/21	30.77	31.37	30.71	31.03	2383427	74108640.00
2017/07/24	30.96	30.96	29.91	30.40	3152200	95511152.00
2017/07/25	30.51	32.44	30.29	32.03	7701900	244184624.00
2017/07/26	32.40	32.65	31.20	31.92	4190600	134104088.00
2017/07/27	32.05	34.20	31.71	33.68	9922000	330173152.00
2017/07/28	33.44	34.50	33.26	33.57	6162100	207751952.00
2017/07/31	33.50	33.66	33.03	33.43	3970300	132195880.00
2017/08/01	33.43	33.80	32.65	33.05	3469900	114203656.00
2017/08/02	33.10	33.20	32.05	32.21	3505000	113671912.00
2017/08/03	32.48	32.97	31.77	32.33	4285100	138738288.00
2017/08/04	32.42	32.62	31.89	31.98	3601100	115878352.00
2017/08/07	32.09	32.86	32.00	32.26	3378400	109481328.00
2017/08/08	32.30	32.60	31.66	32.47	4432600	142722432.00
2017/08/09	32.40	33.80	32.32	33.77	5843300	194909856.00
2017/08/10	33.73	33.93	32.08	32.90	4404100	145170528.00
2017/08/11	32.50	32.78	32.05	32.31	3224400	104324400.00
2017/08/14	32.35	34.30	32.35	33.95	8754200	294090592.00
数据来源:通达信
