300104 乐视网 日线 前复权
      日期	    开盘	    最高	    最低	    收盘	    成交量	    成交额
2010/08/12	2.73	2.76	2.35	2.36	15301864	707098752.00
2010/08/13	2.48	2.54	2.39	2.45	8987041	402684160.00
2010/08/16	2.31	2.40	2.28	2.37	6120034	259750816.00
2010/08/17	2.35	2.42	2.34	2.40	4062009	176281344.00
2010/08/18	2.40	2.41	2.29	2.31	4267404	180362512.00
2010/08/19	2.31	2.36	2.29	2.31	2859426	121042848.00
2010/08/20	2.29	2.33	2.28	2.31	2443719	102728056.00
2010/08/23	2.31	2.33	2.19	2.20	3670158	149675536.00
2010/08/24	2.21	2.21	2.13	2.18	2630181	103681400.00
2010/08/25	2.16	2.21	2.14	2.14	1897568	75187808.00
2010/08/26	2.16	2.17	2.12	2.16	1721984	67419616.00
2010/08/27	2.15	2.18	2.14	2.18	1364248	53833300.00
2010/08/30	2.18	2.22	2.18	2.20	1796739	72108440.00
2010/08/31	2.19	2.20	2.17	2.19	1509819	60161648.00
2010/09/01	2.19	2.29	2.19	2.25	2700543	110331920.00
2010/09/02	2.24	2.29	2.22	2.26	2421649	99600520.00
2010/09/03	2.26	2.30	2.23	2.26	2199662	90833688.00
2010/09/06	2.27	2.28	2.14	2.16	2315248	92410976.00
2010/09/07	2.16	2.18	2.14	2.16	860417	33946812.00
2010/09/08	2.14	2.16	2.12	2.15	1208879	47175816.00
2010/09/09	2.14	2.18	2.14	2.14	1333960	52405904.00
2010/09/10	2.13	2.15	2.09	2.11	1431856	55322908.00
2010/09/13	2.11	2.16	2.10	2.16	1362743	53208812.00
2010/09/14	2.18	2.19	2.12	2.13	1041612	40828972.00
2010/09/15	2.11	2.13	1.97	1.98	1936146	72151600.00
2010/09/16	1.98	2.00	1.90	1.93	1508240	53514812.00
2010/09/17	1.94	1.97	1.91	1.92	837828	29744268.00
2010/09/20	1.93	1.94	1.88	1.88	636099	22203246.00
2010/09/21	1.90	1.90	1.82	1.82	915541	31051642.00
2010/09/27	1.82	1.84	1.82	1.84	628933	21217780.00
2010/09/28	1.88	2.04	1.88	2.04	2986781	109773240.00
2010/09/29	2.00	2.05	1.95	2.04	2486068	90835576.00
2010/09/30	2.02	2.06	2.01	2.03	1121766	41837028.00
2010/10/08	2.05	2.09	2.03	2.06	1425006	53506964.00
2010/10/11	2.05	2.05	1.98	1.99	1320345	48362732.00
2010/10/12	1.99	2.04	1.98	1.99	782619	28724670.00
2010/10/13	1.98	1.98	1.94	1.97	1092833	39146180.00
2010/10/14	1.95	2.02	1.94	1.95	1064180	38687740.00
2010/10/15	1.94	1.96	1.88	1.91	993279	35042204.00
2010/10/18	1.93	1.93	1.86	1.92	791056	27395510.00
2010/10/19	1.93	2.09	1.92	2.03	1881607	69691536.00
2010/10/20	1.99	2.07	1.98	2.03	1491645	55550888.00
2010/10/21	2.04	2.09	2.00	2.06	1288399	48271600.00
2010/10/22	2.06	2.11	2.05	2.08	1406344	53557704.00
2010/10/25	2.08	2.19	2.08	2.18	2120664	83275824.00
2010/10/26	2.18	2.19	2.12	2.15	1133445	44391112.00
2010/10/27	2.16	2.18	2.09	2.09	1026484	39676444.00
2010/10/28	2.08	2.15	2.08	2.13	1119828	43269756.00
2010/10/29	2.13	2.25	2.12	2.20	2188593	87696248.00
2010/11/01	2.23	2.24	2.14	2.21	2820200	112833160.00
2010/11/02	2.21	2.21	2.12	2.13	1677457	65968476.00
2010/11/03	2.12	2.12	2.06	2.07	1286189	48983696.00
2010/11/04	2.06	2.13	2.06	2.11	804958	30827826.00
2010/11/05	2.11	2.13	2.08	2.10	886200	33937124.00
2010/11/08	2.11	2.19	2.11	2.17	1118210	43965536.00
2010/11/09	2.17	2.20	2.15	2.17	1050731	41709372.00
2010/11/10	2.17	2.31	2.15	2.28	2230034	92041152.00
2010/11/11	2.26	2.43	2.26	2.33	3490117	148780944.00
2010/11/12	2.31	2.36	2.15	2.17	3637079	149710800.00
2010/11/15	2.17	2.31	2.17	2.30	2225608	90824496.00
2010/11/16	2.32	2.35	2.18	2.22	2722589	112813096.00
2010/11/17	2.19	2.34	2.18	2.24	2556052	105927560.00
2010/11/18	2.27	2.42	2.20	2.40	2904829	123434288.00
2010/11/19	2.40	2.51	2.37	2.49	3538252	157353888.00
2010/11/22	2.45	2.52	2.40	2.44	3278301	146760624.00
2010/11/23	2.42	2.62	2.40	2.62	3659201	168108208.00
2010/11/24	2.59	2.75	2.58	2.74	3395915	165185840.00
2010/11/25	2.74	2.77	2.61	2.66	2047612	99251352.00
2010/11/26	2.64	2.93	2.64	2.93	3199310	166642240.00
2010/11/29	2.91	3.04	2.90	2.94	2978545	158835088.00
2010/11/30	2.94	2.94	2.66	2.77	3263096	165999056.00
2010/12/01	2.76	2.99	2.75	2.87	1749098	91355344.00
2010/12/02	2.88	2.93	2.77	2.83	1052804	54203928.00
2010/12/03	2.84	2.84	2.65	2.75	2474281	122228040.00
2010/12/07	2.65	2.78	2.58	2.77	1974985	95477904.00
2010/12/08	2.73	2.85	2.71	2.74	1276502	64163524.00
2010/12/09	2.81	2.91	2.74	2.77	2349359	119629464.00
2010/12/10	2.83	3.05	2.83	3.05	2713186	146986288.00
2010/12/13	3.37	3.37	3.37	3.37	675040	40839920.00
2010/12/14	3.54	3.71	3.47	3.60	6280328	403001728.00
2010/12/15	3.57	3.64	3.42	3.49	2905780	183153792.00
2010/12/16	3.57	3.85	3.52	3.74	5351334	360510560.00
2010/12/17	3.62	3.67	3.51	3.59	2834597	182553760.00
2010/12/20	3.56	3.59	3.31	3.34	3501546	215057728.00
2010/12/21	3.40	3.45	3.30	3.41	2690308	163478960.00
2010/12/22	3.42	3.64	3.32	3.49	3214652	201562848.00
2010/12/23	3.45	3.60	3.28	3.32	2363909	147340288.00
2010/12/24	3.24	3.37	3.16	3.33	2441472	142407760.00
2010/12/27	3.33	3.44	3.18	3.20	2147101	128589408.00
2010/12/28	3.23	3.41	3.22	3.27	2617179	155505216.00
2010/12/29	3.22	3.37	3.17	3.34	2004189	118474104.00
2010/12/30	3.32	3.62	3.32	3.58	3235746	202629280.00
2010/12/31	3.61	3.62	3.51	3.59	2361823	150762128.00
2011/01/04	3.60	3.66	3.49	3.66	2471644	157708464.00
2011/01/05	3.62	3.86	3.55	3.57	2797277	186354080.00
2011/01/06	3.57	3.65	3.49	3.50	1877901	119813544.00
2011/01/07	3.51	3.62	3.48	3.58	1730078	110505464.00
2011/01/10	3.55	3.55	3.21	3.21	2932889	175739376.00
2011/01/11	3.17	3.22	3.06	3.08	1742727	97948480.00
2011/01/12	3.11	3.15	2.94	3.05	1912673	104787152.00
2011/01/13	3.05	3.15	2.98	3.11	1443670	80081344.00
2011/01/14	3.07	3.09	2.94	2.94	1033340	55806692.00
2011/01/17	2.94	3.01	2.89	2.96	955227	50852772.00
2011/01/18	2.97	2.97	2.90	2.93	594938	31477372.00
2011/01/19	2.93	3.05	2.82	3.01	1109514	59939968.00
2011/01/20	2.95	3.10	2.93	3.01	1347063	73410104.00
2011/01/21	2.99	2.99	2.86	2.95	1576916	83035752.00
2011/01/24	2.93	2.95	2.65	2.65	1830188	90365664.00
2011/01/25	2.62	2.62	2.40	2.48	1449586	65442872.00
2011/01/26	2.48	2.55	2.44	2.51	688952	31343696.00
2011/01/27	2.48	2.58	2.40	2.53	973409	44171308.00
2011/01/28	2.53	2.64	2.50	2.57	1007466	47189848.00
2011/01/31	2.57	2.65	2.54	2.63	754602	35616380.00
2011/02/01	2.59	2.63	2.50	2.56	873093	40550224.00
2011/02/09	2.54	2.56	2.45	2.45	722317	32821206.00
2011/02/10	2.45	2.70	2.45	2.70	928349	44191552.00
2011/02/11	2.79	2.82	2.73	2.78	1739182	87450848.00
2011/02/14	2.79	2.96	2.79	2.86	1258971	65438564.00
2011/02/15	2.88	2.94	2.78	2.87	1108298	57354920.00
2011/02/16	2.88	2.98	2.87	2.94	1042975	55255664.00
2011/02/17	2.94	3.05	2.89	2.95	1235436	66098184.00
2011/02/18	2.95	2.99	2.83	2.83	1125544	58570568.00
2011/02/21	2.78	2.94	2.78	2.94	1061782	54959160.00
2011/02/22	2.91	3.14	2.91	3.06	2341054	127276424.00
2011/02/23	3.06	3.27	3.06	3.11	2411636	137620000.00
2011/02/24	3.10	3.28	3.06	3.23	1736814	100247504.00
2011/02/25	3.23	3.26	3.12	3.24	1140553	65639336.00
2011/02/28	3.22	3.37	3.20	3.27	1199593	70800048.00
2011/03/01	3.25	3.30	3.15	3.20	1137937	65567092.00
2011/03/02	3.19	3.29	3.13	3.26	1159265	67078552.00
2011/03/03	3.22	3.33	3.13	3.13	983244	56589636.00
2011/03/04	3.12	3.24	3.12	3.19	676027	38861320.00
2011/03/07	3.22	3.26	3.13	3.21	731038	41940556.00
2011/03/08	3.21	3.39	3.21	3.39	1355887	80852688.00
2011/03/09	3.40	3.44	3.34	3.41	746028	45481148.00
2011/03/10	3.68	3.68	3.45	3.45	1910053	121246864.00
2011/03/11	3.46	3.80	3.45	3.61	2136880	139091632.00
2011/03/14	3.60	3.68	3.51	3.64	1226977	79016936.00
2011/03/15	3.61	3.67	3.40	3.54	1594884	100167768.00
2011/03/16	3.53	3.66	3.48	3.54	1348362	86549176.00
2011/03/17	3.53	3.64	3.44	3.59	1507173	95869112.00
2011/03/18	3.69	3.75	3.59	3.60	1304966	85470216.00
2011/03/21	3.58	3.79	3.54	3.72	1478528	97785936.00
2011/03/22	3.73	3.84	3.49	3.52	2123827	138595072.00
2011/03/23	3.51	3.54	3.44	3.52	1246124	78059416.00
2011/03/24	3.50	3.55	3.46	3.46	930797	58452488.00
2011/03/25	3.46	3.48	3.29	3.34	1969116	118662504.00
2011/03/28	3.35	3.45	3.32	3.38	1029362	62474812.00
2011/03/29	3.35	3.41	3.22	3.25	899186	52707436.00
2011/03/30	3.25	3.27	3.18	3.21	525549	30492200.00
2011/03/31	3.22	3.35	3.19	3.30	786132	46545840.00
2011/04/01	3.27	3.35	3.25	3.34	456087	27091528.00
2011/04/06	3.34	3.37	3.15	3.20	944402	54490872.00
2011/04/07	3.17	3.24	3.14	3.18	732519	42050740.00
2011/04/11	3.16	3.50	3.16	3.46	1651133	99388168.00
2011/04/12	3.42	3.53	3.40	3.46	1007958	62803500.00
2011/04/13	3.45	3.53	3.41	3.47	899951	56286252.00
2011/04/14	3.51	3.71	3.45	3.71	1807446	117104496.00
2011/04/15	3.78	3.80	3.62	3.72	1685158	112520776.00
2011/04/18	3.72	3.72	3.45	3.51	1501902	95815400.00
2011/04/19	3.54	3.61	3.51	3.53	1085019	69295168.00
2011/04/20	3.60	3.89	3.51	3.89	1794562	121093720.00
2011/04/21	3.96	4.05	3.80	3.88	2343194	164130592.00
2011/04/22	3.86	3.90	3.74	3.83	1474172	100315520.00
2011/04/25	3.82	4.06	3.76	3.81	1814767	127370072.00
2011/04/26	3.73	3.77	3.58	3.69	1299574	85451784.00
2011/04/27	3.71	3.82	3.61	3.65	934524	62215988.00
2011/04/28	3.69	3.73	3.28	3.28	2150509	132074248.00
2011/04/29	3.22	3.34	3.13	3.32	1382049	80176712.00
2011/05/03	3.31	3.39	3.26	3.34	768620	45733264.00
2011/05/04	3.23	3.29	3.21	3.23	920376	53638908.00
2011/05/05	3.22	3.39	3.20	3.30	1106041	66256384.00
2011/05/06	3.26	3.41	3.23	3.40	976424	58404928.00
2011/05/09	3.42	3.48	3.31	3.35	953563	57984996.00
2011/05/10	3.36	3.40	3.29	3.37	807664	48409660.00
2011/05/11	3.34	3.44	3.26	3.39	914249	55018264.00
2011/05/12	3.44	3.59	3.40	3.49	1730641	108609616.00
2011/05/13	3.46	3.48	3.28	3.38	1161077	70537136.00
2011/05/16	3.35	3.50	3.34	3.48	836443	51650692.00
2011/05/17	3.45	3.51	3.32	3.37	966611	59191052.00
2011/05/18	3.38	3.44	3.16	3.29	2249296	59884600.00
2011/05/19	3.28	3.31	3.23	3.25	995296	26485060.00
2011/05/20	3.29	3.37	3.22	3.23	1280916	34289784.00
2011/05/23	3.17	3.22	2.98	2.99	2130957	53533840.00
2011/05/24	2.94	3.17	2.91	3.09	1924555	48058116.00
2011/05/25	3.05	3.10	2.91	2.91	1724164	42221188.00
2011/05/26	2.93	3.00	2.76	2.81	2205973	51490868.00
2011/05/27	2.76	2.88	2.72	2.74	1420230	32684530.00
2011/05/30	2.74	2.88	2.70	2.78	1422508	32819450.00
2011/05/31	2.81	2.85	2.76	2.83	816115	18796050.00
2011/06/01	2.85	2.91	2.82	2.84	1121729	26200954.00
2011/06/02	2.79	2.81	2.70	2.72	1351700	30402858.00
2011/06/03	2.72	2.76	2.68	2.74	1739933	38721476.00
2011/06/07	2.68	2.68	2.61	2.66	1959264	42423644.00
2011/06/08	2.65	2.66	2.53	2.59	2554434	53985380.00
2011/06/09	2.54	2.85	2.52	2.70	3798508	83875584.00
2011/06/10	2.65	2.81	2.62	2.74	3059467	68041880.00
2011/06/13	2.72	2.72	2.62	2.66	1773766	38727060.00
2011/06/14	2.66	2.75	2.65	2.70	1433801	31728710.00
2011/06/15	2.69	2.76	2.66	2.67	1392524	30973530.00
2011/06/16	2.62	2.62	2.48	2.50	1990880	41663040.00
2011/06/17	2.49	2.52	2.41	2.41	1601880	32316972.00
2011/06/20	2.42	2.46	2.39	2.43	987370	19721914.00
2011/06/21	2.43	2.46	2.36	2.41	1308760	25923868.00
2011/06/22	2.42	2.45	2.31	2.31	1825653	35525100.00
2011/06/23	2.29	2.43	2.27	2.40	2324951	45594812.00
2011/06/24	2.39	2.54	2.38	2.48	2686690	54749952.00
2011/06/27	2.47	2.64	2.44	2.59	3350062	70227408.00
2011/06/28	2.59	2.61	2.53	2.58	2004982	42204020.00
2011/06/29	2.78	2.78	2.63	2.64	3631470	80367472.00
2011/06/30	2.63	2.74	2.58	2.71	3313924	72561552.00
2011/07/01	2.76	2.77	2.69	2.70	2204827	49159264.00
2011/07/04	2.70	2.80	2.68	2.78	2803669	63229272.00
2011/07/05	2.78	2.83	2.76	2.79	2284875	52144932.00
2011/07/06	2.80	2.81	2.73	2.78	2355876	53506764.00
2011/07/07	2.79	2.83	2.74	2.80	3083304	70371264.00
2011/07/08	2.79	2.81	2.70	2.72	2437690	54701024.00
2011/07/12	2.70	3.00	2.67	2.91	6504297	153949312.00
2011/07/13	2.87	2.97	2.87	2.96	3672839	88134696.00
2011/07/14	3.00	3.02	2.91	2.98	2441097	59098724.00
2011/07/15	2.99	3.15	2.99	3.03	3747050	93481624.00
2011/07/18	3.04	3.06	2.94	2.95	2585418	62680572.00
2011/07/19	2.95	2.96	2.83	2.87	2007603	47182236.00
2011/07/20	2.89	2.95	2.86	2.89	1154702	27467096.00
2011/07/21	2.91	2.92	2.80	2.81	1501822	34984200.00
2011/07/22	2.82	2.87	2.81	2.84	1020389	23663194.00
2011/07/25	2.84	2.84	2.67	2.67	1729792	38563352.00
2011/07/26	2.67	2.71	2.66	2.68	846730	18606006.00
2011/07/27	2.69	2.83	2.65	2.81	1856008	41938948.00
2011/07/28	2.78	2.95	2.76	2.89	3098469	73429560.00
2011/07/29	2.86	2.92	2.78	2.80	1903011	44353492.00
2011/08/01	2.84	2.92	2.80	2.89	2081757	48975576.00
2011/08/02	2.90	2.94	2.78	2.92	2509334	58891324.00
2011/08/03	2.90	3.05	2.87	3.00	3602495	87967376.00
2011/08/04	3.01	3.04	2.94	2.95	2054402	49826500.00
2011/08/05	2.76	2.91	2.75	2.86	2092690	48765160.00
2011/08/08	2.85	2.90	2.64	2.80	2887551	66186144.00
2011/08/09	2.68	2.85	2.67	2.85	1913987	43622916.00
2011/08/10	2.88	3.04	2.88	2.96	3298017	80117272.00
2011/08/11	2.88	3.09	2.86	3.08	4753359	116665904.00
2011/08/12	3.07	3.18	3.03	3.07	3351156	84583152.00
2011/08/15	3.06	3.23	3.05	3.18	3273868	84817128.00
2011/08/16	3.21	3.21	3.12	3.21	2198662	56868364.00
2011/08/17	3.20	3.40	3.14	3.34	4459345	119338616.00
2011/08/18	3.26	3.43	3.24	3.34	3199594	86954816.00
2011/08/19	3.25	3.35	3.23	3.27	2092821	56098240.00
2011/08/22	3.27	3.35	3.22	3.25	1931673	51583836.00
2011/08/23	3.26	3.41	3.26	3.33	2510616	68226856.00
2011/08/24	3.33	3.40	3.31	3.35	1986417	54350064.00
2011/08/25	3.38	3.38	3.16	3.19	4492306	117882448.00
2011/08/26	3.19	3.23	3.16	3.20	1656236	43267376.00
2011/08/29	3.18	3.23	3.16	3.19	1037589	27079244.00
2011/08/30	3.22	3.22	3.05	3.06	1838887	47002908.00
2011/08/31	3.04	3.09	3.03	3.04	1261568	31524336.00
2011/09/01	3.06	3.12	3.04	3.06	1349863	33905116.00
2011/09/02	3.06	3.06	2.91	2.96	1405799	34039048.00
2011/09/05	2.92	2.95	2.87	2.90	1182685	28215986.00
2011/09/06	2.85	2.91	2.85	2.86	887064	20817812.00
2011/09/07	2.89	2.96	2.87	2.96	1825317	43636664.00
2011/09/08	2.97	2.99	2.85	2.86	1175380	27963566.00
2011/09/09	2.83	2.92	2.82	2.85	945071	22155046.00
2011/09/13	2.81	2.81	2.76	2.78	855722	19528622.00
2011/09/14	2.81	2.85	2.75	2.85	992407	22769002.00
2011/09/15	2.85	2.90	2.83	2.85	1013029	23806124.00
2011/09/16	2.86	2.95	2.85	2.90	1582383	37595268.00
2011/09/19	2.91	2.93	2.83	2.85	902948	21197008.00
2011/09/20	2.82	2.92	2.81	2.88	652746	15344064.00
2011/09/21	2.87	2.98	2.84	2.93	1146124	27469806.00
2011/09/22	2.91	2.95	2.76	2.76	1464892	34106820.00
2011/09/23	2.66	2.73	2.64	2.68	901397	19794270.00
2011/09/26	2.68	2.74	2.66	2.66	630733	13907148.00
2011/09/27	2.70	2.74	2.66	2.71	629943	13919532.00
2011/09/28	2.74	2.83	2.70	2.72	1158754	26217684.00
2011/09/29	2.75	2.80	2.70	2.70	1024226	23090114.00
2011/10/10	2.78	2.87	2.74	2.83	2400537	54891636.00
2011/10/11	2.88	2.92	2.66	2.73	3259077	74604904.00
2011/10/12	2.67	2.84	2.45	2.81	3253805	71600888.00
2011/10/13	2.78	3.03	2.76	2.98	4315474	102408224.00
2011/10/14	2.95	2.98	2.87	2.96	2523272	60390216.00
2011/10/17	2.98	3.06	2.92	2.98	3450150	84286456.00
2011/10/18	2.95	3.22	2.94	3.09	6483577	163855488.00
2011/10/19	3.09	3.20	3.00	3.00	4543556	114904144.00
2011/10/20	2.99	2.99	2.76	2.81	3578583	83381112.00
2011/10/21	2.78	2.84	2.72	2.72	1581507	35898620.00
2011/10/24	2.71	2.92	2.67	2.89	2117441	48704756.00
2011/10/25	2.88	3.09	2.88	3.01	3696253	91169560.00
2011/10/26	2.97	3.31	2.96	3.28	10079025	266676048.00
2011/10/27	3.20	3.37	3.19	3.31	7154569	191985440.00
2011/10/28	3.37	3.62	3.27	3.50	7586015	213064704.00
2011/10/31	3.44	3.85	3.44	3.74	10649768	321193440.00
2011/11/01	3.68	3.89	3.66	3.70	7201520	219655312.00
2011/11/02	3.57	3.90	3.57	3.90	6781588	206547328.00
2011/11/03	3.90	3.93	3.69	3.70	7367533	227139856.00
2011/11/04	3.72	3.88	3.65	3.72	5615202	171629888.00
2011/11/07	3.68	3.85	3.63	3.84	5560585	170907424.00
2011/11/08	3.89	3.90	3.65	3.68	6153050	188049040.00
2011/11/09	3.68	4.06	3.63	4.06	8722331	274012640.00
2011/11/10	3.99	4.06	3.86	3.86	7666786	246809696.00
2011/11/11	3.84	3.94	3.69	3.79	4633914	143899424.00
2011/11/14	3.75	3.83	3.69	3.79	4778089	146143936.00
2011/11/15	3.79	3.84	3.66	3.81	5030860	153172800.00
2011/11/16	3.85	3.88	3.64	3.68	4213503	128368552.00
2011/11/17	3.67	3.73	3.59	3.64	3183123	95041304.00
2011/11/18	3.57	3.70	3.43	3.46	4487707	130315672.00
2011/11/21	3.46	3.53	3.44	3.50	2644423	75198272.00
2011/11/22	3.46	3.64	3.44	3.58	3256842	94415984.00
2011/11/23	3.58	3.80	3.58	3.70	4395083	131775648.00
2011/11/24	3.66	3.77	3.62	3.70	3297742	99293752.00
2011/11/25	3.69	3.95	3.66	3.82	5265604	164229776.00
2011/11/28	3.81	4.00	3.73	3.78	5524084	174088464.00
2011/11/29	3.80	4.11	3.69	4.09	7511992	238967312.00
2011/11/30	4.06	4.09	3.79	3.81	5611162	179258736.00
2011/12/01	3.94	4.20	3.92	4.08	10080244	334803712.00
2011/12/02	4.00	4.04	3.81	3.90	5860151	185904432.00
2011/12/05	3.85	3.90	3.54	3.56	3659141	111361640.00
2011/12/06	3.50	3.76	3.48	3.69	3919913	114932304.00
2011/12/07	3.66	4.01	3.63	3.94	4358258	136065584.00
2011/12/08	3.88	4.33	3.88	4.02	9939719	333652800.00
2011/12/09	3.94	4.16	3.87	3.89	8431978	273602848.00
2011/12/12	3.91	4.00	3.73	3.76	6342386	199539856.00
2011/12/14	3.80	3.88	3.54	3.60	9372712	284484672.00
2011/12/15	3.50	3.65	3.44	3.47	8040941	230583408.00
2011/12/16	3.44	3.74	3.40	3.69	7080300	206052464.00
2011/12/19	3.66	3.93	3.62	3.85	8727734	266924256.00
2011/12/20	3.83	3.97	3.75	3.77	6420415	200528912.00
2011/12/21	3.79	4.01	3.79	3.86	9415215	298357312.00
2011/12/22	3.80	4.00	3.59	3.99	10923464	340329920.00
2011/12/23	3.93	4.00	3.87	3.93	6541008	209423248.00
2011/12/26	3.94	3.99	3.65	3.65	7864098	243102976.00
2011/12/27	3.57	3.63	3.39	3.40	7321969	209021296.00
2011/12/28	3.40	3.58	3.38	3.58	5481643	154832144.00
2011/12/29	3.56	3.61	3.41	3.45	4062086	115434728.00
2011/12/30	3.50	3.61	3.46	3.48	3714535	106733432.00
2012/01/04	3.50	3.63	3.48	3.49	5194866	149945680.00
2012/01/05	3.43	3.43	3.19	3.34	5790841	156454000.00
2012/01/06	3.27	3.48	3.27	3.46	3815564	104895632.00
2012/01/09	3.47	3.59	3.39	3.57	4031610	115314128.00
2012/01/10	3.56	3.75	3.50	3.68	7330871	216456320.00
2012/01/11	3.67	3.87	3.65	3.73	6729446	206204688.00
2012/01/12	3.86	3.98	3.72	3.73	9219391	285656224.00
2012/01/13	3.69	3.74	3.41	3.43	6148014	177811264.00
2012/01/16	3.32	3.42	3.17	3.20	5533554	148470256.00
2012/01/17	3.20	3.42	3.17	3.37	4630806	124166336.00
2012/01/18	3.37	3.40	3.03	3.03	6713805	173843328.00
2012/01/19	2.92	3.00	2.72	2.88	5045908	118826656.00
2012/01/20	2.93	3.02	2.92	2.97	3318989	80834120.00
2012/01/30	2.99	3.20	2.99	3.12	4199142	106393688.00
2012/01/31	3.10	3.17	3.04	3.14	2790694	70539816.00
2012/02/01	3.10	3.18	3.05	3.06	3233260	82170776.00
2012/02/02	3.09	3.21	3.09	3.19	4463954	115421512.00
2012/02/03	3.21	3.24	3.14	3.23	5081083	132473808.00
2012/02/07	3.31	3.44	3.28	3.29	6787557	185408992.00
2012/02/08	3.25	3.39	3.21	3.37	4287466	116234688.00
2012/02/09	3.33	3.49	3.33	3.40	5442049	152190304.00
2012/02/10	3.38	3.43	3.35	3.39	2811447	77588568.00
2012/02/13	3.41	3.73	3.39	3.64	8376882	245516352.00
2012/02/14	3.61	3.73	3.55	3.65	6074733	179911552.00
2012/02/15	3.65	3.85	3.59	3.78	7536334	229257552.00
2012/02/16	3.77	3.89	3.74	3.80	5331794	164918336.00
2012/02/17	3.80	4.18	3.77	4.18	10686390	348404672.00
2012/02/20	4.37	4.61	4.27	4.42	19475179	692211776.00
2012/02/21	4.38	4.87	4.37	4.80	19745169	747213248.00
2012/02/22	4.85	4.96	4.77	4.89	14406428	565367360.00
2012/02/23	4.85	5.17	4.80	4.95	15652940	624844224.00
2012/02/24	4.89	4.98	4.81	4.86	10857687	428306144.00
2012/02/27	4.88	5.11	4.87	4.91	15042886	604820160.00
2012/02/28	4.90	5.16	4.87	5.14	11079301	447765312.00
2012/02/29	5.16	5.21	4.67	4.72	16440667	643770176.00
2012/03/01	4.70	4.83	4.66	4.77	7431764	285715712.00
2012/03/05	4.82	5.26	4.80	5.26	13710984	565986816.00
2012/03/06	5.30	5.51	5.27	5.40	12171903	528258496.00
2012/03/07	5.37	5.42	5.15	5.19	8747755	370808480.00
2012/03/08	5.19	5.28	5.09	5.23	6848769	287218560.00
2012/03/09	5.37	5.40	5.08	5.23	7211428	303646624.00
2012/03/12	5.21	5.77	5.15	5.69	11538348	509488928.00
2012/03/13	5.64	5.74	5.44	5.49	9516274	428699232.00
2012/03/14	5.50	5.61	5.01	5.11	10987860	471025280.00
2012/03/15	5.18	5.42	5.07	5.14	9492828	400811680.00
2012/03/16	5.10	5.14	4.88	5.14	8493586	344527008.00
2012/03/19	5.10	5.12	4.91	5.04	6195697	251454368.00
2012/03/20	5.05	5.32	5.02	5.09	8585976	358857408.00
2012/03/21	5.10	5.12	4.68	4.81	9786295	382713472.00
2012/03/22	4.76	4.91	4.73	4.82	5000504	194740416.00
2012/03/23	4.83	4.91	4.60	4.65	5598738	216465312.00
2012/03/26	4.57	4.78	4.52	4.66	5150750	193988592.00
2012/03/27	4.70	4.84	4.64	4.73	5435689	209514464.00
2012/03/28	4.68	4.86	4.63	4.68	7302286	280587584.00
2012/03/29	4.50	4.57	4.32	4.41	6209526	224100032.00
2012/03/30	4.41	4.47	4.30	4.42	3797294	135284528.00
2012/04/05	4.44	4.87	4.43	4.85	8800992	335870976.00
2012/04/06	4.80	4.89	4.78	4.87	5615404	219755616.00
2012/04/09	4.81	4.93	4.72	4.74	4801800	187617536.00
2012/04/10	4.70	4.87	4.52	4.85	6341909	241540816.00
2012/04/11	4.77	4.90	4.72	4.80	5009590	194527344.00
2012/04/12	4.83	4.87	4.73	4.85	5246154	204092752.00
2012/04/16	4.85	5.19	4.85	4.91	9147391	371795680.00
2012/04/17	4.86	4.86	4.68	4.75	6496704	249251600.00
2012/04/18	4.75	4.85	4.63	4.84	5646534	217195776.00
2012/04/19	4.78	4.83	4.69	4.77	3734942	143700656.00
2012/04/20	4.76	4.88	4.72	4.80	5198407	202811584.00
2012/04/24	4.31	4.50	4.31	4.31	10316520	363093344.00
2012/04/25	4.31	4.31	3.99	4.12	8387506	279134304.00
2012/04/26	4.10	4.18	4.05	4.05	3899823	129646288.00
2012/04/27	4.03	4.22	4.03	4.17	5369862	181173360.00
2012/05/02	4.20	4.24	4.03	4.18	5133920	173060768.00
2012/05/03	4.18	4.39	4.11	4.33	5719580	198288992.00
2012/05/04	4.30	4.49	4.29	4.39	5057266	180628288.00
2012/05/07	4.38	4.59	4.36	4.58	5917776	214791936.00
2012/05/08	4.57	4.82	4.51	4.51	8505394	321435744.00
2012/05/09	4.45	4.47	4.32	4.34	4812321	170940976.00
2012/05/10	4.39	4.67	4.38	4.61	6407257	235685536.00
2012/05/11	4.62	4.89	4.55	4.72	7809760	298524096.00
2012/05/14	4.75	4.90	4.69	4.73	7037292	273515936.00
2012/05/15	4.67	4.74	4.61	4.71	3415039	129266616.00
2012/05/16	4.70	4.90	4.69	4.79	5719455	223439552.00
2012/05/17	4.78	4.82	4.63	4.78	4302935	164758880.00
2012/05/18	4.74	4.84	4.54	4.54	5037752	189625312.00
2012/05/21	4.52	4.57	4.35	4.41	4162731	149495472.00
2012/05/22	4.44	4.52	4.42	4.51	2799118	101266280.00
2012/05/23	4.57	4.70	4.52	4.60	5031672	187505232.00
2012/05/24	4.61	4.68	4.55	4.61	3589549	134094952.00
2012/05/25	4.58	4.65	4.46	4.52	3105464	113530168.00
2012/05/28	4.48	4.49	4.34	4.46	2740335	97785384.00
2012/05/29	4.46	4.69	4.43	4.66	4613046	171654640.00
2012/05/30	4.69	4.87	4.62	4.82	5322657	204502976.00
2012/05/31	4.80	5.19	4.76	5.06	6830371	275073024.00
2012/06/01	5.04	5.33	5.01	5.08	5742946	239577232.00
2012/06/04	5.00	5.52	4.96	5.33	8057048	347578976.00
2012/06/05	5.37	5.55	5.23	5.45	5932353	259444928.00
2012/06/06	5.48	5.57	5.31	5.36	4663193	203343200.00
2012/06/07	5.45	5.52	5.11	5.19	7779655	332361216.00
2012/06/08	5.21	5.72	5.15	5.72	12831125	575068160.00
2012/06/11	5.74	5.81	5.54	5.79	8858997	407117536.00
2012/06/12	5.71	6.07	5.66	5.83	8879033	420057952.00
2012/06/13	5.67	6.00	5.66	5.80	12406439	305939168.00
2012/06/14	5.81	6.28	5.81	5.83	17627586	447215744.00
2012/06/15	5.71	5.90	5.38	5.47	15978720	380689408.00
2012/06/18	5.45	5.95	5.42	5.91	17521397	424224800.00
2012/06/19	5.88	6.16	5.81	5.92	16588933	418792768.00
2012/06/20	5.87	6.28	5.82	6.04	20091842	517523296.00
2012/06/21	5.97	6.15	5.86	5.95	12252202	310868192.00
2012/06/25	5.86	5.94	5.65	5.88	9681593	238485792.00
2012/06/26	5.82	5.89	5.42	5.64	10211570	243248560.00
2012/06/27	5.63	5.81	5.50	5.50	8011136	191723952.00
2012/06/28	5.54	5.54	5.23	5.24	10610127	240367376.00
2012/06/29	5.21	5.63	5.19	5.59	11988275	276561056.00
2012/07/02	5.62	5.74	5.55	5.69	7271376	174261072.00
2012/07/03	5.69	5.79	5.55	5.78	9462894	227950576.00
2012/07/04	5.78	6.05	5.75	5.87	10115317	253118176.00
2012/07/05	5.83	5.93	5.73	5.79	6670176	164269232.00
2012/07/06	5.83	5.98	5.66	5.91	9290108	229575744.00
2012/07/09	5.91	5.97	5.71	5.71	7354350	182663008.00
2012/07/10	5.61	5.68	5.47	5.54	6951117	164855296.00
2012/07/11	5.52	5.65	5.49	5.60	4426149	104487216.00
2012/07/12	5.57	6.14	5.47	6.04	13215889	327441280.00
2012/07/13	6.02	6.11	5.88	5.96	9326800	236555920.00
2012/07/16	5.87	5.94	5.61	5.64	11036748	267942896.00
2012/07/17	5.66	6.02	5.66	6.00	10416328	257734624.00
2012/07/18	5.95	6.05	5.74	5.93	8800946	218953040.00
2012/07/19	5.85	6.14	5.85	5.94	10518701	267487040.00
2012/07/20	5.91	6.04	5.76	5.78	8072834	200882576.00
2012/07/23	5.70	5.84	5.57	5.76	5800297	140308224.00
2012/07/24	5.68	5.78	5.59	5.68	5335845	128603256.00
2012/07/25	5.70	6.02	5.69	5.85	12112338	302474560.00
2012/07/26	5.77	6.08	5.77	5.94	11016209	277050080.00
2012/07/27	6.00	6.45	5.92	6.34	19790696	521094048.00
2012/07/30	6.34	6.38	5.70	5.76	17276962	439672576.00
2012/07/31	5.66	5.71	5.41	5.42	12646942	296255264.00
2012/08/01	5.42	5.65	5.42	5.53	7447038	175060032.00
2012/08/02	5.50	5.64	5.46	5.54	6648133	156293376.00
2012/08/03	5.58	5.81	5.51	5.81	9736152	234732000.00
2012/08/06	5.76	6.02	5.69	5.92	9270407	230065232.00
2012/08/07	5.93	6.08	5.84	5.99	10387851	262783776.00
2012/08/08	5.92	5.97	5.83	5.88	6477578	161810608.00
2012/08/09	5.88	5.98	5.78	5.93	6936334	173220784.00
2012/08/10	5.96	5.99	5.78	5.82	6017090	149670624.00
2012/08/13	5.80	5.80	5.64	5.65	5507513	132698328.00
2012/08/14	5.64	5.82	5.64	5.82	6160953	150181408.00
2012/08/15	5.80	5.81	5.64	5.66	4158140	100595832.00
2012/08/16	5.65	5.72	5.43	5.49	4637880	109518248.00
2012/08/17	5.53	5.64	5.49	5.56	3127721	73455736.00
2012/08/20	5.56	5.65	5.49	5.61	4295051	101673664.00
2012/08/21	5.61	5.85	5.58	5.85	8574705	209605584.00
2012/08/22	5.86	5.95	5.76	5.79	7772104	192533920.00
2012/08/23	5.85	5.95	5.80	5.85	6607920	164380896.00
2012/08/24	5.84	5.84	5.44	5.44	8997518	213403040.00
2012/08/27	5.48	5.59	5.45	5.46	3738028	87229120.00
2012/08/28	5.49	5.60	5.34	5.52	4743689	110190312.00
2012/08/29	5.50	5.58	5.45	5.45	3878074	90587048.00
2012/08/30	5.42	5.51	4.90	4.95	8020877	174012416.00
2012/08/31	4.95	5.04	4.83	4.96	4298962	89843904.00
2012/09/03	4.97	5.24	4.91	5.19	5785015	125639136.00
2012/09/04	5.20	5.34	5.11	5.13	4765589	105715720.00
2012/09/05	5.08	5.31	5.02	5.24	4402690	97429080.00
2012/09/06	5.30	5.37	5.24	5.29	3201099	71731512.00
2012/09/07	5.32	5.58	5.32	5.50	7586192	175368192.00
2012/09/10	5.50	5.57	5.45	5.48	4622609	107703784.00
2012/09/11	5.52	5.56	5.47	5.54	7055203	165190048.00
2012/09/12	5.57	5.59	5.34	5.47	6014061	139173472.00
2012/09/13	5.47	5.47	5.35	5.35	3549301	81123088.00
2012/09/14	5.36	5.42	5.16	5.35	4160264	92987992.00
2012/09/20	5.54	5.64	5.34	5.38	13591802	317444224.00
2012/09/21	5.30	5.30	4.85	4.98	7031198	150474000.00
2012/09/24	4.87	5.03	4.80	4.89	4105482	85719408.00
2012/09/25	4.86	4.98	4.59	4.67	5148459	104044304.00
2012/09/26	4.64	4.69	4.42	4.45	4700322	89812720.00
2012/09/27	4.45	4.69	4.45	4.57	5227732	101833160.00
2012/09/28	4.58	4.63	4.52	4.58	4683357	91180600.00
2012/10/08	4.59	4.78	4.59	4.67	3724654	74313712.00
2012/10/09	4.69	4.94	4.69	4.93	5101021	104269472.00
2012/10/10	4.90	5.02	4.88	4.98	4255565	89661008.00
2012/10/11	4.93	4.95	4.82	4.83	3588580	74246312.00
2012/10/12	4.87	5.02	4.75	4.87	3540455	73687952.00
2012/10/15	4.90	4.92	4.74	4.86	2493338	50963896.00
2012/10/16	4.84	4.89	4.77	4.79	2962056	60865940.00
2012/10/17	4.78	4.86	4.74	4.82	2834389	57969284.00
2012/10/18	4.81	4.89	4.78	4.89	4824590	99356776.00
2012/10/19	4.87	4.92	4.80	4.81	2996166	61701240.00
2012/10/22	4.81	4.90	4.81	4.88	4422304	91444144.00
2012/10/23	4.91	4.94	4.83	4.84	3359948	69540056.00
2012/10/24	4.88	4.88	4.76	4.78	2388242	48913716.00
2012/10/25	4.75	4.78	4.53	4.53	4610789	90898344.00
2012/10/26	4.52	4.58	4.47	4.49	2404033	46163224.00
2012/10/29	4.48	4.64	4.48	4.56	2506445	48703544.00
2012/10/30	4.56	4.66	4.51	4.56	2816114	54637944.00
2012/10/31	4.60	4.62	4.53	4.59	2380800	46361700.00
2012/11/01	4.62	4.68	4.56	4.65	3883906	76286320.00
2012/11/02	4.64	4.66	4.52	4.57	3454615	67168432.00
2012/11/05	4.54	4.58	4.49	4.49	2475534	47487784.00
2012/11/06	4.47	4.51	4.27	4.37	3868107	71650568.00
2012/11/07	4.37	4.45	4.35	4.44	2413215	45246632.00
2012/11/08	4.38	4.57	4.28	4.47	4863912	92418728.00
2012/11/09	4.48	4.50	4.33	4.34	2237736	41933192.00
2012/11/12	4.33	4.35	4.18	4.24	3418338	61709612.00
2012/11/13	4.27	4.67	4.27	4.45	9495027	182151616.00
2012/11/14	4.46	4.46	4.21	4.30	4800172	87993960.00
2012/11/15	4.24	4.30	4.18	4.21	2870395	51859204.00
2012/11/16	4.22	4.34	4.11	4.25	3373674	60564104.00
2012/11/19	4.25	4.27	4.13	4.23	2056541	36685480.00
2012/11/20	4.23	4.26	4.18	4.19	1550443	27863838.00
2012/11/21	4.16	4.22	4.01	4.12	3803053	66184072.00
2012/11/22	4.10	4.10	3.89	3.93	3943289	67002780.00
2012/11/23	3.93	3.96	3.85	3.87	3141252	52007552.00
2012/11/26	3.85	3.93	3.78	3.86	3090095	51080216.00
2012/11/27	3.81	3.85	3.60	3.61	4193487	66072876.00
2012/11/28	3.60	3.60	3.40	3.41	4444807	65950532.00
2012/11/29	3.41	3.48	3.30	3.32	3214715	46716212.00
2012/11/30	3.32	3.39	3.30	3.38	2898152	41609036.00
2012/12/03	3.37	3.39	3.25	3.25	2522204	35923540.00
2012/12/04	3.29	3.54	3.29	3.46	5545586	81342632.00
2012/12/05	3.41	3.69	3.41	3.59	7097634	108773464.00
2012/12/06	3.58	3.65	3.55	3.57	3583512	54916644.00
2012/12/07	3.56	3.72	3.53	3.70	4729182	73642080.00
2012/12/10	3.69	3.79	3.63	3.76	5032612	79618320.00
2012/12/11	3.73	3.79	3.68	3.71	3471054	55182016.00
2012/12/12	3.69	3.75	3.66	3.70	2611272	41284864.00
2012/12/13	3.68	3.77	3.65	3.67	2708704	42757720.00
2012/12/14	3.65	3.84	3.64	3.82	5233857	84190488.00
2012/12/17	3.83	3.89	3.76	3.83	3827457	62398348.00
2012/12/18	3.83	3.96	3.82	3.89	5544899	92172688.00
2012/12/19	3.91	4.08	3.91	3.99	5214669	89082696.00
2012/12/20	4.00	4.01	3.91	3.96	3951831	66468500.00
2012/12/21	3.94	4.15	3.94	4.11	5691141	98671696.00
2012/12/24	4.13	4.15	4.06	4.08	3047203	53215132.00
2012/12/25	4.08	4.19	4.07	4.12	3866607	68111152.00
2012/12/26	4.12	4.44	4.12	4.38	7282328	134345616.00
2012/12/27	4.39	4.51	4.32	4.35	5291192	99391104.00
2012/12/28	4.35	4.46	4.32	4.42	3399431	63311244.00
2012/12/31	4.44	4.50	4.35	4.42	3831018	71822368.00
2013/01/04	4.45	4.47	4.20	4.26	4780079	87500112.00
2013/01/07	4.23	4.35	4.14	4.34	4524024	82092568.00
2013/01/08	4.34	4.41	4.23	4.35	4302634	79075352.00
2013/01/09	4.35	4.46	4.32	4.39	4233062	79155248.00
2013/01/10	4.36	4.64	4.36	4.64	8399923	162739904.00
2013/01/11	4.64	4.75	4.49	4.52	6784480	132653960.00
2013/01/14	4.50	4.75	4.48	4.70	5277986	104607704.00
2013/01/15	4.74	4.90	4.70	4.75	4737556	96003256.00
2013/01/16	4.78	5.09	4.77	4.93	7563031	158486160.00
2013/01/17	4.88	4.98	4.80	4.83	4025129	83304600.00
2013/01/18	4.83	4.91	4.75	4.87	3704446	75928352.00
2013/01/21	4.89	5.24	4.81	5.13	7650570	163427376.00
2013/01/22	5.17	5.22	5.02	5.09	7052814	153286704.00
2013/01/23	5.03	5.15	4.90	5.02	4691640	99937760.00
2013/01/24	4.97	5.14	4.69	4.90	7876878	164288432.00
2013/01/25	4.86	4.91	4.76	4.82	3726310	76650432.00
2013/01/28	4.91	5.04	4.87	4.96	4917265	103464808.00
2013/01/29	5.02	5.13	4.95	5.12	4985965	107244176.00
2013/01/30	5.14	5.17	5.02	5.05	4569962	99043544.00
2013/01/31	5.08	5.15	4.84	4.87	5124147	107770400.00
2013/02/01	4.85	4.94	4.79	4.90	2923469	60642200.00
2013/02/04	4.95	5.00	4.67	4.76	4291303	87593928.00
2013/02/05	4.69	4.84	4.68	4.76	2658038	54012932.00
2013/02/06	4.78	4.86	4.77	4.84	2852028	58438740.00
2013/02/07	4.84	5.02	4.81	5.01	4363535	91441304.00
2013/02/08	4.97	5.11	4.92	5.06	4846673	103428840.00
2013/02/18	5.11	5.32	5.01	5.29	7767671	171268352.00
2013/02/19	5.28	5.32	5.16	5.24	4653900	103187168.00
2013/02/20	5.23	5.50	5.23	5.43	5885698	134917472.00
2013/02/21	5.40	5.54	5.21	5.23	7200754	163935376.00
2013/02/22	5.24	5.41	5.23	5.29	3772575	85061728.00
2013/02/25	5.27	5.53	5.27	5.51	4956012	113640328.00
2013/02/26	5.51	5.75	5.45	5.54	6935909	165771312.00
2013/02/27	5.57	5.69	5.42	5.61	3882795	91440760.00
2013/02/28	5.71	5.90	5.63	5.69	5610573	136801440.00
2013/03/01	5.64	5.99	5.62	5.93	6692009	165952448.00
2013/03/04	5.94	6.02	5.78	6.00	6926907	173609168.00
2013/03/05	6.02	6.28	5.78	6.25	6349155	162731360.00
2013/03/06	6.30	6.88	6.19	6.73	9149912	254705856.00
2013/03/07	6.76	6.88	6.29	6.54	8647424	241698144.00
2013/03/08	6.57	6.66	6.11	6.19	9038783	239907168.00
2013/03/11	6.11	6.33	6.02	6.21	3998394	104738848.00
2013/03/12	6.19	6.33	5.85	5.96	5735090	147278976.00
2013/03/13	5.94	6.02	5.81	5.94	3641021	90974824.00
2013/03/14	5.91	6.05	5.90	5.98	3581032	91165264.00
2013/03/15	5.99	6.52	5.95	6.36	7011285	187491504.00
2013/03/18	6.41	6.67	6.34	6.62	8771557	243437184.00
2013/03/19	6.67	6.72	6.34	6.40	5520080	151292784.00
2013/03/20	6.40	6.67	6.35	6.61	4968854	136699776.00
2013/03/21	6.61	6.86	6.55	6.82	6499775	185975824.00
2013/03/22	6.76	6.95	6.64	6.64	4833015	137635152.00
2013/03/25	6.64	6.74	6.41	6.71	4933486	136660640.00
2013/03/26	6.64	6.73	6.50	6.63	4437170	123758648.00
2013/03/27	6.62	6.69	6.45	6.54	3529613	98254856.00
2013/03/28	6.43	6.45	5.88	6.14	5422487	142870384.00
2013/03/29	6.15	6.36	6.14	6.22	3960855	104973200.00
2013/04/01	6.23	6.52	6.19	6.47	3307446	89935928.00
2013/04/02	6.57	6.66	6.11	6.23	6766344	181779552.00
2013/04/03	6.18	6.19	5.85	5.91	6809374	171530224.00
2013/04/08	5.88	6.35	5.77	6.32	5815844	150250208.00
2013/04/09	6.33	6.65	6.22	6.52	6097691	168066608.00
2013/04/10	6.50	6.57	6.29	6.50	3332716	90750824.00
2013/04/11	6.55	6.80	6.45	6.52	5247194	147401936.00
2013/04/12	6.53	6.61	6.36	6.39	3480318	95216792.00
2013/04/15	6.45	6.45	6.19	6.42	2320059	62341868.00
2013/04/16	6.27	6.57	6.27	6.56	3172952	86762760.00
2013/04/17	6.55	6.91	6.51	6.83	7726340	220954880.00
2013/04/18	6.78	7.21	6.74	7.10	9734685	288432768.00
2013/04/19	7.10	7.62	7.00	7.47	9442143	291845216.00
2013/04/22	7.40	8.19	7.34	8.18	12506638	415776736.00
2013/04/23	8.18	8.26	7.83	8.03	9884008	335666304.00
2013/04/24	8.10	8.75	8.06	8.75	11599739	413801568.00
2013/04/25	8.80	9.06	7.86	7.90	15870388	567412032.00
2013/04/26	7.96	8.46	7.68	8.38	15206854	517853664.00
2013/05/02	8.39	9.01	8.30	8.88	11309151	413365248.00
2013/05/03	8.92	9.29	8.68	9.11	9974479	377946688.00
2013/05/06	9.11	9.36	8.83	9.17	9751698	374322624.00
2013/05/07	9.07	9.12	8.71	8.86	7406656	278390016.00
2013/05/08	9.48	9.76	9.04	9.76	21127712	863927296.00
2013/05/09	10.19	10.74	10.16	10.74	25025107	1112229760.00
2013/05/10	10.45	10.58	9.85	10.40	20030092	867713856.00
2013/05/13	10.21	10.82	10.16	10.45	11356120	501333248.00
2013/05/14	10.35	10.35	9.40	9.40	19060479	781393152.00
2013/05/15	9.25	10.13	9.22	10.04	14741971	602315520.00
2013/05/16	9.86	10.36	9.56	10.17	15271327	637367744.00
2013/05/17	9.99	10.47	9.86	10.13	8893662	383270208.00
2013/05/20	10.11	11.15	10.07	10.97	15046543	685571456.00
2013/05/21	10.88	11.47	10.59	11.33	11413710	527102528.00
2013/05/22	10.83	11.11	10.45	10.70	11387816	516405312.00
2013/05/23	10.66	11.09	10.35	10.53	7971809	360615616.00
2013/05/24	10.61	11.02	10.54	10.85	6948591	316223232.00
2013/05/27	11.02	11.33	10.85	11.01	5576423	258625584.00
2013/05/29	10.40	10.76	10.09	10.49	11543225	507101088.00
2013/05/30	10.41	11.05	10.11	10.11	12136447	539239168.00
2013/05/31	9.90	10.07	9.59	9.77	10434820	429773600.00
2013/06/03	9.87	10.09	9.66	9.96	6488779	271036672.00
2013/06/04	9.94	9.94	8.96	9.31	11345529	443919904.00
2013/06/05	9.47	9.79	9.31	9.47	13315182	281463648.00
2013/06/06	9.36	10.42	9.36	10.15	28992798	646652736.00
2013/06/07	10.15	10.89	9.99	10.82	26852819	631031616.00
2013/06/13	10.75	11.92	10.27	11.92	35080999	878638912.00
2013/06/14	11.52	13.12	11.52	12.80	37271346	1038809728.00
2013/06/17	12.93	13.51	12.20	12.43	47099463	1334024960.00
2013/06/18	12.30	13.07	12.04	12.81	28326854	787082176.00
2013/06/19	12.57	13.32	12.28	12.39	29150798	820406144.00
2013/06/20	12.00	12.83	11.84	12.08	21877240	596656896.00
2013/06/21	11.75	12.00	11.11	11.75	24120824	616014144.00
2013/06/24	11.76	11.83	10.57	10.57	22422170	548151232.00
2013/06/25	10.02	11.39	9.51	11.18	43698156	993664064.00
2013/06/26	10.85	12.31	10.80	12.31	41695268	1075124864.00
2013/06/27	12.49	12.80	11.52	11.98	38656172	1047137856.00
2013/06/28	11.73	12.29	11.46	11.73	24095372	633271744.00
2013/07/01	11.73	12.47	11.47	12.37	28073874	745637760.00
2013/07/02	12.37	13.48	12.25	13.13	36300327	1042644416.00
2013/07/03	13.17	14.45	12.78	14.45	50656453	1554612480.00
2013/07/04	14.66	15.00	14.06	14.29	37601744	1207329024.00
2013/07/05	14.25	14.84	13.12	13.12	31901515	988233088.00
2013/07/08	12.66	13.93	12.27	13.72	33756262	989463872.00
2013/07/09	13.65	14.18	13.30	14.06	27999264	854129280.00
2013/07/10	13.89	14.37	13.55	13.64	28540435	878462208.00
2013/07/11	13.71	14.21	13.12	14.01	27810593	837610688.00
2013/07/12	13.88	14.87	13.80	14.12	34491277	1101762176.00
2013/07/15	14.16	14.62	13.82	14.50	27443640	869827456.00
2013/07/16	14.60	15.38	14.60	14.85	24990833	828361728.00
2013/07/17	14.89	15.01	14.15	14.54	26734081	856999424.00
2013/07/18	14.42	14.75	14.12	14.17	17873804	568158848.00
2013/07/19	14.17	14.81	13.84	14.02	24269152	770603648.00
2013/07/22	13.78	14.42	13.64	14.34	17640760	552012800.00
2013/07/23	14.30	14.65	14.12	14.46	18367685	584848512.00
2013/07/24	14.66	15.48	14.56	15.17	30230759	1010798848.00
2013/07/25	15.21	15.21	13.75	13.76	32603607	1022910208.00
2013/07/26	13.75	14.05	13.06	13.65	20654065	617710784.00
2013/07/29	13.31	13.85	13.12	13.15	12333734	366306112.00
2013/07/30	13.12	13.38	11.99	12.66	16594138	461506464.00
2013/07/31	12.62	12.88	12.30	12.46	10229258	284873024.00
2013/08/01	12.52	13.44	12.42	13.29	17794456	514316384.00
2013/08/02	13.42	13.80	13.21	13.33	15508525	462965728.00
2013/08/05	13.16	13.44	12.66	13.07	14513046	417343040.00
2013/08/06	13.02	13.47	13.02	13.32	12642589	372378880.00
2013/08/07	13.41	13.52	12.71	12.72	13326044	383561216.00
2013/08/08	12.66	13.00	12.42	12.80	11814924	330758528.00
2013/08/09	12.74	12.92	12.25	12.42	11015355	305934944.00
2013/08/12	12.35	12.63	11.76	12.05	15531676	417205344.00
2013/08/13	12.12	13.27	12.12	13.27	22809226	656910656.00
2013/08/14	13.48	13.87	13.06	13.67	29394115	877411520.00
2013/08/15	13.57	13.69	13.27	13.42	12727363	379199040.00
2013/08/16	13.22	14.26	13.12	13.55	23354408	709028224.00
2013/08/19	13.32	13.96	13.17	13.77	15949301	482715328.00
2013/08/20	13.93	14.21	13.51	13.87	14094783	430235968.00
2013/08/21	13.87	13.93	13.42	13.51	12189974	365622560.00
2013/08/22	13.55	14.18	13.41	13.93	19701201	603185280.00
2013/08/23	13.93	14.81	13.81	14.43	27039686	857642496.00
2013/08/26	14.17	14.71	14.09	14.41	16087778	512680896.00
2013/10/08	15.85	15.85	15.85	15.85	716022	25075090.00
2013/10/09	17.44	17.44	17.44	17.44	485750	18711090.00
2013/10/10	19.19	19.19	18.62	19.19	49784267	2098817664.00
2013/10/14	18.09	20.56	17.71	19.28	35011402	1461970176.00
2013/10/15	19.48	21.10	19.02	20.02	24427090	1091045120.00
2013/10/16	20.02	20.68	18.26	19.84	24458373	1057908352.00
2013/10/17	19.84	20.75	19.30	19.49	19677804	868838656.00
2013/10/18	19.07	21.44	19.07	21.44	23527379	1068869504.00
2013/10/21	21.97	23.59	21.53	23.25	22154593	1105564672.00
2013/10/22	22.87	23.25	20.92	20.92	16882242	817654400.00
2013/10/23	19.39	19.60	18.82	18.82	29457667	1232469376.00
2013/10/24	18.82	19.66	18.34	18.99	15844939	667884480.00
2013/10/25	18.86	18.99	17.08	17.16	28553794	1100665728.00
2013/10/28	16.76	18.84	16.32	18.44	24526258	949898816.00
2013/10/29	18.61	19.40	17.20	19.00	24093036	973893632.00
2013/10/30	18.61	19.10	18.02	18.44	14889649	613629568.00
2013/10/31	18.21	18.21	16.59	16.63	16998755	641694784.00
2013/11/01	16.23	17.33	15.64	16.63	15234526	554477312.00
2013/11/04	16.63	16.81	15.98	16.07	10797132	390201504.00
2013/11/05	15.96	17.63	15.62	17.48	15834472	582099648.00
2013/11/06	17.43	17.60	16.56	16.68	13545140	513058944.00
2013/11/07	16.56	17.80	16.41	17.11	13146742	501226240.00
2013/11/08	16.84	18.62	16.59	17.86	17623323	690743552.00
2013/11/11	17.75	17.85	17.06	17.16	10403207	399484128.00
2013/11/12	17.21	17.79	16.82	17.32	10606661	407107168.00
2013/11/13	17.26	18.65	17.16	17.62	15619826	619385472.00
2013/11/14	17.43	19.02	17.34	18.72	17511589	710468032.00
2013/11/15	18.64	19.30	18.47	18.52	15251619	636131712.00
2013/11/18	18.82	19.45	18.51	18.87	12169668	505933824.00
2013/11/19	19.02	19.66	18.82	19.20	13054790	554342848.00
2013/11/20	19.24	19.33	18.50	18.99	12490378	519646496.00
2013/11/21	18.83	19.33	18.58	18.91	9755669	408907872.00
2013/11/22	19.00	19.19	18.12	18.47	9606782	392968544.00
2013/11/25	18.47	18.47	17.71	17.84	9350371	372040352.00
2013/11/26	17.66	18.35	17.59	17.88	8337603	332948736.00
2013/11/27	17.70	19.20	17.70	18.74	13934151	571828928.00
2013/11/28	18.79	19.39	18.66	18.90	11108081	466166912.00
2013/11/29	18.77	19.72	18.75	19.46	14658739	621283520.00
2013/12/02	18.57	18.66	17.51	17.51	17712743	700907648.00
2013/12/03	16.25	17.06	15.75	16.80	17630523	635572736.00
2013/12/04	16.75	17.18	16.07	16.11	12011536	442807968.00
2013/12/05	15.93	16.18	14.52	14.70	25376460	845041280.00
2013/12/06	14.77	15.34	14.61	15.07	13870284	459062816.00
2013/12/09	15.14	16.01	14.98	15.83	14612051	503895104.00
2013/12/10	15.85	16.12	15.64	15.81	9900749	346884864.00
2013/12/11	15.97	17.39	15.97	17.39	25804103	973088896.00
2013/12/12	17.21	18.65	17.16	18.02	22216743	880611904.00
2013/12/13	17.89	18.65	17.62	17.93	15754450	630106496.00
2013/12/16	17.71	18.57	17.71	18.15	12977170	520455360.00
2013/12/17	18.12	18.27	16.80	17.12	14169981	541781376.00
2013/12/18	17.15	17.37	16.22	17.27	10351538	382493760.00
2013/12/26	18.02	18.92	17.44	18.02	18113076	737080384.00
2013/12/27	17.66	18.88	17.57	18.12	12959404	527004000.00
2013/12/30	18.09	18.71	17.86	17.96	12574775	504196416.00
2013/12/31	17.88	18.68	17.44	18.48	16984478	682542592.00
2014/01/02	18.52	20.33	18.44	20.33	23744860	1032075904.00
2014/01/03	21.07	21.39	20.52	20.89	22223788	1027615616.00
2014/01/06	20.98	21.87	20.42	20.49	20552577	960839744.00
2014/01/07	20.30	21.13	19.48	20.84	17093128	773324480.00
2014/01/08	21.31	22.93	21.22	22.93	23957275	1172190848.00
2014/01/09	22.97	23.57	21.77	21.83	22181947	1116877312.00
2014/01/10	21.70	22.96	21.43	21.83	17514793	854601856.00
2014/01/13	21.84	22.62	21.52	22.34	15480908	754548928.00
2014/01/14	22.23	22.66	21.55	22.57	12458657	609831936.00
2014/01/15	22.43	23.35	22.15	23.35	15204726	762386432.00
2014/01/16	23.66	23.82	21.13	21.25	23053852	1126100864.00
2014/01/17	21.43	23.34	20.84	23.21	22202093	1090895104.00
2014/01/20	22.92	22.98	21.62	22.21	14357134	705437120.00
2014/01/21	21.80	22.89	21.75	22.57	12811096	632454784.00
2014/01/22	22.39	23.12	21.65	22.38	16075081	789870272.00
2014/01/23	22.43	24.63	22.42	24.63	31372774	1661129856.00
2014/01/24	24.46	24.57	23.88	24.24	17837214	950183936.00
2014/01/27	23.84	25.16	23.47	23.64	19530760	1047426816.00
2014/01/28	23.39	23.72	22.48	23.16	13848595	703242560.00
2014/01/29	23.39	23.84	22.71	23.71	15815920	814764864.00
2014/01/30	23.43	24.30	22.88	23.30	13239395	694620032.00
2014/02/07	23.09	23.81	22.56	23.72	9290169	478603136.00
2014/02/10	23.90	24.17	23.01	23.48	11469320	594313472.00
2014/02/11	23.39	24.59	22.57	23.34	13904468	723926016.00
2014/02/12	22.89	23.57	22.16	22.63	13822006	686915264.00
2014/02/13	22.57	22.81	21.05	21.14	16764468	806961344.00
2014/02/14	20.91	21.51	20.43	21.24	12450077	578283392.00
2014/02/17	21.34	21.90	20.96	21.75	13910750	660268672.00
2014/02/18	21.65	22.20	21.30	21.65	10848741	520151808.00
2014/02/19	21.71	21.92	20.85	21.24	8453415	396583520.00
2014/02/20	21.15	21.15	20.24	20.34	12759325	578649792.00
2014/02/21	20.16	21.07	20.16	20.97	10114603	462769856.00
2014/02/24	21.07	22.93	20.96	22.55	22824651	1120227456.00
2014/02/25	22.43	23.55	21.51	21.66	19630490	980749056.00
2014/02/26	21.43	22.98	20.39	22.88	18600057	911952896.00
2014/02/27	22.88	23.83	22.21	22.39	18916763	967276544.00
2014/03/04	22.71	23.00	21.12	21.25	17032427	827515200.00
2014/03/05	21.32	21.56	20.75	20.91	10514055	488278656.00
2014/03/06	20.84	20.89	18.89	20.02	18084262	790917888.00
2014/03/07	19.84	20.37	19.00	19.35	14715469	636148608.00
2014/03/10	19.03	19.62	18.78	19.55	13262651	562280064.00
2014/03/11	19.29	19.73	18.92	19.35	8839435	375869632.00
2014/03/12	19.25	21.29	19.21	20.81	24280233	1116586752.00
2014/03/13	20.68	21.37	20.57	21.11	10314881	478641696.00
2014/03/14	21.25	21.25	20.39	20.46	8403465	385058240.00
2014/03/17	20.38	21.37	20.38	21.33	9891312	462618432.00
2014/03/18	21.32	21.37	20.84	21.24	9439590	440247936.00
2014/03/19	21.25	21.62	21.07	21.37	10935307	517266944.00
2014/03/20	21.25	21.27	19.48	19.84	10495420	474980448.00
2014/03/21	19.65	19.71	18.52	19.61	11992897	505698528.00
2014/03/24	18.12	18.80	18.12	18.47	16950935	690128256.00
2014/03/25	18.29	18.75	17.84	18.21	12519929	506442368.00
2014/03/26	18.23	18.80	18.23	18.52	9654728	396731168.00
2014/03/27	18.54	18.77	17.38	17.72	9787670	389456000.00
2014/03/28	17.75	17.92	16.16	16.66	14178504	526406080.00
2014/03/31	16.61	17.02	16.37	16.91	9126751	338755936.00
2014/04/01	16.98	17.33	16.81	17.12	6925386	261624832.00
2014/04/02	17.27	17.44	16.34	17.07	9038012	336236608.00
2014/04/03	17.12	17.43	16.87	17.12	8086508	307228992.00
2014/04/04	16.91	17.44	16.64	17.31	7927061	300853024.00
2014/04/08	16.61	17.18	16.27	17.01	10803758	398230272.00
2014/04/09	17.21	17.84	17.21	17.62	10367978	402405248.00
2014/04/10	17.80	17.82	17.37	17.42	11833990	460409024.00
2014/04/11	17.02	17.61	16.70	17.45	8422215	319600032.00
2014/04/14	17.48	18.06	17.41	17.47	7929794	309248544.00
2014/04/15	17.39	17.87	17.37	17.66	6795389	264906112.00
2014/04/16	17.68	17.81	17.30	17.56	5211790	202277392.00
2014/04/17	17.57	17.97	17.48	17.66	6196436	243197472.00
2014/04/18	17.50	17.95	17.47	17.65	5322596	208314128.00
2014/04/21	17.43	17.93	17.34	17.62	6461231	253055904.00
2014/04/22	17.66	17.80	16.21	16.29	14572080	537680384.00
2014/04/23	16.21	16.43	15.30	15.67	12407543	432752704.00
2014/04/24	15.73	17.21	15.39	16.78	14064485	505623424.00
2014/04/25	16.57	16.72	15.83	16.02	10500736	376961056.00
2014/04/28	15.84	16.43	15.65	15.82	11418752	406465440.00
2014/04/29	15.87	16.18	15.59	15.98	8503695	299707776.00
2014/04/30	16.02	16.34	15.94	16.11	6922863	246829184.00
2014/05/05	16.16	16.44	15.90	16.41	7308991	261634352.00
2014/05/06	16.43	17.30	16.31	16.86	14377501	534981568.00
2014/05/07	16.75	17.07	16.56	16.60	7323672	271214944.00
2014/05/08	16.43	16.77	16.42	16.50	4763669	174559792.00
2014/05/09	16.56	16.65	15.57	15.63	11285035	394447296.00
2014/05/12	15.73	16.14	15.62	16.00	5666231	199064944.00
2014/05/13	16.14	17.52	16.05	16.62	12792729	476771456.00
2014/05/14	16.48	16.84	16.36	16.70	5228436	192252384.00
2014/05/15	16.75	17.08	16.57	16.73	7714551	286638368.00
2014/05/16	16.65	16.84	15.89	16.26	8017720	289659744.00
2014/05/19	16.84	17.12	16.42	16.78	10789360	401283488.00
2014/05/20	17.07	17.81	17.03	17.52	18365119	708992256.00
2014/05/21	17.43	17.70	17.21	17.61	7828451	303216928.00
2014/05/22	17.72	18.76	17.71	18.23	16076790	649010752.00
2014/05/23	18.21	19.02	17.91	18.98	14767493	605694656.00
2014/05/26	19.14	19.25	18.66	18.98	11496637	481927744.00
2014/05/27	18.97	19.01	18.46	18.57	8617693	355034272.00
2014/05/28	18.50	19.13	18.50	18.96	7896693	328847264.00
2014/05/29	18.97	19.01	17.98	18.14	10646625	431790592.00
2014/05/30	18.13	18.70	17.95	18.54	6244630	253653536.00
2014/06/03	18.46	18.94	18.46	18.66	6906398	286443392.00
2014/06/04	18.78	19.35	18.59	19.27	11424869	480890880.00
2014/06/05	19.52	20.80	19.35	20.69	16664403	743535488.00
2014/06/06	20.54	20.99	20.13	20.52	12891075	581601088.00
2014/06/09	20.48	20.72	19.95	20.28	7999974	358894880.00
2014/06/10	20.31	21.20	20.25	20.77	11549171	528941792.00
2014/06/11	20.72	22.22	20.49	21.09	14699544	694581504.00
2014/06/12	21.20	21.94	21.01	21.70	11560894	550312576.00
2014/06/13	21.68	21.85	21.32	21.68	7085199	338036928.00
2014/06/16	22.04	22.31	21.53	21.72	8281624	399491456.00
2014/06/17	21.72	22.13	21.09	21.90	8928525	425723744.00
2014/06/18	21.90	22.03	20.84	20.86	8894546	418346208.00
2014/06/19	20.85	21.22	19.85	20.49	10559328	478797120.00
2014/06/20	20.31	20.54	18.95	19.57	14916758	649119424.00
2014/06/23	19.27	20.65	19.13	20.57	11347160	501643200.00
2014/06/24	19.99	20.81	19.99	20.35	9141635	410829664.00
2014/06/25	20.31	20.58	19.45	20.04	8587242	375944288.00
2014/06/26	19.92	20.53	19.82	20.39	9239329	414715872.00
2014/06/27	20.27	20.40	19.70	19.84	13190921	579677376.00
2014/06/30	19.72	20.15	18.90	19.90	12073087	520228672.00
2014/07/01	19.78	20.54	19.76	20.44	10787225	484143840.00
2014/07/02	20.38	21.14	20.38	20.68	9472769	434193504.00
2014/07/03	20.68	20.77	20.18	20.39	5958157	268365568.00
2014/07/04	20.40	20.77	19.90	19.99	7098164	316234528.00
2014/07/07	19.86	19.86	19.40	19.49	8671936	374122464.00
2014/07/08	19.52	20.06	19.28	20.04	6917217	301875200.00
2014/07/09	19.95	20.33	19.33	19.42	9201915	400536032.00
2014/07/10	19.39	19.39	18.82	18.97	9709379	406858880.00
2014/07/11	18.90	19.16	17.76	18.20	17366320	701371712.00
2014/07/14	17.82	18.49	16.99	18.49	20572315	802194944.00
2014/07/15	18.33	18.68	18.20	18.22	9266296	377181504.00
2014/07/16	17.36	17.58	16.39	16.44	33619429	1247821056.00
2014/07/17	15.77	16.33	14.79	14.79	43467817	1463734656.00
2014/07/21	15.08	16.26	14.95	15.95	34417759	1179671808.00
2014/07/22	15.97	16.40	15.54	16.12	16640019	587359616.00
2014/07/23	16.12	17.24	15.73	16.68	20632501	753088256.00
2014/07/24	16.68	17.01	16.31	16.46	11987414	441011904.00
2014/07/25	16.62	16.98	16.46	16.67	9498762	351421824.00
2014/08/08	18.34	18.34	17.63	17.95	28034152	1112428672.00
2014/08/11	17.99	18.54	17.95	18.43	16585858	671746816.00
2014/08/12	18.44	18.49	18.15	18.22	8687096	350410400.00
2014/08/13	18.31	18.44	17.53	17.81	11344354	447767264.00
2014/08/14	17.81	18.07	17.53	17.73	8235902	323376384.00
2014/08/15	17.55	17.79	17.38	17.63	7106205	276277248.00
2014/08/18	17.64	18.05	17.48	18.05	13597541	534682912.00
2014/08/19	18.45	18.69	18.14	18.27	16232399	660866048.00
2014/08/20	18.31	18.31	17.90	17.97	8315714	331247616.00
2014/08/25	17.35	17.77	16.61	17.08	24928174	940186368.00
2014/08/26	17.08	17.13	16.38	16.40	13692950	502637728.00
2014/08/27	16.41	17.17	16.41	17.13	12922347	483439680.00
2014/08/28	17.12	17.21	16.74	16.83	7417319	276776960.00
2014/08/29	16.83	16.95	16.63	16.83	4647522	171816064.00
2014/09/01	16.88	17.08	16.82	17.04	7011505	262549760.00
2014/09/02	17.03	18.30	16.94	17.85	16329506	637405632.00
2014/09/03	17.67	18.07	17.58	17.76	13535392	531930688.00
2014/09/04	17.94	18.22	17.75	18.04	13704392	543972288.00
2014/09/05	18.04	18.10	17.54	17.72	11667550	456269728.00
2014/09/09	17.77	17.85	17.45	17.63	6435787	249821648.00
2014/09/10	17.54	17.90	17.49	17.76	8141382	319151520.00
2014/09/11	17.87	18.24	17.73	17.86	12006643	476321664.00
2014/09/12	17.86	17.92	17.45	17.73	7276299	283389216.00
2014/09/15	17.52	17.52	17.02	17.28	13489761	512900416.00
2014/09/16	17.23	17.47	16.86	16.91	8635873	327089152.00
2014/09/17	16.91	17.17	16.87	17.15	6033276	226188016.00
2014/09/18	17.11	17.31	17.04	17.22	4585073	174029712.00
2014/09/19	17.16	17.17	16.51	16.85	11174161	414077408.00
2014/09/22	16.83	17.34	16.68	16.93	7935022	297989216.00
2014/09/23	17.08	17.31	16.96	17.04	5705095	215340976.00
2014/09/24	17.04	17.31	16.90	17.14	7930058	299731488.00
2014/09/25	17.14	17.22	16.78	16.84	8068648	302700960.00
2014/09/26	16.85	17.15	16.81	16.94	6033613	225525472.00
2014/09/29	16.94	17.15	16.94	17.06	7059766	265824512.00
2014/09/30	17.11	17.13	16.77	16.94	8395131	313307200.00
2014/10/08	16.94	16.98	16.65	16.88	7399326	274105120.00
2014/10/09	16.88	17.57	16.88	17.53	15797640	600605504.00
2014/10/10	17.57	17.58	17.28	17.28	9285342	356548832.00
2014/10/13	17.21	17.21	16.63	16.85	7710518	286578496.00
2014/10/14	16.84	17.01	16.70	16.79	7352572	273137280.00
2014/10/15	16.77	17.07	16.74	17.05	7770346	290551104.00
2014/10/16	16.91	17.03	16.64	16.68	6487655	240806640.00
2014/10/17	16.64	16.76	16.08	16.14	9122759	328487456.00
2014/10/20	16.16	16.53	16.16	16.33	5039888	182147584.00
2014/10/21	16.38	16.52	16.29	16.32	3272800	118247952.00
2014/10/22	16.33	16.44	15.95	16.01	6520850	232759376.00
2014/10/23	15.87	15.94	15.09	15.40	9941572	339475744.00
2014/10/24	15.27	15.69	15.00	15.18	9183181	309996448.00
2014/12/08	16.70	16.70	15.79	16.70	27560184	1011323264.00
2014/12/09	17.22	17.95	16.72	16.78	44855842	1726618368.00
2014/12/10	16.84	17.70	16.84	17.27	30459292	1167436544.00
2014/12/11	17.00	17.73	16.85	16.89	17968555	682294144.00
2014/12/12	16.93	17.22	16.17	16.47	20790009	759243456.00
2014/12/15	16.31	16.94	15.77	16.33	22331108	798875264.00
2014/12/16	16.36	16.77	16.25	16.43	13176994	479214304.00
2014/12/17	16.24	16.32	15.87	16.22	16829735	596541120.00
2014/12/18	16.18	16.43	15.86	15.89	13571151	483807680.00
2014/12/19	15.72	16.09	15.06	15.16	17117152	583258688.00
2014/12/22	14.49	14.72	13.64	13.64	25126659	768900608.00
2014/12/23	12.77	14.18	12.77	13.23	25441332	762421632.00
2014/12/24	13.23	13.81	13.23	13.65	17482139	526143840.00
2014/12/25	13.68	15.03	13.68	14.54	18278839	588639936.00
2014/12/26	14.56	14.78	14.20	14.47	8852669	283082464.00
2014/12/29	14.26	14.26	13.05	13.69	19159621	576172096.00
2014/12/30	13.64	14.60	13.38	14.55	17265553	531897312.00
2014/12/31	14.39	15.39	14.29	14.69	19333656	636509568.00
2015/01/05	15.27	16.17	14.70	16.04	32619011	1141656192.00
2015/01/06	16.04	17.22	15.93	16.95	28942788	1070988352.00
2015/01/07	16.79	17.15	16.18	16.31	19283845	707620736.00
2015/01/08	16.31	17.90	16.31	17.39	31640097	1205781888.00
2015/01/09	17.20	18.39	16.93	17.94	27451923	1091632384.00
2015/01/12	18.17	19.74	18.16	19.48	43567000	1863986048.00
2015/01/13	19.40	19.66	18.86	19.18	22553317	957187008.00
2015/01/14	19.40	20.16	19.07	19.35	17469724	754557888.00
2015/01/15	19.32	20.17	19.32	20.17	19836668	867051136.00
2015/01/16	20.86	22.19	20.86	22.19	19638201	945955200.00
2015/01/19	22.22	23.81	20.97	22.99	43349674	2165674752.00
2015/01/20	22.68	24.27	22.08	23.85	30346702	1559662720.00
2015/01/21	22.68	23.49	21.77	22.77	36765000	1839565568.00
2015/01/22	22.68	23.63	22.60	23.04	21033563	1072869312.00
2015/01/23	23.35	23.44	22.40	22.48	17935255	898662720.00
2015/01/26	22.70	24.73	22.70	24.73	24742587	1299327872.00
2015/01/27	25.04	25.68	24.45	25.12	18187281	1006126272.00
2015/01/28	25.18	25.40	23.49	23.56	20771163	1108258304.00
2015/01/29	23.49	24.22	22.68	23.06	18566065	953250048.00
2015/01/30	23.06	23.29	21.85	21.95	19977017	980950208.00
2015/02/02	21.99	23.68	21.77	22.68	26804227	1345034752.00
2015/02/03	23.13	24.95	22.86	24.18	32063338	1687183360.00
2015/02/04	24.27	25.49	24.27	24.42	26285973	1440970752.00
2015/02/05	24.65	26.87	23.90	26.87	44802842	2608246784.00
2015/02/06	27.22	27.72	26.33	26.58	25340835	1508299520.00
2015/02/09	26.58	28.27	25.18	26.03	21963293	1298935936.00
2015/02/10	25.40	28.64	25.20	28.64	21648069	1301908608.00
2015/02/11	28.68	31.51	28.68	31.51	31706932	2153447168.00
2015/02/12	31.81	32.31	30.88	31.83	20539526	1429503872.00
2015/02/13	31.94	35.03	31.94	35.03	18028827	1351627648.00
2015/02/16	35.91	38.53	35.49	38.53	21664591	1767124352.00
2015/02/17	39.95	42.13	37.62	40.95	33134257	2907695104.00
2015/02/25	39.94	40.18	36.85	36.85	25627241	2147891456.00
2015/02/26	35.86	37.50	35.02	37.37	35361244	2829519360.00
2015/02/27	37.26	37.57	35.85	36.27	28174671	2266102016.00
2015/03/02	35.86	37.85	35.86	36.49	37334551	3025603840.00
2015/03/03	35.77	36.39	34.44	34.49	36036043	2793672960.00
2015/03/04	34.52	35.62	34.52	34.81	23840972	1838421376.00
2015/03/05	34.76	36.95	34.50	36.26	30623991	2429586176.00
2015/03/06	36.61	36.85	33.82	34.28	26167563	2007098240.00
2015/03/09	33.90	36.21	33.50	35.72	19628163	1517506944.00
2015/03/10	36.76	39.30	36.21	39.30	22488005	1887680640.00
2015/03/11	39.80	41.08	37.13	37.13	32008352	2765480448.00
2015/03/12	36.73	38.35	35.09	38.17	30281919	2416888064.00
2015/03/13	37.45	39.03	36.95	37.54	18136430	1510059008.00
2015/03/16	37.37	41.30	37.36	41.03	33959584	3001555456.00
2015/03/17	40.68	41.13	38.67	39.93	24707512	2172295168.00
2015/03/18	40.08	43.62	39.30	41.90	24346039	2239526656.00
2015/03/19	41.54	42.97	40.63	40.93	18101521	1650445184.00
2015/03/20	40.68	42.22	40.41	40.86	18691823	1699379840.00
2015/03/23	40.84	41.76	40.18	41.18	20541174	1858399744.00
2015/03/24	42.68	45.31	41.32	45.31	41504115	4006255104.00
2015/03/25	45.17	45.18	43.42	43.58	28070580	2744058880.00
2015/03/26	42.83	42.86	39.22	39.22	38430199	3449501696.00
2015/03/27	39.27	41.31	39.27	41.31	21574172	1925991936.00
2015/03/31	42.18	45.32	42.17	42.55	24795932	2375821568.00
2015/04/02	42.70	44.80	40.73	41.95	27492764	2566756096.00
2015/04/03	40.88	41.21	38.14	40.13	29078601	2556249856.00
2015/04/07	39.95	40.85	39.12	40.03	19481663	1721307904.00
2015/04/08	40.03	40.06	37.35	37.97	32481655	2746802688.00
2015/04/09	38.09	41.69	37.13	41.69	30468352	2629691392.00
2015/04/10	41.31	42.61	39.97	42.16	28853381	2645335040.00
2015/04/13	42.90	42.98	41.77	42.12	24726001	2304541440.00
2015/04/14	42.12	43.58	40.40	41.28	26999972	2500399104.00
2015/04/15	42.90	43.12	37.99	38.04	30729516	2719207168.00
2015/04/16	36.69	38.91	36.16	37.02	21654074	1782513408.00
2015/04/17	37.29	39.36	36.48	37.27	21651772	1811444608.00
2015/04/20	37.22	38.22	36.31	37.33	21752942	1790706816.00
2015/04/21	37.78	41.08	37.78	41.08	33497730	2945743104.00
2015/04/22	41.94	45.19	41.22	45.15	44822627	4286290176.00
2015/04/23	45.45	49.59	45.45	46.23	37298681	3933163520.00
2015/04/24	45.44	50.86	44.95	50.86	32153780	3432313088.00
2015/04/27	54.04	54.58	49.97	50.86	33855085	3928762112.00
2015/04/28	50.86	55.40	48.83	55.40	34687703	3954955776.00
2015/04/29	54.06	60.95	52.91	60.95	35233421	4467446272.00
2015/04/30	62.68	67.05	58.58	59.85	46150172	6453466624.00
2015/05/04	59.04	60.40	55.40	57.33	31996596	4045059072.00
2015/05/05	57.33	59.03	55.40	57.13	24825079	3136045056.00
2015/05/06	58.58	62.84	57.68	62.22	38924151	5176208896.00
2015/05/07	60.86	67.63	60.31	66.17	37843357	5419230208.00
2015/05/08	66.17	67.68	63.23	67.20	35552651	5160393216.00
2015/05/11	67.95	73.93	65.77	73.93	34229134	5361283072.00
2015/05/12	75.78	81.33	75.63	81.33	27757110	4867561984.00
2015/05/13	84.77	89.47	82.06	82.46	134488472	11629771776.00
2015/05/14	78.97	80.97	74.21	74.21	126179033	9564034048.00
2015/05/15	70.95	74.82	68.27	71.57	84893107	6114745344.00
2015/05/18	71.97	77.47	71.67	76.77	90787772	6838756864.00
2015/05/19	77.97	78.68	72.15	73.67	79086699	5848764928.00
2015/05/20	73.98	75.73	70.88	74.47	84098596	6165792768.00
2015/05/21	73.47	74.97	71.75	73.05	63186831	4631454208.00
2015/05/22	73.08	80.36	73.08	80.36	120086405	9347139584.00
2015/05/25	76.97	78.58	75.27	76.31	82651863	6344279040.00
2015/05/26	69.97	76.85	69.97	74.86	96966712	7187382272.00
2015/05/27	75.97	76.47	70.77	71.69	87471039	6381646336.00
2015/05/28	70.17	70.97	64.57	64.65	94491249	6407548416.00
2015/05/29	64.64	69.72	64.35	67.79	67856551	4572136448.00
2015/06/01	66.77	72.07	66.20	71.17	58548989	4111936256.00
2015/06/02	72.17	72.79	69.67	72.07	69050734	4939596288.00
2015/06/03	72.08	79.18	70.40	78.95	93462236	7094831616.00
2015/06/04	77.46	81.35	71.92	76.55	72479282	5586420224.00
2015/06/05	78.96	81.59	75.63	76.66	73698455	5837452800.00
2015/06/08	74.37	74.47	68.99	71.20	76039924	5405105664.00
2015/06/09	68.92	72.47	67.50	69.42	51176631	3587766016.00
2015/06/10	69.63	71.11	67.63	70.35	41604240	2908339712.00
2015/06/11	69.97	70.44	67.87	68.39	43198585	2972827392.00
2015/06/12	67.47	72.67	64.99	71.47	65250773	4420131840.00
2015/06/15	71.46	71.46	65.87	66.12	54100793	3665051392.00
2015/06/16	64.47	67.58	61.77	65.88	54938524	3546963200.00
2015/06/17	64.97	69.47	63.97	67.92	45138553	3012417792.00
2015/06/18	65.21	65.97	61.13	61.13	54622865	3472928512.00
2015/06/19	58.97	59.67	55.01	55.01	50234016	2830691584.00
2015/06/23	52.76	55.07	51.08	54.27	65828341	3523118592.00
2015/06/24	58.47	59.62	55.15	56.18	69220165	3989307136.00
2015/06/25	56.32	56.36	51.52	51.77	48631793	2625908224.00
2015/06/26	48.97	50.32	46.59	46.76	84901414	4075149056.00
2015/06/29	47.93	49.47	42.17	47.02	95558878	4449672704.00
2015/06/30	45.97	51.73	45.52	51.73	96494347	4788851200.00
2015/07/01	54.32	56.91	53.97	54.77	123445634	6944491008.00
2015/07/02	54.77	59.97	53.02	57.47	120940594	6886239232.00
2015/07/03	53.77	62.86	51.72	59.06	119503418	6831205376.00
2015/07/06	63.97	63.97	53.15	53.15	114664638	6575489024.00
2015/07/07	47.86	50.26	47.83	47.83	59189123	2836848896.00
2015/07/09	44.17	52.62	44.05	52.62	109639146	5419285504.00
2015/07/10	52.62	57.89	51.87	57.89	99791015	5673796096.00
2015/07/13	58.97	63.64	56.47	63.61	143147770	8678780928.00
2015/07/14	59.97	65.17	57.64	57.67	128233102	7857895936.00
2015/07/15	55.98	56.04	51.90	51.90	66392964	3567714304.00
2015/07/16	48.77	54.97	46.71	50.87	86811193	4392879104.00
2015/07/17	51.89	54.97	50.87	53.68	66616159	3517966592.00
2015/07/20	52.95	55.77	51.67	52.20	73117337	3906538752.00
2015/07/21	49.47	51.96	49.47	50.41	67111877	3394692864.00
2015/07/22	51.47	54.52	50.55	52.94	74334123	3913516544.00
2015/07/23	52.11	53.94	51.86	53.58	70653194	3736779264.00
2015/07/24	53.77	54.46	49.57	50.14	71381051	3740079360.00
2015/07/27	46.97	48.53	45.12	45.12	89878085	4189015040.00
2015/07/28	43.77	45.65	40.61	43.22	98889458	4210114048.00
2015/07/29	44.22	47.55	41.40	47.55	96952689	4329253376.00
2015/07/30	49.07	50.77	45.68	46.55	105011293	5171056128.00
2015/07/31	45.74	50.77	45.74	49.46	107585772	5255630848.00
2015/08/03	46.97	48.97	45.14	48.27	85475501	4021685760.00
2015/08/04	48.32	51.12	46.55	50.95	66348003	3261321472.00
2015/08/05	50.04	50.58	46.97	47.40	59780541	2919111168.00
2015/08/06	45.46	46.97	44.99	45.57	32874456	1513773696.00
2015/08/07	46.97	48.92	46.51	47.16	40508510	1927699072.00
2015/08/10	47.29	51.35	46.97	50.30	63998044	3169238016.00
2015/08/11	49.97	53.89	48.62	51.90	80655382	4124831488.00
2015/08/12	50.97	51.87	49.23	49.37	48935388	2489943808.00
2015/08/13	49.02	51.18	48.98	50.98	43503042	2197505536.00
2015/08/14	51.98	52.50	49.62	49.78	42108324	2136677248.00
2015/08/17	48.47	49.44	47.49	48.27	35939096	1734259584.00
2015/08/18	48.63	50.47	44.97	45.54	52745702	2551905536.00
2015/08/19	43.99	47.27	42.79	46.95	43447844	1972060288.00
2015/08/20	45.98	48.47	45.47	45.76	32916746	1535005952.00
2015/08/21	44.28	45.34	41.97	42.11	34802494	1519917824.00
2015/08/24	39.97	39.97	37.90	37.90	28894957	1105896704.00
2015/08/25	34.11	34.97	34.11	34.11	36373317	1244342656.00
2015/08/26	32.97	34.86	30.70	30.70	75278397	2412140800.00
2015/08/27	31.49	32.10	28.19	31.97	77768564	2383095296.00
2015/08/28	31.97	35.17	30.70	35.17	80243565	2611488256.00
2015/08/31	34.17	34.67	32.22	33.80	67350897	2254554624.00
2015/09/01	32.64	36.83	32.49	34.37	91667638	3208174080.00
2015/09/02	32.27	35.97	30.93	30.94	77128044	2475529984.00
2015/09/07	31.75	33.87	31.07	31.84	57486313	1866588928.00
2015/09/08	31.94	35.03	30.58	35.03	70592018	2352797184.00
2015/09/09	36.45	38.22	35.77	36.46	102437151	3767697408.00
2015/09/10	35.47	37.87	35.32	36.42	65115401	2384324096.00
2015/09/11	36.17	38.25	36.17	37.63	65724524	2456929792.00
2015/09/14	36.97	37.52	33.86	33.86	58018803	2044284288.00
2015/09/15	32.07	33.30	30.47	30.85	49928572	1584684288.00
2015/09/16	30.97	33.94	30.97	33.94	56974686	1846886144.00
2015/09/17	33.93	36.27	32.96	33.55	70864775	2435964416.00
2015/09/18	34.02	35.27	32.97	34.48	51004572	1744867072.00
2015/09/21	34.86	37.93	34.58	37.93	68999567	2509188864.00
2015/09/22	37.89	40.77	36.83	39.27	86697902	3329208320.00
2015/09/23	38.32	40.25	37.42	38.81	84231981	3300514560.00
2015/09/24	40.97	42.69	40.47	41.95	117990306	4991447552.00
2015/09/25	40.77	41.40	37.87	38.56	78743190	3121242624.00
2015/09/28	39.18	42.42	38.48	42.42	84595815	3477837568.00
2015/09/29	41.67	42.76	40.70	42.11	85504140	3575055616.00
2015/09/30	42.47	42.75	39.82	40.85	49057775	2016706816.00
2015/10/08	42.43	44.75	41.57	43.47	62718887	2715800576.00
2015/10/09	42.97	43.63	42.27	42.96	42570582	1829687040.00
2015/10/12	43.47	46.76	43.18	45.47	55103742	2503090176.00
2015/10/13	44.52	46.32	44.47	45.59	41565540	1875324160.00
2015/10/14	45.17	45.44	43.36	43.52	42166370	1864358016.00
2015/10/15	44.09	46.76	43.52	46.17	55480623	2524365824.00
2015/10/16	46.17	49.57	45.97	48.90	72066654	3450514432.00
2015/10/19	50.87	50.87	47.57	48.69	65317283	3215344128.00
2015/10/20	47.98	53.25	47.97	53.11	71739215	3657837312.00
2015/10/21	51.97	52.63	47.80	47.80	88505183	4434989056.00
2015/10/22	47.52	50.15	47.34	49.76	70004160	3421466880.00
2015/10/23	49.07	50.57	47.52	49.08	60512329	2985259008.00
2015/10/26	49.95	50.77	48.17	50.29	57087621	2828234240.00
2015/10/27	49.17	53.27	47.49	51.37	74247351	3752182528.00
2015/10/28	51.62	52.67	48.47	48.80	59215184	2979963904.00
2015/10/29	49.67	49.98	47.77	48.49	44485824	2176559104.00
2015/10/30	47.97	49.17	46.98	47.82	35123990	1693119232.00
2015/11/02	46.43	49.77	45.97	48.47	46506450	2236971264.00
2015/11/03	48.57	50.45	47.68	49.34	51191776	2525551616.00
2015/11/04	49.67	52.27	48.97	51.81	64178891	3280372736.00
2015/11/05	51.46	53.26	49.85	50.34	85270163	4367337472.00
2015/11/06	50.00	54.99	50.00	53.13	86622772	4593432576.00
2015/11/09	52.47	57.36	51.38	54.97	85220186	4621413888.00
2015/11/10	54.47	57.54	53.62	54.58	59453027	3287298560.00
2015/11/11	54.37	56.41	53.63	54.55	48125527	2632184064.00
2015/11/12	54.85	54.96	52.00	52.18	67643494	3581827584.00
2015/11/13	51.27	52.14	49.98	50.68	41817892	2134219392.00
2015/11/16	49.07	51.99	48.99	51.85	38653424	1961377664.00
2015/11/17	52.47	52.83	49.84	49.97	48052213	2465223424.00
2015/11/18	50.47	52.18	49.57	50.37	41450623	2112524032.00
2015/11/19	50.97	53.85	50.95	53.46	60759497	3184258048.00
2015/11/20	53.87	53.87	51.07	51.72	60715091	3169591552.00
2015/11/23	51.73	52.77	50.57	50.73	36515643	1883334528.00
2015/11/24	50.57	52.85	50.30	52.42	43659481	2265139200.00
2015/11/25	52.43	53.80	51.57	53.05	51747562	2732758528.00
2015/11/26	52.55	53.36	50.98	51.48	39308505	2047629568.00
2015/11/27	51.42	53.65	49.20	49.98	56359361	2924863744.00
2015/11/30	50.47	50.94	45.84	48.47	50077340	2413520384.00
2015/12/01	48.54	50.19	47.87	48.82	31133963	1523210368.00
2015/12/02	48.22	49.17	46.92	48.84	26202611	1263787904.00
2015/12/03	49.52	53.73	48.99	53.73	55862400	2903310592.00
2015/12/04	55.17	59.11	54.18	58.77	149290347	8627310592.00
2016/06/03	52.89	60.98	52.89	56.32	216798086	12221462528.00
2016/06/06	55.69	56.50	53.00	53.48	106978176	5804861952.00
2016/06/07	53.64	54.60	52.48	53.31	72980013	3905044992.00
2016/06/08	52.56	54.00	52.55	52.80	56332427	3004291840.00
2016/06/13	51.80	51.95	47.52	47.52	74853645	3726469120.00
2016/06/14	47.50	47.98	44.56	45.54	57202432	2629854720.00
2016/06/15	45.01	48.80	44.87	47.85	51989021	2461543424.00
2016/06/16	47.39	49.16	46.81	46.95	38529931	1850034304.00
2016/06/17	47.06	49.01	47.06	47.55	36002529	1727746560.00
2016/06/20	47.88	49.36	47.39	48.69	40124047	1947190400.00
2016/06/21	49.02	49.19	46.00	46.30	43780474	2088356352.00
2016/06/22	46.28	47.25	46.15	47.00	27192484	1270336128.00
2016/06/23	46.95	47.68	45.31	46.90	41731903	1937134592.00
2016/06/24	46.45	47.35	44.80	46.20	35983640	1669362944.00
2016/06/27	46.08	47.34	45.87	47.05	29975059	1403894912.00
2016/06/28	47.18	48.71	46.90	48.30	41377235	1991548800.00
2016/06/29	48.28	48.70	47.69	48.10	33225886	1601853568.00
2016/06/30	48.12	52.91	48.12	52.91	78931529	4061172736.00
2016/07/01	52.80	53.96	51.80	52.10	50370206	2648872960.00
2016/07/04	51.80	52.98	51.53	52.10	38379323	2005105408.00
2016/07/05	52.27	52.86	51.62	52.30	30711895	1599846784.00
2016/07/14	52.80	53.39	50.00	50.81	44107433	2278518272.00
2016/07/15	50.72	51.99	50.66	51.45	27062854	1388873984.00
2016/07/18	51.49	51.49	48.85	49.08	33797450	1675973120.00
2016/07/19	49.48	50.12	49.02	49.78	20757120	1028958016.00
2016/07/20	49.78	52.77	49.52	51.13	38760788	2000615296.00
2016/07/21	50.60	51.50	50.00	50.35	24889597	1257613824.00
2016/07/22	50.16	51.35	49.90	49.94	19853264	1003457920.00
2016/07/25	49.95	50.28	48.88	49.25	18125632	895871616.00
2016/07/26	48.55	49.78	48.41	49.49	19956895	980309888.00
2016/07/27	50.58	51.78	47.59	48.50	44467308	2224093184.00
2016/07/28	48.31	49.60	46.73	47.62	31060978	1492437632.00
2016/07/29	48.07	48.30	46.60	47.15	17722000	838333952.00
2016/08/01	46.85	47.13	44.90	45.88	23960691	1095976064.00
2016/08/02	46.00	46.87	45.99	46.42	14065661	652290816.00
2016/08/03	46.70	47.08	46.08	46.41	13770543	640786176.00
2016/08/04	46.45	47.49	45.81	47.15	17736853	828504832.00
2016/08/05	47.35	47.45	46.56	46.85	12305407	577083328.00
2016/08/08	46.10	46.44	45.00	46.10	23991302	1099406976.00
2016/08/09	45.45	46.50	45.45	46.45	16798576	774448704.00
2016/08/10	46.50	46.81	45.66	45.87	17750408	818907648.00
2016/08/11	46.15	46.97	45.61	45.88	23905056	1108450944.00
2016/08/12	45.60	46.11	45.05	45.73	19152267	870612992.00
2016/08/15	45.53	48.50	45.20	47.65	41396983	1966077184.00
2016/08/16	47.22	48.71	47.22	47.76	29047205	1391932032.00
2016/08/17	47.60	49.35	47.53	48.22	35404499	1718088832.00
2016/08/18	47.77	48.20	47.10	47.31	28235656	1341192192.00
2016/08/19	47.40	47.66	47.12	47.23	12853144	608414400.00
2016/08/22	47.23	47.96	45.77	45.79	22480408	1055217600.00
2016/08/23	46.20	47.20	45.89	46.38	19610094	914276608.00
2016/08/24	46.40	46.85	46.11	46.31	11710559	543610880.00
2016/08/25	46.19	46.31	45.56	45.86	13797539	632962112.00
2016/08/26	45.80	46.58	45.75	45.81	12173288	560472896.00
2016/08/29	45.83	46.05	45.40	45.76	11798364	539840000.00
2016/08/30	45.84	45.98	45.65	45.80	8912092	408198272.00
2016/08/31	45.90	46.64	45.50	46.17	15200516	700601472.00
2016/09/01	46.08	46.15	45.30	45.30	15792746	720682496.00
2016/09/02	45.20	45.67	45.08	45.23	9983842	452984640.00
2016/09/05	45.55	45.62	44.88	44.94	10751218	485856512.00
2016/09/06	44.94	45.65	43.20	45.50	26697014	1188537856.00
2016/09/07	45.51	45.80	45.16	45.16	13562294	616975040.00
2016/09/08	45.16	45.48	44.50	44.75	14593076	655810944.00
2016/09/09	44.95	45.22	44.73	44.85	10534992	473830688.00
2016/09/12	44.04	46.17	44.00	44.52	21855509	987113728.00
2016/09/13	44.78	44.97	43.92	43.98	14055368	622405184.00
2016/09/14	44.40	45.40	44.06	45.40	20184068	903266560.00
2016/09/19	46.00	49.74	45.78	47.30	52041663	2489247744.00
2016/09/20	47.00	47.40	46.18	46.27	20615968	963643200.00
2016/09/21	46.40	46.95	45.95	46.27	15064979	698784576.00
2016/09/22	46.76	46.82	45.50	45.99	14345064	661474112.00
2016/09/23	46.03	46.30	45.62	45.75	9954575	456798496.00
2016/09/26	45.70	46.20	44.40	44.40	16122512	729741568.00
2016/09/27	44.26	44.59	43.90	44.54	11823189	522876832.00
2016/09/28	44.55	44.57	44.00	44.18	7951752	351455936.00
2016/09/29	44.18	45.20	44.12	44.22	12279866	548190912.00
2016/09/30	44.20	44.58	44.15	44.25	7785265	344944256.00
2016/10/10	44.55	45.33	44.47	45.21	13865238	623609920.00
2016/10/11	45.21	45.28	44.83	45.01	9447067	425376608.00
2016/10/12	44.80	44.97	44.63	44.72	9608735	430005952.00
2016/10/13	44.88	45.18	44.36	44.50	11085590	495205280.00
2016/10/14	44.48	44.49	44.00	44.37	9376632	414630048.00
2016/10/17	44.55	44.58	44.01	44.05	9121910	404190720.00
2016/10/18	44.11	44.92	43.98	44.83	14727649	655412032.00
2016/10/19	44.90	45.28	44.63	44.90	13064249	587368192.00
2016/10/20	45.00	45.18	44.40	44.50	11894647	530746368.00
2016/10/21	45.00	45.99	44.81	44.96	24073377	1091817984.00
2016/10/24	44.87	45.72	44.61	45.33	16973474	766918400.00
2016/10/25	45.54	45.72	45.04	45.32	12835198	581708736.00
2016/10/26	45.32	45.38	44.36	44.61	15459887	690833024.00
2016/10/27	44.55	44.82	44.11	44.43	9107173	404748480.00
2016/10/28	44.38	44.77	44.08	44.15	11112615	493000928.00
2016/10/31	44.14	44.40	43.95	44.15	8097140	357103104.00
2016/11/01	44.10	44.39	44.06	44.33	9255549	409437984.00
2016/11/02	44.26	44.26	40.95	41.01	53379249	2259401728.00
2016/11/03	39.90	40.92	39.39	40.63	36965065	1487836288.00
2016/11/04	40.31	40.59	39.55	39.71	27420900	1094993408.00
2016/11/07	37.70	39.00	37.03	37.85	50209551	1910606208.00
2016/11/08	38.00	39.28	37.70	38.99	45083769	1736109952.00
2016/11/09	38.99	39.00	37.64	38.12	31429240	1202747008.00
2016/11/10	38.45	38.60	37.95	37.99	25544937	976028480.00
2016/11/11	37.42	38.38	36.36	38.38	64262130	2389611520.00
2016/11/14	38.54	39.91	38.40	39.06	62012227	2436777472.00
2016/11/15	38.60	39.10	38.00	39.10	35414150	1367392000.00
2016/11/16	40.50	40.88	38.80	38.96	47958143	1911778048.00
2016/11/17	38.49	38.85	38.19	38.19	25958691	997484160.00
2016/11/18	38.17	38.44	37.70	37.91	18683518	711775232.00
2016/11/21	37.70	37.96	36.88	37.25	29893825	1116454016.00
2016/11/22	37.50	38.18	37.10	38.16	31984814	1204219648.00
2016/11/23	38.15	38.50	37.53	37.82	33696956	1279205120.00
2016/11/24	37.70	38.29	37.46	37.55	20887523	789601600.00
2016/11/25	37.58	38.80	37.50	38.39	38243745	1464359424.00
2016/11/28	38.37	38.37	37.55	37.82	25667079	972489536.00
2016/11/29	37.90	38.37	37.30	38.05	31417730	1189394304.00
2016/11/30	38.25	38.97	37.81	38.02	33903863	1299622144.00
2016/12/01	37.86	38.85	37.46	38.05	28066283	1068061312.00
2016/12/02	38.00	39.30	37.71	38.88	61899772	2399916544.00
2016/12/05	38.80	39.05	38.21	38.85	30349340	1172965376.00
2016/12/06	39.10	39.22	35.01	35.80	62304282	2320994304.00
2017/01/16	36.88	38.98	33.95	35.40	96948774	3570631424.00
2017/01/17	34.99	38.94	34.38	38.94	103519105	3889208064.00
2017/01/18	38.51	38.89	37.70	38.13	63520872	2430922240.00
2017/01/20	38.12	41.17	37.91	39.35	93145197	3700226304.00
2017/01/23	38.85	39.69	38.68	39.00	40659618	1588523520.00
2017/01/24	38.88	39.15	37.13	37.44	44217295	1681031296.00
2017/01/25	37.20	37.40	36.61	36.81	29632861	1096312832.00
2017/01/26	37.02	37.28	36.58	36.60	20273622	748099840.00
2017/02/03	36.80	37.26	36.30	36.72	18079661	664915136.00
2017/02/06	36.62	36.97	36.02	36.67	23440392	855066496.00
2017/02/07	36.67	36.67	35.90	36.04	25553340	925509568.00
2017/02/08	35.64	36.56	35.64	36.31	23438683	851786176.00
2017/02/09	36.37	36.81	36.30	36.36	21819580	796220032.00
2017/02/10	36.44	36.55	35.80	35.81	24185915	871107648.00
2017/02/13	35.83	36.36	35.43	35.92	26547885	954703936.00
2017/02/14	37.11	38.28	37.11	37.24	65504921	2456101120.00
2017/02/15	36.85	37.18	36.35	36.35	34414298	1263266560.00
2017/02/16	36.30	36.58	35.90	36.27	21274026	770827968.00
2017/02/17	36.11	36.40	35.46	35.51	24152139	866401728.00
2017/02/20	35.53	35.86	35.12	35.80	21076105	748175552.00
2017/02/21	35.70	36.59	35.51	36.29	28317839	1025102400.00
2017/02/22	36.30	36.66	35.90	36.30	22010210	796650752.00
2017/02/23	36.33	36.54	36.02	36.30	19023362	690025536.00
2017/02/24	36.29	36.86	36.13	36.50	25601064	934425536.00
2017/02/27	36.33	36.36	35.52	35.58	26526487	951400128.00
2017/02/28	35.59	35.88	34.82	35.09	28868464	1018233536.00
2017/03/01	35.00	35.49	34.83	35.23	22286029	784576768.00
2017/03/02	35.01	35.38	33.60	33.75	56589068	1942666368.00
2017/03/03	33.11	33.15	31.01	31.89	82441422	2657565696.00
2017/03/06	31.50	32.35	31.41	32.00	38348513	1227403392.00
2017/03/07	31.99	32.43	31.85	32.28	28715387	924251008.00
2017/03/08	32.30	32.59	32.01	32.33	27547544	890176512.00
2017/03/09	32.27	32.27	31.68	31.86	21739674	694042816.00
2017/03/10	31.80	32.25	31.76	31.89	18461194	590550144.00
2017/03/13	31.88	31.93	31.31	31.71	19427409	615270144.00
2017/03/14	31.72	31.86	31.21	31.31	25187050	792630784.00
2017/03/15	31.25	33.65	30.31	33.17	92639303	2979559936.00
2017/03/16	32.58	33.07	32.55	32.68	45946538	1504635392.00
2017/03/17	32.69	33.39	32.12	32.20	39975833	1310745600.00
2017/03/20	32.21	32.75	31.38	32.37	32745440	1049396480.00
2017/03/21	32.09	32.29	31.81	31.83	21240571	679588224.00
2017/03/22	31.51	31.88	31.40	31.47	18377320	580373376.00
2017/03/23	31.56	31.98	31.27	31.64	22355565	708651968.00
2017/03/24	31.61	31.79	31.35	31.53	17281082	544720640.00
2017/03/27	31.48	31.65	31.17	31.23	17237339	540662528.00
2017/03/28	31.26	32.10	31.20	31.75	28174707	893937152.00
2017/03/29	31.89	33.28	31.46	32.49	60020126	1955930496.00
2017/03/30	32.29	33.33	31.92	32.22	47781082	1560024192.00
2017/03/31	32.61	34.45	32.36	33.92	74998244	2514561280.00
2017/04/05	33.50	33.98	33.20	33.85	44760663	1504541056.00
2017/04/06	33.85	33.89	32.60	32.80	41031761	1365918976.00
2017/04/07	32.68	33.49	32.68	33.00	25665172	847680640.00
2017/04/10	32.73	33.27	31.75	31.80	35125080	1132963328.00
2017/04/11	31.50	31.65	30.84	31.44	32158976	1005151296.00
2017/04/12	31.26	31.81	30.92	31.02	22000253	686558208.00
2017/04/13	31.02	31.44	30.98	31.06	16101783	501464416.00
2017/04/14	31.00	31.27	30.40	30.68	23951051	736870912.00
2017/08/24	30.68	30.68	30.68	30.68	0	0.00
数据来源:通达信
