300296 利亚德 日线 前复权
      日期	    开盘	    最高	    最低	    收盘	    成交量	    成交额
2012/03/15	1.69	1.92	1.69	1.92	12063503	286407296.00
2012/03/16	1.77	1.84	1.71	1.76	10905261	249214304.00
2012/03/19	1.69	1.75	1.67	1.70	6404512	143773120.00
2012/03/20	1.69	1.70	1.52	1.53	6915852	145108560.00
2012/03/21	1.51	1.51	1.38	1.43	4945315	94720264.00
2012/03/22	1.41	1.45	1.41	1.42	2844142	54145628.00
2012/03/23	1.41	1.46	1.40	1.45	3470939	66459432.00
2012/03/26	1.45	1.45	1.39	1.40	2510711	47466060.00
2012/03/27	1.41	1.42	1.38	1.38	2039565	38134356.00
2012/03/28	1.36	1.36	1.23	1.23	3314103	57006132.00
2012/03/29	1.21	1.24	1.18	1.21	2468066	40644532.00
2012/03/30	1.21	1.23	1.17	1.18	2024174	33164400.00
2012/04/05	1.20	1.23	1.17	1.23	1975918	32544714.00
2012/04/06	1.23	1.25	1.22	1.23	2046923	34262064.00
2012/04/09	1.23	1.23	1.19	1.20	1528610	25226756.00
2012/04/10	1.19	1.33	1.18	1.33	4241320	73112304.00
2012/04/11	1.29	1.33	1.28	1.32	3138677	55010248.00
2012/04/12	1.30	1.32	1.27	1.31	2663001	46481724.00
2012/04/13	1.31	1.34	1.29	1.30	2550932	45178060.00
2012/04/16	1.29	1.29	1.26	1.27	1478233	25501984.00
2012/04/17	1.28	1.28	1.23	1.26	1668404	28425570.00
2012/04/18	1.27	1.30	1.25	1.29	1727192	29818506.00
2012/04/19	1.29	1.31	1.28	1.30	2102210	36818400.00
2012/04/20	1.31	1.36	1.31	1.35	3757262	67349376.00
2012/04/23	1.32	1.34	1.20	1.20	3462662	59043804.00
2012/04/24	1.19	1.23	1.14	1.20	1976822	31887964.00
2012/04/25	1.20	1.20	1.16	1.17	1360478	21858094.00
2012/04/26	1.18	1.20	1.17	1.18	1016233	16365922.00
2012/04/27	1.18	1.23	1.17	1.21	1545236	25315316.00
2012/05/02	1.23	1.25	1.21	1.23	1143810	19131456.00
2012/05/03	1.23	1.25	1.22	1.25	991415	16645413.00
2012/05/04	1.24	1.27	1.24	1.26	1319406	22512130.00
2012/05/07	1.26	1.27	1.24	1.27	1415687	24052252.00
2012/05/08	1.27	1.27	1.25	1.26	1234538	21078234.00
2012/05/09	1.25	1.25	1.21	1.21	1211694	20166366.00
2012/05/10	1.21	1.23	1.21	1.22	825480	13667877.00
2012/05/11	1.22	1.23	1.20	1.20	826845	13626798.00
2012/05/14	1.21	1.21	1.19	1.19	732193	11967117.00
2012/05/15	1.17	1.21	1.17	1.21	813150	13153640.00
2012/05/16	1.21	1.21	1.19	1.19	568701	9298549.00
2012/05/17	1.21	1.30	1.21	1.29	3201673	54608112.00
2012/05/18	1.26	1.30	1.25	1.25	2158684	36982620.00
2012/05/21	1.24	1.28	1.24	1.27	1456539	24988816.00
2012/05/22	1.27	1.29	1.26	1.28	1306999	22536252.00
2012/05/23	1.28	1.29	1.23	1.26	1224205	20823896.00
2012/05/24	1.24	1.28	1.24	1.24	1128698	19205052.00
2012/05/25	1.25	1.28	1.24	1.25	1033003	17588312.00
2012/05/28	1.25	1.25	1.14	1.19	1926349	30794682.00
2012/05/29	1.18	1.21	1.18	1.20	1036569	16860072.00
2012/05/30	1.20	1.23	1.19	1.22	1286252	21091734.00
2012/05/31	1.20	1.30	1.20	1.27	2301692	39084560.00
2012/06/01	1.27	1.30	1.25	1.28	1615228	27610002.00
2012/06/04	1.25	1.26	1.21	1.21	1331010	22291738.00
2012/06/05	1.21	1.23	1.19	1.19	841067	13668645.00
2012/06/06	1.20	1.21	1.19	1.20	515101	8372215.50
2012/06/07	1.22	1.22	1.17	1.17	728817	11809820.00
2012/06/08	1.19	1.19	1.17	1.18	517918	8315760.00
2012/06/11	1.18	1.23	1.17	1.22	726242	11894621.00
2012/06/12	1.22	1.22	1.19	1.21	675516	11072292.00
2012/06/13	1.22	1.26	1.21	1.25	1396171	23466256.00
2012/06/14	1.24	1.27	1.23	1.25	1440281	24345152.00
2012/06/15	1.25	1.26	1.21	1.23	1540265	25643242.00
2012/06/18	1.23	1.30	1.23	1.29	3753532	64293760.00
2012/06/19	1.28	1.30	1.26	1.27	2347469	40309912.00
2012/06/20	1.28	1.35	1.27	1.31	4097350	72022368.00
2012/06/21	1.30	1.31	1.24	1.28	2462654	42193352.00
2012/06/25	1.26	1.27	1.23	1.24	1347000	22714860.00
2012/06/26	1.23	1.24	1.19	1.24	1373468	22648128.00
2012/06/27	1.24	1.32	1.23	1.29	3078530	53151436.00
2012/06/28	1.29	1.36	1.27	1.31	4457810	79076056.00
2012/06/29	1.30	1.39	1.28	1.37	4087503	74005864.00
2012/07/02	1.38	1.39	1.35	1.37	3891445	71158808.00
2012/07/03	1.37	1.41	1.35	1.38	3275610	60264852.00
2012/07/04	1.38	1.39	1.32	1.32	3003764	54153464.00
2012/07/05	1.32	1.32	1.28	1.30	2576205	44768836.00
2012/07/06	1.30	1.34	1.27	1.33	2563618	44978816.00
2012/07/09	1.32	1.33	1.26	1.26	2056791	35798228.00
2012/07/10	1.24	1.24	1.14	1.16	2904570	46870240.00
2012/07/11	1.16	1.17	1.14	1.16	1173558	18453716.00
2012/07/12	1.16	1.20	1.15	1.19	1628376	25998504.00
2012/07/13	1.19	1.19	1.08	1.08	2859124	44174892.00
2012/07/16	1.07	1.07	0.95	0.96	2808510	39112144.00
2012/07/17	0.96	0.98	0.94	0.97	1323260	17800778.00
2012/07/18	0.96	0.97	0.93	0.97	1239731	16472796.00
2012/07/19	0.97	1.01	0.96	0.99	1715105	23678088.00
2012/07/20	1.00	1.00	0.98	0.99	904468	12400430.00
2012/07/23	0.97	1.00	0.95	0.99	675336	9231524.00
2012/07/24	0.98	1.01	0.97	1.00	711594	9852180.00
2012/07/25	1.01	1.04	0.99	1.01	1299730	18361090.00
2012/07/26	1.01	1.02	0.99	0.99	886145	12300397.00
2012/07/27	0.99	1.00	0.98	0.99	647172	8881064.00
2012/07/30	1.00	1.00	0.95	0.95	746971	10084315.00
2012/07/31	0.95	0.96	0.93	0.93	620994	8147159.50
2012/08/01	0.94	0.98	0.93	0.96	677273	9093283.00
2012/08/02	0.96	0.97	0.95	0.96	343916	4609699.00
2012/08/03	0.96	1.00	0.96	0.99	754317	10341193.00
2012/08/06	0.98	1.03	0.98	1.02	1030516	14401631.00
2012/08/07	1.02	1.04	1.01	1.03	1020939	14509135.00
2012/08/08	1.03	1.04	1.00	1.02	802513	11294124.00
2012/08/09	1.02	1.05	1.00	1.04	1364013	19424862.00
2012/08/10	1.04	1.04	1.02	1.02	852531	12121629.00
2012/08/13	1.01	1.01	0.97	0.97	1453948	20044712.00
2012/08/14	0.97	0.99	0.95	0.98	853908	11507855.00
2012/08/15	0.98	0.98	0.96	0.96	695904	9368831.00
2012/08/16	0.96	0.97	0.95	0.96	366512	4921943.00
2012/08/17	0.96	0.99	0.96	0.98	1025185	13958857.00
2012/08/20	0.98	1.00	0.97	0.99	858518	11730706.00
2012/08/21	1.00	1.04	0.98	1.02	1714154	24136388.00
2012/08/22	1.03	1.05	1.01	1.02	1464497	20778704.00
2012/08/23	1.01	1.05	1.01	1.05	1542758	21954260.00
2012/08/24	1.04	1.05	1.01	1.01	1371067	19447254.00
2012/08/27	1.00	1.00	0.97	0.97	682772	9333209.00
2012/08/28	0.97	1.00	0.97	1.00	588644	8087458.50
2012/08/29	1.00	1.04	0.99	1.02	1481804	21052128.00
2012/08/30	1.02	1.03	0.95	0.99	1445536	19906790.00
2012/08/31	0.98	1.00	0.97	0.99	527940	7234016.50
2012/09/03	0.98	1.02	0.98	1.01	699422	9723204.00
2012/09/04	1.01	1.04	1.01	1.02	1308830	18606242.00
2012/09/05	1.00	1.07	0.99	1.05	2070825	29820784.00
2012/09/06	1.06	1.08	1.05	1.07	2365339	34732248.00
2012/09/07	1.08	1.11	1.07	1.09	3109126	46455584.00
2012/09/10	1.10	1.13	1.09	1.09	1688975	25469154.00
2012/09/11	1.10	1.10	1.07	1.08	1211300	18006072.00
2012/09/12	1.10	1.11	1.06	1.08	1219731	18116376.00
2012/09/13	1.09	1.09	1.06	1.06	1224474	18130026.00
2012/09/14	1.07	1.08	1.03	1.06	1199906	17441816.00
2012/09/17	1.05	1.07	1.01	1.02	880337	12656323.00
2012/09/18	1.02	1.03	1.01	1.02	506623	7171698.50
2012/09/19	1.02	1.04	1.02	1.04	769304	10920824.00
2012/09/20	1.03	1.03	0.94	0.95	1733502	23429456.00
2012/09/21	0.95	0.95	0.92	0.92	837200	11026128.00
2012/09/24	0.91	0.93	0.90	0.92	632608	8127738.50
2012/09/25	0.92	0.93	0.91	0.92	426838	5524963.50
2012/09/26	0.92	0.92	0.87	0.88	736886	9238162.00
2012/09/27	0.88	0.91	0.87	0.90	547113	6896047.00
2012/09/28	0.89	0.93	0.89	0.92	693690	8948463.00
2012/10/08	0.93	0.93	0.91	0.92	334003	4310215.50
2012/10/09	0.91	0.95	0.91	0.95	656016	8678850.00
2012/10/10	0.95	0.96	0.95	0.96	534429	7132081.50
2012/10/11	0.95	0.96	0.93	0.93	579860	7651490.00
2012/10/12	0.94	0.95	0.92	0.94	605623	7961365.50
2012/10/15	0.94	0.94	0.90	0.91	601052	7705860.50
2012/10/16	0.91	0.93	0.90	0.91	249421	3213911.00
2012/10/17	0.92	0.93	0.91	0.92	409270	5279550.50
2012/10/18	0.92	0.99	0.92	0.96	1414558	19011486.00
2012/10/19	0.97	0.97	0.95	0.96	497810	6664142.50
2012/10/22	0.95	0.97	0.94	0.97	424491	5679324.00
2012/10/23	0.97	0.98	0.95	0.95	638085	8555881.00
2012/10/24	0.93	1.01	0.93	0.97	1137292	15416674.00
2012/10/25	0.97	0.98	0.95	0.95	438544	5880455.00
2012/10/26	0.96	0.96	0.91	0.93	588622	7652659.00
2012/10/29	0.93	0.93	0.92	0.92	256500	3334128.75
2012/10/30	0.92	0.94	0.92	0.92	204889	2668089.00
2012/10/31	0.93	0.93	0.91	0.93	235863	3060962.00
2012/11/01	0.93	0.96	0.93	0.96	531206	7039979.00
2012/11/02	0.96	0.96	0.94	0.95	427549	5681697.00
2012/11/05	0.95	0.96	0.94	0.95	315513	4177806.75
2012/11/06	0.95	0.95	0.91	0.93	439453	5716886.50
2012/11/07	0.92	0.94	0.92	0.93	230406	2999055.75
2012/11/08	0.92	0.92	0.90	0.90	263150	3380398.50
2012/11/09	0.91	0.91	0.88	0.88	553962	6937858.00
2012/11/12	0.89	0.90	0.88	0.89	273517	3424078.50
2012/11/13	0.88	0.88	0.87	0.87	340903	4209734.00
2012/11/14	0.87	0.88	0.86	0.87	404759	4954689.50
2012/11/15	0.86	0.87	0.84	0.85	255107	3108389.25
2012/11/16	0.83	0.85	0.77	0.83	387678	4546378.00
2012/11/19	0.81	0.84	0.81	0.84	251701	2973150.50
2012/11/20	0.84	0.86	0.83	0.83	295853	3537138.00
2012/11/21	0.83	0.85	0.82	0.85	291909	3478816.25
2012/11/22	0.85	0.85	0.84	0.85	188351	2260381.00
2012/11/23	0.83	0.86	0.83	0.86	454669	5497876.00
2012/11/26	0.86	0.86	0.84	0.85	217213	2628327.00
2012/11/27	0.83	0.84	0.79	0.81	377690	4385910.00
2012/11/28	0.81	0.82	0.78	0.80	284323	3229692.25
2012/11/29	0.78	0.81	0.76	0.78	252700	2848905.50
2012/11/30	0.76	0.80	0.76	0.79	301055	3387697.75
2012/12/03	0.79	0.80	0.77	0.77	503709	5628191.00
2012/12/04	0.76	0.77	0.73	0.76	798757	8662475.00
2012/12/05	0.76	0.80	0.68	0.79	786016	8844355.00
2012/12/06	0.78	0.79	0.77	0.77	374903	4201490.00
2012/12/07	0.77	0.80	0.77	0.79	493382	5577168.00
2012/12/10	0.80	0.82	0.80	0.82	711055	8269243.00
2012/12/11	0.82	0.83	0.80	0.81	498229	5837617.50
2012/12/12	0.80	0.82	0.80	0.82	563654	6528035.00
2012/12/13	0.81	0.81	0.78	0.78	388737	4444198.50
2012/12/14	0.78	0.83	0.78	0.82	685611	7983450.50
2012/12/17	0.83	0.85	0.82	0.84	989531	11796121.00
2012/12/18	0.85	0.85	0.83	0.83	605329	7235471.50
2012/12/19	0.84	0.84	0.82	0.84	382292	4552797.00
2012/12/20	0.85	0.87	0.84	0.86	1074109	13064950.00
2012/12/21	0.87	0.91	0.86	0.90	1717988	21463588.00
2012/12/24	0.90	0.94	0.90	0.92	1460893	18839864.00
2012/12/25	0.92	0.95	0.92	0.95	1768335	23173648.00
2012/12/26	0.96	1.06	0.96	1.03	2924475	41279188.00
2012/12/27	1.03	1.08	0.99	0.99	2676919	38119088.00
2012/12/28	0.98	1.05	0.98	1.04	2260798	31827754.00
2012/12/31	1.16	1.16	1.12	1.16	5534478	86944520.00
2013/01/04	1.17	1.22	1.14	1.17	7257549	115837264.00
2013/01/07	1.15	1.16	1.12	1.15	3010389	46922948.00
2013/01/08	1.16	1.22	1.16	1.17	3818199	61608684.00
2013/01/09	1.14	1.19	1.12	1.16	3023753	47327052.00
2013/01/10	1.16	1.20	1.15	1.16	2200040	35001704.00
2013/01/11	1.15	1.16	1.12	1.13	2927283	45429816.00
2013/01/14	1.14	1.19	1.12	1.17	3002529	47575564.00
2013/01/15	1.16	1.20	1.15	1.18	2698702	43022008.00
2013/01/16	1.17	1.26	1.15	1.26	4755149	77535208.00
2013/01/17	1.23	1.23	1.17	1.17	2916084	47476060.00
2013/01/18	1.16	1.18	1.13	1.15	2120325	33265930.00
2013/01/21	1.17	1.18	1.14	1.15	1314244	20789200.00
2013/01/22	1.15	1.16	1.13	1.16	1638583	25612416.00
2013/01/23	1.16	1.16	1.08	1.11	1834268	27963512.00
2013/01/24	1.11	1.12	1.03	1.04	2237311	33040366.00
2013/01/25	1.04	1.06	1.04	1.04	902406	13013088.00
2013/01/28	1.05	1.08	1.05	1.08	1001587	14655330.00
2013/01/29	1.08	1.10	1.07	1.07	982815	14606779.00
2013/01/30	1.08	1.08	1.04	1.06	962661	14026309.00
2013/01/31	1.06	1.06	1.02	1.03	1215563	17307662.00
2013/02/01	1.03	1.05	1.02	1.04	974530	13946796.00
2013/02/04	1.05	1.05	1.01	1.02	836195	11845799.00
2013/02/05	1.02	1.04	1.01	1.03	881173	12546161.00
2013/02/06	1.04	1.07	1.04	1.06	949251	13858906.00
2013/02/07	1.07	1.09	1.05	1.07	795653	11723441.00
2013/02/08	1.07	1.09	1.06	1.08	840478	12436513.00
2013/02/18	1.09	1.11	1.08	1.10	1281006	19262266.00
2013/02/19	1.11	1.11	1.04	1.05	1103311	16231198.00
2013/02/20	1.05	1.08	1.04	1.07	789794	11538258.00
2013/02/21	1.07	1.07	1.04	1.04	929070	13457618.00
2013/02/22	1.05	1.07	1.05	1.05	674060	9820327.00
2013/02/25	1.05	1.07	1.05	1.07	722788	10555429.00
2013/02/26	1.07	1.11	1.06	1.07	1128496	16800550.00
2013/02/27	1.07	1.10	1.06	1.08	978953	14467499.00
2013/02/28	1.08	1.14	1.07	1.14	2747724	41917356.00
2013/03/01	1.14	1.14	1.12	1.14	1516635	23383122.00
2013/03/04	1.12	1.13	1.07	1.08	1602658	24202658.00
2013/03/05	1.08	1.10	1.05	1.10	966811	14362415.00
2013/03/06	1.09	1.14	1.09	1.13	1405556	21662176.00
2013/03/07	1.13	1.15	1.09	1.10	1406255	21584036.00
2013/03/08	1.10	1.12	1.10	1.11	700808	10601919.00
2013/03/11	1.10	1.13	1.10	1.11	450953	6875373.50
2013/03/12	1.11	1.14	1.02	1.04	1890879	27919472.00
2013/03/13	1.03	1.03	0.99	0.99	1315599	18276986.00
2013/03/14	0.99	1.01	0.99	0.99	479700	6636926.00
2013/03/15	1.00	1.03	0.98	1.00	733385	10270631.00
2013/03/18	1.00	1.01	0.97	0.98	475168	6549426.00
2013/03/19	0.98	0.99	0.95	0.99	692423	9395345.00
2013/03/20	0.99	1.03	0.99	1.03	843372	11806757.00
2013/03/21	1.03	1.04	1.02	1.03	687655	9815309.00
2013/03/22	1.03	1.04	1.02	1.03	745508	10590238.00
2013/03/25	1.03	1.03	1.02	1.02	417911	5921598.00
2013/03/26	1.02	1.03	0.99	1.00	506785	7039003.00
2013/03/27	1.01	1.02	1.00	1.01	468936	6546659.50
2013/03/28	0.99	0.99	0.97	0.97	639438	8708844.00
2013/03/29	0.96	0.99	0.96	0.97	263996	3596004.50
2013/04/01	0.98	0.99	0.96	0.98	268457	3649097.25
2013/04/02	0.98	1.00	0.96	0.96	456913	6217587.50
2013/04/03	0.96	0.97	0.93	0.94	509863	6732039.50
2013/04/08	0.91	0.91	0.88	0.91	718475	9073859.00
2013/04/09	0.91	0.91	0.90	0.91	341799	4365387.50
2013/04/12	1.01	1.02	0.95	0.95	1592230	21722802.00
2013/04/15	0.93	0.93	0.90	0.91	469349	6067124.50
2013/04/16	0.90	0.93	0.89	0.93	466361	6005324.50
2013/04/17	0.94	0.94	0.92	0.94	233738	3054483.00
2013/04/18	0.93	0.96	0.92	0.96	480876	6341427.00
2013/04/19	0.97	1.00	0.97	0.99	955229	13101666.00
2013/04/22	0.98	1.02	0.98	1.02	1015568	14195441.00
2013/04/23	1.01	1.10	1.01	1.05	2385569	34763948.00
2013/04/24	1.04	1.09	1.03	1.09	1856006	27256434.00
2013/04/25	1.10	1.20	1.10	1.14	4776950	75168000.00
2013/04/26	1.15	1.18	1.13	1.13	2562592	40422032.00
2013/05/02	1.13	1.14	1.09	1.13	1669633	25373448.00
2013/05/03	1.12	1.18	1.11	1.16	1791758	28382386.00
2013/05/06	1.16	1.26	1.15	1.24	2469174	40818088.00
2013/05/07	1.23	1.27	1.21	1.23	1128810	18888048.00
2013/05/08	1.24	1.26	1.22	1.26	1226731	20621918.00
2013/05/09	1.25	1.26	1.19	1.26	1189408	19804480.00
2013/05/10	1.24	1.26	1.20	1.22	750313	12423869.00
2013/05/13	1.21	1.28	1.20	1.25	980536	16346240.00
2013/05/14	1.26	1.26	1.19	1.20	1026794	16858498.00
2013/05/15	1.20	1.29	1.18	1.27	1321237	22340398.00
2013/05/16	1.28	1.32	1.23	1.25	1789718	30723380.00
2013/05/17	1.26	1.39	1.22	1.39	3859774	69181608.00
2013/05/20	1.40	1.48	1.35	1.47	7719077	95498784.00
2013/05/21	1.42	1.52	1.42	1.48	5301934	68376896.00
2013/05/22	1.45	1.47	1.36	1.37	3711686	46039300.00
2013/05/23	1.36	1.38	1.33	1.34	2576962	30762066.00
2013/05/24	1.34	1.46	1.34	1.43	3587187	44651336.00
2013/05/27	1.46	1.46	1.39	1.40	2313654	28893570.00
2013/05/28	1.38	1.41	1.31	1.33	2093026	24967748.00
2013/05/29	1.33	1.36	1.32	1.34	1943825	23016622.00
2013/05/30	1.33	1.35	1.30	1.32	2785507	32681850.00
2013/05/31	1.33	1.34	1.30	1.31	1936690	22684516.00
2013/06/03	1.30	1.32	1.27	1.27	1513061	17255378.00
2013/06/04	1.27	1.28	1.23	1.24	1558148	17356786.00
2013/06/05	1.24	1.28	1.24	1.27	1108630	12401261.00
2013/06/06	1.26	1.27	1.21	1.21	1104846	12219663.00
2013/06/07	1.23	1.25	1.21	1.25	1108959	12260673.00
2013/06/13	1.25	1.26	1.18	1.25	1646430	18108678.00
2013/06/14	1.25	1.31	1.25	1.29	2048128	23475880.00
2013/06/17	1.28	1.34	1.27	1.31	2550096	29600914.00
2013/06/18	1.31	1.31	1.25	1.27	1664708	18805162.00
2013/06/19	1.26	1.28	1.23	1.27	1106603	12358650.00
2013/06/20	1.27	1.30	1.22	1.23	1306835	14711875.00
2013/06/21	1.20	1.27	1.17	1.25	1177371	12913495.00
2013/06/24	1.27	1.27	1.17	1.19	1249872	13582487.00
2013/06/25	1.17	1.21	1.06	1.19	1095440	11338860.00
2013/06/26	1.20	1.26	1.18	1.25	1307192	14367712.00
2013/06/27	1.25	1.33	1.24	1.30	3381748	38703848.00
2013/06/28	1.33	1.37	1.29	1.32	4513735	53175308.00
2013/07/01	1.31	1.38	1.26	1.38	4017506	47859484.00
2013/07/02	1.36	1.40	1.35	1.39	3633324	44240036.00
2013/07/03	1.37	1.42	1.36	1.39	2285697	27997400.00
2013/07/04	1.38	1.38	1.34	1.34	2698575	32523814.00
2013/07/05	1.31	1.36	1.26	1.27	1757120	20621324.00
2013/07/08	1.24	1.24	1.19	1.20	1565766	16936888.00
2013/07/09	1.18	1.22	1.18	1.20	628070	6755335.50
2013/07/10	1.21	1.24	1.20	1.24	747039	8167130.50
2013/07/11	1.24	1.29	1.23	1.28	895908	10078989.00
2013/07/12	1.29	1.38	1.29	1.33	2618236	31226852.00
2013/07/15	1.33	1.41	1.33	1.39	2452441	29700464.00
2013/07/16	1.42	1.43	1.38	1.40	1813862	22419430.00
2013/07/17	1.40	1.55	1.40	1.50	5403431	71229328.00
2013/07/18	1.49	1.66	1.47	1.60	5172674	71426264.00
2013/07/19	1.59	1.72	1.58	1.63	4235143	60929028.00
2013/07/22	1.60	1.69	1.58	1.66	2356399	33660600.00
2013/07/23	1.68	1.76	1.65	1.69	3534695	51809392.00
2013/07/24	1.75	1.77	1.69	1.75	2649781	39686072.00
2013/07/25	1.74	1.76	1.56	1.63	2809462	40218052.00
2013/07/26	1.73	1.81	1.67	1.81	6267202	96963464.00
2013/07/29	1.89	1.89	1.76	1.77	5873884	92595816.00
2013/07/30	1.78	1.96	1.78	1.96	5592497	92010048.00
2013/07/31	2.02	2.17	1.99	2.17	4508021	81050792.00
2013/08/01	2.31	2.40	2.28	2.40	5585826	112430936.00
2013/08/02	2.66	2.66	2.66	2.66	2464423	55203076.00
2013/08/05	2.89	2.91	2.62	2.67	15697687	367799200.00
2013/08/06	2.64	2.79	2.63	2.75	9703567	222003520.00
2013/08/07	2.73	2.87	2.63	2.63	10126620	233208640.00
2013/08/08	2.58	2.62	2.48	2.56	8724531	188242512.00
2013/08/09	2.52	2.57	2.43	2.50	4989340	105595952.00
2013/08/12	2.48	2.52	2.33	2.44	5836496	118736832.00
2013/08/13	2.42	2.51	2.40	2.48	4887927	102129096.00
2013/08/14	2.46	2.51	2.36	2.47	5223174	108112440.00
2013/08/15	2.48	2.65	2.44	2.62	8801119	190534368.00
2013/08/16	2.58	2.64	2.34	2.35	6529177	138152816.00
2013/08/19	2.30	2.47	2.28	2.45	3537051	71882088.00
2013/08/20	2.42	2.70	2.41	2.65	9327112	208310496.00
2013/08/21	2.62	2.64	2.52	2.53	5843743	126620728.00
2013/08/22	2.52	2.64	2.48	2.60	5175617	111669448.00
2013/08/23	2.61	2.88	2.58	2.76	9516747	221946272.00
2013/08/26	2.72	2.82	2.64	2.76	5221293	119658304.00
2013/08/27	2.73	2.99	2.71	2.79	6036275	145006304.00
2013/08/28	2.74	2.79	2.65	2.69	4837183	110364176.00
2013/08/29	2.68	2.73	2.64	2.64	3273072	74097352.00
2013/08/30	2.61	2.72	2.41	2.41	5009683	108677864.00
2013/09/02	2.37	2.47	2.23	2.40	4057941	81468944.00
2013/09/03	2.40	2.47	2.36	2.46	3582450	73121104.00
2013/09/04	2.44	2.55	2.41	2.45	2943823	61362444.00
2013/09/05	2.43	2.54	2.36	2.47	4405032	91869160.00
2013/09/06	2.44	2.46	2.33	2.35	4859213	97686224.00
2013/09/09	2.35	2.38	2.20	2.25	5404184	103329864.00
2013/09/10	2.24	2.29	2.23	2.26	2663405	51007296.00
2013/09/11	2.25	2.25	2.10	2.13	3733741	68457304.00
2013/09/12	2.13	2.17	2.08	2.16	3115039	56744656.00
2013/09/13	2.17	2.35	2.13	2.32	6934075	133394280.00
2013/09/16	2.31	2.41	2.28	2.30	4006597	79954584.00
2013/09/17	2.30	2.31	2.15	2.15	2988845	56176308.00
2013/09/18	2.15	2.26	2.11	2.24	2807958	52369500.00
2013/09/23	2.23	2.29	2.19	2.27	2901517	55463316.00
2013/09/24	2.25	2.26	2.15	2.24	3339224	62667012.00
2013/09/25	2.24	2.26	2.19	2.19	2529275	47775832.00
2013/09/26	2.17	2.26	2.16	2.19	2349775	44385032.00
2013/11/22	2.43	2.43	2.37	2.43	3344054	68687144.00
2013/11/25	2.58	2.58	2.33	2.35	7543432	158686816.00
2013/11/26	2.27	2.38	2.27	2.31	2570260	50535604.00
2013/11/27	2.28	2.32	2.24	2.25	2452301	47461736.00
2013/11/28	2.26	2.30	2.23	2.26	1968934	37956148.00
2013/11/29	2.27	2.37	2.26	2.35	2921516	57917680.00
2013/12/02	2.23	2.23	2.10	2.10	2900976	52988344.00
2013/12/03	1.98	2.05	1.90	2.02	1830751	31051916.00
2013/12/04	2.02	2.05	1.97	1.98	1739102	30088998.00
2013/12/05	1.98	2.01	1.94	1.94	992391	16735615.00
2013/12/06	1.94	1.97	1.93	1.96	866251	14495992.00
2013/12/09	1.96	2.00	1.96	1.99	731371	12430573.00
2013/12/10	2.02	2.02	1.95	1.97	809562	13667578.00
2013/12/11	1.96	2.01	1.94	1.98	816100	13879949.00
2013/12/12	1.99	2.00	1.96	1.98	839082	14298934.00
2013/12/13	1.97	2.03	1.93	1.99	1565311	26615372.00
2013/12/16	1.99	1.99	1.94	1.95	743128	12493805.00
2013/12/17	1.96	1.96	1.90	1.90	1038206	17175824.00
2013/12/18	1.90	2.00	1.90	1.93	1067750	17837698.00
2013/12/19	1.93	1.96	1.88	1.88	1090605	17947294.00
2013/12/20	1.87	1.91	1.86	1.87	728088	11825090.00
2013/12/23	1.87	1.89	1.79	1.81	728567	11578844.00
2013/12/24	1.81	1.87	1.80	1.86	1345467	21386892.00
2013/12/25	1.86	1.98	1.85	1.96	2489748	40973280.00
2013/12/26	1.97	2.00	1.90	1.94	1391917	23290338.00
2013/12/27	1.90	2.00	1.89	1.97	1702853	28817192.00
2013/12/30	1.98	2.06	1.95	2.05	2012777	34836020.00
2013/12/31	2.06	2.08	2.00	2.03	2189031	38365664.00
2014/01/02	2.01	2.20	2.01	2.16	2759673	50034840.00
2014/01/03	2.15	2.22	2.08	2.11	2253386	41433416.00
2014/01/06	2.13	2.33	2.13	2.27	5388810	104344016.00
2014/01/07	2.21	2.31	2.16	2.31	2881978	54940656.00
2014/01/08	2.32	2.41	2.27	2.34	3964629	78673824.00
2014/01/09	2.39	2.47	2.19	2.21	3244572	64297720.00
2014/01/10	2.31	2.35	2.22	2.24	2992693	58219840.00
2014/01/13	2.22	2.35	2.18	2.33	3942507	76000696.00
2014/01/14	2.33	2.40	2.27	2.39	2843817	56781016.00
2014/01/15	2.38	2.59	2.35	2.43	3541743	74253264.00
2014/01/16	2.46	2.59	2.42	2.46	3003919	63542624.00
2014/01/17	2.39	2.58	2.37	2.49	2499725	52745308.00
2014/01/20	2.51	2.63	2.48	2.58	3405126	74008888.00
2014/01/21	2.53	2.73	2.53	2.70	3754705	83083824.00
2014/01/22	2.76	2.90	2.70	2.76	5411311	127475520.00
2014/01/23	2.77	2.85	2.73	2.82	2567960	60710288.00
2014/01/24	2.80	2.84	2.72	2.74	3444733	79500008.00
2014/01/27	2.73	2.75	2.56	2.72	3660918	82960720.00
2014/01/28	2.69	2.74	2.61	2.65	1911090	43051244.00
2014/01/29	2.64	2.83	2.64	2.81	2328689	53972452.00
2014/01/30	2.77	2.86	2.71	2.71	1387344	32589034.00
2014/02/07	2.70	2.78	2.64	2.77	2082998	47968244.00
2014/02/10	2.78	2.89	2.78	2.85	2471779	59157468.00
2014/02/11	2.84	2.88	2.72	2.76	2332104	54684652.00
2014/02/12	2.76	2.76	2.62	2.71	2610625	58826048.00
2014/02/13	2.70	2.71	2.54	2.55	2028123	45053592.00
2014/02/14	2.54	2.63	2.48	2.63	1779723	38766528.00
2014/02/17	2.63	2.68	2.61	2.63	2080725	46191320.00
2014/02/18	2.66	2.71	2.58	2.68	2373893	52802016.00
2014/02/19	2.66	2.71	2.58	2.61	1698132	37438944.00
2014/02/28	2.33	2.50	2.33	2.44	1974122	40614052.00
2014/03/03	2.51	2.51	2.36	2.42	1650485	34097368.00
2014/03/04	2.42	2.47	2.38	2.46	961861	19873940.00
2014/03/05	2.46	2.52	2.44	2.47	907281	18967866.00
2014/03/06	2.42	2.50	2.42	2.46	1025121	21436264.00
2014/03/07	2.46	2.52	2.44	2.45	1033383	21735002.00
2014/03/10	2.47	2.58	2.44	2.56	2423520	51791852.00
2014/03/11	2.52	2.57	2.45	2.48	1385655	29620140.00
2014/03/12	2.46	2.46	2.32	2.32	1670244	33690912.00
2014/03/13	2.33	2.43	2.32	2.40	1008814	20465616.00
2014/03/14	2.36	2.56	2.36	2.50	1480044	31314088.00
2014/03/17	2.44	2.71	2.44	2.69	2679357	59630908.00
2014/03/18	2.67	2.92	2.67	2.84	4289233	102120240.00
2014/03/19	2.84	2.98	2.75	2.79	5680747	135279088.00
2014/03/20	2.79	2.90	2.73	2.73	4240591	100125736.00
2014/03/21	2.70	2.79	2.46	2.69	4024978	88296680.00
2014/03/24	2.66	2.75	2.58	2.63	2000733	44774516.00
2014/03/25	2.62	2.70	2.58	2.70	1440361	32068190.00
2014/03/26	2.70	2.98	2.70	2.98	4305637	104567360.00
2014/03/27	2.98	3.17	2.97	2.99	8366505	215058368.00
2014/03/28	2.97	3.10	2.87	3.10	5728726	143601408.00
2014/03/31	3.08	3.15	2.92	2.98	4605263	118054944.00
2014/04/01	2.92	3.29	2.89	3.29	4782883	126614312.00
2014/04/02	3.58	3.64	3.39	3.53	11734059	344480352.00
2014/04/03	3.48	3.63	3.43	3.50	8616726	252947904.00
2014/04/04	3.42	3.70	3.39	3.43	7395209	218141136.00
2014/04/08	3.34	3.58	3.26	3.58	6515565	185235552.00
2014/04/09	3.55	3.66	3.46	3.58	6121471	181789232.00
2014/04/10	3.61	3.91	3.51	3.52	8274632	253012432.00
2014/04/11	3.44	3.68	3.38	3.68	5401299	159553184.00
2014/04/14	3.66	3.88	3.62	3.73	4325568	135531168.00
2014/04/15	3.72	3.88	3.64	3.66	4361320	135404304.00
2014/04/16	3.59	4.04	3.55	4.04	6914111	218539344.00
2014/04/17	4.03	4.08	3.93	3.97	5136901	170449904.00
2014/04/18	4.00	4.07	3.89	3.98	3979464	131418816.00
2014/04/21	3.97	4.17	3.76	3.98	6812234	223153488.00
2014/04/22	3.89	4.00	3.63	3.81	4854388	154306304.00
2014/04/23	3.74	3.81	3.55	3.56	5246500	158880976.00
2014/04/24	3.56	3.93	3.53	3.90	5896936	183362224.00
2014/04/25	3.83	3.87	3.58	3.64	9290805	142566032.00
2014/04/28	3.58	3.60	3.26	3.26	8471734	118861936.00
2014/04/29	3.21	3.54	3.10	3.45	11072267	151778368.00
2014/04/30	3.38	3.41	3.30	3.30	6102680	84987792.00
2014/05/05	3.30	3.53	3.28	3.51	6798021	96570088.00
2014/05/06	3.48	3.80	3.47	3.66	10037293	151795824.00
2014/05/07	3.61	3.73	3.52	3.55	7409350	110591488.00
2014/05/08	3.50	3.59	3.36	3.38	7513248	108304912.00
2014/05/09	3.39	3.39	3.20	3.22	6444961	87684736.00
2014/05/12	3.28	3.37	3.18	3.36	7108214	96666056.00
2014/05/13	3.34	3.45	3.30	3.43	6434183	90292960.00
2014/05/14	3.43	3.67	3.38	3.60	10096912	148655040.00
2014/05/15	3.57	3.79	3.46	3.65	10402652	156439536.00
2014/05/16	3.66	3.92	3.63	3.88	10860298	171607536.00
2014/05/19	3.82	4.03	3.74	3.95	8866819	142871536.00
2014/05/20	3.94	4.07	3.80	3.83	8841890	143419168.00
2014/05/21	3.84	3.94	3.69	3.94	6882426	108887488.00
2014/05/22	3.93	4.09	3.89	3.96	7447369	122864552.00
2014/05/23	3.92	3.98	3.84	3.93	6700142	107658176.00
2014/05/26	3.94	4.23	3.88	4.20	9672854	160825968.00
2014/05/27	4.17	4.30	4.12	4.28	9858326	171315136.00
2014/05/28	4.25	4.33	4.16	4.20	8292589	144358048.00
2014/05/29	4.15	4.20	3.87	3.97	10961230	182978720.00
2014/05/30	3.96	4.05	3.84	3.91	10719148	173995392.00
2014/06/03	3.88	3.97	3.77	3.77	9580864	153049696.00
2014/06/04	3.77	3.87	3.55	3.80	12144492	185845856.00
2014/06/05	3.78	3.95	3.71	3.90	9866599	156632480.00
2014/06/06	3.91	3.97	3.86	3.91	6167049	99399032.00
2014/06/09	3.93	3.97	3.70	3.70	5336290	84181200.00
2014/06/10	3.70	3.85	3.58	3.75	5420710	83622512.00
2014/06/11	3.72	3.84	3.70	3.74	4187956	65291344.00
2014/06/12	3.73	3.96	3.70	3.91	7432249	118686000.00
2014/06/13	3.93	3.98	3.88	3.89	4822204	77980576.00
2014/06/16	3.90	3.97	3.88	3.95	4578720	74173000.00
2014/06/17	3.95	3.95	3.80	3.80	4594183	72967560.00
2014/06/18	3.78	3.86	3.74	3.78	3040472	47665464.00
2014/06/19	3.75	3.79	3.53	3.60	5023686	75257096.00
2014/06/20	3.60	3.63	3.54	3.59	2281318	33819988.00
2014/06/23	3.59	3.83	3.59	3.72	2724916	42236496.00
2014/06/24	3.74	3.82	3.73	3.79	2052217	32013304.00
2014/06/25	3.80	3.80	3.66	3.70	2002137	30682928.00
2014/06/26	3.70	3.84	3.70	3.83	3844864	60511708.00
2014/06/27	3.83	3.93	3.79	3.85	3790581	60613040.00
2014/06/30	3.85	4.04	3.80	4.02	5532143	90294536.00
2014/07/01	4.02	4.10	3.99	4.00	4183167	69802640.00
2014/07/02	4.00	4.34	4.00	4.19	6917175	119520256.00
2014/07/03	4.20	4.26	4.10	4.12	4312299	74128152.00
2014/07/04	4.14	4.20	4.03	4.04	4763428	80274608.00
2014/07/07	4.04	4.17	3.91	4.16	4718228	78152472.00
2014/07/08	4.18	4.22	4.08	4.14	3626902	61775080.00
2014/07/09	4.14	4.17	4.05	4.10	3263009	55302800.00
2014/07/10	4.12	4.14	3.89	3.91	4143227	68418016.00
2014/07/11	3.91	4.00	3.88	3.94	2724718	44304956.00
2014/07/14	3.92	3.98	3.91	3.97	2367859	38517572.00
2014/07/15	4.11	4.30	4.11	4.14	7320473	126192120.00
2014/07/16	4.10	4.20	4.01	4.03	2767475	46580972.00
2014/07/17	3.99	4.15	3.96	4.07	2591594	43423568.00
2014/07/18	4.05	4.25	4.01	4.22	5278726	91040280.00
2014/07/21	4.22	4.65	4.18	4.65	11467524	210555680.00
2014/07/22	4.70	5.03	4.63	4.89	14567670	287744128.00
2014/07/23	4.89	4.95	4.63	4.73	10393413	203757296.00
2014/07/24	4.68	4.71	4.50	4.53	7294148	137654000.00
2014/07/25	4.55	4.75	4.46	4.57	6964479	132201872.00
2014/07/28	4.55	4.63	4.40	4.63	6596567	122088080.00
2014/07/29	4.58	4.74	4.56	4.62	5925393	113273880.00
2014/07/30	4.62	4.93	4.55	4.84	8887765	173632208.00
2014/07/31	4.81	4.86	4.74	4.78	4296706	84321448.00
2014/08/01	4.74	4.87	4.58	4.58	5130578	99596880.00
2014/08/04	4.57	4.65	4.50	4.57	3545351	66358404.00
2014/08/05	4.59	4.80	4.53	4.78	4817217	92794104.00
2014/08/06	4.78	4.80	4.66	4.74	3491189	67661128.00
2014/08/07	4.74	5.11	4.70	4.97	9101946	185805824.00
2014/08/08	4.98	5.20	4.93	5.04	6305776	131114008.00
2014/08/11	5.08	5.17	4.97	5.04	4838319	100166808.00
2014/08/12	5.03	5.11	4.98	5.07	3214063	66550256.00
2014/08/13	5.08	5.10	4.86	4.95	4824111	97814760.00
2014/08/14	4.98	5.00	4.88	4.91	2418028	49014960.00
2014/08/15	4.91	5.22	4.91	5.19	5854013	122464088.00
2014/08/18	5.21	5.43	5.20	5.33	6053355	132265888.00
2014/08/19	5.35	5.41	5.22	5.36	3400307	73792792.00
2014/08/20	5.33	5.60	5.33	5.56	5637819	127066528.00
2014/08/21	5.65	6.10	5.58	5.99	8744658	209111552.00
2014/08/22	5.99	6.06	5.78	5.89	6091884	146719472.00
2014/08/25	5.83	6.19	5.83	6.02	5440402	134739344.00
2014/08/26	6.03	6.15	5.88	6.00	4298287	105015960.00
2014/08/27	6.13	6.14	5.88	5.90	4340676	106822400.00
2014/08/28	5.88	5.88	5.50	5.55	7245384	167943616.00
2014/08/29	5.56	5.82	5.56	5.71	3643679	84673320.00
2014/09/01	5.68	5.88	5.68	5.76	3878491	91229744.00
2014/09/02	5.76	6.05	5.76	5.87	7196559	173485216.00
2014/09/03	5.87	5.95	5.74	5.84	4152553	98523920.00
2014/09/04	5.88	5.88	5.78	5.85	3858159	92057048.00
2014/09/05	5.83	5.86	5.71	5.80	3656634	86226656.00
2014/09/09	5.77	5.98	5.64	5.98	5810577	137906976.00
2014/09/10	5.99	6.41	5.90	6.27	8049328	204626112.00
2014/09/11	6.26	6.34	6.03	6.12	4640821	117329848.00
2014/09/12	6.14	6.17	6.05	6.17	1976138	49351332.00
2014/09/15	6.25	6.33	6.03	6.08	4306512	107858984.00
2014/09/16	6.05	6.05	5.75	5.79	5672129	136423968.00
2014/09/17	5.78	5.86	5.70	5.71	3921046	92265384.00
2014/09/18	5.78	5.90	5.68	5.81	3841365	90717152.00
2014/09/19	5.83	5.83	5.61	5.73	4376234	101876648.00
2014/09/22	5.69	5.69	5.27	5.34	9462368	209200320.00
2014/09/23	5.35	5.49	5.35	5.43	5129159	113774128.00
2014/09/24	5.43	5.59	5.38	5.58	4648292	105475656.00
2014/09/25	5.59	5.79	5.59	5.66	4759399	111222536.00
2014/09/26	5.68	5.68	5.47	5.56	3162821	71470880.00
2015/01/05	5.53	5.53	4.99	4.99	4723700	98535840.00
2015/01/06	4.48	5.20	4.48	4.87	13037913	259290176.00
2015/01/07	4.88	5.17	4.85	4.96	8832923	180829968.00
2015/01/08	5.00	5.47	4.94	5.47	6329229	134513120.00
2015/01/09	5.57	5.97	5.53	5.55	7635513	178489104.00
2015/01/12	5.50	5.70	5.33	5.40	3882628	87126256.00
2015/01/13	5.35	5.62	5.22	5.54	3759281	83698144.00
2015/01/14	5.53	5.59	5.35	5.40	2294989	50970580.00
2015/01/15	5.42	5.48	5.12	5.15	3585666	77127496.00
2015/01/16	5.15	5.37	5.14	5.21	3102884	66961904.00
2015/01/19	5.13	5.44	4.93	5.25	4140378	89290824.00
2015/01/20	5.21	5.47	5.21	5.43	5010117	109072256.00
2015/01/21	5.48	5.61	5.38	5.61	5039852	113818256.00
2015/01/22	5.70	5.87	5.59	5.63	4989111	116227848.00
2015/01/23	5.60	5.61	5.41	5.42	5172708	115671632.00
2015/01/26	5.42	5.52	5.31	5.49	4676238	103032432.00
2015/01/27	5.49	5.53	5.36	5.45	3475014	77387840.00
2015/01/28	5.43	5.62	5.38	5.59	4985627	113004888.00
2015/01/29	5.57	5.82	5.49	5.67	5333419	124596736.00
2015/01/30	5.66	5.70	5.48	5.49	2556295	58040592.00
2015/02/02	5.41	5.58	5.39	5.41	2478139	55462152.00
2015/02/03	5.43	5.59	5.40	5.52	3051980	68547488.00
2015/02/04	5.55	5.70	5.51	5.59	4654113	107224800.00
2015/02/05	5.59	5.80	5.59	5.71	5908962	137115520.00
2015/02/06	5.71	5.82	5.50	5.56	4915440	114407576.00
2015/02/09	5.48	5.57	5.30	5.34	4098028	90685176.00
2015/02/10	5.34	5.42	5.29	5.31	2649709	57980956.00
2015/02/11	5.32	5.42	5.22	5.30	2759905	60023728.00
2015/02/12	5.30	5.36	5.16	5.23	4659628	99765064.00
2015/02/13	5.48	5.76	5.43	5.76	4893554	112555560.00
2015/02/16	5.95	6.20	5.77	6.13	9719597	237601424.00
2015/02/17	6.16	6.20	6.01	6.15	5972273	149098400.00
2015/02/25	6.16	6.58	6.10	6.32	5256281	137135200.00
2015/02/26	6.45	6.50	6.17	6.28	4678702	121283720.00
2015/02/27	6.24	6.42	6.02	6.38	7789310	197358560.00
2015/03/02	6.37	6.47	6.28	6.35	5020544	130700824.00
2015/03/03	6.37	6.37	6.13	6.18	4851510	123112408.00
2015/03/04	6.17	6.25	6.13	6.18	3938297	99387336.00
2015/03/05	6.19	6.37	6.18	6.36	5304950	135657120.00
2015/03/06	6.38	6.44	6.12	6.12	4396614	111246272.00
2015/03/09	6.04	6.16	6.03	6.10	3354371	83707032.00
2015/03/10	6.10	6.30	6.10	6.23	3357968	85214584.00
2015/03/11	6.13	6.23	5.96	6.12	3614651	90088152.00
2015/03/12	6.30	6.68	6.15	6.20	5054803	130783200.00
2015/03/13	6.23	6.32	6.07	6.24	3887180	98388704.00
2015/03/16	6.27	6.45	6.23	6.43	8093245	209280736.00
2015/03/17	6.41	7.09	6.41	7.05	15180868	424782016.00
2015/03/18	6.91	7.03	6.79	7.00	6877306	193860352.00
2015/03/19	7.00	7.00	6.76	6.91	6259146	175111968.00
2015/03/20	6.92	7.23	6.86	7.10	6455082	185016480.00
2015/03/23	7.20	7.62	7.03	7.56	7345219	217543232.00
2015/03/24	7.54	7.55	7.24	7.52	7211803	217171952.00
2015/03/25	7.54	8.07	7.38	7.98	8610896	270733440.00
2015/03/26	7.78	8.33	7.63	8.05	11010805	358252768.00
2015/03/27	7.98	8.30	7.85	7.93	4922605	161298240.00
2015/03/30	7.88	8.00	7.55	7.68	4696871	147447504.00
2015/03/31	7.64	7.87	7.55	7.73	4797833	150665360.00
2015/04/01	7.73	8.10	7.69	7.98	5269952	169448608.00
2015/04/02	7.98	8.08	7.90	8.06	4713133	152943296.00
2015/04/03	8.01	8.57	7.90	8.49	7464553	249171200.00
2015/04/07	8.60	8.61	8.30	8.39	7656769	261067024.00
2015/04/08	8.45	8.46	7.93	8.18	7036797	234273264.00
2015/04/09	8.25	8.25	7.53	7.88	6776904	214478768.00
2015/04/10	7.75	8.29	7.70	8.19	5431959	179233856.00
2015/04/13	8.35	8.52	8.25	8.45	6298109	214876576.00
2015/04/14	8.68	8.74	8.28	8.37	6420163	223424720.00
2015/04/15	8.24	8.25	7.52	7.57	9443899	298064448.00
2015/04/16	7.48	7.67	7.02	7.37	4800941	145496064.00
2015/04/17	7.37	7.60	7.27	7.36	5820048	175960096.00
2015/04/20	7.38	7.49	7.16	7.32	5660266	168950480.00
2015/04/21	7.35	7.70	7.18	7.70	5450806	166485312.00
2015/04/22	7.74	8.01	7.70	8.01	6187430	198583232.00
2015/04/23	7.94	8.20	7.83	7.85	6012203	196003296.00
2015/04/24	7.61	7.84	7.48	7.77	5241106	162807536.00
2015/04/27	7.80	8.02	7.69	7.77	4509394	143906928.00
2015/04/28	7.73	7.77	7.01	7.27	6711840	201180256.00
2015/04/29	7.26	7.47	7.17	7.27	5272619	156997872.00
2015/04/30	7.25	7.42	7.20	7.29	4710260	139980384.00
2015/05/04	7.22	7.42	7.15	7.37	3406236	101549440.00
2015/05/05	7.30	7.40	7.08	7.13	4146974	122022648.00
2015/05/06	7.19	7.44	7.19	7.21	4087184	121610192.00
2015/05/07	7.35	7.36	7.20	7.27	2605673	77225944.00
2015/05/20	8.01	8.01	8.01	8.01	256198	8331559.00
2015/05/21	8.82	8.82	8.82	8.82	364730	13046392.00
2015/05/22	9.71	9.71	9.71	9.71	284744	11204676.00
2015/05/25	10.13	10.70	9.35	10.55	17105135	700531008.00
2015/05/26	10.24	11.53	10.13	11.40	13193904	579919552.00
2015/05/27	11.65	12.49	10.90	12.10	27731870	644439296.00
2015/05/28	11.90	12.39	10.88	10.88	26662951	629816064.00
2015/05/29	10.91	11.35	10.19	10.78	16884623	370284064.00
2015/06/01	10.70	11.28	10.70	11.25	17766494	399155744.00
2015/06/02	11.26	12.35	11.13	12.20	19936074	473268256.00
2015/06/03	12.20	12.45	11.41	11.68	17572308	423755328.00
2015/06/04	11.65	12.15	10.50	11.45	14458864	334615808.00
2015/06/05	11.63	11.92	11.10	11.39	12434575	289617120.00
2015/06/08	11.40	11.53	10.56	10.68	13403996	293340960.00
2015/06/09	10.73	10.99	10.65	10.80	8025248	174685232.00
2015/06/10	10.81	11.49	10.60	11.16	11017516	246975552.00
2015/06/11	11.36	11.74	11.04	11.70	13928010	324007264.00
2015/06/12	11.71	12.88	11.71	12.88	21087291	531624576.00
2015/06/15	13.25	13.88	12.33	12.43	25239049	671622464.00
2015/06/16	12.30	12.30	11.51	11.65	13792439	328279136.00
2015/06/17	11.61	12.62	11.40	12.50	12111845	291430368.00
2015/06/18	12.68	12.69	11.70	11.83	9844352	244370432.00
2015/06/19	11.15	11.70	10.70	10.70	8451517	189584720.00
2015/06/23	10.65	11.35	10.44	11.23	9632950	212755920.00
2015/06/24	11.39	11.95	11.26	11.80	11689783	274879456.00
2015/06/25	11.83	11.83	10.90	11.04	7519382	172923792.00
2015/06/26	10.71	10.89	9.93	9.93	7190298	148733632.00
2015/06/29	10.35	10.36	8.93	8.93	10379720	194746160.00
2015/06/30	8.45	9.63	8.03	9.20	14801488	262831920.00
2015/07/01	9.10	9.58	8.30	8.35	14405375	268458080.00
2015/07/02	8.44	8.73	7.52	7.60	16940541	279417024.00
2015/07/03	7.43	8.11	6.92	7.61	15785106	238939440.00
2015/07/06	8.38	8.38	7.10	7.90	16791548	267096640.00
2015/07/07	7.54	7.87	7.13	7.63	17329083	259937376.00
2015/07/08	6.86	7.35	6.86	6.94	19528083	273183008.00
2015/07/13	7.65	7.65	7.65	7.65	185340	2870916.50
2015/07/14	8.42	8.42	8.42	8.42	223920	3815596.75
2015/07/15	9.27	9.27	8.40	8.41	20014291	358351840.00
2015/07/16	8.41	9.26	7.99	9.15	16140237	289261216.00
2015/07/17	9.40	10.08	9.16	10.03	12278983	242578880.00
2015/07/20	10.14	10.55	9.80	10.24	13966323	285983264.00
2015/07/21	9.94	10.51	9.90	10.17	9582737	198485968.00
2015/07/22	10.05	10.35	9.95	10.14	6692770	136944384.00
2015/07/23	10.01	10.50	10.01	10.45	8120636	170129952.00
2015/07/24	10.60	10.69	9.98	10.01	12556124	263704160.00
2015/10/26	11.02	11.02	10.60	11.02	12806801	284476384.00
2015/10/27	11.40	11.57	10.15	11.30	26893649	599509056.00
2015/10/28	11.24	11.25	10.49	10.74	12442598	273745536.00
2015/10/29	10.74	11.15	10.50	10.69	9928313	217589680.00
2015/10/30	10.57	11.03	10.35	10.74	7723547	167286736.00
2015/11/02	10.41	10.88	10.30	10.55	5955782	128477072.00
2015/11/03	10.55	10.68	10.28	10.30	3509481	73913584.00
2015/11/04	10.30	10.82	10.30	10.82	4745097	101506120.00
2015/11/05	10.89	10.89	10.32	10.40	9107123	193122448.00
2015/11/06	10.49	10.74	10.41	10.55	6710997	143540368.00
2015/11/09	10.55	10.80	10.42	10.70	9337258	199951104.00
2015/11/10	10.80	11.23	10.75	11.22	12387482	275115744.00
2015/11/11	11.10	11.13	10.81	11.03	9358565	206861920.00
2015/11/12	11.14	11.14	10.65	10.75	9492894	207717376.00
2015/11/13	10.52	10.69	10.15	10.32	7549558	158249200.00
2015/11/16	10.27	10.64	10.13	10.63	6798625	143006352.00
2015/11/17	10.76	10.90	10.18	10.22	10500363	223791392.00
2015/11/18	10.29	10.49	10.11	10.13	4756706	98457096.00
2015/11/19	10.15	10.65	10.15	10.64	7482907	158303856.00
2015/11/20	10.74	11.15	10.68	11.03	12241616	270195936.00
2015/11/23	11.08	12.14	11.08	11.78	22721228	541932352.00
2015/11/24	11.75	12.10	11.59	11.76	12377562	294099072.00
2015/11/25	11.78	12.15	11.76	11.91	9343483	224562816.00
2015/11/26	11.94	12.44	11.75	11.80	13308393	325425888.00
2015/11/27	11.68	11.87	10.77	10.82	12407411	281033632.00
2015/11/30	10.96	11.15	10.30	10.96	8681812	190704864.00
2015/12/01	11.05	11.05	10.53	10.60	5896985	127446912.00
2015/12/02	10.60	10.60	9.90	10.34	5868244	121351480.00
2015/12/03	10.34	10.51	10.30	10.51	4022637	84632536.00
2015/12/04	10.44	10.57	10.04	10.22	5105570	106397528.00
2015/12/07	10.50	10.65	10.41	10.55	5027855	106868296.00
2015/12/08	10.56	10.73	10.43	10.49	4964939	106321720.00
2015/12/09	10.34	10.54	10.13	10.23	4048083	84178272.00
2015/12/10	10.40	10.74	10.35	10.55	6588389	140734656.00
2015/12/11	10.51	11.29	10.48	11.05	9719118	214753344.00
2015/12/14	11.05	11.19	10.70	11.08	5726120	126528032.00
2015/12/15	11.04	11.53	11.01	11.39	7357428	168715280.00
2015/12/16	11.55	12.08	11.25	11.79	12284733	289527456.00
2015/12/17	11.98	12.20	11.68	12.01	11802333	284382080.00
2015/12/18	12.02	12.02	11.60	11.64	7483493	177200512.00
2015/12/21	11.50	11.70	11.28	11.54	6407303	148004976.00
2015/12/22	11.55	12.24	11.40	12.00	10837200	260515280.00
2015/12/23	12.02	12.04	11.64	11.71	4507387	107111728.00
2015/12/24	11.63	11.79	11.40	11.79	5735187	133478960.00
2015/12/25	11.93	12.33	11.89	11.99	8998079	219337920.00
2015/12/28	11.95	11.99	11.19	11.32	7378781	173022000.00
2015/12/29	11.45	11.53	11.10	11.46	5109514	116501840.00
2015/12/30	11.51	11.55	11.31	11.47	3375024	77970112.00
2015/12/31	11.56	12.52	11.46	12.40	18084876	441177120.00
2016/01/04	12.25	12.35	11.15	11.15	9783762	231148976.00
2016/01/05	10.13	11.34	10.11	10.74	9652955	210346624.00
2016/01/06	10.98	11.20	10.75	11.03	7432722	165067584.00
2016/01/07	10.80	10.83	9.92	9.93	1553114	32361252.00
2016/01/08	10.25	10.65	9.20	10.22	8825932	180912400.00
2016/01/11	9.95	9.96	9.19	9.19	10723969	204068256.00
2016/01/12	9.14	9.40	8.40	8.86	6260839	113774168.00
2016/01/13	8.91	9.18	8.00	8.11	6342588	111130976.00
2016/01/14	7.90	8.93	7.75	8.93	8404667	143552208.00
2016/01/15	8.85	9.08	8.30	8.55	6103565	108131176.00
2016/01/18	8.38	9.19	8.15	8.94	7497659	133713496.00
2016/01/19	8.96	9.79	8.90	9.64	9115631	172037904.00
2016/01/20	9.54	10.08	9.33	9.81	7741456	150758944.00
2016/01/21	9.50	10.04	9.25	9.26	6766019	131806992.00
2016/01/22	9.44	9.49	9.04	9.32	3405779	63869248.00
2016/01/25	9.44	9.86	9.35	9.59	4874452	94910136.00
2016/01/26	9.47	9.56	8.75	8.87	4871214	90203328.00
2016/01/27	8.87	9.00	8.03	8.64	7459558	129584600.00
2016/01/28	8.61	8.87	8.38	8.53	5024954	88173144.00
2016/01/29	8.44	9.19	8.40	9.01	5170634	92316232.00
2016/02/01	8.90	9.14	8.78	8.99	3500423	63707344.00
2016/02/02	9.00	9.63	8.84	9.53	5407993	102908440.00
2016/02/03	9.75	10.05	9.60	9.85	6541238	130110936.00
2016/02/04	9.84	10.44	9.84	10.25	6912386	141838848.00
2016/02/05	10.25	10.37	9.86	9.86	3130385	63627656.00
2016/02/15	9.43	10.05	9.41	9.83	4245889	83897408.00
2016/02/16	10.00	10.27	9.93	10.17	3829396	78590520.00
2016/02/17	10.25	10.57	10.11	10.55	5508869	115340856.00
2016/02/18	10.55	10.56	10.28	10.37	3827431	80495256.00
2016/02/19	10.23	10.50	10.20	10.25	3680302	76811760.00
2016/02/22	10.35	10.48	10.02	10.29	3749219	77374464.00
2016/02/23	10.25	10.55	10.10	10.32	4352630	91002800.00
2016/02/24	10.21	10.33	9.82	10.04	5754037	116431440.00
2016/02/25	9.91	10.03	9.03	9.03	5573999	105978968.00
2016/02/26	9.08	9.28	8.68	9.04	4217479	76698328.00
2016/02/29	9.05	9.19	8.21	8.50	5907894	101353384.00
2016/03/01	8.53	8.69	8.05	8.62	5580618	95254896.00
2016/03/02	8.65	9.13	8.48	9.05	5914416	105906912.00
2016/03/03	9.05	9.19	8.91	8.94	2872682	52583432.00
2016/03/04	9.00	9.00	8.41	8.61	3180126	55465496.00
2016/03/07	8.64	8.98	8.64	8.82	3625713	64563700.00
2016/03/08	8.78	8.80	8.30	8.73	5034173	87088328.00
2016/03/09	8.58	8.87	8.45	8.57	2525243	44212192.00
2016/03/10	8.56	8.69	8.46	8.54	1509136	26180498.00
2016/03/11	8.43	8.70	8.43	8.70	2377372	41310860.00
2016/03/14	8.78	9.26	8.78	9.10	4562076	84122088.00
2016/03/15	9.10	10.02	8.97	9.59	6633884	128270016.00
2016/03/16	9.67	9.80	9.28	9.51	5065441	97940912.00
2016/03/17	9.50	10.34	9.48	10.07	7287512	145328720.00
2016/03/18	10.48	11.05	10.47	10.84	14038516	305557024.00
2016/03/21	10.88	11.69	10.88	11.08	10056191	228315888.00
2016/03/22	11.03	11.58	10.85	11.19	7964047	180873152.00
2016/03/23	12.03	12.32	11.70	12.07	27683440	675507520.00
2016/03/24	11.80	12.29	11.50	11.51	22415983	535282368.00
2016/03/25	11.36	11.86	11.30	11.69	10372182	241022112.00
2016/03/28	11.78	12.08	11.34	11.41	10770622	254211200.00
2016/03/29	11.55	11.56	11.15	11.34	6788638	155666816.00
2016/03/30	11.40	11.83	11.35	11.77	9341532	219052144.00
2016/03/31	12.07	12.07	11.51	11.77	8927188	211685168.00
2016/04/01	11.84	11.84	11.31	11.34	5402840	124697056.00
2016/04/05	11.50	11.98	11.30	11.88	9386942	220574032.00
2016/04/06	11.78	12.50	11.76	12.34	12824706	316685664.00
2016/04/07	12.40	12.58	12.05	12.18	11880325	295704096.00
2016/04/08	11.98	12.04	11.49	11.86	9626399	229366528.00
2016/04/11	12.04	12.59	11.91	12.48	8951554	222685776.00
2016/04/12	12.32	12.80	12.15	12.28	8318481	209480336.00
2016/04/13	12.32	13.15	12.31	12.69	13868965	358357504.00
2016/04/14	12.85	12.90	11.95	12.20	14910237	369805728.00
2016/04/15	12.22	12.33	11.95	12.22	8420483	206618416.00
2016/04/18	12.10	12.30	11.85	12.18	5255326	128169096.00
2016/04/19	12.26	12.60	12.23	12.48	8610976	216075728.00
2016/04/20	12.48	12.88	11.33	11.79	11195845	272497152.00
2016/04/21	11.60	12.08	11.60	11.65	6924817	164357056.00
2016/04/22	11.64	11.93	11.51	11.92	4383282	103986576.00
2016/04/25	11.97	12.43	11.84	12.43	8987961	221185232.00
2016/04/26	12.30	12.68	12.07	12.34	6270941	154988832.00
2016/04/27	12.33	12.91	12.29	12.76	9587598	243599792.00
2016/04/28	12.69	12.75	12.19	12.69	6757127	169474672.00
2016/04/29	12.54	12.99	12.31	12.93	7795505	199078112.00
2016/05/03	12.81	14.15	12.73	13.93	15541529	425196032.00
2016/05/04	13.89	14.41	13.74	13.93	13062973	368110688.00
2016/05/05	13.77	14.04	13.77	13.93	7607975	212465328.00
2016/05/06	13.91	13.99	13.09	13.12	10962292	296021952.00
2016/05/09	12.94	13.68	12.60	13.49	11877060	312001312.00
2016/05/10	13.34	13.57	13.21	13.30	4684266	126001272.00
2016/05/11	13.30	14.08	13.30	13.37	11062470	307086688.00
2016/05/12	12.89	14.04	12.77	14.02	9111106	248517568.00
2016/05/13	13.92	14.49	13.64	14.04	8351775	236417728.00
2016/05/16	14.00	14.51	13.89	14.51	9955009	284487488.00
2016/05/17	14.38	14.68	13.95	13.99	7678509	220239232.00
2016/05/18	13.79	14.27	13.54	13.90	8441657	236270576.00
2016/05/19	13.88	14.06	13.52	13.60	6382349	177250608.00
2016/05/20	13.44	13.94	13.19	13.81	5785954	158233344.00
2016/05/23	13.84	14.18	13.76	13.89	4418902	124085208.00
2016/05/24	13.75	13.96	13.58	13.69	3504682	96582080.00
2016/05/25	13.79	14.02	13.64	13.94	3571550	99426216.00
2016/05/26	14.03	14.08	13.40	13.89	5033335	139045808.00
2016/05/27	13.89	14.65	13.75	14.43	10993210	316379136.00
2016/05/30	14.28	14.38	13.94	14.07	5694679	162216192.00
2016/05/31	14.09	15.03	14.04	14.85	8811328	260096368.00
2016/06/01	14.78	15.07	14.60	14.91	7062696	210514864.00
2016/06/02	15.00	16.40	14.87	16.40	14868324	472226944.00
2016/06/03	16.23	16.44	15.93	16.04	8702052	282449408.00
2016/06/06	16.12	16.74	15.99	16.21	6044118	198054320.00
2016/06/07	16.39	16.58	16.04	16.32	4666087	152191232.00
2016/06/08	16.34	16.57	15.89	15.95	5772046	186425840.00
2016/06/13	15.56	16.12	15.04	15.04	7079084	223442240.00
2016/06/14	15.09	16.34	15.06	16.29	8450842	266589472.00
2016/06/15	16.00	17.29	15.94	17.21	8093679	274521600.00
2016/06/16	17.09	17.42	16.88	16.97	5245368	179324128.00
2016/06/17	16.88	17.27	16.72	16.86	3812866	129809272.00
2016/06/20	16.93	17.44	16.91	17.19	5354349	184643568.00
2016/06/21	17.36	17.41	15.76	16.09	15929697	523816640.00
2016/06/22	15.94	16.33	15.63	16.22	5848488	187791088.00
2016/06/23	16.23	16.42	15.86	16.17	4779974	154549696.00
2016/06/24	16.20	16.50	15.54	16.34	7002172	227732208.00
2016/06/27	16.22	16.47	15.99	16.30	5615742	183535808.00
2016/06/28	16.34	16.63	16.11	16.44	5034163	165352432.00
2016/06/29	16.54	16.62	15.87	15.89	8680372	280646080.00
2016/06/30	15.91	16.27	15.54	15.77	7668066	244008112.00
2016/07/01	15.68	15.74	15.13	15.35	12626785	389609248.00
2016/07/04	15.43	15.92	15.40	15.74	8200274	258929776.00
2016/07/05	15.74	15.81	15.59	15.74	5038974	158684896.00
2016/07/06	15.67	15.75	15.51	15.59	5401493	169171200.00
2016/07/07	15.56	15.57	14.93	15.13	14991962	452704128.00
2016/07/08	15.10	15.13	14.77	15.09	7694397	231020704.00
2016/07/11	15.43	16.06	15.14	15.81	15251057	482479328.00
2016/07/12	15.94	16.32	15.25	15.63	9337772	295076000.00
2016/07/13	15.94	16.16	15.45	15.98	8904696	283919072.00
2016/07/14	16.38	16.53	15.84	15.89	8629330	278701280.00
2016/07/15	15.94	15.97	15.32	15.43	7720592	240511248.00
2016/07/18	15.44	15.66	15.19	15.47	5086005	157991344.00
2016/07/19	15.43	15.73	15.34	15.71	6101146	190759776.00
2016/07/20	15.64	15.82	15.23	15.24	10740358	333815008.00
2016/07/21	15.24	15.36	14.97	15.16	5915627	179622752.00
2016/07/22	15.18	15.34	14.91	15.12	5347022	162485776.00
2016/07/25	15.24	16.04	15.16	15.79	10621949	333655872.00
2016/07/26	15.70	15.85	15.47	15.83	8378867	264152784.00
2016/07/27	15.78	16.18	15.19	15.29	10059265	318149824.00
2016/07/28	15.29	15.76	15.16	15.64	8454146	262848544.00
2016/07/29	15.47	16.00	15.17	15.80	9135995	285558304.00
2016/08/01	15.69	15.69	15.23	15.47	4050039	125342376.00
2016/08/02	15.47	15.74	15.30	15.67	4001694	124613688.00
2016/08/03	15.86	16.43	15.73	16.01	11659938	378007136.00
2016/08/04	15.86	16.00	15.69	15.94	4350829	138500528.00
2016/08/05	15.94	16.36	15.87	16.09	6231738	202288544.00
2016/08/08	15.95	16.17	15.73	16.08	3658685	116890088.00
2016/08/09	16.06	16.11	15.76	15.84	5566958	177674000.00
2016/08/16	16.41	16.41	15.74	15.79	8256690	265719296.00
2016/08/17	15.70	15.98	15.57	15.58	6506463	205194432.00
2016/08/18	15.58	15.65	15.19	15.25	6155779	190250256.00
2016/08/19	15.12	15.39	15.11	15.16	4239819	129530248.00
2016/08/22	15.21	15.35	15.12	15.16	2909977	88967752.00
2016/08/23	15.24	15.43	15.19	15.38	3297481	101494240.00
2016/08/24	15.32	15.56	15.29	15.48	2519708	78128904.00
2016/08/25	15.42	15.86	15.20	15.84	5933534	186531424.00
2016/08/26	15.93	16.31	15.84	15.94	6624392	213451264.00
2016/08/29	15.80	15.87	15.30	15.38	7323756	228468224.00
2016/08/30	15.49	15.52	15.23	15.27	3442563	106119000.00
2016/08/31	15.38	15.55	15.19	15.44	2528278	78131568.00
2016/09/01	15.39	15.48	15.24	15.27	2517637	77281640.00
2016/09/02	15.21	15.30	15.04	15.10	2773470	84345512.00
2016/09/05	15.09	15.64	14.84	15.51	5827470	179490752.00
2016/09/06	15.42	16.07	15.36	15.96	6511499	205614560.00
2016/09/07	15.96	16.54	15.84	15.94	8586970	279858496.00
2016/09/08	15.94	16.22	15.79	16.04	3889497	124802392.00
2016/09/09	16.07	16.10	15.94	15.94	2870463	92249056.00
2016/09/12	15.68	16.04	15.55	15.61	3583887	113328648.00
2016/09/13	15.69	16.40	15.69	16.39	9049342	293895552.00
2016/09/14	16.39	16.40	15.84	15.86	5735118	185318016.00
2016/09/19	15.87	16.18	15.87	15.94	2664729	85792872.00
2016/09/20	15.87	15.92	15.35	15.44	6297158	196037568.00
2016/09/21	15.51	15.58	15.33	15.53	1595440	49645512.00
2016/09/22	15.52	15.63	15.23	15.34	4468523	138089264.00
2016/09/23	15.29	15.29	14.94	14.97	12359898	372316352.00
2016/09/26	15.01	15.05	14.36	14.39	7858912	232601552.00
2016/09/27	14.34	14.58	14.02	14.34	7283755	209357152.00
2016/09/28	14.40	14.64	14.30	14.60	3991521	116070400.00
2016/09/29	14.60	14.98	14.51	14.85	4513318	134359632.00
2016/09/30	14.85	15.25	14.76	15.24	4835726	146181392.00
2016/10/10	15.38	15.39	15.04	15.23	5002528	152827008.00
2016/10/11	14.54	15.19	14.54	14.77	13408792	399527680.00
2016/10/12	14.69	15.24	14.60	15.14	6802807	205784832.00
2016/10/13	15.19	15.35	15.09	15.25	4214081	129136784.00
2016/10/14	15.26	15.27	14.93	15.24	3626948	109987976.00
2016/10/17	15.23	15.27	14.92	14.94	2483010	74942616.00
2016/10/18	14.94	15.04	14.84	15.01	2031186	61010500.00
2016/10/19	15.04	15.19	14.94	15.01	1910441	57746904.00
2016/10/20	14.95	15.40	14.95	15.21	3906443	119276416.00
2016/10/21	15.25	15.26	14.94	14.99	2737222	82664832.00
2016/10/24	15.06	15.31	14.95	15.27	4652018	142226096.00
2016/10/25	15.27	15.78	15.18	15.74	9196882	288121472.00
2016/10/26	15.74	16.01	15.59	15.74	4783351	151928800.00
2016/10/27	15.69	15.99	15.69	15.80	2790756	88787880.00
2016/10/28	15.84	15.94	15.70	15.89	2712438	86380400.00
2016/10/31	15.94	15.94	15.55	15.59	3424008	107603072.00
2016/11/01	15.59	15.66	15.45	15.62	2628225	82078160.00
2016/11/02	15.59	15.90	15.50	15.52	3001404	94681496.00
2016/11/03	15.52	15.69	15.31	15.40	4317435	133913944.00
2016/11/04	15.48	15.58	15.16	15.24	3898603	119933640.00
2016/11/07	15.40	15.77	15.40	15.68	4813371	150774912.00
2016/11/08	15.69	15.74	15.56	15.60	1857716	58461232.00
2016/11/09	15.61	15.96	15.39	15.85	5640089	178537328.00
2016/11/10	15.85	16.03	15.64	15.82	4099501	130318176.00
2016/11/11	15.71	15.88	15.51	15.57	4324119	135667120.00
2016/11/14	15.57	15.70	15.34	15.43	5889026	183342192.00
2016/11/15	15.54	15.56	15.16	15.28	4107739	126026280.00
2016/11/16	15.69	16.19	15.69	15.75	9015131	287534720.00
2016/11/17	15.79	16.10	15.70	15.92	4800126	153439760.00
2016/11/18	15.93	16.38	15.93	15.96	4758328	154414912.00
2016/11/21	16.01	16.63	15.97	16.53	6997163	231233712.00
2016/11/22	16.56	16.71	16.27	16.52	4277948	141350048.00
2016/11/23	16.52	16.62	16.05	16.12	4252070	139031936.00
2016/11/24	16.12	16.38	15.96	15.98	2383586	77353000.00
2016/11/25	15.96	16.22	15.81	16.20	2871513	92208576.00
2016/11/28	16.20	16.38	16.01	16.26	2545766	82818000.00
2016/11/29	16.26	16.31	15.84	15.94	4040313	130391944.00
2016/11/30	15.92	16.38	15.79	16.16	4108478	133037192.00
2016/12/01	16.11	16.41	15.97	16.41	3631973	118798616.00
2016/12/02	16.39	17.77	16.34	17.43	11432045	390385024.00
2016/12/05	17.20	17.74	17.05	17.27	7255899	253008416.00
2016/12/06	17.55	18.06	17.30	17.76	7048384	251115680.00
2016/12/07	17.61	17.96	17.47	17.69	4306471	153350592.00
2016/12/08	17.59	17.96	17.22	17.29	4339124	151523520.00
2016/12/09	17.28	17.68	17.13	17.43	3523882	123387144.00
2016/12/12	18.04	18.59	17.07	17.12	11514037	411816800.00
2016/12/13	16.94	17.95	16.94	17.75	6434622	226945600.00
2016/12/14	17.74	17.88	17.29	17.49	4529824	159759392.00
2016/12/15	17.09	19.24	17.04	17.85	11591116	418023936.00
2016/12/16	17.94	18.34	17.54	17.79	7728720	278556224.00
2016/12/19	17.80	17.81	17.19	17.45	3956501	138406736.00
2016/12/20	17.38	17.48	16.83	16.99	5313965	182420544.00
2016/12/21	16.99	17.21	16.75	17.06	3312926	112992880.00
2016/12/22	17.10	17.13	16.70	16.81	2943714	99341560.00
2016/12/23	16.99	17.04	16.66	16.79	3100703	104809104.00
2016/12/26	16.84	16.98	16.60	16.96	4301795	144542848.00
2016/12/27	17.03	17.56	16.91	17.30	5682762	198118512.00
2016/12/28	17.36	17.38	16.83	16.84	4623620	157941984.00
2016/12/29	16.85	16.96	16.71	16.79	2519179	85118832.00
2016/12/30	16.87	16.98	16.71	16.80	1754298	59364588.00
2017/01/03	16.93	16.96	16.59	16.75	5524948	185866752.00
2017/01/04	16.80	16.93	16.60	16.88	4456705	149941488.00
2017/01/05	16.91	16.91	16.44	16.45	4365449	145469104.00
2017/01/06	16.45	16.55	15.59	15.60	10165518	326192608.00
2017/01/09	15.79	16.07	15.66	15.82	4624252	147608960.00
2017/01/10	15.85	16.08	15.85	15.98	2703513	86718344.00
2017/01/11	15.91	16.00	15.79	15.86	3258898	103989888.00
2017/01/12	15.86	15.93	15.76	15.83	2177461	69266808.00
2017/01/13	15.83	16.09	15.79	15.94	2689789	86013360.00
2017/01/16	15.89	16.06	15.19	15.69	4009670	126497784.00
2017/01/17	15.59	16.22	15.57	16.11	3807662	122467120.00
2017/01/18	16.00	16.13	15.79	15.89	3125047	99851776.00
2017/01/19	15.81	15.97	15.67	15.84	2301818	73119856.00
2017/01/20	16.01	16.11	15.80	16.00	1748611	56196140.00
2017/01/23	16.00	16.27	15.94	16.04	2134915	69038504.00
2017/01/24	15.95	16.16	15.95	16.02	1394452	44920644.00
2017/01/25	16.02	16.31	15.98	16.26	1631046	52944596.00
2017/01/26	16.34	16.62	16.26	16.45	1695088	56123012.00
2017/02/03	16.69	16.73	16.44	16.57	1509514	50274120.00
2017/02/06	16.50	17.22	16.50	17.19	4050040	138137264.00
2017/02/07	17.18	17.63	17.11	17.34	3244502	113220552.00
2017/02/08	17.34	17.52	17.20	17.38	2151476	75001232.00
2017/02/09	17.29	17.61	17.20	17.25	2911675	101584024.00
2017/02/10	17.25	17.31	17.09	17.14	1565658	54021036.00
2017/02/13	17.13	17.32	17.01	17.21	1689536	58131788.00
2017/02/14	17.21	17.34	17.09	17.29	1463242	50663720.00
2017/02/15	17.25	17.37	16.79	16.83	2384657	81620040.00
2017/02/16	16.83	17.08	16.72	16.97	1511821	51543948.00
2017/02/17	16.93	17.31	16.91	17.00	1602819	54978612.00
2017/02/20	17.00	17.26	16.76	16.95	2874498	97579320.00
2017/02/21	16.94	17.19	16.77	17.09	3070080	104779112.00
2017/02/22	17.12	17.12	16.78	16.91	3439578	116673176.00
2017/02/23	17.03	17.03	16.76	16.93	1576920	53459200.00
2017/02/24	16.91	17.23	16.79	17.22	2755164	94557592.00
2017/02/27	17.27	17.56	17.09	17.41	3428736	119843768.00
2017/02/28	17.51	17.69	17.34	17.39	2537304	89142104.00
2017/03/01	17.33	17.74	17.31	17.49	4076430	143902304.00
2017/03/02	17.44	17.80	17.22	17.52	3472185	121626840.00
2017/03/03	17.64	17.66	17.40	17.64	2593603	91391136.00
2017/03/06	17.62	17.99	17.61	17.76	4544433	162831040.00
2017/03/07	17.82	18.17	17.72	18.10	4526919	163961568.00
2017/03/08	18.13	18.40	17.92	17.95	3950900	143940832.00
2017/03/09	17.94	18.29	17.89	18.18	3478529	126573608.00
2017/03/10	18.33	18.33	17.98	18.11	2454422	89147792.00
2017/03/13	18.07	18.28	17.94	18.04	3681922	133836040.00
2017/03/14	18.04	18.46	17.98	18.08	2634109	96220024.00
2017/03/15	18.08	18.15	17.80	17.89	3538104	127322080.00
2017/03/16	18.03	18.24	17.90	18.14	2610637	94650888.00
2017/03/17	18.14	18.55	18.09	18.27	4447921	164133184.00
2017/03/20	18.19	18.19	17.74	17.93	5807422	208545584.00
2017/03/21	18.08	18.51	17.98	18.48	4463335	164034496.00
2017/03/22	18.52	19.53	18.51	19.51	9201868	353570368.00
2017/03/23	19.62	19.67	19.31	19.58	5022457	196137552.00
2017/03/24	19.67	20.12	19.35	19.46	7874096	310983552.00
2017/03/27	19.39	19.92	18.94	19.04	6758783	260150272.00
2017/03/28	19.71	20.40	19.44	19.92	10860467	437282592.00
2017/03/29	19.88	20.77	19.88	20.52	9263718	379616160.00
2017/03/30	20.41	20.71	19.93	20.41	8570413	349124480.00
2017/03/31	20.46	20.54	20.04	20.42	5233597	213237424.00
2017/04/05	20.61	21.02	20.39	20.46	7387524	306544736.00
2017/04/06	20.49	20.79	20.20	20.39	5937803	243193824.00
2017/04/07	20.31	20.71	20.26	20.42	4810415	197574256.00
2017/04/10	20.36	20.58	20.17	20.34	3417279	139623360.00
2017/04/11	20.44	20.68	19.77	20.32	5767825	234446064.00
2017/04/12	20.19	20.43	20.00	20.12	2988445	121293592.00
2017/04/13	20.16	20.59	20.12	20.44	2547150	104307032.00
2017/04/14	20.41	20.53	20.19	20.23	2217209	90197600.00
2017/04/17	20.19	20.21	19.47	19.74	5369260	213348688.00
2017/04/18	19.72	20.50	19.72	20.26	3750216	151542912.00
2017/04/19	20.16	20.45	20.04	20.42	3176343	129155808.00
2017/04/20	20.42	21.63	20.34	20.93	9857865	415806624.00
2017/04/21	21.10	21.19	20.24	20.43	5378505	222380720.00
2017/04/24	20.11	20.59	19.69	19.94	4836749	195627440.00
2017/04/25	19.89	20.31	19.89	19.95	4122845	165835584.00
2017/04/26	19.95	20.26	19.74	19.94	3157575	126548272.00
2017/04/27	19.88	20.34	19.79	20.16	4154484	167523776.00
2017/04/28	20.14	20.24	20.04	20.09	2092620	84531496.00
2017/05/02	20.04	20.23	19.91	19.94	1912133	76977144.00
2017/05/03	20.06	20.14	19.87	19.99	2039679	81701944.00
2017/05/04	19.96	20.74	19.83	20.44	5305129	217071968.00
2017/05/05	20.48	20.61	20.19	20.22	4097318	167689664.00
2017/05/08	20.04	20.17	19.74	19.74	2779745	110915928.00
2017/05/09	19.64	20.01	19.64	19.88	2479202	98660176.00
2017/05/10	19.96	20.21	19.79	19.87	2907620	116643592.00
2017/05/11	19.87	20.19	19.34	19.97	7795536	154937328.00
2017/05/12	19.90	20.11	19.20	19.66	9323669	182135680.00
2017/05/15	19.62	19.65	19.20	19.39	3569537	69502744.00
2017/05/16	19.35	20.09	19.20	19.99	9160359	180973104.00
2017/05/17	20.00	20.18	19.81	19.81	6439515	128892016.00
2017/05/18	20.11	20.18	19.89	19.97	6458214	129443920.00
2017/05/19	19.93	20.04	19.42	19.60	4858061	95754616.00
2017/05/22	19.60	20.20	19.00	19.91	6435100	127982712.00
2017/05/23	19.89	20.07	19.52	19.62	5293072	104978280.00
2017/05/24	19.30	19.87	19.03	19.50	6690626	130311168.00
2017/05/25	19.37	19.67	18.00	18.83	19273475	359988288.00
2017/05/26	18.66	18.89	17.40	17.54	28646226	509819616.00
2017/05/31	17.99	18.11	17.65	17.70	8604410	153384592.00
2017/06/01	17.70	18.04	17.53	17.55	6041200	107721896.00
2017/06/02	17.50	17.67	16.77	17.10	16210600	278421824.00
2017/06/05	17.40	18.14	17.39	18.04	13777800	247057376.00
2017/06/06	18.71	19.09	18.46	18.85	17414300	327448416.00
2017/06/07	18.80	19.14	18.68	18.94	13003400	246322992.00
2017/06/08	19.01	19.30	18.88	19.14	8463700	161201248.00
2017/06/09	19.10	19.12	18.80	18.90	6485300	122662136.00
2017/06/12	18.93	18.99	18.25	18.38	9914729	183398960.00
2017/06/13	18.42	18.74	18.30	18.50	5141610	95330432.00
2017/06/14	18.50	18.65	18.32	18.52	5112848	94527008.00
2017/06/15	18.82	18.95	18.61	18.81	9375649	175723712.00
2017/06/16	18.74	18.90	18.69	18.74	3939672	73927888.00
2017/06/19	18.75	18.88	18.67	18.88	7055700	132498304.00
2017/06/20	18.97	19.68	18.86	19.30	11365740	219914432.00
2017/06/21	19.55	19.63	19.07	19.41	6320400	121587912.00
2017/06/22	19.35	19.49	18.88	19.17	8741500	167776624.00
2017/06/23	19.02	19.21	18.61	19.15	10714400	202565168.00
2017/06/26	19.38	19.38	18.85	19.10	10201100	194297376.00
2017/06/27	19.11	19.21	18.83	18.90	7627900	144910256.00
2017/06/28	18.90	18.90	18.52	18.65	8389871	156473568.00
2017/06/29	18.75	18.77	18.49	18.62	9814400	182780000.00
2017/06/30	18.70	18.83	18.56	18.80	6215500	116177856.00
2017/07/03	19.02	19.44	19.01	19.30	13638400	262464160.00
2017/07/04	19.33	19.50	19.15	19.28	8645100	166799936.00
2017/07/05	19.20	19.40	19.20	19.25	5861000	113083400.00
2017/07/06	19.25	19.27	18.87	18.88	8324200	158249056.00
2017/07/07	18.88	18.96	18.73	18.86	4516800	85126064.00
2017/07/10	18.86	18.86	18.20	18.30	9315800	171663232.00
2017/07/11	18.30	18.80	17.91	18.41	9909800	181527040.00
2017/07/12	18.24	18.49	18.21	18.38	5490200	100904912.00
2017/07/13	18.30	18.35	17.92	18.12	5403100	98097584.00
2017/07/14	18.18	18.20	17.34	17.65	15340900	269997088.00
2017/07/17	17.50	17.54	16.87	17.15	11911200	205255648.00
2017/07/18	17.09	17.47	17.05	17.19	8033400	138606720.00
2017/07/19	17.19	17.75	16.90	17.50	12435400	214037264.00
2017/07/20	17.50	18.20	17.43	17.63	11678800	207730800.00
2017/07/21	17.50	17.75	17.43	17.63	4728394	82953040.00
2017/07/24	17.60	17.62	17.41	17.50	5074200	88721488.00
2017/07/25	17.45	17.68	17.18	17.27	4547000	79375240.00
2017/07/26	17.10	17.40	16.11	16.40	19450600	322531456.00
2017/07/27	16.41	17.56	16.32	17.28	16145200	274960096.00
2017/07/28	17.36	17.95	17.23	17.55	10157400	179116736.00
2017/07/31	17.61	17.72	17.23	17.58	8424400	147558304.00
2017/08/01	17.57	17.60	17.29	17.56	7590700	132291568.00
2017/08/02	17.50	17.57	16.91	17.23	9066000	156030176.00
2017/08/03	17.10	17.85	17.05	17.43	10279400	180717408.00
2017/08/04	17.38	17.77	17.31	17.46	6806900	119834720.00
2017/08/07	17.50	17.81	17.34	17.45	4636000	81410952.00
2017/08/08	17.41	17.75	17.40	17.69	6127000	107964688.00
2017/08/09	17.61	17.75	17.47	17.57	5948800	104615976.00
2017/08/10	17.46	17.65	17.08	17.18	7649000	132396352.00
2017/08/11	17.00	17.65	16.90	17.43	11482400	200167232.00
2017/08/14	17.48	18.06	17.43	17.98	12525700	222966288.00
2017/08/15	18.00	18.74	18.00	18.68	12799600	236823040.00
2017/08/16	18.71	19.47	18.58	19.01	16040200	307915456.00
2017/08/17	19.04	19.22	18.72	19.02	7803400	147889056.00
2017/08/18	18.89	19.19	18.80	18.88	5694000	108113224.00
2017/08/21	18.90	19.20	18.81	18.97	5211300	98918832.00
2017/08/22	19.35	19.55	18.71	18.74	11575500	220669072.00
2017/08/23	18.85	19.13	18.32	18.93	7683100	144532432.00
2017/08/24	18.98	19.09	18.65	18.83	5493000	103786968.00
2017/08/25	18.71	18.90	18.44	18.72	7352500	137308752.00
数据来源:通达信
