300072 三聚环保 日线 前复权
      日期	    开盘	    最高	    最低	    收盘	    成交量	    成交额
2010/04/27	3.04	3.37	3.00	3.37	16754607	883432000.00
2010/04/28	3.25	3.34	3.00	3.16	9303979	488278080.00
2010/04/29	3.23	3.42	3.23	3.28	9312555	508870656.00
2010/04/30	3.27	3.27	2.93	3.20	5223622	271492480.00
2010/05/04	3.25	3.53	3.25	3.43	6824715	378121536.00
2010/05/05	3.35	3.62	3.33	3.54	5285174	303369056.00
2010/05/06	3.54	3.73	3.51	3.53	3992939	236160640.00
2010/05/07	3.44	3.57	3.17	3.20	4786377	265768768.00
2010/05/10	3.16	3.20	2.85	2.85	4323013	213934128.00
2010/05/11	2.98	3.03	2.84	2.87	3024636	148135552.00
2010/05/12	2.71	2.94	2.69	2.78	2161033	102113968.00
2010/05/13	2.80	2.88	2.70	2.85	1844944	86737592.00
2010/05/14	2.84	2.84	2.72	2.82	1896455	88494776.00
2010/05/17	2.75	2.87	2.73	2.74	2157559	100858624.00
2010/05/18	2.71	2.78	2.45	2.63	2370030	103569576.00
2010/05/19	2.59	2.84	2.55	2.74	2066384	94144736.00
2010/05/20	2.67	2.73	2.60	2.61	1458729	65839224.00
2010/05/21	2.49	2.83	2.49	2.80	1947665	88160848.00
2010/05/24	2.79	2.97	2.78	2.87	2219169	106975968.00
2010/05/25	2.82	2.90	2.78	2.81	1481810	70594992.00
2010/05/26	2.80	2.87	2.78	2.78	1194209	56452308.00
2010/05/27	2.76	3.03	2.76	2.99	2249868	109268840.00
2010/05/28	3.01	3.13	2.90	2.96	1869968	93838616.00
2010/05/31	2.94	3.07	2.89	2.89	1517049	75215256.00
2010/06/01	2.83	2.90	2.64	2.76	1317205	61260232.00
2010/06/03	2.83	2.88	2.73	2.73	1260442	59596800.00
2010/06/04	2.65	2.77	2.65	2.76	842114	38624336.00
2010/06/07	2.71	2.89	2.69	2.86	1356619	64069028.00
2010/06/08	2.86	3.08	2.83	2.98	2362053	117729280.00
2010/06/09	2.97	3.16	2.97	3.03	1672318	85389800.00
2010/06/10	3.03	3.15	3.01	3.08	1366341	69755824.00
2010/06/11	3.08	3.13	3.05	3.07	714169	36568116.00
2010/06/17	3.09	3.13	2.87	2.87	1069973	53440084.00
2010/06/18	2.88	2.92	2.74	2.79	792263	37498360.00
2010/06/21	2.79	2.96	2.74	2.92	546507	26268386.00
2010/06/22	2.92	3.04	2.89	3.00	596253	29445476.00
2010/06/23	2.99	3.03	2.91	2.97	544708	27052752.00
2010/06/24	2.98	3.08	2.95	2.99	783895	39503388.00
2010/06/25	2.98	3.00	2.78	2.82	997016	47599096.00
2010/06/28	2.79	2.82	2.67	2.73	662686	30520392.00
2010/06/29	2.74	2.80	2.47	2.48	756882	33415058.00
2010/06/30	2.40	2.47	2.27	2.39	880315	35533012.00
2010/07/01	2.34	2.38	2.23	2.24	926843	36566200.00
2010/07/02	2.27	2.29	2.07	2.17	928116	35020356.00
2010/07/05	2.14	2.17	2.07	2.14	342665	12601501.00
2010/07/06	2.14	2.26	2.11	2.25	544654	20783892.00
2010/07/07	2.21	2.30	2.21	2.27	580378	22477440.00
2010/07/08	2.28	2.28	2.07	2.14	1240523	46144460.00
2010/07/09	2.10	2.23	2.09	2.21	858648	32236730.00
2010/07/12	2.18	2.25	2.18	2.21	570269	21712948.00
2010/07/13	2.20	2.20	2.07	2.14	977155	35799108.00
2010/07/14	2.15	2.24	2.13	2.24	1084457	41027556.00
2010/07/15	2.23	2.23	2.10	2.10	853454	31913620.00
2010/07/16	2.07	2.10	1.97	1.99	891263	31337972.00
2010/07/19	2.01	2.07	2.00	2.03	777902	27573812.00
2010/07/20	2.03	2.18	2.03	2.13	1219597	44705624.00
2010/07/21	2.17	2.26	2.14	2.17	1388626	52575128.00
2010/07/22	2.16	2.19	2.12	2.17	1161850	43225260.00
2010/07/23	2.17	2.21	2.15	2.20	1186928	44671800.00
2010/07/26	2.24	2.34	2.22	2.29	1443833	56153624.00
2010/07/27	2.24	2.37	2.22	2.24	3116594	122203656.00
2010/07/28	2.21	2.27	2.18	2.26	2550097	97295768.00
2010/07/29	2.25	2.28	2.22	2.26	1452808	56079684.00
2010/07/30	2.24	2.29	2.24	2.29	1331405	51936328.00
2010/08/02	2.29	2.32	2.26	2.32	1425723	55897112.00
2010/08/03	2.31	2.32	2.22	2.22	1492910	58114996.00
2010/08/04	2.20	2.23	2.16	2.21	1260511	47629840.00
2010/08/05	2.21	2.28	2.20	2.23	1454348	56123396.00
2010/08/06	2.21	2.37	2.21	2.37	2659677	105109312.00
2010/08/09	2.37	2.49	2.34	2.44	2040841	84398104.00
2010/08/10	2.44	2.46	2.34	2.35	1550728	62911284.00
2010/08/11	2.34	2.41	2.33	2.40	1260977	51277304.00
2010/08/12	2.40	2.44	2.36	2.38	957236	39104368.00
2010/08/13	2.37	2.55	2.37	2.53	1740991	73161392.00
2010/08/16	2.53	2.60	2.49	2.58	1827587	78800032.00
2010/08/17	2.57	2.63	2.55	2.60	1131406	49631044.00
2010/08/18	2.61	2.61	2.55	2.61	1138771	49776600.00
2010/08/19	2.63	2.63	2.53	2.54	1712694	74842936.00
2010/08/20	2.54	2.56	2.25	2.42	1302801	54187248.00
2010/08/23	2.42	2.45	2.36	2.37	751291	30646732.00
2010/08/24	2.38	2.47	2.38	2.44	801460	33161994.00
2010/08/25	2.41	2.49	2.41	2.42	914757	38076652.00
2010/08/26	2.42	2.46	2.40	2.42	629877	26000730.00
2010/08/27	2.42	2.51	2.37	2.51	1051664	44252104.00
2010/08/30	2.53	2.60	2.51	2.57	965994	41821636.00
2010/08/31	2.56	2.63	2.51	2.61	1978590	85953432.00
2010/09/01	2.61	2.68	2.58	2.65	2896666	128331152.00
2010/09/02	2.65	2.82	2.62	2.76	2107346	96911144.00
2010/09/03	2.74	2.89	2.73	2.86	1498833	70568208.00
2010/09/06	2.87	2.89	2.66	2.67	1384965	63258764.00
2010/09/07	2.67	2.69	2.62	2.67	955440	42761296.00
2010/09/08	2.66	2.74	2.64	2.71	684638	31048680.00
2010/09/09	2.74	2.78	2.60	2.62	985553	44522088.00
2010/09/10	2.62	2.66	2.59	2.64	672697	29881562.00
2010/09/13	2.64	2.69	2.63	2.66	857537	38466320.00
2010/09/14	2.66	2.71	2.64	2.68	878743	39598108.00
2010/09/15	2.68	2.71	2.47	2.48	1861087	79986144.00
2010/09/16	2.49	2.50	2.30	2.34	1200240	48666796.00
2010/09/17	2.34	2.38	2.32	2.32	804242	32211126.00
2010/09/20	2.34	2.34	2.28	2.28	355692	14034286.00
2010/09/21	2.27	2.30	2.18	2.20	714446	27292590.00
2010/09/27	2.24	2.30	2.23	2.30	1128573	43809460.00
2010/09/28	2.30	2.37	2.27	2.31	757193	30134092.00
2010/09/29	2.31	2.33	2.26	2.27	604722	23764070.00
2010/09/30	2.26	2.35	2.24	2.34	484523	19224184.00
2010/10/08	2.34	2.40	2.34	2.40	495511	20167140.00
2010/10/11	2.42	2.43	2.34	2.36	762951	30997760.00
2010/10/12	2.34	2.39	2.31	2.35	709233	28425292.00
2010/10/13	2.33	2.36	2.28	2.34	973875	38670176.00
2010/10/14	2.35	2.42	2.32	2.38	1517425	61658156.00
2010/10/15	2.38	2.39	2.28	2.31	1046385	41709356.00
2010/10/18	2.28	2.28	2.17	2.22	1034364	39357204.00
2010/10/19	2.26	2.41	2.21	2.39	1501963	60396892.00
2010/10/20	2.35	2.49	2.34	2.44	1506727	62580864.00
2010/10/21	2.38	2.39	2.32	2.34	1291434	51942788.00
2010/10/22	2.34	2.43	2.34	2.38	1018545	41481616.00
2010/10/25	2.40	2.49	2.39	2.47	1230734	51589256.00
2010/10/26	2.50	2.56	2.43	2.45	906508	38076180.00
2010/10/28	2.43	2.52	2.41	2.52	1197262	50311516.00
2010/10/29	2.52	2.63	2.51	2.60	1979760	86595504.00
2010/11/01	2.60	2.77	2.60	2.70	2276505	103828736.00
2010/11/02	2.70	2.72	2.58	2.63	1956433	87578632.00
2010/11/03	2.60	2.60	2.50	2.50	1013272	43489800.00
2010/11/04	2.50	2.54	2.45	2.52	1187129	50253252.00
2010/11/05	2.55	2.57	2.50	2.57	778864	33502388.00
2010/11/08	2.56	2.65	2.56	2.62	1025313	45270364.00
2010/11/09	2.63	2.67	2.57	2.62	936952	41422852.00
2010/11/10	2.62	2.80	2.62	2.76	1680832	77274608.00
2010/11/11	2.74	2.88	2.70	2.72	1673304	78967248.00
2010/11/12	2.70	2.83	2.56	2.59	1743808	79052312.00
2010/11/15	2.62	2.82	2.58	2.82	1418157	64464220.00
2010/11/16	2.82	2.91	2.58	2.66	1730482	79794592.00
2010/11/17	2.60	2.73	2.56	2.60	1035804	45949428.00
2010/11/18	2.62	2.65	2.56	2.63	556294	24552256.00
2010/11/19	2.65	2.78	2.62	2.78	1193705	54144616.00
2010/11/22	2.76	2.90	2.74	2.80	1740507	82948056.00
2010/11/23	2.87	2.96	2.81	2.93	1662801	80246960.00
2010/11/24	2.88	2.96	2.87	2.92	1159482	56507768.00
2010/11/25	2.96	2.97	2.82	2.83	1180358	56843436.00
2010/11/26	2.83	3.04	2.83	2.99	2154537	106277920.00
2010/11/29	2.99	3.13	2.93	3.09	1459506	73928840.00
2010/11/30	3.07	3.10	2.86	2.96	1194927	58794872.00
2010/12/01	2.96	3.05	2.92	2.97	912614	45559912.00
2010/12/02	2.97	3.03	2.87	2.89	1449320	70816528.00
2010/12/03	2.88	2.90	2.75	2.77	763201	35906560.00
2010/12/06	2.77	2.79	2.64	2.65	874042	39804336.00
2010/12/07	2.64	2.83	2.64	2.82	848060	39176556.00
2010/12/08	2.78	2.87	2.78	2.79	625533	29639398.00
2010/12/09	2.80	2.80	2.71	2.71	392930	18174796.00
2010/12/10	2.68	2.78	2.68	2.77	828140	37870308.00
2010/12/13	2.82	2.92	2.79	2.87	1158740	55729816.00
2010/12/14	2.87	3.02	2.87	2.96	1493800	73815392.00
2010/12/15	2.99	3.04	2.92	2.93	1095577	54331688.00
2010/12/16	2.94	3.02	2.93	2.99	733172	36493252.00
2010/12/17	2.98	3.02	2.94	2.97	632691	31366586.00
2010/12/20	2.97	3.01	2.80	2.92	1294384	62922404.00
2010/12/21	2.91	2.97	2.88	2.91	651677	31834448.00
2010/12/22	2.90	2.95	2.89	2.92	776104	37755836.00
2010/12/23	2.91	2.91	2.71	2.72	1177018	55089272.00
2010/12/24	2.70	2.71	2.58	2.66	967312	43280692.00
2010/12/27	2.68	2.72	2.50	2.52	739113	32764114.00
2010/12/28	2.52	2.56	2.51	2.56	433035	18616472.00
2010/12/29	2.56	2.61	2.54	2.61	273381	11921297.00
2010/12/30	2.61	2.65	2.57	2.63	443120	19681632.00
2010/12/31	2.60	2.69	2.60	2.67	543884	24435884.00
2011/01/04	2.70	2.71	2.60	2.69	559086	25278160.00
2011/01/05	2.69	2.70	2.66	2.69	528669	23842630.00
2011/01/06	2.69	2.69	2.60	2.64	949802	42126520.00
2011/01/07	2.61	2.65	2.60	2.60	726256	32177688.00
2011/01/10	2.60	2.60	2.47	2.49	545405	23477570.00
2011/01/11	2.49	2.49	2.40	2.45	427711	17740060.00
2011/01/13	2.49	2.50	2.42	2.46	453060	18829676.00
2011/01/14	2.46	2.46	2.34	2.36	409627	16589751.00
2011/01/17	2.34	2.38	2.26	2.26	351461	13819903.00
2011/01/18	2.29	2.30	2.23	2.27	255638	9968597.00
2011/01/19	2.27	2.33	2.26	2.33	199781	7909356.00
2011/01/20	2.34	2.39	2.24	2.24	418345	16631886.00
2011/01/21	2.23	2.27	2.19	2.25	386553	14830273.00
2011/01/24	2.26	2.27	2.18	2.21	330072	12630439.00
2011/01/25	2.19	2.22	2.10	2.15	552015	20420160.00
2011/01/26	2.14	2.19	2.14	2.16	263506	9866710.00
2011/01/27	2.14	2.22	2.10	2.21	504839	18951346.00
2011/01/28	2.21	2.24	2.20	2.23	226466	8650841.00
2011/01/31	2.24	2.28	2.20	2.28	374019	14470179.00
2011/02/01	2.31	2.32	2.23	2.25	311103	12060118.00
2011/02/09	2.26	2.29	2.23	2.23	315514	12221991.00
2011/02/10	2.21	2.32	2.20	2.31	572927	22351844.00
2011/02/11	2.32	2.37	2.29	2.33	744214	29651894.00
2011/02/14	2.34	2.38	2.32	2.37	669585	26836666.00
2011/02/15	2.38	2.38	2.35	2.35	543804	21902320.00
2011/02/16	2.33	2.38	2.31	2.38	812265	32507902.00
2011/02/17	2.40	2.40	2.34	2.38	446740	18080930.00
2011/02/18	2.38	2.38	2.33	2.35	530860	21355924.00
2011/02/21	2.33	2.40	2.33	2.39	688987	27764228.00
2011/02/22	2.41	2.41	2.29	2.29	717201	28590056.00
2011/02/23	2.29	2.35	2.29	2.33	500002	19863400.00
2011/02/24	2.52	2.52	2.42	2.44	3759567	157296624.00
2011/02/25	2.44	2.44	2.36	2.37	1702780	69247552.00
2011/02/28	2.35	2.40	2.35	2.39	1038572	42169492.00
2011/03/01	2.40	2.40	2.35	2.36	1314918	53268540.00
2011/03/02	2.36	2.37	2.24	2.28	1743285	68458624.00
2011/03/03	2.30	2.33	2.24	2.26	1287344	50393476.00
2011/03/04	2.28	2.29	2.25	2.29	901726	35156568.00
2011/03/07	2.30	2.32	2.30	2.31	928209	36695332.00
2011/03/08	2.31	2.40	2.31	2.38	1421522	57576916.00
2011/03/09	2.41	2.46	2.41	2.43	1914548	79158512.00
2011/03/10	2.42	2.48	2.39	2.40	1367903	56643352.00
2011/03/11	2.38	2.49	2.37	2.43	1585354	65865492.00
2011/03/14	2.42	2.47	2.41	2.44	977699	40595048.00
2011/03/15	2.44	2.46	2.34	2.41	1074413	43924812.00
2011/03/16	2.40	2.45	2.38	2.42	839559	34545820.00
2011/03/17	2.38	2.40	2.31	2.32	854591	34428296.00
2011/03/18	2.33	2.37	2.33	2.35	434441	17470422.00
2011/03/21	2.33	2.40	2.32	2.35	393926	15820183.00
2011/03/22	2.36	2.36	2.29	2.30	473808	18740788.00
2011/03/23	2.30	2.34	2.30	2.34	440840	17536872.00
2011/03/24	2.35	2.38	2.34	2.36	466218	18820804.00
2011/03/25	2.36	2.39	2.34	2.38	808525	32616076.00
2011/03/28	2.40	2.40	2.27	2.27	1359421	53940628.00
2011/03/29	2.27	2.27	2.15	2.17	1143516	43276024.00
2011/03/30	2.19	2.19	2.15	2.17	434230	16290194.00
2011/03/31	2.18	2.21	2.16	2.17	439360	16553425.00
2011/04/01	2.16	2.19	2.15	2.18	379040	14189060.00
2011/04/06	2.17	2.19	2.07	2.08	1372480	50124188.00
2011/04/07	2.09	2.11	2.07	2.11	769476	27894444.00
2011/04/08	2.11	2.14	2.10	2.13	564425	20777580.00
2011/04/11	2.14	2.16	2.07	2.08	964142	34998464.00
2011/04/12	2.07	2.11	2.07	2.09	447330	16226449.00
2011/04/13	2.11	2.16	2.11	2.15	836461	30987514.00
2011/04/14	2.15	2.16	2.11	2.12	629181	23244830.00
2011/04/15	2.12	2.14	2.10	2.12	538131	19675146.00
2011/04/19	2.11	2.12	2.04	2.04	832089	29788070.00
2011/04/20	2.04	2.05	1.97	2.02	976682	34202840.00
2011/04/21	2.02	2.05	1.99	2.04	629275	22091910.00
2011/04/22	2.03	2.04	1.98	1.99	685123	23997570.00
2011/04/25	1.99	1.99	1.76	1.76	1610851	52113580.00
2011/04/26	1.73	1.78	1.72	1.73	559023	17334088.00
2011/04/27	1.71	1.76	1.70	1.71	948340	29191544.00
2011/04/28	1.73	1.73	1.58	1.58	940727	27678526.00
2011/04/29	1.58	1.63	1.58	1.62	539706	15673833.00
2011/05/03	1.62	1.67	1.62	1.66	512613	15147833.00
2011/05/04	1.66	1.66	1.58	1.59	444349	12921440.00
2011/05/05	1.61	1.69	1.61	1.67	739849	22091364.00
2011/05/06	1.67	1.68	1.64	1.68	442667	13269550.00
2011/05/09	1.68	1.71	1.67	1.69	505210	15290125.00
2011/05/10	1.70	1.70	1.65	1.68	487056	14586203.00
2011/05/11	1.67	1.70	1.67	1.68	583055	17538294.00
2011/05/12	1.68	1.68	1.59	1.60	889220	12985922.00
2011/05/13	1.59	1.60	1.54	1.57	865559	12211692.00
2011/05/16	1.57	1.62	1.56	1.58	554063	7963413.50
2011/05/17	1.58	1.61	1.57	1.59	530924	7577276.00
2011/05/18	1.60	1.61	1.58	1.59	501836	7180688.00
2011/05/19	1.58	1.61	1.56	1.57	474200	6777588.50
2011/05/20	1.56	1.58	1.51	1.53	670561	9323104.00
2011/05/23	1.53	1.53	1.42	1.44	1193726	15873760.00
2011/05/24	1.43	1.54	1.38	1.51	1702094	22698886.00
2011/05/25	1.49	1.50	1.43	1.44	927229	12402640.00
2011/05/26	1.44	1.52	1.42	1.42	599018	7953719.00
2011/05/27	1.43	1.44	1.37	1.38	1457746	18623520.00
2011/05/30	1.37	1.45	1.37	1.40	1248501	16256023.00
2011/05/31	1.45	1.46	1.39	1.45	1867651	24431626.00
2011/06/01	1.45	1.56	1.45	1.51	3158038	43250168.00
2011/06/02	1.48	1.48	1.43	1.44	2196286	29069994.00
2011/06/03	1.45	1.50	1.43	1.49	1419666	19127792.00
2011/06/07	1.48	1.52	1.46	1.49	1738905	23562448.00
2011/06/08	1.49	1.49	1.43	1.45	2244983	29674588.00
2011/06/09	1.44	1.48	1.41	1.42	1574625	20761644.00
2011/06/10	1.40	1.42	1.36	1.41	1231118	15690329.00
2011/06/13	1.39	1.45	1.37	1.44	1496321	19517622.00
2011/06/14	1.43	1.49	1.42	1.48	2867974	38056860.00
2011/06/15	1.47	1.49	1.42	1.43	1875690	24896284.00
2011/06/16	1.41	1.43	1.38	1.39	1348495	17370822.00
2011/06/17	1.38	1.39	1.32	1.33	1676897	21090232.00
2011/06/20	1.35	1.35	1.31	1.32	857191	10515247.00
2011/06/21	1.32	1.35	1.32	1.34	851637	10498074.00
2011/06/22	1.34	1.35	1.31	1.32	683914	8401941.00
2011/06/23	1.32	1.40	1.30	1.39	1840863	23296232.00
2011/06/24	1.38	1.46	1.37	1.44	2561947	33410092.00
2011/06/27	1.45	1.55	1.44	1.49	2718821	36925812.00
2011/06/28	1.49	1.50	1.46	1.47	1773755	23840456.00
2011/06/29	1.47	1.53	1.47	1.48	2253339	30522122.00
2011/06/30	1.49	1.54	1.49	1.50	2350505	32132880.00
2011/07/01	1.50	1.55	1.49	1.53	3497118	48255252.00
2011/07/04	1.54	1.59	1.52	1.58	3158577	44417532.00
2011/07/05	1.59	1.63	1.57	1.60	3063857	43876348.00
2011/07/06	1.60	1.60	1.56	1.59	2458262	34876192.00
2011/07/07	1.59	1.64	1.56	1.58	4074531	58288720.00
2011/07/08	1.57	1.58	1.53	1.54	2328092	32567968.00
2011/07/11	1.54	1.56	1.52	1.55	2009554	27955396.00
2011/07/12	1.53	1.53	1.48	1.49	2128625	28938746.00
2011/07/13	1.49	1.54	1.49	1.53	2054107	28143496.00
2011/07/14	1.54	1.64	1.54	1.63	4741323	67568840.00
2011/07/15	1.63	1.70	1.61	1.69	6025503	89731104.00
2011/07/18	1.69	1.72	1.64	1.67	3886364	58019768.00
2011/07/19	1.69	1.69	1.63	1.68	3164620	47062384.00
2011/07/20	1.70	1.78	1.66	1.67	5945811	90761920.00
2011/07/21	1.64	1.64	1.59	1.60	3045338	44104684.00
2011/07/22	1.61	1.63	1.59	1.61	1990814	28693616.00
2011/07/25	1.60	1.60	1.48	1.49	3055140	42252836.00
2011/07/26	1.49	1.51	1.47	1.49	1494461	20175004.00
2011/07/27	1.48	1.55	1.45	1.53	2129680	29187462.00
2011/07/28	1.50	1.57	1.50	1.56	1999009	27816718.00
2011/07/29	1.56	1.57	1.51	1.51	1599634	22089866.00
2011/08/01	1.50	1.54	1.47	1.54	1636563	22380554.00
2011/08/02	1.52	1.53	1.46	1.52	2460141	33242110.00
2011/08/03	1.49	1.63	1.48	1.61	4698319	67071308.00
2011/08/04	1.63	1.63	1.57	1.58	3455830	49359920.00
2011/08/05	1.51	1.55	1.49	1.50	2877159	39607700.00
2011/08/08	1.47	1.49	1.36	1.39	2998719	38912892.00
2011/08/09	1.32	1.40	1.29	1.40	2367408	29698404.00
2011/08/10	1.44	1.44	1.41	1.43	2096033	27343196.00
2011/08/11	1.37	1.47	1.37	1.47	1950582	25498300.00
2011/08/12	1.47	1.51	1.46	1.48	2162317	29104976.00
2011/08/15	1.49	1.58	1.47	1.58	3902223	54404016.00
2011/08/16	1.58	1.63	1.56	1.60	6347418	91234704.00
2011/08/17	1.59	1.65	1.55	1.62	5240013	75125000.00
2011/08/18	1.62	1.65	1.60	1.61	3834542	55754304.00
2011/08/19	1.55	1.78	1.54	1.73	8084656	121868984.00
2011/08/22	1.74	1.84	1.71	1.76	9655462	151992720.00
2011/08/23	1.77	1.81	1.70	1.81	6169244	95834408.00
2011/08/24	1.82	1.82	1.73	1.74	5199690	81646544.00
2011/08/26	1.76	1.84	1.74	1.79	5894037	93428048.00
2011/08/29	1.78	1.87	1.76	1.85	5556305	89229032.00
2011/08/30	1.86	1.95	1.83	1.84	6491852	107171960.00
2011/08/31	1.83	1.88	1.77	1.88	5069816	81400560.00
2011/09/01	1.87	2.01	1.87	2.00	7680221	131165496.00
2011/09/02	1.96	2.04	1.90	1.91	6599987	113801384.00
2011/09/05	1.85	2.01	1.85	1.96	4509457	75941320.00
2011/09/06	1.91	1.95	1.87	1.93	2915226	48695856.00
2011/09/07	1.93	1.97	1.84	1.94	3640831	60678360.00
2011/09/08	1.96	2.05	1.94	1.94	5413747	94194104.00
2011/09/09	1.92	1.98	1.88	1.92	3062677	51573100.00
2011/09/13	1.85	1.91	1.85	1.88	1916700	31563336.00
2011/09/14	1.88	1.92	1.84	1.92	2032881	33661600.00
2011/09/15	1.92	1.95	1.88	1.88	1599340	26624342.00
2011/09/16	1.90	1.91	1.83	1.83	1665419	27144432.00
2011/09/19	1.83	1.93	1.82	1.88	2796051	46255708.00
2011/09/20	1.88	1.91	1.84	1.88	2184013	36004572.00
2011/09/21	1.89	1.94	1.83	1.93	2573747	42670844.00
2011/09/22	1.92	2.04	1.91	1.92	4540402	78424232.00
2011/09/23	1.86	1.88	1.75	1.82	3279979	52587304.00
2011/09/26	1.82	1.87	1.78	1.82	1928717	30907056.00
2011/09/27	1.85	1.86	1.78	1.83	1405156	22505728.00
2011/09/28	1.87	1.87	1.82	1.84	1590863	25779352.00
2011/09/29	1.82	1.85	1.75	1.76	1170034	18453140.00
2011/09/30	1.78	1.83	1.76	1.79	2027536	32159626.00
2011/10/10	1.79	1.85	1.79	1.83	1712191	27589538.00
2011/10/11	1.92	1.92	1.81	1.84	1642252	26781310.00
2011/10/12	1.82	2.02	1.81	1.97	3923296	66196824.00
2011/10/13	1.97	2.13	1.95	2.10	6255800	111659608.00
2011/10/14	2.08	2.11	2.02	2.10	3466636	62174320.00
2011/10/17	2.10	2.15	2.04	2.08	3507601	63078572.00
2011/10/18	2.05	2.06	1.95	1.97	3981453	68991912.00
2011/10/19	1.97	2.02	1.92	1.98	1574589	27167142.00
2011/10/20	1.97	2.07	1.91	1.97	2873778	50053460.00
2011/10/21	1.98	2.08	1.91	1.97	3326368	57870084.00
2011/10/24	1.96	1.98	1.75	1.92	4188762	68121480.00
2011/10/25	1.89	2.13	1.82	2.11	4986615	85673408.00
2011/10/26	2.07	2.25	2.05	2.13	8376368	157161936.00
2011/10/27	2.13	2.28	2.13	2.19	7116076	135148336.00
2011/10/28	2.23	2.32	2.15	2.30	8914142	172241728.00
2011/10/31	2.29	2.35	2.23	2.30	7146779	139896288.00
2011/11/01	2.26	2.28	2.19	2.23	5731401	109754800.00
2011/11/02	2.15	2.35	2.14	2.34	6257797	121230824.00
2011/11/03	2.35	2.37	2.24	2.25	6807898	134093992.00
2011/11/07	2.25	2.28	2.20	2.20	3414686	65414144.00
2011/11/08	2.18	2.24	2.16	2.18	2345588	44194204.00
2011/11/09	2.20	2.32	2.17	2.32	4095500	78948608.00
2011/11/10	2.31	2.44	2.29	2.32	7408365	150290848.00
2011/11/11	2.29	2.34	2.24	2.28	3297293	64438944.00
2011/11/14	2.34	2.42	2.32	2.34	3602418	72274816.00
2011/11/15	2.36	2.41	2.31	2.38	4397010	88633544.00
2011/11/16	2.40	2.40	2.25	2.29	3336424	65634232.00
2011/11/17	2.29	2.40	2.29	2.31	3692631	73644880.00
2011/11/18	2.28	2.29	2.22	2.23	3035101	58284948.00
2011/11/21	2.20	2.28	2.18	2.28	2400593	45744188.00
2011/11/22	2.26	2.32	2.23	2.30	1880560	36722480.00
2011/11/23	2.32	2.37	2.30	2.34	3295827	65801288.00
2011/11/24	2.30	2.37	2.29	2.32	3047496	60678836.00
2011/11/25	2.32	2.36	2.28	2.30	2088358	41268052.00
2011/11/28	2.33	2.40	2.33	2.36	2840816	57019608.00
2011/11/29	2.37	2.43	2.31	2.41	4124997	83412904.00
2011/11/30	2.41	2.41	2.14	2.26	3810921	74496448.00
2011/12/01	2.35	2.40	2.29	2.34	3162544	63360288.00
2011/12/02	2.31	2.36	2.20	2.26	2484734	48268192.00
2011/12/05	2.27	2.28	2.02	2.06	3044818	55619964.00
2011/12/06	2.04	2.09	1.92	2.05	3082129	53864028.00
2011/12/07	2.06	2.09	1.98	2.06	1584605	28209878.00
2011/12/08	2.04	2.14	1.97	2.07	1626572	29050780.00
2011/12/09	2.02	2.12	2.02	2.11	1520856	27495576.00
2011/12/12	2.11	2.15	2.04	2.04	1182492	21337938.00
2011/12/13	2.04	2.04	1.90	1.98	1618507	27531766.00
2011/12/14	1.95	2.00	1.88	1.90	1689166	28602586.00
2011/12/15	1.89	1.92	1.83	1.90	1712415	28128558.00
2011/12/16	1.90	2.06	1.86	2.06	2970909	50510376.00
2011/12/20	2.10	2.13	2.00	2.01	2567167	45958180.00
2011/12/21	2.03	2.06	1.92	1.94	1936892	33391602.00
2011/12/22	1.92	2.05	1.73	1.94	3955230	65138352.00
2011/12/23	1.91	1.98	1.85	1.92	2092080	34917664.00
2011/12/26	1.92	1.92	1.80	1.82	2205394	35680296.00
2011/12/27	1.77	1.80	1.69	1.70	1837809	28407466.00
2011/12/28	1.69	1.72	1.66	1.71	1827132	27472802.00
2011/12/29	1.72	1.74	1.69	1.71	1273823	19425406.00
2011/12/30	1.72	1.77	1.71	1.74	1240900	19168480.00
2012/01/04	1.74	1.79	1.67	1.67	1189491	18353080.00
2012/01/05	1.67	1.67	1.59	1.60	1421635	20658874.00
2012/01/06	1.55	1.67	1.55	1.64	1203426	17313520.00
2012/01/09	1.63	1.74	1.63	1.73	1462227	21988640.00
2012/01/10	1.73	1.82	1.73	1.79	1780686	28019804.00
2012/01/11	1.78	1.87	1.77	1.79	1599034	25563424.00
2012/01/12	1.77	1.84	1.76	1.78	844471	13422256.00
2012/01/13	1.79	1.80	1.66	1.66	1188253	18045928.00
2012/01/16	1.62	1.64	1.56	1.59	1782792	25741790.00
2012/01/17	1.59	1.71	1.56	1.71	1368895	20214886.00
2012/01/18	1.71	1.71	1.56	1.58	1363266	19952370.00
2012/01/19	1.55	1.68	1.55	1.64	885193	12895855.00
2012/01/20	1.64	1.72	1.64	1.69	894805	13500573.00
2012/01/30	1.70	1.76	1.66	1.75	1489362	22818038.00
2012/01/31	1.75	1.75	1.70	1.73	521727	7977996.50
2012/02/01	1.73	1.79	1.71	1.71	776162	12011090.00
2012/02/02	1.71	1.75	1.71	1.75	531206	8156392.00
2012/02/03	1.75	1.80	1.73	1.79	991232	15542790.00
2012/02/06	1.79	1.83	1.78	1.79	1000963	15900871.00
2012/02/07	1.79	1.79	1.75	1.78	955694	14922719.00
2012/02/08	1.78	1.83	1.75	1.82	785449	12473217.00
2012/02/09	1.82	1.87	1.81	1.84	1204704	19511564.00
2012/02/10	1.83	1.89	1.82	1.89	1117445	18211838.00
2012/02/13	1.87	1.90	1.84	1.87	972496	16022093.00
2012/02/14	1.88	1.90	1.83	1.85	895302	14559306.00
2012/02/15	1.85	1.92	1.83	1.91	1319836	21796554.00
2012/02/16	1.91	1.91	1.87	1.89	775350	12778331.00
2012/02/17	1.87	1.91	1.86	1.89	781709	12890825.00
2012/02/20	1.92	1.92	1.87	1.89	641045	10609740.00
2012/02/21	1.87	1.89	1.81	1.88	898778	14645578.00
2012/02/22	1.88	1.96	1.87	1.95	1732760	29160720.00
2012/02/23	1.95	1.97	1.92	1.95	1250376	21215364.00
2012/02/24	1.94	2.04	1.93	1.98	1815006	31335402.00
2012/02/27	1.98	2.02	1.96	1.97	1424862	24609538.00
2012/02/28	1.96	2.03	1.94	2.00	1730374	29838400.00
2012/02/29	2.04	2.10	2.00	2.01	2457857	43630352.00
2012/03/01	2.02	2.09	2.02	2.06	1874499	33469504.00
2012/03/02	2.08	2.12	2.06	2.11	1769230	31999982.00
2012/03/05	2.11	2.19	2.09	2.10	1927369	35604088.00
2012/03/06	2.11	2.11	2.03	2.06	1337668	23939148.00
2012/03/07	2.04	2.11	2.03	2.06	1047147	18733330.00
2012/03/08	2.06	2.12	2.06	2.09	983830	17814728.00
2012/03/09	2.09	2.14	2.07	2.14	1656986	30055894.00
2012/03/12	2.15	2.15	2.10	2.12	1414373	25823358.00
2012/03/13	2.12	2.17	2.12	2.17	1547276	28503398.00
2012/03/14	2.18	2.19	1.98	2.03	2123866	38718136.00
2012/03/15	2.02	2.08	2.00	2.00	1443169	25476416.00
2012/03/16	2.02	2.09	2.02	2.09	1726233	30817816.00
2012/03/19	2.09	2.17	2.09	2.16	2030763	37237196.00
2012/03/20	2.35	2.41	2.26	2.26	9691081	192791424.00
2012/03/21	2.28	2.41	2.25	2.36	7258504	144236432.00
2012/03/22	2.34	2.35	2.27	2.29	3462836	68420872.00
2012/03/23	2.28	2.34	2.24	2.26	3261278	63587168.00
2012/03/26	2.22	2.26	2.19	2.23	1869437	35609888.00
2012/03/27	2.25	2.28	2.22	2.23	1618179	31155624.00
2012/03/28	2.22	2.22	2.12	2.16	2822558	52600820.00
2012/03/29	2.16	2.20	2.10	2.14	2001810	37131552.00
2012/03/30	2.11	2.15	2.03	2.10	1660635	30069740.00
2012/04/05	2.10	2.19	2.07	2.18	2108381	38985896.00
2012/04/06	2.16	2.21	2.15	2.18	1496954	28068844.00
2012/04/09	2.18	2.18	2.08	2.08	1502381	27543450.00
2012/04/11	2.10	2.15	2.08	2.10	1891586	34480560.00
2012/04/12	2.11	2.19	2.10	2.19	2709329	50335792.00
2012/04/13	2.19	2.23	2.17	2.21	2016030	38057468.00
2012/04/16	2.21	2.25	2.18	2.22	1553991	29487602.00
2012/04/17	2.22	2.24	2.16	2.18	2040475	38391056.00
2012/04/18	2.19	2.29	2.18	2.28	2267618	43622380.00
2012/04/19	2.28	2.36	2.28	2.32	3067328	61033064.00
2012/04/20	2.32	2.33	2.28	2.30	2175434	42773176.00
2012/04/23	2.29	2.29	2.08	2.13	2716733	50741584.00
2012/04/24	2.09	2.17	2.06	2.14	1515698	27677562.00
2012/04/25	2.14	2.16	2.09	2.14	981452	18013204.00
2012/04/26	2.14	2.16	2.11	2.14	906116	16600712.00
2012/04/27	2.13	2.20	2.10	2.15	1819927	16783402.00
2012/05/02	2.17	2.20	2.14	2.16	2536850	23428126.00
2012/05/03	2.14	2.17	2.07	2.15	3950175	35932752.00
2012/05/04	2.19	2.28	2.19	2.25	6961177	66738916.00
2012/05/07	2.23	2.36	2.20	2.33	6075362	59613472.00
2012/05/08	2.35	2.39	2.28	2.34	5223740	51709428.00
2012/05/09	2.32	2.44	2.27	2.37	6475013	64969704.00
2012/05/10	2.36	2.40	2.33	2.35	2742313	27413894.00
2012/05/11	2.38	2.38	2.32	2.32	2941140	29266928.00
2012/05/14	2.35	2.35	2.23	2.31	3433844	33662928.00
2012/05/15	2.28	2.41	2.26	2.40	4476822	44511816.00
2012/05/16	2.39	2.51	2.39	2.42	5640272	58555276.00
2012/05/17	2.41	2.45	2.37	2.43	2555260	26011652.00
2012/05/18	2.39	2.43	2.33	2.33	2793509	28120032.00
2012/05/21	2.33	2.37	2.26	2.31	1690882	16563272.00
2012/05/22	2.33	2.35	2.30	2.32	1382295	13599104.00
2012/05/23	2.32	2.35	2.27	2.30	1293040	12635907.00
2012/05/24	2.28	2.37	2.27	2.33	2079468	20571858.00
2012/05/25	2.33	2.41	2.31	2.35	2505280	25111776.00
2012/05/28	2.32	2.45	2.32	2.44	5839095	59439584.00
2012/05/29	2.44	2.50	2.41	2.48	5185966	53683248.00
2012/05/30	2.49	2.70	2.46	2.61	11428671	124303928.00
2012/05/31	2.63	2.67	2.57	2.62	6324395	69652800.00
2012/06/01	2.61	2.64	2.55	2.60	3762555	40906568.00
2012/06/04	2.54	2.63	2.49	2.49	3856438	41394920.00
2012/06/05	2.49	2.53	2.45	2.51	2951755	31052586.00
2012/06/06	2.52	2.56	2.49	2.53	2479772	26346546.00
2012/06/07	2.57	2.60	2.46	2.46	2566916	27405684.00
2012/06/08	2.49	2.50	2.42	2.48	2393521	24865284.00
2012/06/11	2.47	2.69	2.45	2.62	6149305	66877184.00
2012/06/12	2.61	2.63	2.53	2.59	3801843	41001800.00
2012/06/13	2.57	2.63	2.56	2.61	3733287	40619808.00
2012/06/14	2.58	2.62	2.55	2.55	2684379	29135984.00
2012/06/15	2.57	2.59	2.52	2.56	2284743	24511454.00
2012/06/18	2.58	2.62	2.55	2.60	4250996	46332576.00
2012/06/19	2.61	2.61	2.54	2.54	2711270	29175998.00
2012/06/20	2.56	2.59	2.51	2.51	1686307	17976240.00
2012/06/21	2.51	2.54	2.39	2.47	2862377	29503706.00
2012/06/25	2.44	2.45	2.37	2.38	1355519	13814402.00
2012/06/26	2.38	2.40	2.35	2.38	1264126	12707336.00
2012/06/27	2.38	2.44	2.37	2.41	1519896	15518240.00
2012/06/28	2.41	2.46	2.39	2.40	1117511	11421488.00
2012/06/29	2.38	2.45	2.38	2.45	1294557	13238898.00
2012/07/02	2.50	2.55	2.47	2.53	1839157	19432772.00
2012/07/03	2.54	2.54	2.47	2.48	1942024	20524574.00
2012/07/04	2.49	2.51	2.46	2.48	1667493	17504450.00
2012/07/05	2.50	2.51	2.40	2.45	2518946	26130438.00
2012/07/06	2.46	2.47	2.18	2.37	8300318	80531408.00
2012/07/09	2.36	2.41	2.31	2.34	2451887	24589236.00
2012/07/10	2.34	2.34	2.26	2.30	2413467	23492646.00
2012/07/11	2.28	2.34	2.27	2.33	1306291	12814193.00
2012/07/12	2.34	2.42	2.34	2.41	1908954	19248810.00
2012/07/13	2.43	2.43	2.39	2.40	1549116	15788397.00
2012/07/16	2.39	2.39	2.30	2.30	1578701	15667322.00
2012/07/17	2.27	2.35	2.27	2.32	750524	7396727.50
2012/07/18	2.33	2.33	2.21	2.27	1997738	19200462.00
2012/07/19	2.28	2.33	2.27	2.29	996310	9741934.00
2012/07/20	2.31	2.33	2.31	2.31	1146074	11276521.00
2012/07/23	2.28	2.37	2.22	2.36	1644211	16021256.00
2012/07/24	2.34	2.38	2.32	2.35	1323933	13179561.00
2012/07/25	2.33	2.45	2.31	2.43	2386490	24361222.00
2012/07/26	2.48	2.51	2.43	2.48	3229033	33694560.00
2012/07/27	2.48	2.62	2.44	2.59	2921056	30926976.00
2012/07/30	2.60	2.60	2.44	2.49	3297288	34979164.00
2012/07/31	2.48	2.60	2.42	2.51	3109927	33198802.00
2012/08/01	2.51	2.59	2.48	2.57	1920201	20606388.00
2012/08/02	2.54	2.59	2.51	2.55	1462524	15675171.00
2012/08/03	2.55	2.70	2.51	2.67	4689786	51719344.00
2012/08/06	2.65	2.86	2.63	2.84	8268854	95247464.00
2012/08/07	2.82	2.86	2.79	2.83	3081980	36182016.00
2012/08/08	2.82	2.85	2.73	2.77	2721578	31454460.00
2012/08/09	2.76	2.92	2.75	2.84	3514090	41551076.00
2012/08/10	2.89	2.90	2.74	2.81	4032326	46924024.00
2012/08/13	2.79	2.86	2.77	2.80	3418290	40066324.00
2012/08/14	2.81	2.96	2.75	2.92	6660184	79797880.00
2012/08/15	2.93	2.95	2.88	2.90	2707231	32764192.00
2012/08/16	2.89	2.92	2.76	2.76	2961725	34735032.00
2012/08/17	2.76	2.79	2.67	2.78	2617978	29805484.00
2012/08/20	2.76	2.86	2.71	2.82	2045680	23859470.00
2012/08/21	2.80	2.91	2.79	2.88	2848961	34019352.00
2012/08/22	2.93	3.04	2.89	2.89	5413898	66151648.00
2012/08/23	2.87	2.93	2.83	2.87	2425506	28963408.00
2012/08/24	2.87	2.90	2.81	2.86	1941523	23025450.00
2012/08/27	2.88	2.90	2.79	2.82	2577369	30415902.00
2012/08/28	2.81	2.82	2.71	2.74	2775199	31796234.00
2012/08/29	2.72	2.82	2.71	2.76	1725893	19857970.00
2012/08/30	2.74	2.78	2.60	2.68	2554778	28690980.00
2012/08/31	2.67	2.72	2.66	2.72	1236480	13885006.00
2012/09/03	2.72	2.84	2.71	2.84	2275447	26497218.00
2012/09/04	2.84	2.89	2.82	2.84	2016150	23875190.00
2012/09/05	2.86	2.88	2.81	2.84	1366328	16136247.00
2012/09/06	2.84	2.88	2.79	2.88	1643691	19418702.00
2012/09/07	2.89	3.00	2.89	2.95	3957641	48366304.00
2012/09/10	2.96	2.98	2.89	2.92	3634870	43903752.00
2012/09/11	2.91	2.95	2.90	2.92	1671378	20255962.00
2012/09/12	2.94	2.95	2.86	2.89	2000477	24043810.00
2012/09/13	2.90	2.92	2.84	2.86	1106332	13213516.00
2012/09/14	2.86	2.88	2.68	2.76	3917596	44911696.00
2012/09/17	2.73	2.76	2.71	2.71	1088557	12372156.00
2012/09/18	2.71	2.73	2.67	2.72	1668369	18805870.00
2012/09/19	2.72	2.72	2.62	2.70	2960241	33000456.00
2012/09/20	2.68	2.70	2.57	2.65	4127143	45636812.00
2012/09/21	2.68	2.68	2.61	2.64	1406990	15546230.00
2012/09/24	2.62	2.66	2.60	2.66	728700	8027725.50
2012/09/25	2.64	2.68	2.63	2.65	630107	7001320.00
2012/09/26	2.65	2.67	2.51	2.59	1529812	16441581.00
2012/09/27	2.57	2.65	2.52	2.65	1358974	14830429.00
2012/09/28	2.63	2.70	2.62	2.69	1123999	12551949.00
2012/10/08	2.69	2.70	2.64	2.65	713304	7940252.00
2012/10/09	2.69	2.81	2.69	2.80	3063391	35393540.00
2012/10/10	2.79	2.93	2.77	2.85	3379638	40147932.00
2012/10/11	2.85	2.90	2.82	2.84	3347423	39772540.00
2012/10/12	2.84	2.89	2.75	2.82	1467666	17181272.00
2012/10/15	2.82	2.83	2.74	2.80	1910497	22043082.00
2012/10/16	2.81	2.86	2.79	2.80	999267	11748348.00
2012/10/17	2.81	2.88	2.79	2.86	1717482	20309674.00
2012/10/18	2.86	2.89	2.84	2.88	2124011	25320330.00
2012/10/19	2.89	2.93	2.87	2.89	3145609	37852944.00
2012/10/22	2.83	2.88	2.83	2.87	1662550	19765962.00
2012/10/23	2.86	2.91	2.81	2.86	2523698	30051904.00
2012/10/24	2.84	2.89	2.81	2.88	1484540	17672296.00
2012/10/25	2.85	2.88	2.75	2.81	1856455	21654122.00
2012/10/26	2.79	2.80	2.66	2.76	1722912	19515420.00
2012/10/29	2.73	2.77	2.70	2.75	962422	10963707.00
2012/10/30	2.73	2.76	2.72	2.72	563353	6433054.00
2012/10/31	2.71	2.73	2.69	2.72	453671	5140358.50
2012/11/01	2.73	2.79	2.73	2.75	1698092	19580062.00
2012/11/02	2.75	2.79	2.75	2.76	1047800	12100147.00
2012/11/05	2.76	2.80	2.69	2.72	1286174	14698762.00
2012/11/06	2.72	2.76	2.68	2.72	1093538	12387881.00
2012/11/07	2.72	2.78	2.71	2.76	987922	11339629.00
2012/11/08	2.74	2.75	2.63	2.68	1300281	14564982.00
2012/11/09	2.63	2.67	2.63	2.66	755836	8378920.00
2012/11/12	2.67	2.76	2.67	2.69	761705	8651823.00
2012/11/13	2.67	2.69	2.65	2.68	675642	7539929.00
2012/11/14	2.68	2.71	2.60	2.71	792203	8789606.00
2012/11/15	2.70	2.75	2.69	2.70	1182309	13446943.00
2012/11/16	2.70	2.75	2.70	2.71	1171336	13316933.00
2012/11/19	2.73	2.74	2.63	2.67	900034	10107816.00
2012/11/20	2.67	2.70	2.62	2.63	889986	9836362.00
2012/11/21	2.62	2.66	2.45	2.51	2911011	30805414.00
2012/11/22	2.51	2.52	2.46	2.46	891205	9295027.00
2012/11/23	2.49	2.49	2.39	2.42	2694707	27654170.00
2012/11/26	2.42	2.44	2.39	2.40	760710	7750096.00
2012/11/27	2.39	2.40	2.29	2.32	2166241	21507152.00
2012/11/28	2.32	2.32	2.23	2.26	3136459	30081336.00
2012/11/29	2.26	2.28	2.23	2.26	1096866	10508387.00
2012/11/30	2.26	2.33	2.26	2.29	1818932	17657636.00
2012/12/03	2.29	2.29	2.10	2.17	2484903	23300008.00
2012/12/04	2.14	2.23	2.14	2.23	2157807	20222556.00
2012/12/05	2.23	2.35	2.23	2.33	1585576	15597896.00
2012/12/06	2.33	2.34	2.32	2.33	898828	8880273.00
2012/12/07	2.33	2.40	2.30	2.40	1121998	11264169.00
2012/12/10	2.40	2.44	2.37	2.44	1224352	12494444.00
2012/12/11	2.43	2.50	2.38	2.48	1238134	12635467.00
2012/12/12	2.47	2.49	2.42	2.49	1231582	12762005.00
2012/12/13	2.49	2.49	2.41	2.45	739703	7616135.00
2012/12/14	2.44	2.58	2.41	2.58	2821890	29842268.00
2012/12/17	2.58	2.62	2.49	2.51	1914910	20313722.00
2012/12/18	2.51	2.55	2.49	2.49	1854037	19665524.00
2012/12/19	2.47	2.51	2.46	2.48	761997	7963030.50
2012/12/20	2.50	2.50	2.44	2.50	714122	7457480.50
2012/12/21	2.50	2.55	2.47	2.50	775056	8141429.00
2012/12/24	2.47	2.54	2.47	2.51	1752576	18502532.00
2012/12/25	2.51	2.62	2.48	2.60	2774265	29798256.00
2012/12/26	2.60	2.71	2.58	2.71	2309348	25536498.00
2012/12/27	2.72	2.79	2.67	2.70	2067711	23545948.00
2012/12/28	2.71	2.78	2.68	2.78	1965091	22350900.00
2012/12/31	2.78	2.88	2.74	2.88	5345777	62462220.00
2013/01/04	2.88	2.88	2.75	2.75	3674215	42706276.00
2013/01/07	2.68	2.80	2.68	2.74	4757817	54688608.00
2013/01/08	2.74	2.85	2.72	2.83	4263790	49936220.00
2013/01/09	2.82	2.85	2.76	2.81	1542477	18102012.00
2013/01/10	2.84	2.86	2.82	2.86	2720317	32137532.00
2013/01/11	2.86	3.02	2.84	2.86	4203379	51199524.00
2013/01/14	3.08	3.10	2.95	2.99	7491506	93076808.00
2013/01/15	3.01	3.26	3.01	3.25	10500868	137699424.00
2013/01/16	3.29	3.29	3.16	3.22	6718066	88436144.00
2013/01/17	3.16	3.26	3.13	3.15	3988130	52415092.00
2013/01/18	3.13	3.25	3.13	3.24	4974263	65714984.00
2013/01/21	3.24	3.41	3.24	3.36	4481840	61396052.00
2013/01/22	3.34	3.37	3.19	3.20	3236999	43474724.00
2013/01/23	3.21	3.47	3.21	3.34	4966390	68416432.00
2013/01/24	3.25	3.49	3.25	3.39	6431577	89767112.00
2013/01/25	3.37	3.52	3.34	3.51	5801014	82293856.00
2013/01/28	3.51	3.68	3.44	3.65	6190370	90176040.00
2013/01/29	3.66	3.74	3.59	3.64	4703871	70201512.00
2013/01/30	3.66	3.72	3.61	3.70	4323659	64681280.00
2013/01/31	3.71	3.73	3.58	3.64	4727932	70249960.00
2013/02/01	3.70	3.99	3.65	3.90	11877166	184411792.00
2013/02/04	3.90	4.03	3.85	3.92	10338667	164418176.00
2013/02/05	3.90	4.27	3.90	4.22	8024493	131744392.00
2013/02/06	4.20	4.29	4.16	4.25	6908933	117381328.00
2013/02/07	4.48	4.53	4.11	4.15	13663034	233299344.00
2013/02/08	4.13	4.59	4.11	4.59	11700341	204947840.00
2013/02/18	4.58	4.71	4.52	4.66	13958995	258797488.00
2013/02/19	4.60	4.61	4.43	4.45	8557870	154684352.00
2013/02/20	4.44	4.76	4.43	4.67	12222683	228035040.00
2013/02/21	4.59	4.74	4.56	4.73	7247626	135471024.00
2013/02/22	4.73	5.14	4.70	4.98	9984407	198074160.00
2013/02/25	5.02	5.38	4.96	5.33	11716050	243386400.00
2013/02/26	5.30	5.48	5.07	5.14	11548268	242169344.00
2013/02/27	5.10	5.51	4.87	5.48	12357533	250790928.00
2013/02/28	5.40	5.78	5.23	5.62	10968232	241661216.00
2013/03/01	5.60	6.21	5.52	6.21	16240713	384057632.00
2013/03/04	6.03	6.31	5.78	6.02	22112592	531179136.00
2013/03/05	5.89	6.14	5.68	6.03	12837105	301903968.00
2013/03/06	5.95	6.11	5.77	5.80	10335589	240731072.00
2013/03/07	5.73	5.80	5.28	5.32	15401951	334400736.00
2013/03/08	5.31	5.48	5.24	5.38	7416921	158587280.00
2013/03/11	5.29	5.59	5.29	5.50	6190519	135123136.00
2013/03/12	5.46	5.69	5.20	5.67	11730631	255031808.00
2013/03/13	5.49	5.90	5.45	5.74	8621514	195897680.00
2013/03/14	5.70	6.06	5.63	5.91	8038524	187699040.00
2013/03/15	5.89	6.07	5.57	5.72	8421435	194679472.00
2013/03/18	5.61	5.79	5.57	5.63	4467213	100659280.00
2013/03/19	5.63	5.71	5.22	5.29	6512073	139699184.00
2013/03/20	5.29	5.39	4.98	5.36	12469510	260587712.00
2013/03/21	5.28	5.75	5.28	5.58	11667249	255341328.00
2013/03/22	5.53	5.57	5.35	5.39	6166420	133051560.00
2013/03/25	5.40	5.43	5.20	5.32	6014687	127012304.00
2013/03/26	5.33	5.49	5.25	5.36	5889408	125880232.00
2013/03/27	5.36	5.39	5.19	5.27	4947837	103808632.00
2013/03/28	5.22	5.43	5.10	5.22	5748558	121340024.00
2013/03/29	5.22	5.32	5.04	5.09	3518783	72277088.00
2013/04/01	5.10	5.59	5.04	5.54	9617393	206586992.00
2013/04/02	5.51	5.78	5.42	5.50	8175824	181377680.00
2013/04/03	5.50	5.56	5.20	5.28	3805147	81053512.00
2013/04/08	5.17	5.37	4.96	5.28	6182741	126823360.00
2013/04/09	5.26	5.40	5.22	5.27	4361835	91573256.00
2013/04/10	5.26	5.39	5.14	5.38	3304345	69257728.00
2013/04/11	5.40	5.49	5.34	5.42	3261253	70398904.00
2013/04/12	5.41	5.41	5.30	5.34	2074602	44036724.00
2013/04/15	5.28	5.57	5.28	5.46	6601697	143768016.00
2013/04/16	5.38	5.60	5.37	5.54	8420436	185006160.00
2013/04/17	5.54	5.67	5.51	5.67	9167080	203827040.00
2013/04/18	5.66	5.93	5.57	5.91	9543488	220355840.00
2013/04/19	5.90	5.99	5.77	5.84	9504469	221038464.00
2013/04/22	5.85	6.16	5.75	6.07	11623597	273929280.00
2013/04/23	6.02	6.44	5.97	6.22	15351192	375164608.00
2013/04/24	6.21	6.32	6.10	6.28	14276726	351744320.00
2013/04/25	6.23	6.54	5.85	5.90	14533376	358660640.00
2013/04/26	5.82	5.90	5.46	5.49	7793849	174647040.00
2013/05/02	5.41	5.77	5.36	5.74	4878255	109566112.00
2013/05/03	5.78	5.94	5.70	5.91	5401566	125866616.00
2013/05/06	5.94	6.20	5.87	6.05	8051280	192633888.00
2013/05/07	6.04	6.28	5.87	6.18	7221330	174896592.00
2013/05/08	6.15	6.47	6.10	6.47	9556204	237859664.00
2013/05/09	6.55	6.87	6.47	6.48	19456162	513628160.00
2013/05/10	6.61	6.87	6.44	6.61	14432626	289374336.00
2013/05/13	6.53	6.53	6.03	6.39	12618496	240546208.00
2013/05/14	6.27	6.33	5.89	5.97	13084406	240621296.00
2013/05/15	6.02	6.19	5.92	6.01	12247893	224742512.00
2013/05/16	6.03	6.15	5.88	5.93	14919501	270898080.00
2013/05/17	5.92	6.08	5.85	6.02	15512482	280695936.00
2013/05/20	6.02	6.50	5.93	6.44	20990919	394043200.00
2013/05/21	6.35	6.63	6.28	6.50	14777132	287780992.00
2013/05/22	6.37	6.37	5.88	5.91	22995878	423285184.00
2013/05/23	5.82	6.04	5.75	5.95	9990456	179951440.00
2013/05/24	5.94	6.04	5.78	5.89	11771861	210655184.00
2013/05/27	5.90	6.14	5.85	5.96	16842203	305651296.00
2013/05/28	5.96	5.99	5.41	5.48	21448436	366143328.00
2013/05/29	5.54	5.59	5.44	5.55	8377746	140983440.00
2013/05/30	5.55	5.86	5.50	5.78	15497482	268892832.00
2013/05/31	5.77	5.84	5.51	5.61	15386172	265508512.00
2013/06/03	5.63	5.72	5.53	5.65	6516311	111459952.00
2013/06/04	5.65	5.71	5.48	5.61	6266286	106767752.00
2013/06/05	5.61	5.64	5.44	5.55	5193298	87470720.00
2013/06/06	5.51	5.56	5.32	5.32	6412781	105833048.00
2013/06/07	5.32	5.44	5.20	5.25	5725503	92770112.00
2013/06/13	5.13	5.13	4.93	5.07	7991243	122918568.00
2013/06/14	5.04	5.37	5.04	5.32	7996035	128423800.00
2013/06/17	5.43	5.51	5.25	5.30	9998901	163147088.00
2013/06/18	5.26	5.32	5.05	5.17	5426182	85404544.00
2013/06/19	5.16	5.32	5.12	5.22	5135190	82178824.00
2013/06/20	5.23	5.23	4.97	4.97	4957272	76921456.00
2013/06/21	4.78	5.06	4.75	5.00	5215399	78403480.00
2013/06/24	4.93	5.00	4.79	4.86	5706239	85071080.00
2013/06/25	4.71	4.94	4.35	4.79	7990089	114734408.00
2013/06/26	4.81	5.03	4.75	5.00	8133234	122608968.00
2013/06/27	4.95	5.53	4.95	5.47	31218541	518068480.00
2013/06/28	5.35	5.51	5.21	5.25	12964271	211408320.00
2013/07/01	5.24	5.42	5.17	5.38	8876013	144452896.00
2013/07/02	5.41	5.51	5.37	5.42	10724255	177426416.00
2013/07/03	5.45	5.51	5.20	5.43	10485934	172264432.00
2013/07/04	5.37	5.43	5.25	5.32	6865718	111675400.00
2013/07/05	5.27	5.47	5.26	5.27	5363015	87674016.00
2013/07/08	5.07	5.10	4.81	4.86	7063729	106619296.00
2013/07/09	4.79	4.92	4.70	4.70	5570706	82279360.00
2013/07/10	4.82	4.95	4.79	4.91	5648561	84484704.00
2013/07/11	4.94	5.08	4.84	5.01	10262036	156158496.00
2013/07/12	5.03	5.31	4.97	5.06	11759142	186453184.00
2013/07/15	5.23	5.39	5.17	5.36	12569521	203778928.00
2013/07/16	5.40	5.58	5.36	5.51	10225413	170512688.00
2013/07/17	5.51	5.51	5.26	5.29	7776505	127107784.00
2013/07/18	5.24	5.36	5.12	5.22	5920282	94616312.00
2013/07/19	5.22	5.40	5.12	5.15	8060975	130550288.00
2013/07/22	5.07	5.51	5.07	5.51	9482065	154864256.00
2013/07/23	5.51	5.71	5.46	5.55	12806079	218075024.00
2013/07/24	5.48	5.99	5.44	5.85	17038404	295004224.00
2013/07/25	5.81	5.82	5.44	5.53	11988340	205948816.00
2013/07/26	5.48	5.69	5.42	5.61	7315458	124182536.00
2013/07/29	5.56	5.56	5.24	5.25	7340663	120669184.00
2013/07/30	5.24	5.33	4.95	5.15	7233045	113156728.00
2013/07/31	5.17	5.38	5.14	5.15	6285568	100935864.00
2013/08/01	5.20	5.42	5.16	5.41	7986106	130128504.00
2013/08/02	5.44	5.54	5.36	5.46	7591613	126219144.00
2013/08/05	5.54	5.55	5.45	5.55	5764910	96513280.00
2013/08/06	5.54	5.61	5.50	5.53	6954639	117775312.00
2013/08/07	5.62	5.64	5.32	5.47	8394316	138730784.00
2013/08/08	5.58	5.61	5.41	5.43	7263586	121552160.00
2013/08/09	5.50	5.55	5.26	5.40	6940723	114893440.00
2013/08/12	5.58	5.63	5.37	5.51	16882685	282846464.00
2013/08/13	5.51	5.54	5.38	5.52	7755905	129586456.00
2013/08/14	5.51	5.51	5.38	5.40	7231582	119632688.00
2013/08/15	5.37	5.40	5.20	5.24	7472823	120253296.00
2013/08/16	5.19	5.32	5.08	5.12	6505582	103599768.00
2013/08/19	5.06	5.28	5.06	5.26	4542120	71989824.00
2013/08/20	5.24	5.25	5.13	5.18	4058193	64473484.00
2013/08/21	5.16	5.42	5.12	5.37	8609464	140512400.00
2013/08/22	5.40	5.46	5.32	5.38	8138667	134032160.00
2013/08/23	5.39	5.63	5.39	5.54	14872040	250165008.00
2013/08/26	5.55	5.58	5.48	5.58	8522406	143825408.00
2013/08/27	5.60	5.60	5.43	5.52	5879136	98656104.00
2013/08/28	5.49	5.49	5.37	5.37	6509087	107603464.00
2013/08/29	5.48	5.83	5.41	5.63	16008528	275263072.00
2013/08/30	5.74	5.82	5.41	5.43	14342682	246266032.00
2013/09/02	5.36	5.43	5.13	5.42	7365818	119577568.00
2013/09/03	5.41	5.53	5.34	5.47	5136902	85409384.00
2013/09/04	5.51	5.64	5.48	5.49	5736197	96901040.00
2013/09/05	5.48	5.63	5.41	5.61	8365163	141857424.00
2013/09/06	5.57	5.67	5.45	5.60	7701124	130398720.00
2013/09/09	5.63	5.86	5.52	5.77	13391100	231848080.00
2013/09/10	5.77	6.29	5.67	6.11	19604695	360472896.00
2013/09/11	6.05	6.22	5.79	5.95	11769900	212760192.00
2013/09/12	5.89	6.06	5.72	5.85	11133012	198890560.00
2013/09/13	5.96	6.07	5.75	5.85	7094612	126873864.00
2013/09/16	5.85	5.99	5.77	5.95	7707722	137910320.00
2013/09/17	5.96	5.96	5.66	5.66	9163836	161721376.00
2013/09/18	5.61	5.88	5.61	5.79	6070269	106065336.00
2013/09/23	5.98	6.17	5.87	6.05	13976323	256157856.00
2013/09/24	6.27	6.68	6.27	6.68	25435369	504114592.00
2013/09/25	6.82	6.91	6.52	6.65	23394770	475609568.00
2013/09/26	6.58	6.71	6.46	6.49	11205143	221865456.00
2013/09/27	6.49	6.56	6.27	6.30	10475390	202908752.00
2013/09/30	6.44	6.65	6.32	6.59	9282825	182576128.00
2013/10/08	6.86	7.28	6.85	6.89	20943371	444966880.00
2013/10/09	6.86	7.25	6.71	7.03	13223673	279786336.00
2013/10/10	6.89	7.01	6.71	6.74	10441787	215253008.00
2013/10/11	6.75	7.01	6.65	6.95	10052406	208160688.00
2013/10/14	6.84	7.47	6.72	7.42	13616801	289734880.00
2013/10/15	7.36	7.45	7.13	7.22	13183519	288979392.00
2013/10/16	7.17	7.30	6.60	6.78	16689487	350694304.00
2013/10/17	6.89	7.29	6.81	6.87	14775488	314689856.00
2013/10/18	6.89	6.99	6.62	6.83	9084971	186795504.00
2013/10/21	6.89	7.44	6.88	7.27	16521888	359232960.00
2013/10/22	7.48	7.85	7.06	7.07	22369251	505028608.00
2013/10/23	7.00	7.13	6.72	6.79	14137923	293460736.00
2013/10/24	6.75	6.75	6.48	6.58	9895197	196272112.00
2013/10/25	6.51	6.84	6.45	6.53	9578800	192235440.00
2013/10/28	6.58	6.59	6.23	6.45	5956995	115839272.00
2013/10/29	6.37	6.52	5.96	6.24	9691871	182287872.00
2013/10/30	6.20	6.31	6.15	6.28	4297254	81108608.00
2013/10/31	6.28	6.28	5.86	5.88	10546963	192879344.00
2013/11/01	5.85	5.96	5.69	5.78	4398023	77415920.00
2013/11/04	5.82	6.20	5.82	6.10	7359695	135637360.00
2013/11/05	6.10	6.29	5.93	6.28	6199322	116222408.00
2013/11/06	6.29	6.42	6.07	6.09	8409759	159685424.00
2013/11/07	6.03	6.24	5.96	6.11	4510004	83692072.00
2013/11/08	6.03	6.18	5.97	6.07	3704357	68327200.00
2013/11/11	6.08	6.09	5.78	5.88	4428149	79201016.00
2013/11/12	6.12	6.33	6.03	6.20	9642904	180747424.00
2013/11/13	6.16	6.16	5.98	5.98	4955858	91217528.00
2013/11/14	5.98	6.13	5.88	6.06	3809324	69625976.00
2013/11/15	6.15	6.32	6.10	6.25	8353431	157247232.00
2013/11/18	6.31	6.45	6.26	6.39	7900902	152316256.00
2013/11/19	6.39	6.59	6.34	6.44	7279494	142707456.00
2013/11/20	6.42	6.46	6.30	6.40	4734546	91032768.00
2013/11/21	6.40	6.40	6.21	6.26	4593746	87506808.00
2013/11/22	6.26	6.36	6.19	6.21	4305178	81777496.00
2013/11/25	6.21	6.33	6.20	6.20	3740288	70916816.00
2013/11/26	6.20	6.32	6.16	6.23	4676971	88165456.00
2013/11/27	6.22	6.44	6.20	6.43	7667647	147209440.00
2013/11/28	6.44	6.48	6.30	6.34	5458176	105262568.00
2013/11/29	6.34	6.46	6.34	6.44	5451668	105497344.00
2013/12/02	6.13	6.23	5.77	5.77	11749626	211372720.00
2013/12/03	5.58	5.70	5.27	5.60	9533633	160192720.00
2013/12/04	5.62	5.75	5.55	5.55	7133175	122727408.00
2013/12/05	5.56	5.78	5.53	5.53	7140164	122745144.00
2013/12/06	5.54	5.67	5.45	5.48	6332765	106824448.00
2013/12/09	5.58	5.68	5.56	5.68	7262146	124487728.00
2013/12/10	5.68	5.70	5.57	5.60	3838690	65604076.00
2013/12/11	5.65	5.68	5.57	5.61	3260361	55785608.00
2013/12/12	5.62	5.69	5.57	5.67	3506213	60292936.00
2013/12/13	5.68	5.68	5.62	5.65	2714713	46648704.00
2013/12/16	5.61	5.65	5.43	5.63	5218082	88315520.00
2013/12/17	5.61	5.62	5.43	5.46	2988006	50010984.00
2013/12/18	5.48	5.51	5.35	5.36	3174950	52436224.00
2013/12/19	5.43	5.48	5.24	5.24	3282058	53972248.00
2013/12/20	5.24	5.41	5.24	5.32	3358106	54548580.00
2013/12/23	5.31	5.33	5.13	5.20	4468129	71333448.00
2013/12/24	5.24	5.36	5.24	5.30	2771976	44944860.00
2013/12/25	5.31	5.56	5.24	5.56	4961677	81744064.00
2013/12/26	5.53	5.57	5.36	5.36	5485439	91259896.00
2013/12/27	5.37	5.53	5.35	5.46	5291513	88296952.00
2013/12/30	5.48	5.61	5.48	5.50	3992760	67228360.00
2013/12/31	5.50	5.62	5.46	5.56	4962343	83636576.00
2014/01/02	5.56	5.66	5.53	5.59	5153662	87647792.00
2014/01/03	5.59	5.61	5.52	5.56	3712293	62900756.00
2014/01/06	5.56	5.58	5.44	5.53	3373961	56636512.00
2014/01/07	5.53	5.71	5.50	5.67	6827549	117329544.00
2014/01/08	5.77	6.08	5.75	6.05	12673207	228163632.00
2014/01/09	5.99	6.20	5.90	5.91	10682688	197329168.00
2014/01/10	5.90	6.01	5.75	5.83	5654403	101221480.00
2014/01/13	5.82	5.97	5.77	5.88	4024048	71806080.00
2014/01/14	5.88	6.12	5.83	6.06	5142421	93855232.00
2014/01/15	6.06	6.19	6.01	6.08	5099781	94381712.00
2014/01/16	6.12	6.19	5.98	6.00	4308682	79545432.00
2014/01/17	6.03	6.17	6.00	6.01	4052378	74747648.00
2014/01/20	6.02	6.26	6.01	6.08	5412640	100638296.00
2014/01/21	6.03	6.14	6.01	6.10	3940209	72582240.00
2014/01/22	6.06	6.33	6.06	6.26	8421491	158486864.00
2014/01/23	6.27	6.34	6.20	6.21	6723250	127802152.00
2014/01/24	6.19	6.50	6.17	6.39	8074040	156457920.00
2014/01/27	6.39	6.82	6.33	6.68	11670836	233133456.00
2014/01/28	6.68	6.81	6.52	6.69	7590758	153427664.00
2014/01/29	6.67	6.96	6.63	6.96	7417052	152836496.00
2014/01/30	6.92	7.04	6.83	6.97	5340161	111773664.00
2014/02/07	6.91	7.19	6.85	6.99	6897692	146104592.00
2014/02/10	6.99	7.16	6.85	7.10	9020263	191166992.00
2014/02/11	7.15	7.29	6.68	6.79	13824139	292219904.00
2014/02/12	6.82	7.49	6.82	7.27	16880566	365260096.00
2014/02/13	7.34	7.46	7.09	7.14	10918499	239248224.00
2014/02/14	7.16	7.30	7.03	7.12	6565424	141234368.00
2014/02/17	7.17	7.42	7.12	7.17	14088019	308793248.00
2014/02/18	7.17	7.37	7.06	7.14	10582621	229401264.00
2014/02/19	7.10	7.20	6.70	6.82	12808823	264578240.00
2014/02/20	6.80	6.82	6.17	6.53	12142679	238842912.00
2014/02/21	6.51	6.61	6.33	6.51	6815286	133826232.00
2014/02/24	6.65	6.79	6.57	6.68	9649537	195127824.00
2014/02/25	6.65	6.75	6.27	6.38	9947711	197267680.00
2014/02/26	6.35	6.49	6.17	6.46	5960435	114522848.00
2014/02/27	6.50	6.55	6.06	6.06	7391307	141542192.00
2014/02/28	6.06	6.20	5.86	6.17	7576208	137187712.00
2014/03/03	6.18	6.72	6.18	6.69	10148588	198313168.00
2014/03/04	6.68	6.74	6.46	6.58	7223964	144038016.00
2014/03/05	6.69	6.72	6.51	6.58	5911605	118539928.00
2014/03/06	6.58	6.68	6.29	6.38	5058692	98596720.00
2014/03/07	6.33	6.49	6.20	6.29	3718287	71142688.00
2014/03/10	6.22	6.43	6.11	6.20	5088197	96757024.00
2014/03/11	6.20	6.36	6.03	6.18	4110826	77574048.00
2014/03/12	6.13	6.29	5.88	5.99	6138450	112805456.00
2014/03/13	5.93	6.20	5.93	6.20	4922276	90838520.00
2014/03/14	6.17	6.17	5.98	6.02	3697163	68069904.00
2014/03/17	6.05	6.29	6.00	6.29	4415267	82737216.00
2014/03/18	6.29	6.59	6.22	6.55	8433774	165360208.00
2014/03/19	6.55	6.55	6.37	6.42	5443273	106335848.00
2014/03/20	6.37	6.47	6.17	6.17	4925634	95141312.00
2014/03/21	6.13	6.38	5.99	6.26	3941214	74265928.00
2014/03/24	6.28	6.57	6.28	6.49	6332701	123685512.00
2014/03/25	6.49	6.54	6.33	6.38	3352956	65435328.00
2014/03/26	6.53	6.58	6.40	6.50	5067875	99744944.00
2014/03/27	6.57	6.61	6.42	6.42	4204035	82572312.00
2014/03/28	6.43	6.49	5.93	6.06	6039780	112111392.00
2014/03/31	6.06	6.17	5.85	5.89	4296494	78498128.00
2014/04/01	5.86	6.06	5.85	6.03	2456014	44686632.00
2014/04/02	6.05	6.09	5.89	5.98	2895940	52334416.00
2014/04/03	5.98	6.05	5.94	5.99	3213039	58549972.00
2014/04/04	6.01	6.06	5.93	6.05	2606706	47652212.00
2014/04/08	6.05	6.11	5.95	6.10	2722316	49987800.00
2014/04/09	6.16	6.33	6.16	6.22	4663018	88186664.00
2014/04/10	6.24	6.40	6.24	6.28	6448419	123546880.00
2014/04/11	6.24	6.25	6.14	6.16	2912443	54630004.00
2014/04/14	6.16	6.25	6.16	6.25	3644548	68599768.00
2014/04/15	6.26	6.36	6.22	6.24	4320011	82306312.00
2014/04/16	6.25	6.28	6.09	6.22	3164331	59235972.00
2014/04/17	6.27	6.30	6.23	6.27	2548295	48433292.00
2014/04/18	6.28	6.39	6.21	6.38	6367203	122371200.00
2014/04/21	6.44	6.44	6.27	6.27	4628218	88985224.00
2014/04/22	6.29	6.32	6.08	6.14	3961396	74348824.00
2014/04/23	6.14	6.19	6.03	6.07	4148378	76521128.00
2014/04/24	6.08	6.12	6.04	6.08	1795670	33149024.00
2014/04/25	6.14	6.23	6.02	6.03	3287764	61039408.00
2014/04/28	5.96	6.12	5.40	5.51	7432281	128669464.00
2014/04/29	5.51	5.60	5.44	5.58	2920480	49193312.00
2014/04/30	5.60	5.97	5.60	5.87	5376734	95459472.00
2014/05/05	5.86	6.08	5.85	6.04	3390546	61624740.00
2014/05/06	6.04	6.15	6.01	6.05	3163488	58560936.00
2014/05/07	6.06	6.09	5.94	5.95	2394642	43738048.00
2014/05/08	5.93	6.15	5.93	6.08	2590167	47804660.00
2014/05/09	6.04	6.08	5.89	6.05	2559613	46579940.00
2014/05/12	6.07	6.17	6.03	6.12	2321912	43009204.00
2014/05/13	6.20	6.20	5.98	5.99	2233229	41114340.00
2014/05/14	6.01	6.08	5.88	5.90	2486185	44825252.00
2014/05/15	5.95	5.95	5.61	5.66	4804163	83188768.00
2014/05/16	5.71	5.71	5.55	5.61	2891245	49213564.00
2014/05/19	5.65	5.69	5.58	5.61	2255850	38550660.00
2014/05/20	5.65	5.78	5.61	5.66	2948608	51111444.00
2014/05/21	5.63	5.71	5.63	5.70	2040374	35065652.00
2014/05/22	5.72	5.83	5.67	5.68	3278959	57102624.00
2014/05/23	5.69	5.81	5.66	5.77	3258499	56734840.00
2014/05/26	5.81	5.91	5.78	5.89	3742861	66439076.00
2014/05/27	5.92	5.93	5.79	5.82	2764621	48957220.00
2014/05/28	5.83	5.93	5.77	5.91	3436568	61206672.00
2014/05/29	5.93	5.98	5.78	5.79	2611336	46429212.00
2014/05/30	5.79	5.86	5.69	5.73	2588421	45142228.00
2014/06/03	5.73	5.79	5.73	5.73	1888541	32985736.00
2014/06/04	5.75	5.94	5.73	5.88	4523090	80272648.00
2014/06/05	5.87	5.94	5.83	5.90	3920408	69996808.00
2014/06/06	5.90	5.97	5.86	5.92	3290623	58967580.00
2014/06/09	5.91	5.91	5.78	5.79	2185768	38696228.00
2014/06/10	5.81	5.87	5.75	5.84	2921921	51415532.00
2014/06/11	5.83	6.09	5.79	6.04	7288724	132748432.00
2014/06/12	6.04	6.09	6.00	6.01	3487065	63746448.00
2014/06/13	6.01	6.32	6.01	6.21	6690361	125574544.00
2014/06/16	6.26	6.36	6.21	6.31	3965958	75346288.00
2014/06/17	6.29	6.33	6.19	6.24	3317355	62697076.00
2014/06/18	6.28	6.32	6.12	6.14	3286909	61641700.00
2014/06/19	6.13	6.31	6.02	6.19	5236319	97944632.00
2014/06/20	6.10	6.27	6.07	6.26	2319502	43339860.00
2014/06/23	6.26	6.53	6.25	6.45	6708512	130569064.00
2014/06/24	6.51	6.65	6.42	6.43	7465005	147841504.00
2014/06/25	6.43	6.58	6.40	6.40	4570399	89566816.00
2014/06/26	6.48	6.62	6.42	6.60	7637290	151088080.00
2014/06/27	6.63	6.65	6.53	6.59	3750948	74592424.00
2014/06/30	6.57	6.65	6.51	6.63	4451266	88538448.00
2014/07/01	6.63	6.79	6.57	6.79	6123638	123649744.00
2014/07/02	6.79	6.88	6.70	6.85	5216424	106952576.00
2014/07/03	6.84	7.18	6.71	7.05	8868625	186407104.00
2014/07/04	7.05	7.15	6.91	7.06	4836847	102310848.00
2014/07/07	7.13	7.15	6.74	6.88	7888408	163778256.00
2014/07/08	6.81	7.14	6.77	7.09	6625037	139406224.00
2014/07/09	7.08	7.38	7.04	7.14	10931321	236535104.00
2014/07/10	7.32	7.32	6.80	6.80	12936457	273044800.00
2014/07/11	6.78	6.95	6.65	6.69	7916935	161066576.00
2014/07/14	6.73	6.94	6.69	6.90	6016309	123020240.00
2014/07/15	6.91	7.03	6.70	6.85	5128404	106040280.00
2014/07/16	6.79	7.02	6.79	6.86	6222786	129717904.00
2014/07/17	6.87	6.98	6.80	6.94	3169209	65701464.00
2014/07/18	6.92	7.07	6.77	6.90	4881869	101720384.00
2014/07/21	6.89	6.89	6.44	6.50	8077541	160832128.00
2014/07/22	6.47	6.71	6.44	6.63	4771456	95271216.00
2014/07/23	6.60	6.72	6.35	6.39	5952110	116285528.00
2014/07/24	6.43	6.43	6.19	6.35	6602285	125582696.00
2014/07/25	6.39	6.52	6.34	6.42	3579354	69301984.00
2014/07/28	6.43	6.71	6.37	6.65	4627406	91703440.00
2014/07/29	6.64	6.74	6.60	6.69	3295150	66216248.00
2014/07/30	6.67	6.77	6.61	6.71	3643025	73208368.00
2014/07/31	6.73	6.74	6.64	6.70	3440654	69170136.00
2014/08/01	6.72	6.76	6.62	6.67	6759190	136549472.00
2014/08/04	6.69	6.70	6.53	6.63	5925295	117917528.00
2014/08/05	6.60	6.67	6.47	6.62	5284052	104971144.00
2014/08/06	6.62	6.95	6.60	6.87	7787332	159202832.00
2014/08/07	6.86	7.03	6.80	6.86	6228453	129663120.00
2014/08/08	6.99	7.05	6.84	6.88	5463788	113744160.00
2014/08/11	6.95	7.47	6.90	7.37	14471111	314090656.00
2014/08/12	7.32	7.45	7.26	7.34	8146167	180015584.00
2014/08/13	7.42	7.60	7.29	7.43	7456851	166388080.00
2014/08/14	7.45	7.56	7.32	7.41	7104608	158592976.00
2014/08/15	7.43	7.51	7.26	7.36	5597105	123800712.00
2014/08/18	7.34	7.43	7.34	7.42	4857212	107877760.00
2014/08/19	7.47	7.50	7.37	7.40	6178290	137733072.00
2014/08/20	7.38	7.38	7.17	7.19	6981529	152369216.00
2014/08/21	7.19	7.58	7.12	7.58	9823343	217211296.00
2014/08/22	7.58	7.82	7.51	7.69	8979206	207098608.00
2014/08/25	7.72	7.78	7.55	7.60	7251304	166651872.00
2014/08/26	7.57	7.73	7.35	7.42	6913141	156190112.00
2014/08/27	7.42	7.79	7.40	7.69	7275289	166602256.00
2014/08/28	7.70	7.74	7.41	7.56	6381559	144774384.00
2014/08/29	7.52	8.07	7.50	8.00	10733518	253671856.00
2014/09/01	8.01	8.19	7.95	8.16	8835392	214598944.00
2014/09/02	8.17	8.25	8.04	8.20	6195597	150879040.00
2014/09/03	8.14	8.45	8.08	8.30	9169607	226848096.00
2014/09/04	8.27	8.45	8.21	8.24	6175614	153431168.00
2014/09/05	8.22	8.42	8.09	8.20	6467310	159418944.00
2014/09/09	8.20	8.57	8.19	8.51	7369600	185370384.00
2014/09/10	8.57	8.84	8.43	8.65	7687827	199037632.00
2014/09/11	8.63	8.82	8.47	8.51	7745996	199479424.00
2014/09/12	8.51	8.62	8.47	8.59	3420000	87458720.00
2014/09/15	8.55	8.66	8.38	8.50	5980096	151462080.00
2014/09/16	8.40	8.48	7.94	7.94	13801448	336817088.00
2014/09/17	7.96	8.11	7.84	8.10	6617807	158800768.00
2014/09/18	8.06	8.17	7.98	8.05	5002554	120828112.00
2014/09/19	8.13	8.27	8.06	8.15	5781766	141457152.00
2014/09/22	8.12	8.14	7.94	8.03	4743722	113702368.00
2014/09/23	8.02	8.13	7.97	8.07	3305672	79712096.00
2014/09/24	8.07	8.37	8.00	8.37	8115896	199116816.00
2014/09/25	8.40	8.45	8.24	8.32	5058596	125811800.00
2014/09/26	8.25	8.41	8.18	8.30	3959928	98006072.00
2014/09/29	8.39	9.12	8.36	9.09	11356392	295695680.00
2014/12/02	9.22	9.44	8.16	8.96	40630213	1061552768.00
2014/12/03	8.84	9.00	8.43	8.96	20258860	527490176.00
2014/12/04	8.98	9.01	8.84	8.96	12445045	331197536.00
2014/12/05	8.88	8.90	8.32	8.44	14900023	380021312.00
2014/12/08	8.39	8.39	7.96	8.05	17508279	423443808.00
2014/12/09	8.01	8.28	7.32	7.77	16983823	407187456.00
2014/12/10	7.77	8.54	7.76	8.39	13266063	327729824.00
2014/12/11	8.36	8.84	8.24	8.49	11577093	296496736.00
2014/12/12	8.57	8.94	8.46	8.85	11805893	307255584.00
2014/12/15	8.80	8.99	8.57	8.78	8890456	233016256.00
2014/12/16	8.79	8.81	8.53	8.60	7465330	192704448.00
2014/12/17	8.53	8.54	8.25	8.26	8514363	213393488.00
2014/12/18	8.22	9.05	8.17	8.66	14180309	372342304.00
2014/12/19	8.48	8.92	8.47	8.66	10606233	275740704.00
2014/12/22	8.69	8.69	8.19	8.39	7302506	183775120.00
2014/12/23	8.70	8.70	8.37	8.43	4895119	124207856.00
2014/12/24	8.45	8.76	8.40	8.51	6344500	163465088.00
2014/12/25	8.70	8.70	8.34	8.54	5629016	142836112.00
2014/12/26	8.43	8.57	8.29	8.43	6571762	164984032.00
2014/12/30	8.34	8.43	7.67	7.88	8924450	212711824.00
2014/12/31	7.84	8.09	7.78	8.08	4600386	110143344.00
2015/01/05	8.09	8.09	7.74	7.86	7857625	184377328.00
2015/01/06	7.84	8.28	7.76	8.28	6034017	145248000.00
2015/01/07	8.19	8.28	7.89	7.94	7367989	177882144.00
2015/01/08	7.97	8.19	7.91	7.94	6292345	152317792.00
2015/01/09	7.98	8.28	7.98	8.08	7082203	173370128.00
2015/01/12	8.03	8.24	8.02	8.10	4035561	98403792.00
2015/01/13	8.05	8.22	8.04	8.14	3277395	79691448.00
2015/01/14	8.09	8.17	7.80	7.83	5615996	133508056.00
2015/01/15	7.85	8.06	7.85	7.93	3051250	72521824.00
2015/01/16	7.84	8.03	7.84	7.94	3557163	84659760.00
2015/01/19	7.85	8.11	7.68	7.88	6488715	153554736.00
2015/01/20	8.01	8.66	8.01	8.44	13125248	328351424.00
2015/01/21	8.50	8.76	8.42	8.59	10424324	268114528.00
2015/01/22	8.57	8.78	8.50	8.68	6592438	170846272.00
2015/01/23	8.62	8.70	8.51	8.59	4836084	124145976.00
2015/01/26	8.68	8.76	8.59	8.71	6630562	171821616.00
2015/01/27	8.80	8.86	8.55	8.68	6412772	166540672.00
2015/01/28	8.69	8.76	8.49	8.56	3563333	91942456.00
2015/01/29	8.38	8.62	8.38	8.51	2553655	65021180.00
2015/01/30	8.50	8.75	8.50	8.60	6628215	172015040.00
2015/02/02	8.59	8.94	8.54	8.85	9267755	243719600.00
2015/02/03	8.94	8.99	8.70	8.84	6715464	177086416.00
2015/02/04	8.78	9.22	8.78	9.05	10291534	278777664.00
2015/02/05	9.07	9.17	8.96	8.98	5204361	140423168.00
2015/02/06	8.98	9.01	8.45	8.58	7261749	187041200.00
2015/02/09	8.50	8.69	8.44	8.53	4351252	111119208.00
2015/02/10	8.53	8.65	8.44	8.63	3740676	95191720.00
2015/02/11	8.63	8.70	8.56	8.63	4288465	110799264.00
2015/02/12	8.70	9.07	8.67	8.98	7474810	199861856.00
2015/02/13	9.08	9.30	8.93	9.14	7493125	205084080.00
2015/02/16	9.18	9.39	9.07	9.25	7068689	195390256.00
2015/02/17	9.31	9.75	9.30	9.44	7035258	199737872.00
2015/02/25	9.39	9.97	9.39	9.61	7600481	219845552.00
2015/02/26	9.62	9.96	9.46	9.70	9341891	270245888.00
2015/02/27	9.70	9.80	9.56	9.66	5351788	154226064.00
2015/03/02	10.46	10.65	10.04	10.49	38153745	1186081664.00
2015/03/03	10.44	11.11	10.22	10.60	21069040	675217088.00
2015/03/04	10.59	11.00	10.43	10.74	9211782	293011072.00
2015/03/05	10.74	10.97	10.36	10.64	9866654	312779712.00
2015/03/06	10.52	10.57	9.98	10.14	10593678	320248128.00
2015/03/09	10.14	10.30	10.04	10.16	5541152	167194928.00
2015/03/10	10.16	10.38	10.04	10.07	6687862	202360608.00
2015/03/11	10.06	10.06	9.74	9.82	10219610	298795744.00
2015/03/12	9.89	9.93	9.63	9.75	9246243	268242240.00
2015/03/13	9.84	10.24	9.77	10.22	8826450	262980800.00
2015/03/16	10.77	11.27	10.75	10.96	17425549	568534144.00
2015/03/17	11.17	11.22	10.65	10.83	15237847	495394208.00
2015/03/18	10.83	11.00	10.62	10.93	12348577	397955808.00
2015/03/19	10.94	10.96	10.65	10.84	11413908	366094336.00
2015/03/20	10.87	11.20	10.79	11.01	14523363	474329472.00
2015/03/23	11.06	11.35	10.93	11.15	14222252	468673824.00
2015/03/24	11.25	12.29	11.11	12.11	22372194	777983616.00
2015/03/25	11.96	13.03	11.83	12.50	18097538	676627008.00
2015/03/26	12.42	12.42	11.70	11.72	16583673	589068480.00
2015/03/27	11.46	12.07	11.46	11.87	8501693	299882720.00
2015/03/30	12.04	12.97	12.04	12.44	11958346	443896352.00
2015/03/31	12.42	13.03	12.21	12.77	11601689	437778432.00
2015/04/01	12.87	13.73	12.76	13.73	19524470	770492864.00
2015/04/02	14.02	14.67	13.58	14.02	18525304	772984704.00
2015/04/03	13.67	14.45	13.60	14.16	13288711	553360320.00
2015/04/07	14.34	14.65	13.87	14.20	15171506	640482368.00
2015/04/08	14.27	14.36	13.25	13.56	16813217	678491264.00
2015/04/09	13.35	14.09	12.79	13.96	17724553	698664000.00
2015/04/10	13.84	14.37	13.56	14.17	11607163	484561376.00
2015/04/13	14.39	15.25	14.22	14.82	15207136	664893632.00
2015/04/14	15.04	15.04	14.11	14.18	11088423	472000352.00
2015/04/15	14.11	14.11	13.20	13.24	11832886	472911584.00
2015/04/16	13.11	13.77	12.93	13.37	9291725	370721120.00
2015/04/17	13.42	13.70	13.08	13.23	10584430	416780576.00
2015/04/20	13.10	13.47	12.84	12.88	10285257	398231424.00
2015/04/21	12.80	13.51	12.80	13.46	9991833	393186784.00
2015/04/22	13.55	14.04	13.53	13.64	11227027	455822080.00
2015/04/23	13.87	14.52	13.53	14.35	14578415	603515328.00
2015/04/24	14.90	15.72	14.46	15.56	25063327	1126878464.00
2015/04/27	16.11	16.28	15.15	15.36	18164614	837456768.00
2015/04/28	15.57	15.75	14.73	15.66	17953848	804544704.00
2015/04/29	15.93	15.94	15.17	15.43	16322396	746012352.00
2015/04/30	15.81	15.81	15.10	15.11	15015522	522468576.00
2015/05/04	15.03	15.66	14.67	15.23	13868415	478594368.00
2015/05/05	15.08	15.51	14.34	14.53	13961333	472864832.00
2015/05/06	14.61	15.14	14.25	14.51	12670154	424868064.00
2015/05/07	14.29	14.69	13.93	14.04	9377332	302664608.00
2015/05/08	14.33	15.03	14.32	15.03	13707552	456923456.00
2015/05/11	15.15	15.78	14.81	15.72	19304267	669070976.00
2015/05/12	15.85	16.02	15.09	15.59	18240624	642657792.00
2015/05/13	15.29	15.99	15.05	15.64	19904084	701565248.00
2015/05/14	15.64	16.04	15.46	15.51	12333212	437950560.00
2015/05/15	15.33	15.36	15.00	15.02	11064125	378928832.00
2015/05/18	15.02	15.75	14.90	15.40	12775873	447609024.00
2015/05/19	15.64	15.76	15.03	15.72	13627751	476999968.00
2015/05/20	15.89	17.31	15.81	16.88	18791646	718588160.00
2015/05/21	17.14	18.09	16.88	17.92	16002154	643690112.00
2015/05/22	18.28	18.50	17.02	17.57	17908928	713807040.00
2015/05/25	17.06	17.61	16.58	17.36	14414547	561561600.00
2015/05/26	17.49	18.36	17.49	17.99	14053127	569896576.00
2015/05/27	17.99	18.19	17.38	17.57	14354873	572587904.00
2015/05/28	17.33	17.92	16.28	16.32	16367360	638147584.00
2015/05/29	16.62	17.20	15.90	16.84	14047784	531400832.00
2015/06/01	16.96	17.68	16.70	17.55	12834080	502888640.00
2015/06/02	17.71	18.00	17.25	17.93	15396392	615952064.00
2015/06/03	18.18	19.03	17.94	18.79	20532876	860760832.00
2015/06/04	18.56	18.78	17.02	17.97	16228817	657071552.00
2015/06/05	18.00	18.48	17.25	17.68	14571043	588272768.00
2015/06/08	17.70	17.83	16.93	17.14	15246225	592439104.00
2015/06/09	17.14	17.74	17.01	17.53	10376717	409514656.00
2015/06/10	17.61	18.13	17.25	17.87	12169651	487113184.00
2015/06/11	17.96	18.04	17.54	17.67	10051104	402262240.00
2015/06/12	17.70	17.92	17.40	17.92	12531137	500287552.00
2015/06/15	18.10	18.27	16.89	16.94	13898927	549978688.00
2015/06/16	16.75	16.75	15.68	15.93	15976479	584791744.00
2015/06/17	16.04	16.53	15.85	16.45	10068478	368938048.00
2015/06/18	16.57	16.69	15.38	15.51	8678904	314744992.00
2015/06/19	15.25	15.45	13.93	14.27	11426959	384257856.00
2015/06/23	14.34	15.23	13.98	15.15	11871112	392962560.00
2015/06/24	15.15	15.65	14.83	15.22	10580030	365600416.00
2015/06/25	15.81	15.84	14.36	14.75	12323301	432004896.00
2015/06/26	14.11	15.40	13.26	13.41	18148389	581835008.00
2015/06/29	14.09	14.52	12.09	13.51	22344358	680109568.00
2015/06/30	13.53	14.89	12.77	14.87	22472327	716756160.00
2015/07/01	14.92	15.81	14.34	14.67	20258282	703950400.00
2015/07/02	14.73	15.40	13.89	14.52	15155904	503261376.00
2015/07/03	13.89	15.62	13.09	14.29	18943185	616652800.00
2015/07/06	15.72	15.72	12.84	13.62	26380091	835529280.00
2015/07/07	13.66	13.95	12.23	12.23	22371967	652825024.00
2015/07/08	10.99	13.44	10.99	13.16	80435700	2225212416.00
2015/07/09	13.16	14.50	13.16	14.50	22007240	701044928.00
2015/07/10	15.64	15.97	15.25	15.97	6632802	237300032.00
2015/07/13	17.23	17.59	16.35	17.59	36722261	1421290496.00
2015/07/14	17.02	18.93	16.80	17.25	31955081	1280539392.00
2015/07/15	16.80	18.75	16.51	17.61	30653149	1229664128.00
2015/07/16	17.61	18.93	16.59	18.65	32760400	1337017472.00
2015/07/17	19.04	20.54	19.04	20.38	35063176	1591813120.00
2015/07/20	20.18	20.81	18.78	19.76	38117268	1707730944.00
2015/07/21	19.13	20.61	19.01	19.62	25029231	1122101888.00
2015/07/22	19.57	19.93	18.50	19.04	26216243	1128564224.00
2015/07/23	18.95	20.34	18.64	19.85	27362564	1214651776.00
2015/07/24	19.89	19.98	18.31	18.79	24575634	1070736064.00
2015/07/27	18.17	19.26	16.89	16.89	27886299	1142426624.00
2015/07/28	16.36	18.09	15.35	17.65	34730014	1328112128.00
2015/07/29	17.57	18.49	16.58	18.38	20876565	830328384.00
2015/07/30	18.10	18.39	17.14	17.16	16117430	650530816.00
2015/07/31	16.84	17.82	16.55	17.45	18792919	730368384.00
2015/08/03	17.06	17.91	16.50	17.24	14242037	553816768.00
2015/08/04	17.29	18.40	16.89	18.32	18040009	721595456.00
2015/08/05	18.14	19.01	18.06	18.29	17335927	724452224.00
2015/08/06	17.89	19.56	17.79	19.43	22415524	954172992.00
2015/08/07	19.49	19.82	19.16	19.55	17633442	775240128.00
2015/08/10	19.78	20.50	19.41	20.03	23155700	1043072384.00
2015/08/11	19.80	20.02	19.27	19.33	18479562	816620480.00
2015/08/12	19.07	20.07	18.59	18.63	17668607	772702336.00
2015/08/13	18.51	18.95	18.06	18.94	13958870	584521536.00
2015/08/14	19.02	19.08	18.40	18.95	13663894	580380928.00
2015/08/17	18.90	19.01	18.16	18.56	11443009	478786144.00
2015/08/18	18.52	18.77	16.78	16.78	21791037	873043776.00
2015/08/19	16.44	17.67	16.36	17.52	16155749	623984448.00
2015/08/20	17.29	17.71	16.99	17.07	8907778	348905376.00
2015/08/21	16.80	17.25	15.69	15.72	14346489	532006336.00
2015/08/24	14.91	15.25	14.13	14.13	23424201	768672448.00
2015/08/25	13.37	15.05	13.36	13.64	24188293	778047296.00
2015/08/26	13.97	15.02	13.44	14.33	26013689	848389440.00
2015/08/27	14.96	15.42	14.25	15.23	20001155	676616128.00
2015/08/28	15.81	15.95	14.95	15.89	24096444	842279360.00
2015/08/31	15.41	15.58	14.56	14.56	15628593	535422496.00
2015/09/01	14.29	14.87	13.83	13.98	14581045	473475200.00
2015/09/02	13.23	14.63	13.23	14.30	15895297	500156000.00
2015/09/07	14.55	15.12	13.09	13.22	22587465	715781632.00
2015/09/08	13.17	14.14	12.91	13.98	12669111	388169184.00
2015/09/09	14.29	14.74	13.93	14.09	28531839	921509632.00
2015/09/10	13.67	14.32	13.67	13.97	10748928	342201056.00
2015/09/11	14.11	14.29	13.98	14.22	10477376	335885504.00
2015/09/14	14.33	14.51	12.78	12.78	19020249	573039616.00
2015/09/15	12.61	12.93	11.62	11.70	13506733	377880576.00
2015/09/16	11.88	12.89	11.68	12.85	16203979	451992480.00
2015/09/17	12.63	13.21	12.38	12.45	17573381	512049632.00
2015/09/18	12.60	12.99	12.27	12.90	14499860	418677888.00
2015/09/21	12.61	13.69	12.59	13.61	15198340	458896224.00
2015/09/22	13.75	14.10	13.53	13.65	15100816	473077312.00
2015/09/23	13.40	13.87	13.35	13.57	11750738	361924576.00
2015/09/24	13.66	13.92	13.53	13.72	10863366	338312768.00
2015/09/25	13.82	14.11	13.35	13.78	18614734	584466240.00
2015/09/28	13.58	14.13	13.26	14.08	15443059	484152864.00
2015/09/29	13.89	14.63	13.80	14.21	18723378	605405696.00
2015/09/30	14.25	14.34	13.78	13.89	10151619	323122976.00
2015/10/08	14.47	14.78	14.21	14.53	16574008	544733952.00
2015/10/09	14.52	14.77	14.35	14.53	11050086	365257824.00
2015/10/12	14.72	15.54	14.65	15.35	16627019	571218240.00
2015/10/13	15.25	15.51	15.15	15.41	11213005	389493856.00
2015/10/14	15.28	15.59	14.96	14.97	10813829	374336640.00
2015/10/15	14.91	15.67	14.83	15.51	14217137	494116992.00
2015/10/16	15.68	15.73	15.33	15.62	14391399	506195040.00
2015/10/19	15.63	15.66	15.02	15.23	14024579	486569632.00
2015/10/20	15.23	15.57	15.11	15.54	12115556	421661184.00
2015/10/21	15.53	16.02	14.56	14.67	22081889	769098880.00
2015/10/22	14.59	15.16	14.42	15.10	17343838	581064640.00
2015/10/23	15.14	15.76	14.84	15.68	23742818	823467072.00
2015/10/26	16.49	16.62	15.68	15.97	27376060	1001050880.00
2015/10/27	15.72	15.89	15.01	15.68	16680778	585995648.00
2015/10/28	15.59	16.04	15.22	15.28	13183661	468024864.00
2015/10/29	15.33	15.65	15.20	15.34	9586784	334404320.00
2015/10/30	15.37	15.46	14.95	15.11	9409246	324542176.00
2015/11/02	14.99	15.41	14.76	14.79	9891365	337411456.00
2015/11/03	14.84	15.00	14.70	14.82	7149654	240526000.00
2015/11/04	14.99	15.73	14.99	15.72	14291127	500407168.00
2015/11/05	15.81	15.89	15.28	15.50	21271385	748762624.00
2015/11/06	15.53	16.20	15.52	15.99	17642252	635792192.00
2015/11/09	15.94	16.43	15.63	16.25	21330168	773756608.00
2015/11/10	16.12	16.79	16.06	16.40	19859599	740708160.00
2015/11/11	16.44	16.51	16.11	16.35	13477666	496385952.00
2015/11/12	16.42	16.48	15.81	15.93	18666726	678206016.00
2015/11/13	15.77	15.89	15.41	15.57	14249046	505058656.00
2015/11/16	15.11	15.78	15.10	15.78	11220748	393689920.00
2015/11/17	15.90	16.25	15.54	15.56	20336770	730833472.00
2015/11/18	15.60	15.72	15.05	15.11	10259632	355866400.00
2015/11/19	15.05	15.41	15.01	15.40	9195769	317158816.00
2015/11/20	15.41	15.68	15.30	15.42	12612533	441169952.00
2015/11/23	15.33	15.54	15.10	15.14	11614235	403233440.00
2015/11/24	15.14	15.52	15.04	15.49	9296815	322584032.00
2015/11/25	15.49	16.02	15.40	15.91	14575350	518291744.00
2015/11/26	16.02	16.10	15.59	15.63	12450406	444208256.00
2015/11/27	15.85	16.11	14.97	15.22	19151819	682636864.00
2015/11/30	15.38	15.60	14.78	15.60	12121649	419756928.00
2015/12/01	15.58	16.13	15.41	15.77	15541339	556228800.00
2015/12/02	15.66	15.81	14.78	15.30	12290241	425208384.00
2015/12/03	15.40	15.55	15.19	15.46	8150843	284073472.00
2015/12/04	15.39	15.47	15.02	15.10	8750319	301600256.00
2015/12/07	15.21	15.34	15.03	15.23	5624467	193303424.00
2015/12/08	15.24	15.50	15.16	15.22	8969064	311224576.00
2015/12/09	15.01	15.12	14.29	14.35	17621520	583673280.00
2015/12/10	14.20	14.51	14.17	14.25	7193474	233802400.00
2015/12/11	14.25	14.47	14.17	14.29	4980164	161821744.00
2015/12/14	14.18	14.49	13.96	14.42	8369036	269172832.00
2015/12/15	14.43	14.85	14.43	14.56	8135522	270033472.00
2015/12/16	14.63	14.87	14.63	14.67	7318179	244782048.00
2015/12/17	14.76	15.01	14.69	14.88	7904478	266465792.00
2015/12/18	14.87	14.91	14.65	14.87	6856329	229257312.00
2015/12/21	14.85	15.21	14.83	15.20	10088027	344393184.00
2015/12/22	15.23	15.35	14.97	15.14	6992541	239565472.00
2015/12/23	15.12	15.32	15.00	15.04	6736342	231331728.00
2015/12/24	15.05	15.42	15.05	15.42	10573324	365877408.00
2015/12/25	15.52	15.55	15.15	15.24	7421436	257584432.00
2015/12/28	15.30	15.45	14.81	14.95	8690187	299230016.00
2015/12/29	14.92	15.02	14.82	14.98	3878674	131084056.00
2015/12/30	15.01	15.44	14.94	15.44	9686640	334220544.00
2015/12/31	15.50	15.53	14.97	14.99	8566937	294808544.00
2016/01/04	15.01	15.13	13.70	13.81	7379404	244669584.00
2016/01/05	14.11	15.21	13.90	15.12	18698172	620357952.00
2016/01/06	15.10	15.44	14.82	15.30	15317800	525154304.00
2016/01/07	14.98	15.00	13.78	13.81	4536304	148300080.00
2016/01/08	14.35	14.62	13.49	14.37	12928114	418744928.00
2016/01/11	14.02	14.69	13.67	13.67	12451404	400501184.00
2016/01/12	13.93	14.01	12.99	13.54	10868423	334464992.00
2016/01/13	13.62	13.75	12.28	12.43	12078661	358741856.00
2016/01/14	12.03	13.08	12.03	13.06	10083360	290069312.00
2016/01/15	12.98	12.98	12.25	12.45	8493132	243337984.00
2016/01/18	12.20	12.82	12.10	12.66	6467705	184328672.00
2016/01/19	12.54	13.18	12.53	13.06	6613533	193298960.00
2016/01/20	13.01	13.19	12.62	12.71	6742067	197457632.00
2016/01/21	12.57	13.12	12.49	12.72	9675582	283835584.00
2016/01/22	12.93	13.38	12.93	13.34	11174850	334891360.00
2016/01/25	13.45	13.65	13.16	13.31	9446863	287340192.00
2016/01/26	13.17	13.17	12.39	12.63	8151413	236835552.00
2016/01/27	12.76	13.22	12.33	13.19	11074253	321914720.00
2016/01/28	12.93	13.22	12.58	12.66	8161991	239964288.00
2016/01/29	12.50	13.19	12.50	13.01	8441159	247467152.00
2016/02/01	12.95	12.97	12.60	12.81	5751362	167427664.00
2016/02/02	12.83	13.32	12.83	13.14	8912704	265638816.00
2016/02/03	13.01	13.25	12.82	13.18	6445153	190166400.00
2016/02/04	13.21	13.55	13.21	13.35	7632900	231841040.00
2016/02/05	13.37	13.44	13.13	13.16	5518657	165919056.00
2016/02/15	12.89	13.40	12.83	13.33	5661144	168930464.00
2016/02/16	13.34	13.82	13.34	13.75	8156996	253186672.00
2016/02/17	13.75	13.87	13.53	13.80	7341179	228193536.00
2016/02/18	13.89	13.93	13.58	13.61	5793050	180685408.00
2016/02/19	13.62	13.75	13.45	13.62	4952388	152697760.00
2016/02/22	13.78	13.87	13.66	13.85	6241856	195268288.00
2016/02/23	13.86	13.88	13.54	13.67	5257890	163157616.00
2016/02/24	13.69	13.79	13.33	13.57	5735386	176094912.00
2016/02/25	13.66	13.87	12.65	12.86	11548655	350208032.00
2016/02/26	12.95	13.12	12.71	12.95	5967216	175278560.00
2016/02/29	12.90	12.94	11.88	12.05	11110948	310087840.00
2016/03/01	12.14	12.40	11.78	12.28	6745869	185659216.00
2016/03/02	12.32	12.93	12.22	12.82	8978705	255895168.00
2016/03/03	12.80	13.03	12.68	12.71	6974502	202911504.00
2016/03/04	12.66	12.86	11.98	12.11	8934963	250250560.00
2016/03/07	12.50	12.67	12.19	12.32	6973713	197504976.00
2016/03/08	12.38	12.76	11.97	12.72	8486794	240031840.00
2016/03/09	12.52	12.72	12.33	12.57	6010770	171480544.00
2016/03/10	12.63	12.90	12.47	12.54	7085178	204551344.00
2016/03/11	12.37	12.74	12.37	12.61	4412373	126078872.00
2016/03/14	12.77	13.28	12.77	13.10	9107682	270525184.00
2016/03/15	13.10	13.31	12.96	13.21	6688176	199655248.00
2016/03/16	14.11	14.11	13.40	13.41	16239818	506776064.00
2016/03/17	13.62	14.02	13.53	14.02	13100572	410217824.00
2016/03/18	14.11	14.55	14.01	14.33	15623409	506174624.00
2016/03/21	14.52	14.73	14.07	14.30	20849776	678043456.00
2016/03/22	14.22	14.68	14.12	14.43	12936856	424975584.00
2016/03/23	14.52	14.60	14.28	14.46	7667375	250854544.00
2016/03/24	14.35	14.62	14.26	14.29	9377414	307237184.00
2016/03/25	14.20	14.43	14.13	14.26	5890286	190545840.00
2016/03/28	14.40	14.56	14.02	14.03	8905582	288933504.00
2016/03/29	14.03	14.15	13.75	13.89	6940858	219396192.00
2016/03/30	14.04	14.45	14.00	14.45	8597919	277423776.00
2016/03/31	14.52	14.60	14.34	14.38	7185876	235466896.00
2016/04/01	14.33	14.60	14.17	14.52	7628287	248939616.00
2016/04/05	14.60	15.08	14.54	15.04	12069453	409488608.00
2016/04/06	15.03	15.44	14.87	15.20	11025820	378609472.00
2016/04/07	15.21	16.09	15.21	15.57	20377236	727671104.00
2016/04/08	15.57	15.97	15.14	15.38	14197318	501612928.00
2016/04/11	15.68	16.51	15.68	16.41	19024672	696885824.00
2016/04/12	16.41	16.65	16.07	16.42	13639578	504504864.00
2016/04/13	16.62	17.20	16.41	16.43	17229011	656256768.00
2016/04/14	16.46	16.79	16.27	16.76	9402195	351519552.00
2016/04/15	16.84	17.15	16.54	16.94	9894019	377971424.00
2016/04/18	17.23	17.82	16.82	17.68	18863183	743853760.00
2016/04/19	17.89	17.93	17.08	17.47	23732277	624066176.00
2016/04/20	17.23	17.83	16.35	16.63	34111516	878688320.00
2016/04/21	16.61	17.77	16.30	17.07	27860321	724268928.00
2016/04/22	16.87	17.27	16.63	16.86	13617283	348058336.00
2016/04/25	16.90	17.08	16.37	16.53	13229286	333434944.00
2016/04/26	16.53	16.73	16.39	16.67	9913792	247998736.00
2016/04/27	16.70	17.60	16.49	17.55	21401261	554967808.00
2016/04/28	17.45	17.79	17.19	17.60	16716188	441608064.00
2016/04/29	17.47	17.75	17.20	17.20	11807942	310922176.00
2016/05/03	17.20	18.10	16.97	18.10	22233950	594451968.00
2016/05/04	18.11	18.27	17.81	17.93	14194400	386488608.00
2016/05/05	17.87	17.95	17.57	17.81	10356868	278261344.00
2016/05/06	17.83	18.17	16.91	16.92	21838324	574800832.00
2016/05/09	16.63	16.80	16.20	16.35	17370627	431553568.00
2016/05/10	16.35	16.53	16.24	16.27	8127303	201149152.00
2016/05/11	16.41	16.75	16.13	16.31	10263273	255037440.00
2016/05/12	16.13	16.83	15.74	16.53	11248913	277640992.00
2016/05/13	16.41	16.90	16.41	16.59	9754585	246320256.00
2016/05/16	16.39	16.67	16.13	16.63	11089463	274881792.00
2016/05/17	16.60	16.80	16.09	16.20	13733730	339437056.00
2016/05/18	16.09	16.31	15.57	15.75	12442045	299930368.00
2016/05/19	15.83	16.23	15.73	15.78	11546646	278822048.00
2016/05/20	15.67	16.29	15.57	16.15	11788849	284922944.00
2016/05/23	16.18	16.67	16.13	16.60	12297170	306820256.00
2016/05/24	16.53	16.59	16.26	16.50	8134198	201921280.00
2016/05/25	16.62	16.87	16.36	16.37	9392791	235915648.00
2016/05/26	16.39	16.52	16.00	16.37	8326347	204222128.00
2016/05/27	16.37	16.65	16.35	16.51	6333576	157723808.00
2016/05/30	16.35	17.66	16.28	17.23	19009830	493012896.00
2016/05/31	17.27	17.93	17.25	17.87	17480036	467708864.00
2016/06/01	17.80	17.90	17.66	17.83	13082862	351389408.00
2016/06/02	17.85	17.87	17.45	17.83	13173267	351677056.00
2016/06/03	17.75	18.12	17.70	17.89	17336527	468731072.00
2016/06/06	17.95	18.45	17.75	18.13	15964642	436678560.00
2016/06/07	18.20	18.20	17.82	17.99	10245086	278226400.00
2016/06/08	18.00	18.00	17.65	17.74	10332465	277367840.00
2016/06/13	17.60	17.60	16.93	16.93	12321096	321730496.00
2016/06/14	16.94	17.37	16.93	17.31	8831636	229289856.00
2016/06/15	17.14	17.86	17.07	17.63	13443484	358768736.00
2016/06/16	17.72	17.73	17.10	17.14	10018768	263474608.00
2016/06/17	17.17	17.60	17.12	17.40	8790061	230519376.00
2016/06/20	17.36	17.40	17.06	17.40	7509035	194990592.00
2016/06/21	17.44	17.77	17.20	17.30	8804545	233058672.00
2016/06/22	17.27	17.73	17.24	17.73	8724069	231060608.00
2016/06/23	17.70	17.85	17.51	17.57	6699139	178942384.00
2016/06/24	17.53	17.79	16.99	17.57	9662636	255337696.00
2016/06/27	17.41	17.83	17.37	17.71	8808861	235113792.00
2016/06/28	17.65	18.45	17.60	18.33	18057751	493643392.00
2016/06/29	18.43	18.67	18.07	18.09	12483932	345719968.00
2016/06/30	18.23	18.31	18.00	18.29	8627741	236968592.00
2016/07/01	18.23	18.79	18.22	18.64	10796899	303014848.00
2016/07/04	18.65	18.97	18.57	18.75	9828117	279240960.00
2016/07/05	18.77	18.93	18.65	18.67	7225909	204595136.00
2016/07/06	18.67	18.83	18.35	18.77	9300343	261085536.00
2016/07/07	18.69	19.18	18.69	19.04	10947049	314140128.00
2016/07/08	19.03	19.53	18.75	19.40	11038052	319602880.00
2016/07/11	19.33	20.39	19.33	19.91	18296642	552563200.00
2016/07/12	20.01	20.17	19.60	19.93	14438013	432450240.00
2016/07/13	20.70	20.87	20.32	20.38	15805141	490340448.00
2016/07/14	20.47	21.44	20.41	21.39	18949866	602501632.00
2016/07/15	21.34	21.71	21.08	21.39	13258511	426530016.00
2016/07/18	21.27	21.81	21.05	21.10	11699373	376712960.00
2016/07/19	21.01	21.20	20.37	20.61	16512236	516097216.00
2016/07/20	20.57	21.00	20.39	20.70	9321422	291338080.00
2016/07/21	20.61	21.97	20.61	21.87	18613270	603267072.00
2016/07/22	21.71	22.03	21.45	21.70	10763069	353754912.00
2016/07/25	21.73	21.86	21.29	21.47	9795148	318335232.00
2016/07/26	21.37	22.42	21.37	22.36	13283343	443339072.00
2016/07/27	22.27	22.87	21.19	21.90	21673729	720728128.00
2016/07/28	21.86	22.52	21.70	21.91	14211881	473667168.00
2016/07/29	22.05	23.15	22.05	22.71	17503253	598201472.00
2016/08/01	22.59	23.16	21.87	21.87	20750700	706975360.00
2016/08/02	21.59	22.06	21.47	21.99	12540043	411942208.00
2016/08/03	21.91	22.06	21.72	21.89	7251159	239282752.00
2016/08/04	21.85	22.87	21.85	22.78	10800807	365205984.00
2016/08/05	22.83	23.06	22.31	22.65	9723531	331903584.00
2016/08/08	22.75	23.10	22.37	22.95	9138090	315053408.00
2016/08/09	22.88	23.56	22.24	22.30	23509209	807199552.00
2016/08/10	22.37	22.65	21.93	22.10	16986755	568755200.00
2016/08/11	22.22	22.22	21.81	21.91	11206668	371420352.00
2016/08/12	21.98	22.73	21.95	22.65	13096948	443323776.00
2016/08/15	22.90	23.87	22.87	23.83	26840774	954376256.00
2016/08/16	23.94	24.47	23.61	24.09	17981193	652903552.00
2016/08/17	24.00	25.86	23.87	25.69	21448498	812322048.00
2016/08/18	25.80	26.05	25.30	25.95	15108976	585409728.00
2016/08/19	26.00	26.00	25.41	25.63	12113342	468306336.00
2016/08/22	25.64	26.85	25.33	25.52	22438782	884562368.00
2016/08/23	25.55	26.45	25.23	26.15	13249577	517832736.00
2016/08/24	26.43	26.53	25.72	25.80	11854638	463823904.00
2016/08/25	25.73	26.19	25.45	26.15	10636878	415204768.00
2016/08/26	26.32	28.47	26.17	28.07	22169577	919817408.00
2016/08/29	28.02	29.17	27.11	27.47	28865687	1218365568.00
2016/08/30	27.57	28.09	27.33	28.00	12779668	534297120.00
2016/08/31	27.88	28.62	27.87	28.45	13613959	580029056.00
2016/09/01	28.45	30.39	28.34	29.89	24768213	1104839040.00
2016/09/02	29.77	30.31	29.45	30.21	16793872	755228288.00
2016/09/05	30.23	31.84	30.23	31.39	22781843	1073204288.00
2016/09/06	31.87	33.59	30.63	31.50	45423125	2197540096.00
2016/09/07	31.47	32.79	31.24	32.79	24869595	1199737728.00
2016/09/08	33.19	35.27	32.43	35.27	31356903	1594344960.00
2016/09/09	35.12	36.23	34.45	35.04	31814471	1685952128.00
2016/09/12	34.43	36.38	34.03	36.27	28253408	1501415040.00
2016/09/13	36.20	36.84	32.63	32.63	54457624	2791565056.00
2016/09/14	32.29	32.55	30.44	31.03	54162671	2559815680.00
2016/09/19	30.99	31.38	30.47	31.23	24220386	1131347968.00
2016/09/20	31.17	31.79	30.45	30.62	23278632	1088779392.00
2016/09/21	30.74	30.96	29.22	29.57	37275479	1678148608.00
2016/09/22	29.65	31.51	29.40	31.37	36715574	1682394368.00
2016/09/23	31.37	31.55	29.07	29.25	35207166	1596354304.00
2016/09/26	28.89	29.70	28.45	29.00	20257874	887950528.00
2016/09/27	29.19	29.43	27.55	28.53	31211050	1327123840.00
2016/09/28	28.20	29.08	27.90	28.54	20228680	868240256.00
2016/09/29	28.60	29.05	28.31	28.41	14600472	630571776.00
2016/09/30	28.29	29.13	28.20	28.93	14946584	647741888.00
2016/10/10	29.50	30.82	29.21	30.57	23671424	1072242880.00
2016/10/11	30.57	32.09	30.45	31.71	27168363	1279928320.00
2016/10/12	31.47	31.87	30.87	31.67	17757291	837116480.00
2016/10/13	31.53	31.97	31.02	31.31	13793785	651654080.00
2016/10/14	31.13	31.19	30.22	30.79	15418621	712339136.00
2016/10/17	30.91	31.12	30.13	30.21	12293759	564702592.00
2016/10/18	30.21	30.44	29.51	30.27	14472512	654381056.00
2016/10/19	30.19	31.48	29.90	30.55	17845963	828981184.00
2016/10/20	30.44	30.75	29.54	29.93	16112494	728859776.00
2016/10/21	29.99	30.19	29.05	29.27	12652924	562529088.00
2016/10/24	29.33	30.23	28.88	30.20	12905180	576318080.00
2016/10/25	30.16	30.39	29.88	30.07	8039844	364957824.00
2016/10/26	30.07	30.20	29.40	29.71	8795541	392859744.00
2016/10/27	29.70	30.19	29.44	29.77	7289219	327956928.00
2016/10/28	29.63	29.87	29.13	29.17	9899903	439680192.00
2016/10/31	28.83	29.10	28.58	28.89	7574069	328389664.00
2016/11/01	29.00	29.40	28.65	29.22	7922837	347412288.00
2016/11/02	29.25	30.63	28.80	30.33	17853422	801181888.00
2016/11/03	30.18	31.42	30.08	30.99	21724595	1012765568.00
2016/11/04	31.00	31.09	30.23	30.25	12343526	570253504.00
2016/11/07	30.41	31.11	30.40	30.55	10816127	501327904.00
2016/11/08	30.53	31.19	30.53	30.77	8952620	417183360.00
2016/11/09	30.93	30.93	29.55	30.06	11952435	544613440.00
2016/11/10	30.40	30.79	30.26	30.39	6999797	321001152.00
2016/11/11	30.50	30.85	30.26	30.48	8688806	400202464.00
2016/11/14	30.48	31.25	30.38	31.21	12644625	589423232.00
2016/11/15	31.31	32.66	31.25	32.53	25772717	1249158144.00
2016/11/16	32.55	34.07	32.27	32.61	26462617	1319674752.00
2016/11/17	32.45	33.12	31.97	32.50	12326352	603343424.00
2016/11/18	32.53	33.51	32.41	33.40	13521759	675241472.00
2016/11/21	33.47	34.05	33.06	33.15	12800215	646009024.00
2016/11/22	33.19	33.27	31.93	32.55	16441173	804551040.00
2016/11/23	32.57	33.11	32.33	32.79	9626694	475838464.00
2016/11/24	32.56	34.00	32.43	33.53	13755218	693904128.00
2016/11/25	33.53	33.86	32.99	33.31	10145894	510486976.00
2016/11/28	33.24	33.79	32.60	32.60	10171808	505938880.00
2016/11/29	32.46	32.50	31.93	32.09	11061208	535912288.00
2016/11/30	32.12	32.77	31.99	32.16	8353083	407578976.00
2016/12/01	32.30	32.32	31.33	31.52	11574800	551813760.00
2016/12/02	31.61	31.79	31.30	31.55	6433238	306124544.00
2016/12/05	31.73	32.17	31.51	31.63	7012150	336168768.00
2016/12/06	31.83	31.86	30.41	30.79	13325082	620944000.00
2016/12/07	30.73	31.69	30.26	31.57	9516480	444471296.00
2016/12/08	31.57	31.77	31.13	31.29	5899143	279612192.00
2016/12/09	31.46	31.87	31.27	31.47	7774293	368943136.00
2016/12/12	31.53	31.62	29.93	29.97	9271715	426137344.00
2016/12/13	30.00	30.33	29.62	29.79	5591247	251752896.00
2016/12/14	29.74	29.93	28.32	29.08	11447929	500126784.00
2016/12/15	29.00	29.64	29.00	29.24	5285931	233658400.00
2016/12/16	29.51	32.05	29.51	31.49	13996370	652649536.00
2016/12/19	31.77	32.85	31.55	31.93	10084619	488539200.00
2016/12/20	32.07	32.59	31.54	32.19	6529587	316098912.00
2016/12/21	32.19	32.45	31.88	32.24	6632652	321813120.00
2016/12/22	32.27	32.85	32.12	32.53	6459067	316085056.00
2016/12/23	33.53	33.83	32.46	32.53	13179131	658346496.00
2016/12/26	32.33	32.33	30.53	31.23	15218650	715383168.00
2016/12/27	31.23	31.85	31.10	31.40	5983778	284197664.00
2016/12/28	31.40	31.47	30.20	30.73	8298772	382816544.00
2016/12/29	30.27	30.72	30.11	30.27	7140692	326785152.00
2016/12/30	30.47	30.86	30.21	30.73	6859573	316052288.00
2017/01/03	30.68	31.05	30.21	30.51	7871311	362761216.00
2017/01/04	30.51	32.39	30.39	32.27	12549080	595733568.00
2017/01/05	32.40	32.77	31.87	31.87	7846461	381477920.00
2017/01/06	31.99	32.37	31.43	31.92	6120141	294092864.00
2017/01/09	31.99	32.70	31.93	32.19	5978424	291736512.00
2017/01/10	32.23	32.33	31.55	31.73	5788023	278173728.00
2017/01/11	31.37	31.60	30.87	30.89	7299272	342823712.00
2017/01/12	30.85	31.40	30.63	30.87	5268900	245862976.00
2017/01/13	30.81	31.19	30.72	30.84	3967477	185051968.00
2017/01/16	30.78	31.13	29.32	30.15	9628782	438202496.00
2017/01/17	30.18	31.40	30.17	31.13	9009300	418513152.00
2017/01/18	31.07	31.17	30.47	30.69	4440996	206151328.00
2017/01/19	30.61	31.07	30.35	30.76	3913825	181150832.00
2017/01/20	30.77	31.49	30.60	31.10	5173033	242780608.00
2017/01/23	31.03	31.63	31.00	31.33	4102113	193310400.00
2017/01/24	31.23	31.39	30.71	30.97	3750790	175630464.00
2017/01/25	30.97	31.48	30.87	31.47	4314959	203598640.00
2017/01/26	31.59	31.59	31.27	31.43	2707359	128153792.00
2017/02/03	31.45	32.31	31.39	32.21	6511063	313487232.00
2017/02/06	32.21	32.66	32.03	32.34	6129241	298448192.00
2017/02/07	32.30	32.89	32.15	32.33	5753851	281925216.00
2017/02/08	32.23	32.59	31.80	32.20	6383812	308892288.00
2017/02/09	32.32	32.79	32.20	32.25	5414666	264910912.00
2017/02/10	32.25	32.33	31.85	31.99	6899323	332301632.00
2017/02/13	31.86	31.97	31.51	31.87	5603272	268087680.00
2017/02/14	31.86	32.17	31.74	31.87	4299669	206869712.00
2017/02/15	31.79	31.93	31.47	31.53	5349588	255553200.00
2017/02/16	31.60	31.79	31.50	31.73	3100349	147915712.00
2017/02/17	31.84	32.52	31.73	31.99	6294296	304655776.00
2017/02/20	32.04	32.17	31.87	32.15	4617518	222575456.00
2017/02/21	32.15	32.25	31.87	32.20	5118603	247487664.00
2017/02/22	32.33	32.67	32.17	32.23	6041520	294440160.00
2017/02/23	32.00	32.11	31.40	31.67	7724008	368543488.00
2017/02/24	31.69	31.85	31.31	31.63	6014925	285720160.00
2017/02/27	31.67	31.85	31.53	31.61	5040554	240367664.00
2017/02/28	31.55	31.64	31.21	31.33	4338363	205197680.00
2017/03/01	31.18	31.63	31.03	31.35	4819788	228020928.00
2017/03/02	31.52	31.53	30.47	30.76	8752183	408170528.00
2017/03/03	30.75	30.98	30.40	30.95	3961260	183686560.00
2017/03/06	30.87	31.73	30.73	31.61	7010485	332673920.00
2017/03/07	31.67	31.73	31.31	31.61	3585635	170290592.00
2017/03/08	31.65	32.26	31.40	32.20	8895400	427973440.00
2017/03/09	32.10	33.47	31.93	33.27	18562815	922056704.00
2017/03/10	33.40	33.41	32.94	33.19	7953665	397159904.00
2017/03/13	33.47	36.52	33.21	36.52	27922434	1478779648.00
2017/03/14	36.53	37.73	35.87	37.19	21890470	1210429952.00
2017/03/15	37.13	39.45	36.73	38.87	21226585	1226712320.00
2017/03/16	39.87	39.87	37.73	38.39	24493615	1418334080.00
2017/03/17	38.00	39.19	37.99	38.24	13075822	757719808.00
2017/03/20	38.21	38.87	37.46	37.77	11648566	663708032.00
2017/03/21	37.87	41.45	37.49	41.07	23147961	1380332288.00
2017/03/22	40.55	41.18	40.21	40.83	11441193	699246272.00
2017/03/23	41.15	41.99	40.17	41.00	15187735	942766720.00
2017/03/24	40.80	43.12	40.41	42.15	15460850	981022720.00
2017/03/27	42.27	42.71	39.87	39.98	16153871	1006162752.00
2017/03/28	40.27	40.87	39.61	40.37	12397221	750022272.00
2017/03/29	40.34	40.71	39.33	39.49	10742221	644245824.00
2017/03/30	39.53	41.12	39.47	40.20	12330179	747537728.00
2017/03/31	40.20	41.64	40.04	41.58	11965635	736090816.00
2017/04/05	42.24	42.70	41.43	41.93	12344628	779584896.00
2017/04/06	41.69	43.11	41.39	41.87	11648967	740022208.00
2017/04/07	41.69	42.41	41.14	41.40	11349815	713422400.00
2017/04/10	41.33	41.33	39.76	40.16	14030131	851380160.00
2017/04/11	39.93	40.64	37.53	39.40	15253047	902429184.00
2017/04/12	39.47	40.05	38.67	39.32	6386294	379771936.00
2017/04/13	39.47	41.57	39.41	41.07	10710455	657583488.00
2017/04/14	41.19	41.19	39.78	39.80	7761006	471273888.00
2017/04/17	39.40	40.47	39.13	40.01	6060393	363752832.00
2017/04/18	40.11	40.31	38.92	39.73	7375461	441040576.00
2017/04/19	39.50	40.27	39.02	40.16	9526338	377695104.00
2017/04/20	40.51	42.97	40.22	42.47	27181440	1142278912.00
2017/04/21	42.35	42.79	38.22	38.22	34304965	1376796160.00
2017/04/24	37.25	39.28	37.00	38.11	19542398	744940160.00
2017/04/25	38.30	39.14	37.90	38.25	10869257	418298752.00
2017/04/26	36.10	37.44	35.00	35.73	37547957	1348283520.00
2017/04/27	35.51	36.95	35.31	36.52	16990470	615341248.00
2017/04/28	36.80	38.15	36.60	37.45	16425673	618730432.00
2017/05/02	37.17	38.45	37.10	38.00	11471488	435240640.00
2017/05/03	39.00	39.01	38.02	38.20	11570022	446044864.00
2017/05/04	38.20	38.59	37.80	38.15	7932338	303236576.00
2017/05/05	37.91	38.80	37.90	38.10	8058599	309330016.00
2017/05/08	37.82	38.19	36.71	36.81	10182628	381214816.00
2017/05/09	36.52	37.47	36.00	37.25	8892010	325910112.00
2017/05/10	37.48	38.40	36.96	37.01	9425736	356068096.00
2017/05/11	36.61	38.26	36.30	38.26	12870662	483672832.00
2017/05/12	38.51	39.09	38.12	38.84	11379916	439423296.00
2017/05/15	39.20	40.17	39.13	39.39	14057240	559060160.00
2017/05/16	39.29	40.31	39.10	40.28	12959959	517785568.00
2017/05/17	40.28	40.68	39.88	40.12	11213970	450859648.00
2017/05/18	39.95	40.46	39.31	39.31	10272052	408937088.00
2017/05/19	39.50	39.64	38.90	39.18	6618783	259537248.00
2017/05/22	39.50	40.15	38.90	39.54	9538700	377862176.00
2017/05/23	39.54	39.90	39.01	39.65	11702397	462252096.00
2017/05/24	39.40	40.19	38.90	40.08	9662924	383468448.00
2017/05/25	39.75	39.96	38.04	38.91	20931280	813801216.00
2017/05/26	38.85	39.22	35.02	35.02	53064716	1919710080.00
2017/05/31	36.44	36.44	32.40	33.52	50343258	1723436544.00
2017/06/01	33.19	34.44	33.19	33.68	18643000	631663936.00
2017/06/02	33.34	35.00	33.22	34.74	17168700	592069312.00
2017/06/05	34.91	35.64	34.91	35.54	13651200	483270112.00
2017/06/06	35.55	35.94	35.24	35.60	7790900	276928256.00
2017/06/07	35.60	36.18	35.41	35.91	9333700	334436992.00
2017/06/08	35.69	36.20	35.22	35.87	11153500	397525536.00
2017/06/09	35.99	36.07	35.56	35.85	5868000	210020224.00
2017/06/12	35.77	36.19	35.62	35.73	6159141	220811328.00
2017/06/13	35.69	36.18	35.40	36.03	6848452	245568736.00
2017/06/14	36.05	36.05	35.03	35.16	9100146	323084960.00
2017/06/15	35.05	35.94	35.05	35.52	6094758	216953040.00
2017/06/16	35.79	36.13	35.62	35.91	7156409	257122400.00
2017/06/19	36.00	36.20	35.66	35.99	8171600	293113408.00
2017/06/20	36.73	37.88	36.72	37.00	17591205	655058176.00
2017/06/21	37.19	37.51	36.73	37.18	8761900	324609696.00
2017/06/22	37.29	37.47	36.55	36.59	8950500	331793408.00
2017/06/23	36.47	36.85	36.10	36.80	7434000	271346176.00
2017/06/26	36.86	36.96	36.30	36.64	7898000	288986112.00
2017/06/27	36.60	37.48	36.54	37.05	9919200	368076384.00
2017/06/28	37.00	37.00	36.31	36.73	8086995	296529632.00
2017/06/29	36.81	37.05	36.70	36.81	5180500	190760640.00
2017/06/30	36.87	37.14	36.70	37.05	5793100	214107312.00
2017/07/03	37.26	38.28	37.15	38.16	12844300	486135776.00
2017/07/04	38.25	38.37	37.52	37.68	9169700	347017824.00
2017/07/05	37.80	38.20	37.64	37.79	7012500	265694864.00
2017/07/06	37.86	37.94	37.00	37.40	10947100	409126112.00
2017/07/07	37.41	37.48	36.40	37.45	13078400	482691808.00
2017/07/10	37.30	37.30	33.71	35.17	26069900	914333632.00
2017/07/11	34.70	35.25	34.40	34.90	10868800	378504064.00
2017/07/12	34.80	35.33	34.71	35.19	6042100	212204736.00
2017/07/13	35.33	35.33	34.80	34.82	5549000	194153024.00
2017/07/14	34.88	34.88	31.35	31.80	31422300	1003955072.00
2017/07/17	31.20	31.96	29.95	30.75	27541000	849731584.00
2017/07/18	30.50	31.75	30.48	31.44	10804500	335902080.00
2017/07/19	31.32	32.29	31.12	32.28	11118400	353981056.00
2017/07/20	32.60	33.94	32.60	33.01	12962900	432618016.00
2017/07/21	32.60	33.16	32.40	32.72	9050170	295913984.00
2017/07/24	32.30	32.39	31.21	31.55	12475500	395736288.00
2017/07/25	31.76	31.85	30.74	30.94	11274700	353245344.00
2017/07/26	30.94	31.29	30.42	30.67	11068400	340189760.00
2017/07/27	30.60	32.33	30.58	31.94	15809500	500046016.00
2017/07/28	32.09	32.46	31.60	31.62	10472800	334890240.00
2017/07/31	31.44	31.44	30.20	30.65	20309500	620087680.00
2017/08/01	30.41	30.83	30.41	30.66	10279600	315036256.00
2017/08/02	30.75	30.88	29.92	30.04	15881100	479733696.00
2017/08/03	29.95	30.39	29.68	30.00	11613600	348912448.00
2017/08/04	30.00	30.26	29.60	30.00	9151100	274489376.00
2017/08/07	30.00	30.57	29.92	30.37	9016500	272936160.00
2017/08/08	30.30	30.77	30.20	30.41	10021300	305273216.00
2017/08/09	30.40	32.22	30.25	31.80	22935200	717748096.00
2017/08/10	31.62	32.25	31.10	31.54	12532200	397834752.00
2017/08/11	31.44	31.98	30.98	31.40	11348900	356677920.00
2017/08/14	31.50	31.99	31.36	31.93	11884100	377967712.00
2017/08/15	31.93	32.10	31.30	31.61	11822200	374866848.00
2017/08/16	31.48	32.10	31.16	31.93	12694900	403698944.00
2017/08/17	32.06	32.89	31.96	32.19	14810300	481327296.00
2017/08/18	31.97	32.74	31.83	32.23	8405600	271723488.00
数据来源:通达信
