300124 汇川技术 日线 前复权
      日期	    开盘	    最高	    最低	    收盘	    成交量	    成交额
2010/09/28	4.86	5.19	4.72	5.07	18773632	1704527232.00
2010/09/29	5.00	5.08	4.77	4.94	4917781	444138368.00
2010/09/30	5.07	5.36	4.96	5.21	3720229	346557760.00
2010/10/08	5.21	5.86	5.21	5.86	3623297	357932192.00
2010/10/11	5.76	6.17	5.67	6.15	3534970	370544800.00
2010/10/12	6.04	6.31	6.01	6.22	1806068	194469504.00
2010/10/13	6.06	6.67	5.90	6.67	1993573	217271312.00
2010/10/14	6.59	6.73	6.24	6.34	2307495	259114496.00
2010/10/15	6.43	6.67	6.06	6.29	1422946	156987696.00
2010/10/18	6.11	6.40	5.79	6.39	1562725	165765344.00
2010/10/19	6.31	6.84	6.23	6.39	1776960	200095184.00
2010/10/20	6.22	6.53	6.08	6.53	859623	94899928.00
2010/10/21	6.70	7.29	6.46	7.01	947102	111230232.00
2010/10/22	6.95	7.60	6.95	7.28	643791	79350016.00
2010/10/25	7.33	8.15	7.33	7.99	995891	133045216.00
2010/10/26	7.85	8.19	7.79	8.04	548705	73608264.00
2010/10/27	8.13	8.59	8.04	8.35	613615	85463624.00
2010/10/28	8.41	8.76	8.07	8.29	797452	110346792.00
2010/10/29	8.14	8.54	8.14	8.40	528008	74012160.00
2010/11/01	8.47	9.11	8.47	9.07	881274	130593640.00
2010/11/02	9.08	9.10	8.73	9.04	676042	98979336.00
2010/11/03	8.91	9.07	8.27	8.35	802751	115161840.00
2010/11/04	8.31	8.72	8.24	8.56	581810	82304736.00
2010/11/05	8.59	8.83	8.33	8.57	598526	85015096.00
2010/11/08	8.54	9.29	8.52	9.25	726889	107762976.00
2010/11/09	9.29	9.38	9.11	9.37	444774	67542880.00
2010/11/10	9.25	9.96	9.18	9.82	513663	81256360.00
2010/11/11	9.82	10.01	9.60	9.60	526366	84319984.00
2010/11/12	9.67	9.80	8.83	9.23	654263	100103168.00
2010/11/15	9.32	9.95	9.18	9.94	592319	92019256.00
2010/11/16	9.94	10.28	9.31	9.53	604213	96342712.00
2010/11/17	9.26	9.49	8.88	8.94	594344	89451448.00
2010/11/18	8.97	9.56	8.90	9.39	444197	67698096.00
2010/11/19	9.42	9.87	9.28	9.80	416990	65256688.00
2010/11/22	9.80	10.15	9.53	9.83	585813	94089128.00
2010/11/23	9.81	9.92	9.55	9.79	334779	53131620.00
2010/11/24	9.78	10.08	9.64	10.06	383512	62193236.00
2010/11/25	9.89	10.36	9.84	10.19	702861	115651128.00
2010/11/26	10.10	10.15	9.78	9.80	438382	70704688.00
2010/11/29	9.83	9.87	9.60	9.78	479873	76244528.00
2010/11/30	9.87	9.89	9.11	9.59	549380	85390584.00
2010/12/01	9.60	9.80	9.25	9.39	355126	54966712.00
2010/12/02	9.53	9.60	9.32	9.33	310838	47946368.00
2010/12/06	9.18	9.39	9.13	9.13	394672	59972456.00
2010/12/07	9.12	9.53	9.10	9.50	547893	84469312.00
2010/12/08	9.46	9.52	9.22	9.39	864369	133004640.00
2010/12/09	9.25	9.38	9.19	9.34	306214	46808040.00
2010/12/10	9.35	9.78	9.32	9.63	581967	91514824.00
2010/12/13	9.69	9.87	9.61	9.80	538014	85996672.00
2010/12/14	9.77	9.87	9.46	9.56	567733	89357816.00
2010/12/15	9.49	9.55	9.24	9.35	531364	81580128.00
2010/12/16	9.25	9.45	9.18	9.25	467149	71280240.00
2010/12/17	9.25	9.37	9.00	9.04	606412	91307848.00
2010/12/20	9.02	9.11	8.69	8.78	1057386	155203728.00
2010/12/21	8.78	8.93	8.62	8.90	635127	92042576.00
2010/12/22	8.86	8.95	8.70	8.75	387340	56206192.00
2010/12/23	8.71	9.11	8.71	8.96	1030042	152350336.00
2010/12/24	8.91	8.96	8.28	8.34	740884	105205928.00
2010/12/27	8.34	8.47	7.78	7.90	480175	65646704.00
2010/12/28	7.75	7.88	7.44	7.67	2350930	302639168.00
2010/12/29	7.68	7.92	7.50	7.87	1651806	214521728.00
2010/12/30	7.83	8.15	7.78	8.03	897250	120726600.00
2010/12/31	8.09	8.41	7.99	8.40	737546	101069704.00
2011/01/04	8.47	8.72	8.41	8.69	809180	115841712.00
2011/01/05	8.69	9.07	8.51	8.91	819907	119169920.00
2011/01/06	9.16	9.56	9.15	9.24	1425608	219712976.00
2011/01/07	9.11	9.31	8.97	9.24	748705	112772792.00
2011/01/10	9.24	9.24	8.28	8.38	758781	109423880.00
2011/01/11	8.30	8.38	7.95	8.10	764742	103847224.00
2011/01/12	8.10	8.20	7.85	8.06	461180	62066696.00
2011/01/13	8.20	8.76	8.11	8.56	713464	100674904.00
2011/01/14	8.48	8.73	8.33	8.52	425788	60320284.00
2011/01/17	8.69	8.75	8.06	8.33	597353	82966792.00
2011/01/19	8.38	8.72	8.17	8.68	493294	69542272.00
2011/01/20	8.67	8.69	8.18	8.20	580342	81799024.00
2011/01/21	8.08	8.38	7.92	8.14	412257	56063848.00
2011/01/24	8.13	8.27	7.55	7.62	797804	104033960.00
2011/01/25	7.55	7.62	7.23	7.58	665774	83357896.00
2011/01/26	7.56	7.76	7.44	7.68	261878	33790740.00
2011/01/27	7.65	8.12	7.54	8.03	434360	57781416.00
2011/01/28	7.93	8.24	7.93	8.22	236978	32134824.00
2011/01/31	8.11	8.70	8.06	8.61	440174	62574088.00
2011/02/01	8.55	8.73	8.42	8.63	233589	33364804.00
2011/02/09	8.49	8.62	7.98	7.99	299650	41489764.00
2011/02/10	7.92	8.48	7.92	8.47	352747	48310900.00
2011/02/11	8.47	8.59	8.34	8.55	277438	38955212.00
2011/02/14	8.55	8.65	8.39	8.55	366410	51943712.00
2011/02/15	8.50	8.84	8.39	8.40	423147	60463324.00
2011/02/16	8.34	8.76	8.31	8.75	352288	50257200.00
2011/02/17	8.73	8.95	8.59	8.65	399224	57839840.00
2011/02/18	8.69	8.88	8.59	8.83	376758	54545108.00
2011/02/21	8.76	9.16	8.70	9.02	423701	63004032.00
2011/02/22	9.01	9.11	8.33	8.34	561841	79830160.00
2011/02/23	8.33	8.55	8.33	8.50	296356	41623868.00
2011/02/24	8.52	8.55	7.91	8.18	693966	94743288.00
2011/02/25	8.11	8.27	8.07	8.20	269653	36874288.00
2011/02/28	8.06	8.47	7.82	8.25	543756	73803584.00
2011/03/01	8.29	8.29	7.91	8.06	733123	98663272.00
2011/03/02	8.00	8.06	7.82	7.90	439032	58201256.00
2011/03/03	7.85	8.11	7.85	7.92	262632	35279456.00
2011/03/04	7.88	8.06	7.78	8.01	159868	21229414.00
2011/03/07	8.02	8.16	7.99	8.08	410234	55454536.00
2011/03/08	8.08	8.08	7.90	7.97	214100	28601976.00
2011/03/09	7.97	8.05	7.89	7.98	244721	32656192.00
2011/03/10	7.97	8.17	7.97	8.07	353231	47938916.00
2011/03/11	8.04	8.61	8.02	8.49	624669	87315224.00
2011/03/14	8.50	8.64	8.35	8.50	301990	42523996.00
2011/03/15	8.49	8.60	8.19	8.30	383084	53125604.00
2011/03/16	8.30	8.49	8.14	8.45	414787	57689132.00
2011/03/17	8.44	8.67	8.31	8.33	503270	70959064.00
2011/03/18	8.35	8.55	8.31	8.39	278241	38906536.00
2011/03/21	8.36	8.56	8.36	8.48	366565	51640112.00
2011/03/22	8.51	8.52	7.99	8.30	579409	79069728.00
2011/03/23	8.23	8.54	8.07	8.44	768988	106685024.00
2011/03/24	8.48	8.58	8.22	8.34	342789	47844404.00
2011/03/25	8.40	8.47	8.31	8.43	352303	49076244.00
2011/03/28	8.45	8.50	8.24	8.24	467012	64729116.00
2011/03/29	8.13	8.30	8.00	8.06	416369	56530836.00
2011/03/30	8.06	8.06	7.68	7.70	400763	52832208.00
2011/03/31	7.70	7.85	7.70	7.82	687401	89700080.00
2011/04/01	7.78	7.80	7.65	7.78	197368	25705134.00
2011/04/06	7.78	7.86	7.65	7.85	226598	29538368.00
2011/04/07	7.74	7.90	7.74	7.79	326921	43032396.00
2011/04/08	7.78	8.09	7.76	8.04	183908	24639750.00
2011/04/11	8.04	8.10	7.77	7.85	254204	33501208.00
2011/04/12	7.85	7.85	7.70	7.72	219557	28575290.00
2011/04/13	7.70	7.93	7.64	7.83	141250	18511034.00
2011/04/14	7.84	7.94	7.81	7.89	140220	18585850.00
2011/04/18	7.92	7.98	7.55	7.68	345097	44732508.00
2011/04/19	7.67	7.86	7.56	7.71	259380	33544786.00
2011/04/20	7.69	8.03	7.65	8.00	392068	51971348.00
2011/04/21	7.99	8.11	7.91	8.10	293882	39602188.00
2011/04/22	8.05	8.20	7.98	8.03	258870	34993516.00
2011/04/25	8.06	8.45	7.97	8.30	291317	40089548.00
2011/04/26	8.31	8.31	7.71	8.06	339668	45651860.00
2011/04/27	8.37	8.92	8.22	8.61	1000543	142277392.00
2011/04/28	8.41	8.55	8.27	8.32	393463	55039244.00
2011/04/29	8.34	8.47	8.21	8.40	494733	68824392.00
2011/05/03	8.41	8.77	8.29	8.42	734861	51464824.00
2011/05/04	8.22	8.31	8.10	8.18	406233	27564810.00
2011/05/05	8.11	8.40	8.11	8.22	376015	25749086.00
2011/05/06	8.15	8.15	7.78	7.87	1135460	74422280.00
2011/05/09	7.87	8.08	7.84	8.00	582913	38743892.00
2011/05/10	8.00	8.06	7.90	8.02	166599	11041902.00
2011/05/11	8.02	8.35	7.94	8.31	381174	25989784.00
2011/05/12	8.21	8.70	8.11	8.54	764450	53629644.00
2011/05/13	8.54	8.61	8.35	8.55	565527	39626164.00
2011/05/16	8.69	9.18	8.52	8.81	805154	58847148.00
2011/05/17	8.77	8.94	8.48	8.50	535857	37907620.00
2011/05/18	8.48	8.87	8.23	8.60	356605	25188544.00
2011/05/19	8.51	8.83	8.43	8.55	454844	32230442.00
2011/05/20	8.56	8.82	8.49	8.75	415198	29560128.00
2011/05/23	8.79	8.82	8.50	8.51	587347	41499000.00
2011/05/24	8.36	8.95	8.23	8.93	957897	68184360.00
2011/05/25	8.93	9.16	8.81	8.88	861670	63301008.00
2011/05/26	8.88	8.98	8.56	8.70	961649	68685664.00
2011/05/27	8.70	8.73	8.50	8.56	718054	50695220.00
2011/05/30	8.51	8.64	8.29	8.50	530151	37014968.00
2011/05/31	8.48	8.52	8.08	8.49	752354	51591540.00
2011/06/01	8.38	8.55	8.36	8.47	298728	20841316.00
2011/06/02	8.35	8.48	8.20	8.40	382136	26358684.00
2011/06/03	8.43	8.52	8.38	8.49	286485	20017908.00
2011/06/07	8.49	8.54	8.43	8.52	138140	9670620.00
2011/06/08	8.53	8.78	8.48	8.58	434848	30851798.00
2011/06/09	8.54	8.60	8.38	8.45	247437	17259718.00
2011/06/10	8.43	8.56	8.36	8.52	238915	16648347.00
2011/06/13	8.47	8.56	8.37	8.49	112096	7828074.50
2011/06/14	8.49	8.76	8.43	8.64	208951	14826775.00
2011/06/15	8.63	8.67	8.36	8.43	345195	24104326.00
2011/06/16	8.43	8.49	8.37	8.39	149947	10395536.00
2011/06/20	8.35	8.35	7.96	8.22	1370112	91784568.00
2011/06/21	8.14	8.17	7.92	7.95	524537	34926160.00
2011/06/22	7.95	8.13	7.94	7.97	313219	20966368.00
2011/06/23	7.95	8.18	7.90	8.18	418029	27928790.00
2011/06/24	8.16	8.39	8.08	8.25	435599	29846284.00
2011/06/27	8.29	8.44	8.25	8.33	250464	17230194.00
2011/06/28	8.27	8.36	8.15	8.34	208405	14274045.00
2011/06/29	8.24	8.45	8.22	8.35	228896	15769118.00
2011/06/30	8.26	8.36	8.09	8.34	679819	46279336.00
2011/07/01	8.23	8.44	8.23	8.41	328402	22611746.00
2011/07/04	8.42	8.82	8.42	8.63	612683	43713796.00
2011/07/05	8.63	8.75	8.55	8.61	356769	25391548.00
2011/07/06	8.62	9.12	8.48	9.08	1334956	97358200.00
2011/07/07	9.08	9.46	9.00	9.19	876544	66092664.00
2011/07/08	9.18	9.30	9.02	9.14	363438	27164638.00
2011/07/11	9.09	9.26	8.91	9.14	353902	26420914.00
2011/07/12	9.14	9.40	9.07	9.36	745680	56244116.00
2011/07/13	9.36	9.64	9.27	9.62	640944	49391424.00
2011/07/14	9.61	9.68	9.40	9.59	437520	33964376.00
2011/07/15	9.61	10.10	9.59	9.87	728015	58394596.00
2011/07/18	9.87	10.01	9.75	9.93	359278	28670484.00
2011/07/19	9.93	10.02	9.55	9.67	360600	28537410.00
2011/07/20	9.70	9.90	9.46	9.47	514935	40283352.00
2011/07/21	9.48	9.72	9.40	9.57	467297	36282416.00
2011/07/22	9.57	9.81	9.55	9.72	314724	24701902.00
2011/07/25	9.80	9.80	9.21	9.38	679990	52165320.00
2011/07/26	9.44	9.50	9.21	9.46	212099	16229298.00
2011/07/27	9.46	10.02	9.30	10.00	675760	53749292.00
2011/07/28	9.97	10.86	9.87	10.75	1718223	145661072.00
2011/07/29	10.68	10.79	10.36	10.58	865195	73233792.00
2011/08/01	10.70	11.22	10.45	10.59	719645	62233588.00
2011/08/02	10.59	11.00	10.24	10.83	675114	57762548.00
2011/08/03	10.72	10.86	10.57	10.57	377403	32301952.00
2011/08/04	10.48	10.83	10.42	10.82	437669	37313804.00
2011/08/05	10.45	11.51	10.32	11.03	1499818	133262920.00
2011/08/08	10.91	11.35	10.42	10.93	834179	72740384.00
2011/08/09	10.10	11.13	10.10	10.80	1035564	88789768.00
2011/08/10	11.09	11.21	10.80	10.86	556484	48937744.00
2011/08/11	10.60	11.11	10.56	10.95	447397	39037160.00
2011/08/12	11.00	11.38	10.80	11.28	706361	62655708.00
2011/08/15	11.44	11.45	10.71	10.72	1064158	93401480.00
2011/08/16	10.72	10.82	10.46	10.63	438180	37348288.00
2011/08/17	10.54	10.62	10.32	10.50	854476	71881432.00
2011/08/18	10.50	10.62	10.32	10.39	612264	51397712.00
2011/08/19	10.30	10.45	9.97	9.97	456819	37527004.00
2011/08/22	9.98	10.14	9.86	9.90	452843	36457480.00
2011/08/23	9.90	10.22	9.89	10.18	564644	46174464.00
2011/08/24	10.31	10.39	10.03	10.08	370612	30628838.00
2011/08/25	10.09	10.15	9.58	10.01	719320	57221696.00
2011/08/26	10.09	10.10	9.91	10.03	291593	23552188.00
2011/08/29	10.06	10.14	9.89	9.99	332927	26906550.00
2011/08/30	10.03	10.38	9.97	10.24	815033	67286504.00
2011/08/31	10.24	10.38	9.68	10.10	565398	45446232.00
2011/09/02	9.89	10.00	9.60	9.78	547888	43218288.00
2011/09/05	9.86	9.86	9.44	9.74	414606	32550970.00
2011/09/06	9.68	9.82	9.49	9.71	162492	12773439.00
2011/09/07	9.77	9.86	9.57	9.84	283412	22308186.00
2011/09/08	9.89	10.03	9.80	9.80	206313	16558885.00
2011/09/09	9.69	9.85	9.58	9.58	192802	15238393.00
2011/09/13	9.46	9.47	9.15	9.19	537696	40627712.00
2011/09/14	9.25	9.39	9.19	9.37	358421	27113026.00
2011/09/15	9.32	9.56	9.32	9.48	175622	13537002.00
2011/09/16	9.57	9.72	9.43	9.54	220834	17204566.00
2011/09/19	9.61	9.68	9.30	9.35	89034	6793955.00
2011/09/20	9.21	9.43	9.21	9.40	49359	3752972.00
2011/09/21	9.48	9.68	9.33	9.60	270425	20948470.00
2011/09/22	9.57	9.57	9.26	9.27	116942	8946255.00
2011/09/23	9.19	9.19	8.66	8.70	666808	48551936.00
2011/09/26	8.65	8.80	8.50	8.62	379618	26939098.00
2011/09/27	8.66	8.72	8.50	8.57	207196	14669810.00
2011/09/28	8.72	9.06	8.63	8.72	282955	20490168.00
2011/09/29	8.58	8.77	8.50	8.77	222688	15676189.00
2011/09/30	8.66	8.70	8.39	8.52	406884	28523024.00
2011/10/10	8.50	8.60	8.31	8.36	194439	13462599.00
2011/10/11	8.63	8.70	8.36	8.49	157153	10983637.00
2011/10/12	8.38	8.91	8.24	8.89	396466	28364430.00
2011/10/13	8.88	9.05	8.82	9.00	779251	57060572.00
2011/10/14	8.91	8.91	8.54	8.77	544496	38858040.00
2011/10/17	8.91	8.91	8.51	8.63	467037	33055170.00
2011/10/18	8.56	8.59	8.08	8.16	917250	63473472.00
2011/10/19	8.22	8.31	8.03	8.03	400770	27022998.00
2011/10/20	8.03	8.03	7.41	7.59	1562270	98656200.00
2011/10/21	7.53	7.67	7.45	7.61	173139	10982670.00
2011/10/24	7.73	7.88	7.54	7.78	323880	20881116.00
2011/10/25	7.88	8.05	7.71	7.98	732196	48020128.00
2011/10/26	7.96	8.15	7.89	7.94	633416	41900420.00
2011/10/27	7.99	8.20	7.91	8.13	567110	37956860.00
2011/10/28	8.15	8.43	8.15	8.40	445787	30397086.00
2011/10/31	8.47	8.49	8.27	8.47	538784	37281832.00
2011/11/01	8.30	8.66	8.26	8.66	665088	46939712.00
2011/11/02	8.52	8.84	8.37	8.83	422971	29950676.00
2011/11/03	8.83	8.99	8.52	8.56	887086	63904444.00
2011/11/04	8.63	8.71	8.44	8.50	327647	22959860.00
2011/11/07	8.47	8.49	8.29	8.36	643727	44386712.00
2011/11/08	8.29	8.42	8.29	8.36	240575	16618315.00
2011/11/09	8.38	8.66	8.33	8.66	350765	24403882.00
2011/11/10	8.65	8.84	8.55	8.67	645311	46268700.00
2011/11/11	8.67	8.67	8.38	8.60	393512	27538794.00
2011/11/14	8.63	8.84	8.50	8.79	542213	38894616.00
2011/11/15	8.72	8.99	8.72	8.91	255004	18580362.00
2011/11/16	9.01	9.29	8.86	8.92	1815971	134778384.00
2011/11/17	8.93	9.13	8.70	8.88	720980	52523212.00
2011/11/18	8.77	8.81	8.61	8.64	507224	36259680.00
2011/11/21	8.59	8.63	8.47	8.54	238975	16788662.00
2011/11/22	8.50	8.73	8.49	8.63	327487	23213394.00
2011/11/23	8.58	8.69	8.32	8.32	388073	26980750.00
2011/11/24	8.29	8.40	8.15	8.40	156686	10762020.00
2011/11/25	8.36	8.52	8.29	8.43	146451	10223727.00
2011/11/28	8.43	8.68	8.43	8.63	176577	12480139.00
2011/11/29	8.71	8.84	8.64	8.84	240146	17233624.00
2011/11/30	8.84	8.84	8.36	8.50	389481	27391774.00
2011/12/01	8.64	8.82	8.33	8.43	515116	36526164.00
2011/12/02	8.36	8.36	7.80	7.85	1074729	71230248.00
2011/12/05	7.84	7.84	7.42	7.52	1521696	96077888.00
2011/12/06	7.41	7.52	7.22	7.30	736472	45731824.00
2011/12/07	7.40	7.47	7.28	7.38	425131	26351122.00
2011/12/08	7.44	7.48	7.23	7.31	572245	35438556.00
2011/12/09	7.24	7.35	6.82	6.82	1195646	71003560.00
2011/12/12	6.82	6.88	6.69	6.77	556718	32135450.00
2011/12/13	6.75	6.85	6.71	6.79	579054	33427348.00
2011/12/14	6.77	6.93	6.66	6.75	532739	30878940.00
2011/12/15	6.67	6.78	6.62	6.69	298834	17077560.00
2011/12/16	6.69	6.96	6.63	6.92	219091	12644624.00
2011/12/19	6.82	7.06	6.69	7.03	418464	24266956.00
2011/12/20	7.03	7.13	6.80	6.82	373758	22086270.00
2011/12/21	6.85	6.91	6.57	6.60	346808	19816628.00
2011/12/22	6.41	6.71	6.34	6.71	301257	16710290.00
2011/12/23	6.71	6.89	6.51	6.64	166622	9525980.00
2011/12/26	6.64	6.79	6.51	6.56	82880	4730733.50
2011/12/27	6.57	6.57	6.32	6.56	193169	10614896.00
2011/12/28	6.43	6.47	6.01	6.24	494929	26432936.00
2011/12/29	6.23	6.48	6.10	6.34	580284	31479072.00
2011/12/30	6.40	6.50	6.27	6.29	1487762	81624320.00
2012/01/04	6.40	6.43	5.92	5.92	381857	20435494.00
2012/01/05	5.92	5.94	5.43	5.43	590598	29303118.00
2012/01/06	5.44	5.47	5.09	5.34	1384858	64537320.00
2012/01/09	5.33	5.64	5.09	5.62	705957	33500312.00
2012/01/10	5.53	5.99	5.51	5.85	758079	38557616.00
2012/01/11	5.84	6.19	5.79	6.02	780329	40725088.00
2012/01/12	5.98	6.13	5.85	5.90	443378	22949390.00
2012/01/13	5.85	5.95	5.33	5.40	668712	32696858.00
2012/01/16	5.40	5.40	4.94	4.94	780351	35509404.00
2012/01/17	4.94	5.36	4.94	5.26	832046	38234644.00
2012/01/18	5.26	5.33	4.61	4.94	1222632	53675216.00
2012/01/19	4.73	5.16	4.64	5.10	679112	30546296.00
2012/01/20	5.10	5.43	5.01	5.41	511322	24173540.00
2012/01/30	5.43	5.68	5.29	5.50	456150	22092366.00
2012/01/31	5.43	5.54	5.26	5.45	218041	10397567.00
2012/02/01	5.45	5.68	5.34	5.59	631900	30972842.00
2012/02/02	5.59	5.66	5.50	5.66	232776	11431542.00
2012/02/03	5.57	5.88	5.57	5.78	450909	22667604.00
2012/02/06	5.85	5.98	5.65	5.71	902541	46035044.00
2012/02/07	5.67	5.67	5.53	5.53	280879	13745788.00
2012/02/08	5.57	5.78	5.49	5.71	471376	23450408.00
2012/02/09	5.71	5.91	5.55	5.85	783436	39690216.00
2012/02/10	5.83	5.95	5.78	5.89	555802	28465102.00
2012/02/13	5.85	6.12	5.79	6.06	1515033	78676432.00
2012/02/14	6.04	6.12	5.99	6.07	1137997	59450416.00
2012/02/15	6.07	6.10	5.92	6.06	1185577	61996072.00
2012/02/16	6.06	6.26	6.02	6.03	593049	31417346.00
2012/02/17	6.03	6.08	5.93	6.01	626008	32599374.00
2012/02/20	6.15	6.15	6.01	6.03	528504	27711350.00
2012/02/21	6.03	6.10	5.92	6.10	779942	40562424.00
2012/02/22	6.04	6.43	6.04	6.42	1095740	59732556.00
2012/02/23	6.41	6.53	6.35	6.50	638731	35373440.00
2012/02/24	6.52	6.52	6.38	6.44	816196	44992380.00
2012/02/27	6.45	6.68	6.45	6.58	786295	44140864.00
2012/02/28	6.57	6.57	6.20	6.24	719800	39108920.00
2012/02/29	6.19	6.19	6.04	6.10	643350	33995940.00
2012/03/01	6.10	6.23	6.06	6.10	599022	31766854.00
2012/03/02	6.10	6.26	6.10	6.24	361021	19261814.00
2012/03/05	6.25	6.43	6.25	6.37	607120	33145674.00
2012/03/06	6.36	6.43	6.13	6.14	544623	29293888.00
2012/03/07	6.08	6.18	6.01	6.11	598607	31640218.00
2012/03/08	6.13	6.26	6.13	6.18	299531	16021024.00
2012/03/09	6.22	6.79	6.20	6.69	891764	49547248.00
2012/03/12	6.69	6.74	6.54	6.58	825284	46801140.00
2012/03/13	6.58	6.68	6.44	6.60	588429	32982548.00
2012/03/14	6.63	6.70	6.27	6.54	2318229	128855608.00
2012/03/15	6.38	6.47	6.13	6.27	896828	48574632.00
2012/03/16	6.13	6.35	6.13	6.29	1171752	63457284.00
2012/03/19	6.34	6.56	6.13	6.50	1465776	79919880.00
2012/03/20	6.49	6.49	6.24	6.27	593201	32193604.00
2012/03/21	6.27	6.35	5.86	6.01	880375	46219448.00
2012/03/22	6.01	6.01	5.68	5.83	1649420	83211344.00
2012/03/23	5.76	5.82	5.61	5.62	1185125	59295060.00
2012/03/26	5.67	5.83	5.62	5.76	364895	18361592.00
2012/03/27	5.43	5.53	5.29	5.36	1732710	83092088.00
2012/03/28	5.33	5.33	5.01	5.14	1010408	46539080.00
2012/03/29	5.15	5.28	5.03	5.16	823796	38082272.00
2012/03/30	5.22	5.26	5.15	5.24	662946	30783008.00
2012/04/05	5.29	5.40	5.24	5.31	644988	30413512.00
2012/04/06	5.32	5.32	5.10	5.17	633831	29474120.00
2012/04/09	5.18	5.50	5.10	5.33	840720	39767988.00
2012/04/10	5.25	5.35	5.11	5.35	339364	15780544.00
2012/04/11	5.25	5.36	5.15	5.29	726346	34148896.00
2012/04/12	5.36	5.40	5.29	5.37	492852	23401872.00
2012/04/13	5.41	5.64	5.37	5.53	855293	41744796.00
2012/04/16	5.47	5.51	5.32	5.34	538825	25680574.00
2012/04/17	5.34	5.36	5.24	5.25	358780	16784166.00
2012/04/18	5.31	5.39	5.20	5.33	308454	14581043.00
2012/04/19	5.33	5.59	5.31	5.53	830029	40182188.00
2012/04/23	5.53	5.53	5.20	5.31	1179785	55535604.00
2012/04/24	5.26	5.39	5.01	5.05	786823	36117656.00
2012/04/25	5.08	5.26	5.01	5.17	338508	15313149.00
2012/04/26	5.17	5.21	4.81	4.85	765235	33933560.00
2012/04/27	4.73	4.95	4.68	4.89	435521	19179918.00
2012/05/02	5.01	5.04	4.91	4.98	599237	26959886.00
2012/05/03	5.04	5.11	4.95	5.07	369625	16668578.00
2012/05/04	5.10	5.39	5.06	5.36	701416	33048148.00
2012/05/07	5.37	5.52	5.30	5.49	581874	28152940.00
2012/05/08	5.52	5.54	5.33	5.38	335880	16069623.00
2012/05/09	5.36	5.36	5.19	5.21	248849	11636692.00
2012/05/10	5.29	5.50	5.28	5.42	627072	29995578.00
2012/05/11	5.36	5.40	5.22	5.23	331158	15536212.00
2012/05/14	5.24	5.29	5.12	5.18	515120	23784596.00
2012/05/15	5.18	5.26	5.07	5.15	400076	18351326.00
2012/05/16	5.15	5.18	4.93	5.00	610810	27493478.00
2012/05/17	4.99	5.11	4.89	5.02	593942	14664639.00
2012/05/18	5.02	5.02	4.81	4.97	574992	14001303.00
2012/05/21	4.96	4.97	4.76	4.76	778051	18615482.00
2012/05/22	4.76	5.07	4.76	5.02	1014761	24973988.00
2012/05/23	5.02	5.10	4.83	5.02	707509	17267214.00
2012/05/24	4.87	5.16	4.87	5.08	1029159	25819744.00
2012/05/25	5.08	5.34	5.08	5.20	1084594	27740832.00
2012/05/28	5.15	5.15	4.91	5.14	752675	18685646.00
2012/05/29	5.10	5.37	5.02	5.33	1579907	40697192.00
2012/05/30	5.32	5.85	5.30	5.65	3540247	96240320.00
2012/05/31	5.60	5.82	5.52	5.60	1213420	33031704.00
2012/06/01	5.59	5.71	5.42	5.52	652981	17428150.00
2012/06/04	5.37	5.37	5.20	5.22	950687	24445674.00
2012/06/05	5.22	5.28	4.98	5.02	1091319	27209770.00
2012/06/06	5.07	5.07	4.90	4.92	799200	19607714.00
2012/06/07	4.98	5.04	4.82	4.91	640692	15533012.00
2012/06/08	5.04	5.04	4.78	4.81	845426	20459084.00
2012/06/11	4.81	5.02	4.79	4.97	845326	20523588.00
2012/06/12	4.89	5.01	4.87	4.93	516717	12534323.00
2012/06/13	4.99	5.13	4.94	5.09	775707	19335002.00
2012/06/14	5.09	5.12	4.99	5.05	568686	14109934.00
2012/06/15	5.08	5.08	4.95	5.07	707976	17487504.00
2012/06/18	5.10	5.22	5.06	5.12	536670	13467909.00
2012/06/19	5.12	5.21	5.05	5.19	752875	18925834.00
2012/06/20	5.23	5.23	5.10	5.20	460704	11640268.00
2012/06/21	5.20	5.20	4.95	4.97	993581	24474174.00
2012/06/25	4.94	4.94	4.72	4.76	598014	14376439.00
2012/06/26	4.72	4.88	4.52	4.62	1104935	25507448.00
2012/06/27	4.59	4.69	4.54	4.54	715340	16491206.00
2012/06/28	4.54	4.59	4.35	4.41	1003911	22456028.00
2012/06/29	4.41	4.54	4.37	4.54	638242	14281103.00
2012/07/02	4.58	4.63	4.53	4.57	801544	18365772.00
2012/07/03	4.57	4.64	4.47	4.56	518121	11870752.00
2012/07/04	4.57	4.59	4.42	4.44	459702	10419484.00
2012/07/05	4.38	4.47	4.06	4.14	1208055	25925596.00
2012/07/06	4.14	4.22	3.92	4.14	1389541	29068448.00
2012/07/09	4.13	4.26	4.04	4.17	1408023	29835000.00
2012/07/10	4.12	4.17	4.01	4.08	497768	10441020.00
2012/07/11	4.09	4.23	4.05	4.20	720173	15323148.00
2012/07/12	4.14	4.33	4.12	4.32	745668	16123722.00
2012/07/13	4.34	4.34	4.09	4.14	640447	13686579.00
2012/07/16	4.09	4.09	3.64	3.67	1605883	31989286.00
2012/07/17	3.64	3.81	3.64	3.79	986610	19443204.00
2012/07/18	3.79	3.89	3.74	3.83	787605	15685909.00
2012/07/19	3.69	4.17	3.69	4.07	949876	19720458.00
2012/07/20	3.99	4.13	3.82	3.84	591977	12054792.00
2012/07/23	3.98	3.98	3.68	3.68	580122	11396318.00
2012/07/24	3.68	3.78	3.67	3.70	499402	9763458.00
2012/07/25	3.67	3.71	3.53	3.71	501703	9617615.00
2012/07/26	3.65	3.73	3.64	3.67	920860	17893372.00
2012/07/27	3.67	3.72	3.56	3.63	925273	17602358.00
2012/07/30	3.60	3.62	3.39	3.43	1054151	19558350.00
2012/07/31	3.54	3.54	3.26	3.34	1151387	20742822.00
2012/08/01	3.46	3.46	3.29	3.37	633980	11521820.00
2012/08/02	3.31	3.46	3.16	3.29	535446	9673536.00
2012/08/03	3.35	3.38	3.24	3.38	861922	15450158.00
2012/08/06	3.39	3.72	3.35	3.67	1742979	33021318.00
2012/08/07	3.69	3.83	3.69	3.79	1753164	34645672.00
2012/08/08	3.79	3.79	3.60	3.64	1473022	28342034.00
2012/08/09	3.66	3.73	3.55	3.71	1786665	34172036.00
2012/08/10	3.67	3.70	3.58	3.64	1793567	34415388.00
2012/08/13	3.62	3.62	3.36	3.39	1845922	34165160.00
2012/08/14	3.38	3.40	3.24	3.36	2097001	37711900.00
2012/08/15	3.35	3.50	3.29	3.44	1789356	32607022.00
2012/08/16	3.44	3.54	3.37	3.48	1295118	24109872.00
2012/08/17	3.47	3.66	3.36	3.62	1273754	23674582.00
2012/08/20	3.59	3.62	3.51	3.59	1181346	22315688.00
2012/08/21	3.59	3.81	3.56	3.79	2038562	40080072.00
2012/08/22	3.79	3.92	3.75	3.82	1832829	36704164.00
2012/08/23	3.81	3.90	3.74	3.78	1027396	20314098.00
2012/08/24	3.78	3.78	3.63	3.64	775071	15021288.00
2012/08/27	3.63	3.66	3.50	3.62	507907	9632381.00
2012/08/28	3.60	3.94	3.59	3.85	1714009	34102528.00
2012/08/29	3.85	3.99	3.81	3.85	1533321	31144956.00
2012/08/30	3.82	3.92	3.59	3.73	1659140	32432682.00
2012/08/31	3.69	3.81	3.64	3.79	660103	12902265.00
2012/09/03	3.74	3.91	3.70	3.89	780536	15660835.00
2012/09/04	3.89	3.91	3.74	3.75	848631	16864302.00
2012/09/05	3.75	3.89	3.72	3.82	706699	14067011.00
2012/09/06	3.84	3.89	3.77	3.83	772722	15385081.00
2012/09/07	3.84	4.14	3.84	4.04	4443346	92077136.00
2012/09/10	4.02	4.27	4.02	4.23	3344596	71240072.00
2012/09/11	4.19	4.19	4.01	4.09	2480696	52114780.00
2012/09/12	4.12	4.16	4.03	4.13	1352258	28487606.00
2012/09/13	4.14	4.14	4.03	4.03	1127763	23612452.00
2012/09/14	4.08	4.08	3.75	3.79	3781806	75345712.00
2012/09/17	3.77	3.77	3.62	3.62	1940406	37518068.00
2012/09/18	3.60	3.67	3.54	3.58	826387	15776520.00
2012/09/19	3.64	3.69	3.59	3.65	827103	15894234.00
2012/09/20	3.66	3.66	3.52	3.52	1029051	19602476.00
2012/09/21	3.58	3.63	3.48	3.52	774862	14641328.00
2012/09/24	3.54	3.54	3.36	3.44	778414	14297876.00
2012/09/25	3.43	3.48	3.37	3.46	852989	15680927.00
2012/09/26	3.44	3.46	3.27	3.35	733767	13253503.00
2012/09/27	3.35	3.52	3.33	3.49	918037	16893770.00
2012/09/28	3.44	3.63	3.42	3.58	1099667	20553942.00
2012/10/08	3.56	3.58	3.45	3.49	422497	7877485.00
2012/10/09	3.52	3.62	3.49	3.59	852983	16178668.00
2012/10/10	3.59	3.66	3.56	3.66	1104517	21086070.00
2012/10/11	3.64	3.64	3.40	3.40	961405	17958404.00
2012/10/12	3.42	3.50	3.37	3.46	915924	16853516.00
2012/10/15	3.54	3.91	3.54	3.83	3743126	73465152.00
2012/10/16	3.80	3.94	3.74	3.85	2469816	49620976.00
2012/10/17	3.82	4.06	3.80	3.89	2278699	46652892.00
2012/10/18	3.90	4.24	3.90	4.17	2828065	59710036.00
2012/10/19	4.13	4.30	4.03	4.23	2076493	44492776.00
2012/10/22	4.19	4.29	4.12	4.23	1393403	29673156.00
2012/10/23	4.17	4.26	4.07	4.12	1514483	31997048.00
2012/10/24	4.07	4.17	4.04	4.13	501873	10558610.00
2012/10/25	4.13	4.18	3.97	4.05	870746	18174010.00
2012/10/26	3.99	4.09	3.81	3.93	1387285	28136904.00
2012/10/29	3.93	3.99	3.87	3.95	806442	16339748.00
2012/10/30	3.92	3.99	3.86	3.99	764034	15555350.00
2012/10/31	3.99	3.99	3.85	3.92	769295	15598902.00
2012/11/01	3.89	4.14	3.89	4.12	1735119	36336900.00
2012/11/02	4.12	4.14	3.97	4.05	1514813	31580086.00
2012/11/05	4.04	4.16	3.92	4.09	1578934	32808478.00
2012/11/08	3.97	4.13	3.84	3.92	1935287	39865616.00
2012/11/09	3.92	4.19	3.88	4.04	1171324	24469188.00
2012/11/12	4.05	4.54	4.05	4.35	2783576	60456720.00
2012/11/13	4.34	4.47	4.24	4.26	2199652	48590464.00
2012/11/14	4.09	4.20	3.99	4.09	2073103	43308036.00
2012/11/15	4.11	4.21	4.01	4.09	1055223	22260378.00
2012/11/16	4.04	4.14	3.96	4.14	717694	15000659.00
2012/11/19	4.12	4.12	3.93	3.99	567271	11778191.00
2012/11/20	4.04	4.10	3.99	4.04	498146	10392439.00
2012/11/21	3.99	4.16	3.89	4.07	563403	11657286.00
2012/11/22	4.02	4.13	3.98	4.01	542572	11334778.00
2012/11/23	4.01	4.09	3.97	3.99	364347	7538420.50
2012/11/26	3.92	3.98	3.50	3.72	1592781	31256252.00
2012/11/27	3.70	3.74	3.59	3.72	670951	12987577.00
2012/11/28	3.73	3.78	3.52	3.69	614628	11799722.00
2012/11/29	3.78	3.81	3.63	3.67	580019	11351093.00
2012/11/30	3.72	3.90	3.65	3.89	937270	18723548.00
2012/12/03	3.89	3.92	3.77	3.77	692985	13889495.00
2012/12/04	3.74	3.88	3.64	3.78	1190139	23181910.00
2012/12/05	3.83	4.14	3.73	4.09	1638805	34046768.00
2012/12/06	4.09	4.13	3.93	3.99	748517	15469169.00
2012/12/07	3.99	4.22	3.98	4.22	1133564	24040124.00
2012/12/10	4.21	4.32	4.12	4.29	1899171	41237856.00
2012/12/11	4.22	4.49	4.22	4.38	2554557	56863932.00
2012/12/12	4.41	4.41	4.25	4.33	1207097	26448458.00
2012/12/13	4.33	4.34	4.16	4.17	782864	16840394.00
2012/12/14	4.16	4.50	4.16	4.41	1579979	34853460.00
2012/12/17	4.44	4.69	4.40	4.62	2875137	65826300.00
2012/12/18	4.62	4.64	4.48	4.58	1699474	39080056.00
2012/12/19	4.59	4.72	4.49	4.66	1627426	37526736.00
2012/12/20	4.65	4.66	4.52	4.63	811402	18652468.00
2012/12/21	4.62	4.74	4.50	4.72	2185751	50628732.00
2012/12/24	4.63	4.74	4.61	4.69	1128097	26310924.00
2012/12/25	4.69	4.83	4.62	4.83	1332769	31540208.00
2012/12/26	4.72	5.02	4.67	4.94	1143820	27377752.00
2012/12/27	4.94	5.07	4.84	4.94	1230910	30018148.00
2012/12/28	4.93	5.02	4.91	4.96	1078753	26364926.00
2012/12/31	4.96	5.02	4.69	4.83	1716464	41224620.00
2013/01/04	4.83	4.89	4.65	4.82	1576005	37096600.00
2013/01/07	4.81	4.81	4.64	4.81	2121975	49613148.00
2013/01/08	4.76	5.07	4.74	4.97	2171348	53103396.00
2013/01/09	4.92	4.98	4.76	4.87	1161051	27892674.00
2013/01/10	4.80	4.87	4.80	4.85	1348851	32326964.00
2013/01/11	4.79	4.87	4.66	4.74	1349440	31962390.00
2013/01/14	4.65	4.91	4.65	4.88	1789329	42548080.00
2013/01/15	4.95	5.07	4.82	5.00	2728031	67049616.00
2013/01/16	5.00	5.27	4.95	5.17	2564340	64580588.00
2013/01/17	5.17	5.42	5.12	5.31	2229494	57538820.00
2013/01/18	5.31	5.34	4.96	5.22	2803501	70615008.00
2013/01/21	5.18	5.31	5.07	5.30	2110145	53838236.00
2013/01/22	5.30	5.42	4.97	5.00	2645358	67029772.00
2013/01/23	5.02	5.03	4.82	4.97	2386828	57739996.00
2013/01/24	4.97	4.98	4.88	4.90	1066343	25909790.00
2013/01/25	4.86	5.07	4.72	5.03	1057528	25561232.00
2013/01/28	4.99	5.15	4.93	5.11	1143756	28514324.00
2013/01/29	5.11	5.31	5.05	5.23	1622579	41326592.00
2013/01/30	5.22	5.28	5.08	5.12	892980	22451692.00
2013/01/31	5.05	5.16	5.03	5.14	763280	19136792.00
2013/02/01	5.11	5.47	5.11	5.40	1970009	51158100.00
2013/02/04	5.60	5.77	5.55	5.69	1779435	48643796.00
2013/02/05	5.69	5.80	5.55	5.80	1762926	48195268.00
2013/02/06	5.80	5.82	5.67	5.72	754645	20814930.00
2013/02/07	5.81	5.81	5.57	5.66	656327	17836408.00
2013/02/08	5.60	6.07	5.60	6.02	1222037	34462060.00
2013/02/18	6.02	6.06	5.60	5.81	953711	26724984.00
2013/02/19	5.79	5.84	5.42	5.49	1082443	29173670.00
2013/02/20	5.51	5.76	5.40	5.69	935727	25551088.00
2013/02/21	5.71	5.92	5.52	5.70	1467909	40504464.00
2013/02/22	5.60	5.77	5.47	5.48	634346	17154058.00
2013/02/25	5.48	5.60	5.42	5.60	1058228	28257404.00
2013/02/26	5.60	5.95	5.48	5.72	1941111	54184244.00
2013/02/27	5.70	5.80	5.47	5.54	990101	26611510.00
2013/02/28	5.54	5.62	5.37	5.56	1288318	34226740.00
2013/03/01	5.56	5.71	5.52	5.70	1595483	43450684.00
2013/03/04	5.63	5.63	5.10	5.23	1929784	50639228.00
2013/03/05	5.24	5.39	5.13	5.32	1241666	31999024.00
2013/03/06	5.39	5.52	5.30	5.41	1638718	43126612.00
2013/03/07	5.41	6.07	5.41	5.84	4739700	133049800.00
2013/03/08	5.72	6.01	5.67	5.79	1362508	38287860.00
2013/03/11	5.70	5.88	5.68	5.81	547086	15165470.00
2013/03/12	5.81	5.83	5.43	5.60	1184659	31957652.00
2013/03/13	5.52	5.59	5.35	5.45	397008	10458101.00
2013/03/14	5.44	5.48	5.37	5.48	641920	16901356.00
2013/03/15	5.55	5.55	5.32	5.45	2305296	60775616.00
2013/03/18	5.38	5.45	5.09	5.18	1731065	43881944.00
2013/03/19	5.05	5.11	4.92	5.06	1951301	48172216.00
2013/03/20	5.06	5.29	5.00	5.26	2343774	58601624.00
2013/03/21	5.26	5.40	5.18	5.34	1307186	33725072.00
2013/03/22	5.34	5.35	5.18	5.22	650949	16648768.00
2013/03/25	5.22	5.22	4.98	4.98	1563716	38837488.00
2013/03/26	4.97	5.07	4.89	5.02	856910	21076026.00
2013/03/27	5.09	5.34	4.99	5.34	1739894	44113416.00
2013/03/28	5.22	5.27	5.07	5.10	1099165	27653614.00
2013/03/29	5.23	5.41	5.05	5.36	2224233	56234648.00
2013/04/01	5.34	5.64	5.28	5.59	1993912	53461536.00
2013/04/02	5.60	5.62	5.41	5.55	2438479	65501104.00
2013/04/03	5.47	5.60	5.37	5.38	2589228	68895056.00
2013/04/08	5.29	5.47	5.12	5.44	741230	18966632.00
2013/04/09	5.35	5.54	5.35	5.45	469943	12460120.00
2013/04/10	5.46	5.49	5.35	5.38	546216	14338116.00
2013/04/11	5.42	5.47	5.42	5.44	721214	19036654.00
2013/04/12	5.44	5.62	5.37	5.54	841741	22540996.00
2013/04/15	5.53	5.60	5.35	5.50	1192294	31935520.00
2013/04/16	5.50	5.50	5.25	5.45	1664163	43362652.00
2013/04/17	5.40	5.49	5.38	5.46	835638	22021394.00
2013/04/18	5.42	5.62	5.35	5.57	1191371	31710930.00
2013/04/19	5.55	5.84	5.55	5.82	2209843	60600792.00
2013/04/22	5.83	5.90	5.70	5.85	975935	27233958.00
2013/04/23	5.77	5.89	5.69	5.85	1475654	40956700.00
2013/04/24	5.85	6.31	5.81	6.27	2534410	73902408.00
2013/04/25	6.33	7.01	6.33	6.67	5924965	187118928.00
2013/04/26	6.60	6.93	6.52	6.57	4200228	132799928.00
2013/05/02	6.55	7.10	6.51	6.80	3377491	107752208.00
2013/05/03	6.75	6.98	6.71	6.91	2019507	64482324.00
2013/05/06	6.92	7.10	6.82	7.05	2050996	66610988.00
2013/05/07	7.03	7.07	6.68	6.74	1638607	52304908.00
2013/05/08	6.75	7.35	6.75	7.29	1663132	54220896.00
2013/05/09	7.30	7.85	7.05	7.75	2916227	99561472.00
2013/05/10	7.66	7.72	7.29	7.49	2697758	91605248.00
2013/05/13	7.49	7.49	7.09	7.37	2437922	79966440.00
2013/05/14	7.15	7.34	7.09	7.23	1034833	33941872.00
2013/05/15	7.23	7.73	7.09	7.73	1697922	57690416.00
2013/05/16	7.63	7.84	7.25	7.43	2531816	86828936.00
2013/05/17	7.44	7.75	7.17	7.73	1472178	50264320.00
2013/05/20	7.73	8.33	7.73	8.25	2159781	78396208.00
2013/05/21	8.23	8.25	7.95	8.00	2406001	87092784.00
2013/05/22	7.88	8.00	7.33	7.52	2680952	92168528.00
2013/05/23	7.56	7.70	7.33	7.41	2008135	68454432.00
2013/05/24	7.33	7.58	7.33	7.55	1316765	44551196.00
2013/05/27	7.56	7.60	7.13	7.35	2728144	90318624.00
2013/05/28	7.58	7.58	7.18	7.50	3086082	104209488.00
2013/05/29	7.41	7.50	7.16	7.26	1684708	55468892.00
2013/05/30	7.25	7.55	7.17	7.48	1441671	48391420.00
2013/05/31	7.57	7.57	7.19	7.41	1556056	52241464.00
2013/06/03	7.26	7.41	7.18	7.25	2217970	73244144.00
2013/06/04	7.13	7.25	6.72	6.85	2228119	70225144.00
2013/06/05	6.87	6.96	6.76	6.89	1421448	44687428.00
2013/06/06	6.90	6.90	6.75	6.83	746324	23452580.00
2013/06/07	6.87	7.25	6.87	7.22	3208476	104526000.00
2013/06/13	7.22	7.25	6.86	7.15	745264	24117678.00
2013/06/14	7.13	7.50	7.08	7.44	2258570	75810840.00
2013/06/17	7.50	7.76	7.50	7.53	2493376	85564024.00
2013/06/18	7.51	7.57	7.17	7.50	2144481	71780608.00
2013/06/19	7.35	7.65	7.35	7.57	1800963	61491152.00
2013/06/20	7.62	7.62	7.13	7.23	1020664	34035624.00
2013/06/21	7.10	7.65	6.83	7.55	1330133	43748844.00
2013/06/24	7.50	7.63	6.90	7.10	1304467	42706276.00
2013/06/25	7.05	7.30	6.80	7.30	1457228	47275240.00
2013/06/26	7.25	7.95	7.15	7.93	1881103	65041972.00
2013/06/27	7.93	8.00	7.28	7.30	3060900	106421600.00
2013/06/28	7.15	8.08	7.13	7.75	4815705	169268880.00
2013/07/01	8.22	8.63	8.21	8.63	1366379	51874836.00
2013/07/02	9.13	9.59	8.89	9.13	6515689	265052624.00
2013/07/03	9.04	9.35	8.89	9.20	4222392	171368144.00
2013/07/04	9.08	9.26	8.76	9.26	3674170	147691360.00
2013/07/05	9.40	9.40	8.66	8.66	2921287	116150944.00
2013/07/08	8.28	8.60	8.09	8.10	3388996	126449760.00
2013/07/09	8.10	8.30	7.95	8.23	2564455	93831880.00
2013/07/10	8.20	8.46	8.10	8.40	3135277	117271208.00
2013/07/11	8.40	8.83	8.23	8.61	2043984	78335032.00
2013/07/12	8.63	9.25	8.56	8.91	2497518	99627680.00
2013/07/15	8.91	9.73	8.91	9.51	2328215	97105128.00
2013/07/16	9.51	9.74	9.06	9.70	2525583	104501560.00
2013/07/17	9.55	9.76	9.16	9.19	1412646	58817356.00
2013/07/18	9.08	9.31	8.79	8.87	1979330	79653824.00
2013/07/19	9.01	9.62	8.91	9.01	2124876	86859568.00
2013/07/22	9.01	9.43	8.92	9.40	1711850	69917432.00
2013/07/23	9.33	9.66	9.21	9.61	1838269	76755976.00
2013/07/24	9.58	10.01	9.36	9.45	4019911	171215648.00
2013/07/25	9.33	9.33	8.51	8.63	3448565	136485968.00
2013/07/26	8.66	8.92	8.42	8.87	1887841	73548760.00
2013/07/29	8.89	8.89	8.23	8.28	2779044	105500728.00
2013/07/30	8.26	8.42	7.95	8.08	3382137	123583120.00
2013/07/31	8.17	8.63	8.05	8.51	1769198	66494840.00
2013/08/01	8.79	9.13	8.53	9.05	2224449	87101464.00
2013/08/02	9.26	9.73	9.26	9.40	4336553	182053024.00
2013/08/05	9.38	9.51	9.14	9.42	2757504	113866712.00
2013/08/06	9.42	9.56	9.26	9.38	1899205	79369872.00
2013/08/07	9.38	9.38	8.88	9.12	2755498	111647480.00
2013/08/08	9.08	9.23	8.96	9.02	1605168	64379920.00
2013/08/09	8.91	9.11	8.55	8.76	1901212	74447280.00
2013/08/12	8.76	9.17	8.58	8.81	2260993	89455296.00
2013/08/13	8.88	9.21	8.66	8.98	1369016	54784048.00
2013/08/14	9.16	9.60	9.01	9.44	3324320	137407984.00
2013/08/15	9.43	9.58	9.28	9.43	1752917	73105400.00
2013/08/16	9.46	9.65	9.10	9.14	2302433	95550472.00
2013/08/19	8.95	10.15	8.89	10.06	4094301	176065936.00
2013/08/20	10.01	10.14	9.84	10.12	2478694	109139360.00
2013/08/21	10.11	10.29	9.89	9.97	1754491	77675128.00
2013/08/22	10.01	10.46	9.91	10.40	1714402	77361664.00
2013/08/23	10.34	10.52	9.93	10.24	1960578	88016344.00
2013/08/26	10.21	10.42	10.09	10.31	956697	42967708.00
2013/08/27	10.31	10.81	10.26	10.62	1878320	86543040.00
2013/08/28	10.46	10.59	9.89	9.92	2017146	90620152.00
2013/08/29	9.91	10.10	9.58	9.99	1441724	62683440.00
2013/08/30	9.89	10.07	9.79	9.87	1184640	51739348.00
2013/09/02	9.95	10.36	9.69	10.11	956241	42181852.00
2013/09/03	10.09	10.61	10.09	10.43	1311995	60179612.00
2013/09/04	10.41	10.51	10.17	10.27	1641503	74075128.00
2013/09/05	10.01	10.48	10.01	10.29	1077080	48539620.00
2013/09/06	10.29	10.63	10.16	10.61	1740072	79717728.00
2013/09/09	10.67	10.67	10.34	10.51	1056697	48471332.00
2013/09/10	10.64	10.64	10.01	10.19	1098814	49422516.00
2013/09/11	10.36	10.81	10.16	10.26	1950571	89225632.00
2013/09/12	10.14	10.63	9.94	10.19	992908	44646752.00
2013/09/13	10.07	10.26	9.76	10.17	845439	37294056.00
2013/09/16	10.24	10.49	10.02	10.17	1144846	51559244.00
2013/09/17	10.16	10.73	10.14	10.24	1768660	81179752.00
2013/09/18	10.16	10.50	10.11	10.26	1123968	50533660.00
2013/09/23	10.26	10.64	10.26	10.48	1109325	50935764.00
2013/09/24	10.46	11.42	10.37	11.39	2436822	115655928.00
2013/09/25	11.19	11.60	10.99	11.23	1330183	65308100.00
2013/09/26	11.12	11.76	11.12	11.19	1603206	79617992.00
2013/09/27	11.18	11.19	10.64	10.77	1995499	94928056.00
2013/09/30	10.86	11.48	10.67	11.48	2342064	112198136.00
2013/10/08	12.27	12.64	12.02	12.19	2698940	142583888.00
2013/10/09	12.02	12.72	11.94	12.39	2650048	141698144.00
2013/10/10	12.32	13.44	12.27	12.69	1992268	110771400.00
2013/10/11	12.79	13.82	12.67	13.55	2223628	127174672.00
2013/10/14	13.65	13.90	13.22	13.42	1744018	101989256.00
2013/10/15	13.50	13.75	13.07	13.23	1628292	93736496.00
2013/10/16	13.10	13.34	12.42	12.99	1491264	82414616.00
2013/10/17	12.92	13.52	12.42	12.53	2488818	138264064.00
2013/10/18	12.68	12.73	12.19	12.54	1747554	93866872.00
2013/10/21	12.62	13.42	12.57	13.15	1309722	73816360.00
2013/10/22	13.15	13.27	12.19	12.27	1797761	98085280.00
2013/10/23	12.37	12.57	12.02	12.34	1212915	64431952.00
2013/10/24	12.39	12.85	12.30	12.52	1025883	55609924.00
2013/10/25	12.51	12.51	11.77	12.27	2147134	112314176.00
2013/10/28	12.37	12.49	11.97	12.10	687223	36467180.00
2013/10/29	12.10	12.91	11.50	12.52	1828787	95327888.00
2013/10/30	12.39	13.25	12.30	13.15	1943087	107149240.00
2013/10/31	13.02	13.12	12.02	12.08	1929821	105005984.00
2013/11/01	11.77	12.26	11.52	11.57	2282722	116210776.00
2013/11/04	11.58	11.86	11.27	11.64	1835147	92757952.00
2013/11/05	11.52	11.97	11.40	11.90	1303386	66071948.00
2013/11/06	11.77	11.89	11.37	11.47	2392592	120125576.00
2013/11/07	11.44	11.63	11.02	11.21	1625999	79997520.00
2013/11/08	11.04	11.33	11.04	11.20	693579	33829696.00
2013/11/11	11.20	11.88	11.16	11.52	1072658	53827252.00
2013/11/12	11.62	11.76	11.44	11.64	848019	42714152.00
2013/11/13	11.26	11.26	10.38	10.64	4070839	192560960.00
2013/11/14	10.46	11.01	10.46	10.94	1804632	85791240.00
2013/11/15	11.01	11.59	11.01	11.39	1745529	86566816.00
2013/11/18	11.39	11.99	11.39	11.66	991665	50258616.00
2013/11/19	11.54	11.79	11.54	11.70	796414	40375012.00
2013/11/20	11.70	11.81	11.03	11.41	1690421	83162760.00
2013/11/21	12.03	12.24	11.73	12.02	3142167	162009568.00
2013/11/22	12.02	12.14	11.92	12.02	1541436	80228760.00
2013/11/25	11.99	12.09	11.59	12.01	1990139	102312672.00
2013/11/26	12.01	13.07	11.79	12.77	2063627	111791168.00
2013/11/27	12.79	13.27	12.73	12.86	1018861	56681856.00
2013/11/28	12.77	13.27	12.74	13.08	1086015	60749492.00
2013/11/29	13.14	13.67	12.97	13.51	1810099	103939848.00
2013/12/02	13.00	13.00	12.14	12.52	3111563	169146160.00
2013/12/03	12.47	12.85	12.02	12.77	1686172	90857056.00
2013/12/04	12.64	12.76	12.05	12.19	1681887	91147336.00
2013/12/05	12.19	12.19	11.27	12.02	2896332	147312896.00
2013/12/06	11.82	11.97	11.67	11.88	730626	37525876.00
2013/12/09	11.84	12.17	11.77	12.03	740452	38260652.00
2013/12/10	11.92	12.09	11.64	12.02	565118	29157868.00
2013/12/11	11.87	12.39	11.84	12.04	515265	27103730.00
2013/12/12	12.02	12.47	11.89	12.34	859325	45603464.00
2013/12/13	12.28	12.76	12.18	12.72	873031	46948752.00
2013/12/16	12.76	12.77	12.09	12.17	1003473	53682688.00
2013/12/17	12.19	12.24	11.92	12.02	1006923	52312656.00
2013/12/18	12.02	12.04	11.67	11.72	663535	34110856.00
2013/12/19	11.81	11.91	11.59	11.67	921577	46776916.00
2013/12/20	11.67	11.79	11.46	11.56	829968	41829508.00
2013/12/23	11.64	11.88	11.32	11.77	612609	30834076.00
2013/12/24	11.74	12.11	11.59	11.92	1103843	56771100.00
2013/12/25	11.91	12.50	11.86	12.47	1388103	73026624.00
2013/12/26	12.46	12.63	12.14	12.44	1414966	76074256.00
2013/12/27	12.28	13.19	12.24	12.97	1698833	93760776.00
2013/12/30	13.04	13.40	12.90	13.26	1275415	72062672.00
2013/12/31	13.11	13.90	12.94	13.65	2754106	159584432.00
2014/01/02	13.60	13.87	13.26	13.66	1174334	68818840.00
2014/01/03	13.62	13.89	13.42	13.42	979300	57051380.00
2014/01/06	13.38	13.38	12.72	12.74	2191479	122243528.00
2014/01/07	12.74	13.10	12.47	13.02	2386497	130504112.00
2014/01/08	13.37	13.92	13.19	13.89	2587430	150356576.00
2014/01/09	13.94	14.40	13.55	13.58	1733549	103784880.00
2014/01/10	13.52	14.17	13.41	13.87	1278075	74701256.00
2014/01/13	14.01	14.27	13.79	14.14	996848	60155544.00
2014/01/14	14.15	14.65	14.13	14.40	1356446	83347096.00
2014/01/15	14.45	14.90	14.45	14.53	1875061	117633728.00
2014/01/16	14.68	14.68	14.03	14.63	1388195	85550432.00
2014/01/17	14.58	14.64	13.93	14.15	987912	60687988.00
2014/01/20	14.13	14.27	13.69	13.90	1279669	76565600.00
2014/01/21	13.90	14.76	13.90	14.70	1173976	72225872.00
2014/01/22	14.71	15.08	14.55	14.84	1537609	97299360.00
2014/01/23	14.84	15.17	14.53	14.83	1237195	78465928.00
2014/01/24	14.80	15.40	14.53	15.05	1430770	91932232.00
2014/01/27	15.03	16.53	14.90	16.10	1924206	128465504.00
2014/01/28	16.12	16.41	15.53	16.36	1360329	92608128.00
2014/01/29	16.66	17.15	16.28	16.98	2651802	187845904.00
2014/01/30	16.78	16.98	16.21	16.28	1552307	107778128.00
2014/02/07	16.24	16.52	15.98	16.39	1025067	70745560.00
2014/02/10	16.53	17.25	16.30	16.57	2973419	211694368.00
2014/02/11	16.57	16.72	15.69	16.03	1911893	130911144.00
2014/02/12	16.03	16.28	15.78	16.08	1265819	85784552.00
2014/02/13	16.23	16.94	16.03	16.34	4410082	307845440.00
2014/02/14	16.25	17.99	16.06	17.75	2591796	186516144.00
2014/02/17	17.74	19.03	17.54	18.69	2520658	196121376.00
2014/02/18	18.66	19.17	18.36	18.65	1359562	107446832.00
2014/02/19	18.54	18.79	18.05	18.21	1665899	128953784.00
2014/02/20	18.21	18.21	17.54	17.79	1212701	90896672.00
2014/02/21	17.81	18.26	17.54	18.19	1317443	99564344.00
2014/02/24	18.24	18.29	16.87	17.03	3044683	222046848.00
2014/02/25	17.54	17.94	16.03	16.86	3515553	254028096.00
2014/02/26	16.21	16.81	15.90	16.66	3050107	210858320.00
2014/02/27	16.56	17.08	16.04	16.38	2253456	158904512.00
2014/02/28	16.28	17.50	16.03	17.29	2490068	179514032.00
2014/03/03	17.29	18.66	17.28	18.20	1872669	143024784.00
2014/03/04	18.24	18.29	17.29	18.04	1586632	118990008.00
2014/03/05	17.99	18.03	17.40	17.99	1096590	81635504.00
2014/03/06	17.89	17.99	17.08	17.91	1440247	106387256.00
2014/03/07	17.79	18.08	17.41	17.94	1230134	92224960.00
2014/03/10	17.89	17.89	16.59	16.61	1503735	108610504.00
2014/03/11	16.61	16.98	15.78	16.23	1844184	126803680.00
2014/03/12	16.03	16.23	15.65	15.78	1849606	124488088.00
2014/03/13	16.56	17.46	16.54	17.46	2064185	149283552.00
2014/03/14	17.99	19.17	17.63	18.04	3228904	247976480.00
2014/03/17	18.21	19.16	17.79	18.99	2074793	162928384.00
2014/03/18	19.04	19.39	18.54	18.59	1408072	111301136.00
2014/03/19	18.29	18.60	17.79	18.19	1747734	133481656.00
2014/03/20	17.96	18.38	17.51	17.66	2458729	185336128.00
2014/03/21	17.59	17.74	16.80	17.64	3150503	228351344.00
2014/03/24	17.41	17.87	16.68	17.03	1619584	117665488.00
2014/03/25	17.02	17.64	16.66	16.85	1451551	104666536.00
2014/03/26	17.03	17.63	16.80	17.26	1565665	114070280.00
2014/03/27	17.14	17.27	16.37	16.46	1762192	124346704.00
2014/03/28	16.29	16.73	16.11	16.55	2006691	139933424.00
2014/03/31	16.41	16.90	16.03	16.79	1063112	74918456.00
2014/04/01	16.47	16.75	15.85	16.47	2397708	165519840.00
2014/04/02	16.39	16.86	15.53	16.01	2557048	173293152.00
2014/04/03	15.90	16.21	15.53	15.56	1335179	89544144.00
2014/04/04	15.50	16.37	15.40	16.18	1399909	95311976.00
2014/04/08	16.03	16.93	15.84	16.78	1318621	92133968.00
2014/04/09	16.79	17.25	16.58	16.77	1791063	128402392.00
2014/04/10	16.73	17.17	16.55	17.17	1440970	103820688.00
2014/04/11	16.99	17.13	16.42	16.91	1259588	88907264.00
2014/04/14	16.76	17.12	16.74	16.91	684578	48960788.00
2014/04/15	16.93	17.03	16.41	16.50	957997	67292696.00
2014/04/16	16.34	16.41	15.69	15.73	1180872	79761672.00
2014/04/17	15.78	16.13	15.50	16.12	1292289	86755176.00
2014/04/18	15.97	16.13	15.86	16.03	698071	47382424.00
2014/04/21	16.03	16.33	15.83	16.07	782064	53717400.00
2014/04/22	16.04	16.15	15.00	15.40	3220085	209581296.00
2014/04/23	15.20	15.40	15.00	15.05	1054185	68045624.00
2014/04/24	15.03	15.18	14.71	15.04	1747669	111522680.00
2014/04/25	15.04	15.18	14.57	15.14	1433214	90999192.00
2014/04/28	14.98	15.03	14.58	14.74	1620427	101834560.00
2014/04/29	14.04	14.48	13.16	13.52	5027033	293011040.00
2014/04/30	13.40	14.23	13.40	14.03	1895297	111166392.00
2014/05/05	13.98	14.06	13.44	14.00	2303542	134852784.00
2014/05/06	13.78	14.27	13.78	14.02	1801172	109066688.00
2014/05/07	14.10	14.17	13.42	13.60	2241118	130582280.00
2014/05/08	13.52	13.52	12.90	13.03	4235601	238675840.00
2014/05/09	13.02	13.02	12.27	12.59	2795604	151717408.00
2014/05/12	12.78	12.85	12.10	12.83	4302064	230711312.00
2014/05/13	12.68	13.23	12.43	12.80	4039204	110736736.00
2014/05/14	12.68	13.17	12.63	13.02	3137122	86590232.00
2014/05/15	12.89	13.22	12.73	12.80	2096946	57445440.00
2014/05/16	12.73	12.77	12.02	12.38	4778106	125147088.00
2014/05/19	12.36	12.73	12.13	12.57	2502256	66475052.00
2014/05/20	12.69	13.23	12.69	12.95	3681923	101690016.00
2014/05/21	12.95	13.21	12.80	13.08	2510337	69509048.00
2014/05/22	13.03	14.00	13.03	13.48	4861627	139543776.00
2014/05/23	13.64	13.72	13.25	13.63	3106783	89136232.00
2014/05/26	13.73	14.31	13.73	14.05	6491310	193065152.00
2014/05/27	14.08	14.22	13.92	14.10	1937284	57452376.00
2014/05/28	14.04	14.32	13.90	14.30	4995069	148810256.00
2014/05/29	14.30	14.47	13.52	13.53	4755929	138398048.00
2014/05/30	13.43	13.61	12.55	13.18	7106241	195858784.00
2014/06/03	13.02	13.18	12.50	12.52	10721555	289069952.00
2014/06/04	12.18	12.38	11.78	12.00	12787676	324358912.00
2014/06/05	11.93	12.54	11.91	12.48	8195510	214577232.00
2014/06/06	12.52	12.83	12.23	12.56	6715633	178643024.00
2014/06/09	12.65	12.65	11.98	12.02	6037131	157539216.00
2014/06/10	12.00	12.53	11.98	12.48	4616482	120683288.00
2014/06/11	12.55	12.76	12.39	12.68	5382282	144098624.00
2014/06/12	12.73	13.11	12.41	12.95	5359311	145934112.00
2014/06/13	12.83	13.04	12.80	12.97	3796468	104026680.00
2014/06/16	13.01	13.37	12.98	13.26	4930579	138143120.00
2014/06/17	13.27	13.41	12.79	12.89	5211310	145065120.00
2014/06/18	12.85	13.05	12.59	12.82	3592084	97233464.00
2014/06/19	12.84	12.98	12.08	12.24	4279232	114591400.00
2014/06/20	12.22	13.15	12.20	12.89	4249505	114154672.00
2014/06/23	12.90	13.87	12.90	13.63	7928061	226579536.00
2014/06/24	13.65	13.82	13.45	13.62	4405775	126476760.00
2014/06/25	13.57	14.03	13.33	13.96	4413809	128188784.00
2014/06/26	13.95	14.51	13.80	14.48	6421040	193948672.00
2014/06/27	14.48	14.58	14.13	14.31	4355295	131716688.00
2014/06/30	14.18	15.13	13.90	14.83	6910851	210359600.00
2014/07/01	14.72	15.34	14.58	15.29	4751535	151081456.00
2014/07/02	15.23	15.47	14.67	15.05	5410473	170798736.00
2014/07/03	15.05	15.08	14.63	14.85	4349686	135496208.00
2014/07/04	14.84	15.26	14.75	14.81	3807336	119867832.00
2014/07/07	14.83	14.87	13.67	13.81	9295631	275296640.00
2014/07/08	13.55	14.21	13.55	14.21	5295239	155864272.00
2014/07/09	14.21	14.34	13.39	13.53	5168518	150943664.00
2014/07/10	13.66	13.87	13.03	13.12	6109715	173679328.00
2014/07/11	13.17	13.40	13.04	13.16	3597658	100488512.00
2014/07/14	13.22	13.43	12.62	13.43	6045285	166223312.00
2014/07/15	13.23	13.28	12.48	12.73	10738158	291516672.00
2014/07/16	12.71	12.88	12.24	12.37	6703438	177367328.00
2014/07/17	12.27	12.76	12.26	12.57	3972654	105757600.00
2014/07/18	12.48	12.63	11.99	12.12	7557713	196924768.00
2014/07/21	12.14	12.41	11.89	12.25	5198527	133981952.00
2014/07/22	12.32	13.23	12.18	13.13	8868853	241005328.00
2014/07/23	12.94	13.17	12.67	12.78	4536157	123882520.00
2014/07/24	12.73	12.98	12.49	12.62	3597284	96981552.00
2014/07/25	12.66	12.97	12.63	12.80	4538041	123321864.00
2014/07/28	12.83	13.09	12.53	12.95	5421332	146590784.00
2014/07/29	12.90	13.46	12.76	13.19	6603168	184075280.00
2014/07/30	13.13	13.52	13.09	13.47	5322507	150733120.00
2014/07/31	13.40	13.63	13.21	13.58	3649670	103569856.00
2014/08/01	13.55	13.55	12.97	13.05	6239310	174187904.00
2014/08/04	12.99	13.16	12.88	12.97	4075002	112339264.00
2014/08/05	12.97	13.34	12.80	13.27	5942987	165343376.00
2014/08/06	13.21	13.69	13.13	13.60	7094811	202992464.00
2014/08/07	13.60	13.91	13.46	13.49	5169289	149675312.00
2014/08/08	13.48	13.81	13.48	13.76	4265877	123650344.00
2014/08/11	13.82	14.07	13.80	13.92	3938847	115879112.00
2014/08/12	13.88	13.98	13.63	13.72	3554001	103183024.00
2014/08/13	13.70	13.70	13.13	13.36	6642975	187558688.00
2014/08/14	13.42	13.45	13.08	13.21	4435464	124669200.00
2014/08/15	13.20	13.42	13.18	13.36	2998882	84435728.00
2014/08/18	13.43	13.82	13.29	13.80	7449055	213060848.00
2014/08/19	13.89	14.06	13.80	14.02	7413736	218306448.00
2014/08/20	14.03	14.35	13.82	13.98	6402652	190434512.00
2014/08/21	13.98	14.29	13.69	14.22	8764678	259304640.00
2014/08/22	14.23	14.42	14.06	14.09	8635621	258917888.00
2014/08/25	14.12	14.13	13.68	13.74	6522830	189908832.00
2014/08/26	13.68	13.81	13.24	13.27	5201570	147737744.00
2014/08/27	13.31	13.53	13.29	13.33	3127981	88716880.00
2014/08/28	13.37	13.46	12.95	12.97	5220018	145541520.00
2014/08/29	12.90	13.23	12.83	13.20	4183795	115455504.00
2014/09/01	13.22	13.59	13.20	13.58	3863931	109964416.00
2014/09/02	13.63	13.68	13.40	13.62	6346885	181566016.00
2014/09/03	13.67	13.79	13.48	13.71	8251317	238153248.00
2014/09/04	13.72	14.16	13.63	14.02	9725123	285979808.00
2014/09/05	14.02	14.02	13.59	13.77	9076711	263226464.00
2014/09/09	13.83	13.87	13.51	13.78	4609050	133601400.00
2014/09/10	13.77	14.32	13.63	14.31	12575997	372410656.00
2014/09/11	14.33	15.82	14.33	15.19	24778768	791398080.00
2014/09/12	15.27	15.40	14.88	15.15	10213553	324301184.00
2014/09/15	15.17	15.72	14.98	15.22	12023972	388462752.00
2014/09/16	15.23	15.40	14.17	14.23	11899682	368644224.00
2014/09/17	14.26	14.41	14.01	14.41	5333670	159905296.00
2014/09/18	14.37	14.79	14.26	14.59	5710571	175932832.00
2014/09/19	14.58	14.78	14.18	14.43	5412336	164493600.00
2014/09/22	14.41	14.41	13.79	13.93	7053959	208404048.00
2014/09/23	13.94	14.12	13.58	13.91	8985280	262406272.00
2014/09/24	13.89	14.16	13.82	14.15	6870465	203203728.00
2014/09/25	14.18	14.37	13.91	14.00	6456551	193013664.00
2014/09/26	13.92	14.32	13.86	14.15	5530896	164252208.00
2014/09/29	14.20	14.42	14.07	14.11	6690356	200036832.00
2014/09/30	14.11	14.36	14.08	14.27	5544143	166789760.00
2014/10/08	14.28	14.85	14.28	14.70	7786076	240414144.00
2014/10/09	14.73	14.84	14.31	14.56	7069494	216744688.00
2014/10/10	14.49	14.49	14.18	14.22	7334264	220906576.00
2014/10/13	14.12	14.13	13.71	14.08	5958610	175352944.00
2014/10/14	14.05	14.16	13.67	13.76	7131988	209078720.00
2014/10/15	13.53	13.57	12.70	12.95	18631051	510555328.00
2014/10/16	12.78	13.05	12.68	12.70	13608895	369339808.00
2014/10/17	12.70	12.88	12.58	12.77	6719084	181304592.00
2014/10/20	12.80	12.97	12.79	12.90	6114847	167057920.00
2014/10/21	12.95	13.00	12.61	12.65	6921996	187454800.00
2014/10/22	12.66	12.73	12.23	12.25	7927163	209991408.00
2014/10/23	12.27	12.45	12.13	12.44	5875969	153633760.00
2014/10/24	12.45	12.89	12.45	12.61	5130731	137966096.00
2014/10/27	12.53	12.76	12.45	12.75	3252929	87378432.00
2014/10/28	12.81	12.91	12.77	12.89	4337593	118265968.00
2014/10/29	12.97	13.04	12.78	12.86	6058767	165223568.00
2014/10/30	12.86	12.90	12.62	12.68	5273333	142579312.00
2014/10/31	12.64	12.75	12.36	12.48	5393853	143294160.00
2014/11/03	12.45	13.07	12.44	13.03	7756010	211283936.00
2014/11/04	13.05	13.10	12.69	12.78	6575041	180121984.00
2014/11/05	12.78	12.90	12.57	12.60	4058653	109185088.00
2014/11/06	12.63	12.91	12.63	12.87	5539074	150473472.00
2014/11/07	12.98	13.01	12.68	12.69	6156055	167773552.00
2014/11/10	12.70	12.74	12.35	12.50	6064151	160502336.00
2014/11/11	12.50	12.56	11.93	12.00	5944593	154340480.00
2014/11/12	12.01	12.20	11.83	12.07	4805037	122622144.00
2014/11/13	12.07	12.09	11.81	11.85	4198078	106350216.00
2014/11/14	11.78	12.05	11.68	11.89	3089340	78322896.00
2014/11/17	11.89	12.23	11.89	12.15	4984492	128600136.00
2014/11/18	12.11	12.62	12.08	12.49	6216277	163745280.00
2014/11/19	12.60	12.74	12.34	12.63	6370716	170036928.00
2014/11/20	12.53	12.86	12.42	12.58	6873291	185681472.00
2014/11/21	12.61	12.84	12.53	12.66	4915890	133042312.00
2014/11/24	12.73	12.85	12.61	12.79	6828794	184298912.00
2014/11/25	12.79	14.12	12.76	13.77	21428169	611135552.00
2014/11/26	14.13	14.50	13.83	13.88	18021174	540100544.00
2014/11/27	13.92	14.30	13.92	14.25	15082758	450909792.00
2014/11/28	14.23	14.71	13.97	14.21	14160583	428498336.00
2014/12/01	14.33	14.43	13.48	14.29	14833795	437732128.00
2014/12/02	14.30	14.31	13.98	14.17	8904796	266135440.00
2014/12/03	14.12	14.58	13.60	14.53	16290236	482202112.00
2014/12/04	14.55	14.71	14.33	14.35	9428221	288057312.00
2014/12/05	14.32	14.32	13.08	13.59	10627697	307528992.00
2014/12/08	13.43	13.93	13.03	13.23	11624305	331203904.00
2014/12/09	13.45	13.57	12.28	12.63	15646949	435536768.00
2014/12/10	12.67	13.68	12.64	13.64	17258928	484791488.00
2014/12/11	13.65	14.22	13.56	13.80	10756396	316265312.00
2014/12/12	13.86	14.60	13.82	14.52	14489441	434968832.00
2014/12/15	14.52	15.53	14.47	14.88	14079192	447074304.00
2014/12/16	14.88	15.22	14.48	14.84	11063347	345969632.00
2014/12/17	14.51	15.47	14.36	15.30	14819843	466457088.00
2014/12/18	15.31	15.37	14.83	14.94	7697620	244029904.00
2014/12/19	14.81	15.03	14.17	14.43	8256772	251584496.00
2014/12/22	14.42	14.47	13.54	13.86	9029750	265742224.00
2014/12/23	13.90	14.40	13.83	14.01	6020050	179045152.00
2014/12/24	14.01	14.40	13.90	14.28	6694338	199997680.00
2014/12/25	14.28	15.08	14.23	14.73	8645424	267232416.00
2014/12/26	14.75	15.31	14.65	15.14	10218564	323026112.00
2014/12/29	15.13	15.42	14.23	14.42	7308467	227776864.00
2014/12/30	14.34	14.34	13.58	13.66	6973313	204756496.00
2014/12/31	13.78	13.99	13.58	13.82	5724263	166856624.00
2015/01/05	13.87	14.47	13.04	14.25	10124829	292055136.00
2015/01/06	14.18	14.93	13.94	14.82	9573651	293619168.00
2015/01/07	14.90	15.05	14.19	14.30	7831402	239098032.00
2015/01/08	14.25	14.67	14.18	14.33	6611429	201484192.00
2015/01/09	14.30	14.87	14.14	14.32	10324316	317724320.00
2015/01/12	14.28	15.13	14.17	15.01	9800879	303204192.00
2015/01/13	14.83	16.59	14.83	16.59	23634360	791386176.00
2015/01/14	16.66	17.83	16.50	17.12	22563209	808067648.00
2015/01/15	16.98	17.12	16.35	16.66	11069080	385569696.00
2015/01/16	16.49	17.17	16.48	16.96	12886030	452755392.00
2015/01/19	16.48	17.64	15.73	16.05	17993740	628432640.00
2015/01/20	16.08	17.73	16.08	17.73	17343522	614336384.00
2015/01/21	18.13	18.13	17.23	17.51	16256185	596105408.00
2015/01/22	17.47	18.32	17.29	17.75	16308013	608354048.00
2015/01/23	17.45	17.73	16.79	16.88	14131316	505398272.00
2015/01/26	16.88	17.36	16.82	17.06	7673857	274354592.00
2015/01/27	17.13	17.15	16.25	16.75	10411187	362919328.00
2015/01/28	16.34	16.89	16.23	16.41	8704771	300145920.00
2015/01/29	16.36	16.87	16.13	16.73	8496850	293944288.00
2015/01/30	16.80	17.13	16.21	16.22	9415255	330350048.00
2015/02/02	16.04	16.48	15.67	15.83	10313606	345859584.00
2015/02/03	16.02	16.48	15.93	16.09	9212007	312886560.00
2015/02/04	15.98	16.67	15.67	16.31	13630478	460728768.00
2015/02/05	16.30	17.04	16.11	16.46	13720109	478106304.00
2015/02/06	16.48	16.64	15.23	15.41	9957585	331684576.00
2015/02/09	15.55	15.67	14.83	14.96	7565368	242243504.00
2015/02/10	14.93	15.72	14.93	15.63	7003432	226983568.00
2015/02/11	15.63	15.91	15.34	15.61	5411629	178386352.00
2015/02/12	15.64	15.78	15.38	15.52	6081696	198320112.00
2015/02/13	15.67	16.39	15.54	16.14	9708371	327052608.00
2015/02/16	16.17	16.72	15.98	16.53	9872611	340288032.00
2015/02/17	16.62	16.78	16.23	16.30	6768060	232589360.00
2015/02/25	16.49	16.93	16.30	16.59	10350037	360516416.00
2015/02/26	16.59	16.68	15.96	16.34	8656681	294752544.00
2015/02/27	16.20	17.13	16.20	17.13	16308467	575843776.00
2015/03/02	17.35	17.61	17.03	17.20	13028357	469679968.00
2015/03/03	17.06	17.15	16.42	16.46	13833011	483830304.00
2015/03/04	16.53	16.90	16.43	16.88	10447413	365791200.00
2015/03/05	17.08	17.40	16.64	17.04	11494130	408032960.00
2015/03/06	17.11	17.12	16.28	16.40	9546237	330258176.00
2015/03/09	16.34	17.61	16.03	17.47	18880620	674636288.00
2015/03/10	17.38	17.77	17.14	17.56	13336919	485667232.00
2015/03/11	17.46	17.93	17.24	17.70	11760530	431783840.00
2015/03/12	17.73	18.21	16.98	17.28	12634162	461588608.00
2015/03/13	17.24	17.63	17.03	17.41	8689735	314382016.00
2015/03/16	17.63	18.15	17.23	18.02	16624901	615139584.00
2015/03/17	18.13	18.63	17.83	18.29	19138764	723476032.00
2015/03/18	18.18	18.64	17.91	18.54	13848122	528036160.00
2015/03/19	18.48	19.54	18.33	19.35	19009308	754695680.00
2015/03/20	18.73	19.32	18.53	18.78	20866623	820086784.00
2015/03/23	18.78	19.30	18.73	19.12	18231269	720733184.00
2015/03/24	19.26	20.98	18.83	20.58	31998698	1317392512.00
2015/03/25	20.57	22.03	20.03	21.24	30026778	1322017280.00
2015/03/26	21.23	21.58	19.17	20.28	22737840	969168256.00
2015/03/27	19.88	20.20	19.47	19.93	13854379	570957632.00
2015/03/30	19.89	20.75	19.66	20.12	15098797	631220672.00
2015/03/31	20.13	20.69	19.79	20.11	14830662	624546112.00
2015/04/01	20.11	20.65	19.98	20.51	14107270	597059456.00
2015/04/02	20.68	21.33	20.28	21.08	17607698	759932032.00
2015/04/03	20.83	21.52	20.63	21.27	16757638	733628096.00
2015/04/07	21.48	21.52	20.92	21.26	12133286	531639328.00
2015/04/08	21.28	21.33	19.33	20.24	26783138	1121547776.00
2015/04/09	19.95	19.95	18.78	19.30	17661490	706110784.00
2015/04/10	19.08	19.87	19.03	19.67	13434411	547478592.00
2015/04/13	19.67	20.27	19.44	20.16	17345071	719907904.00
2015/04/14	20.13	20.97	20.08	20.55	18339801	783632704.00
2015/04/15	20.55	21.22	19.73	20.08	15791348	680297856.00
2015/04/16	19.83	20.22	19.13	19.62	14914004	610781632.00
2015/04/17	19.73	19.92	19.23	19.36	16446384	667718976.00
2015/04/20	19.36	19.36	18.48	18.65	15281113	598496000.00
2015/04/23	19.98	20.57	19.47	20.57	12087704	500219008.00
2015/04/24	21.20	22.05	20.72	20.72	26380022	1145969280.00
2015/04/27	20.73	21.38	20.36	20.44	19802457	848151808.00
2015/04/28	20.36	20.69	19.38	19.57	13804862	561496960.00
2015/04/29	19.67	21.30	19.66	21.06	20702977	880424896.00
2015/04/30	20.98	22.13	20.98	21.27	20260007	895851072.00
2015/05/04	21.29	23.45	21.27	23.45	21555563	1006833536.00
2015/05/05	23.88	25.48	23.48	24.43	26942510	1346727936.00
2015/05/06	24.43	25.73	23.68	24.05	27096952	1371095040.00
2015/05/07	23.83	23.83	22.18	22.19	17457088	823720128.00
2015/05/08	22.48	24.46	22.48	24.46	21766962	1064457664.00
2015/05/11	25.07	26.58	24.48	25.88	28295225	1469109760.00
2015/05/12	25.88	26.66	24.74	25.75	23149658	1216782976.00
2015/05/13	24.93	25.81	24.48	24.93	17168531	883251520.00
2015/05/14	24.93	26.83	24.63	25.68	21267611	1118612992.00
2015/05/15	25.18	25.82	24.70	25.23	14878940	767676992.00
2015/05/18	25.48	26.98	25.48	26.23	15300195	819265024.00
2015/05/19	26.40	27.76	25.23	27.57	18633484	1006489088.00
2015/05/20	28.48	30.23	27.57	27.73	22069283	1308927872.00
2015/05/21	28.08	29.94	27.98	29.10	19524688	1148417792.00
2015/05/22	29.28	29.97	27.38	27.96	24660854	1412745600.00
2015/05/25	26.98	28.22	26.78	27.68	16791513	944655296.00
2015/05/26	27.63	28.96	27.56	28.54	23514612	1364640128.00
2015/05/27	28.48	30.23	27.58	30.01	22722765	1322469248.00
2015/05/28	29.63	31.98	27.98	28.85	25065799	1557322368.00
2015/05/29	29.10	31.20	27.80	30.35	24364018	1488503680.00
2015/06/01	31.03	33.44	30.98	33.44	19468580	1288050176.00
2015/06/02	34.03	36.84	34.03	35.67	23656396	1722340352.00
2015/06/03	36.05	37.85	34.48	36.08	21838532	1607669120.00
2015/06/04	36.23	36.31	32.42	33.83	26590999	1820745856.00
2015/06/05	34.02	35.75	32.25	34.18	24467131	1710827136.00
2015/06/08	34.13	34.13	30.71	30.73	26632809	1704614784.00
2015/06/09	30.42	31.88	29.78	30.42	17777835	1109575040.00
2015/06/10	30.48	32.23	30.08	31.47	17357055	1104228608.00
2015/06/11	31.43	32.22	30.77	31.94	16338568	1045094016.00
2015/06/12	31.97	32.42	31.06	31.35	12271061	785146432.00
2015/06/15	31.43	31.63	28.30	28.62	23385244	1412929920.00
2015/06/16	27.73	29.08	26.58	27.68	18590514	1042806528.00
2015/06/17	27.42	29.45	27.42	29.26	15829998	917482496.00
2015/06/18	28.78	29.39	26.52	26.61	13660272	776343040.00
2015/06/19	26.23	28.39	25.98	26.88	16804948	926004160.00
2015/06/23	26.98	28.87	26.98	28.86	17463542	1001253632.00
2015/06/24	29.12	29.27	28.04	28.95	15025645	877360000.00
2015/06/25	29.42	29.82	26.68	26.93	17002699	994257088.00
2015/06/26	25.98	26.17	24.19	24.19	13036241	665529984.00
2015/06/29	24.58	24.78	21.72	21.72	16695294	765892800.00
2015/06/30	20.88	23.92	19.49	23.48	26579204	1159794176.00
2015/07/01	23.32	24.92	21.81	22.16	21108171	1028242176.00
2015/07/02	22.73	22.93	19.89	19.90	18002170	791785920.00
2015/07/03	19.48	21.80	17.86	19.98	24293131	977813504.00
2015/07/06	22.03	22.03	18.38	20.53	22407582	937642944.00
2015/07/07	18.74	20.10	18.42	18.46	25094688	958381632.00
2015/07/08	16.56	19.48	16.56	19.48	61514960	2232220672.00
2015/07/09	19.48	21.48	18.79	21.48	28541619	1210860928.00
2015/07/10	22.98	23.68	22.16	23.68	15521676	743748608.00
2015/07/13	24.55	26.10	24.03	26.10	25379973	1309968000.00
2015/07/14	25.03	28.35	24.73	25.57	29002050	1557339008.00
2015/07/15	24.53	25.12	22.96	22.96	15283860	741145088.00
2015/07/16	21.53	24.57	21.08	24.06	15460190	736387008.00
2015/07/17	23.88	26.23	23.88	25.78	12655478	651748736.00
2015/07/20	25.73	26.62	24.88	25.25	15823000	829582464.00
2015/07/21	24.98	26.46	24.62	25.53	13457994	708712320.00
2015/07/22	25.48	25.95	24.62	25.29	11792189	609086528.00
2015/07/23	25.47	26.62	25.23	26.07	16819075	892608896.00
2015/07/24	26.37	27.17	25.18	25.38	15799028	852842560.00
2015/07/27	24.95	25.95	22.79	22.79	15926849	793831104.00
2015/07/28	22.23	23.16	20.46	21.30	16632731	730785280.00
2015/07/29	21.88	22.47	19.98	22.47	15993527	698900608.00
2015/07/30	22.37	22.59	20.78	21.07	12936760	582485568.00
2015/07/31	20.68	22.10	20.64	21.46	11599545	511372608.00
2015/08/03	20.82	21.26	19.26	19.48	11671919	479168832.00
2015/08/04	19.80	21.48	19.72	21.48	9976320	420900160.00
2015/08/05	21.51	22.16	21.15	21.15	10214613	452736256.00
2015/08/06	20.66	21.73	20.41	21.34	8833755	384743520.00
2015/08/07	21.73	22.57	21.73	22.45	11060726	503403968.00
2015/08/10	22.72	23.95	22.48	23.76	12664725	599786752.00
2015/08/11	23.57	23.73	22.99	23.25	11935864	570089536.00
2015/08/12	22.88	23.98	22.78	22.86	10381327	497932544.00
2015/08/13	22.50	23.15	21.98	23.15	10322461	477925760.00
2015/08/14	23.39	23.53	22.38	22.49	8722653	408939936.00
2015/08/17	22.37	22.78	21.98	22.13	8259102	376457536.00
2015/08/18	22.62	24.39	22.37	23.35	37458219	1828091392.00
2015/08/19	22.62	25.47	20.97	25.12	31382429	1467233280.00
2015/08/20	24.47	25.36	23.48	23.49	22641166	1123202944.00
2015/08/21	22.68	23.37	21.09	21.09	17108867	773551040.00
2015/08/24	19.52	20.34	18.93	18.93	16920956	662327232.00
2015/08/25	17.04	18.23	16.99	16.99	17226348	615953792.00
2015/08/26	17.28	18.08	15.73	15.98	18240165	645398784.00
2015/08/27	16.68	17.46	15.98	17.45	12893992	446347264.00
2015/08/28	17.83	18.87	17.43	18.63	16598429	616153600.00
2015/08/31	18.33	18.33	17.42	18.12	11940569	439589408.00
2015/09/01	17.58	17.80	16.38	17.32	10729218	378483616.00
2015/09/02	16.47	17.98	16.03	17.62	14315252	510256832.00
2015/09/07	17.88	18.67	17.23	17.24	10115986	375174432.00
2015/09/08	17.22	18.40	16.78	18.16	8245828	297219328.00
2015/09/09	18.48	19.65	18.32	19.23	14172110	552399808.00
2015/09/10	18.83	19.08	18.39	18.48	7636219	294446464.00
2015/09/11	18.48	19.25	18.42	18.76	7585939	293678592.00
2015/09/14	18.93	19.03	16.83	16.83	10681256	383619872.00
2015/09/15	16.43	16.92	15.18	15.30	7717961	254932336.00
2015/09/16	15.73	16.88	15.28	16.88	9001041	297434272.00
2015/09/17	16.81	17.84	16.34	16.68	11177619	393311680.00
2015/09/18	16.90	17.10	16.58	16.94	5667243	197024256.00
2015/09/21	16.73	17.96	16.64	17.95	8301713	299156384.00
2015/09/22	18.10	18.28	17.48	17.88	8265173	305456256.00
2015/09/23	17.62	18.48	17.53	17.89	6555265	243293728.00
2015/09/24	18.10	18.71	17.94	18.27	8203687	309730656.00
2015/09/25	18.23	18.33	16.89	17.16	6890696	249068112.00
2015/09/28	17.18	18.11	16.90	17.98	5536191	200331952.00
2015/09/29	17.58	17.76	17.02	17.29	4220882	151523808.00
2015/09/30	17.57	17.73	17.18	17.33	3267016	117333664.00
2015/10/08	18.05	18.91	18.05	18.45	9903623	376586304.00
2015/10/09	18.63	19.90	18.39	19.33	12022885	474644672.00
2015/10/12	19.59	20.62	19.43	20.35	13993838	582140352.00
2015/10/13	20.23	20.94	19.96	20.47	9695005	406111328.00
2015/10/14	20.25	20.54	19.73	19.73	7335101	302275296.00
2015/10/15	20.22	21.76	20.20	21.76	14705802	642519040.00
2015/10/16	21.93	22.03	21.42	21.96	10447072	464940480.00
2015/10/19	21.98	22.56	21.45	21.94	11144136	501149920.00
2015/10/20	22.20	23.18	22.13	22.43	9324501	431467424.00
2015/10/21	22.03	22.37	20.26	20.41	12657690	552679296.00
2015/10/22	20.68	21.58	20.09	21.43	12419538	534956928.00
2015/10/23	21.67	22.83	21.28	22.24	21128352	954736448.00
2015/10/26	22.82	23.38	22.03	22.75	19416491	902460288.00
2015/10/27	22.78	23.63	22.42	23.58	18779528	891528640.00
2015/10/28	23.73	24.42	22.75	22.88	15971459	767529728.00
2015/10/29	23.08	23.22	22.14	22.49	11675999	541179392.00
2015/10/30	22.69	23.05	21.94	22.38	8847682	407780544.00
2015/11/02	21.88	22.72	21.48	21.73	9816321	442576096.00
2015/11/03	21.86	22.10	21.50	21.72	5959754	266048928.00
2015/11/04	22.07	23.88	22.06	23.75	13606947	639927872.00
2015/11/05	23.76	23.90	22.79	23.08	15291557	727614208.00
2015/11/06	23.23	24.26	23.23	24.19	14096677	689145728.00
2015/11/09	24.08	25.41	23.88	24.40	18984988	954277696.00
2015/11/10	23.98	24.55	23.83	24.15	12556019	619379328.00
2015/11/11	24.20	24.77	24.03	24.42	10404073	519185120.00
2015/11/12	24.51	24.69	23.13	23.69	17944942	868517312.00
2015/11/13	23.38	23.58	22.87	23.33	10689970	508813184.00
2015/11/16	22.98	25.71	22.84	25.48	21767756	1085936640.00
2015/11/17	25.73	25.91	23.38	23.80	43575699	2177745664.00
2015/11/18	23.58	23.90	23.03	23.03	12597504	604307520.00
2015/11/19	23.23	23.71	23.08	23.67	11730647	562872896.00
2015/11/20	23.72	23.81	23.22	23.43	11813346	566737152.00
2015/11/23	23.63	24.22	23.28	23.38	16162952	783719808.00
2015/11/24	23.69	23.93	23.35	23.73	10450224	505430816.00
2015/11/25	23.74	24.20	23.54	24.13	14719596	722065280.00
2015/11/26	24.30	24.38	23.23	23.30	17800183	859936256.00
2015/11/27	23.38	23.38	21.22	21.39	16177133	740145728.00
2015/11/30	21.66	21.82	20.32	21.39	12595719	547539904.00
2015/12/01	21.42	21.90	21.13	21.59	8552885	377215648.00
2015/12/02	21.59	21.69	20.42	21.45	10890475	469866464.00
2015/12/03	21.48	22.22	21.48	22.07	8531238	383394720.00
2015/12/04	22.08	22.42	21.72	21.91	7904147	356906912.00
2015/12/07	21.96	22.66	21.96	22.38	8431035	385703712.00
2015/12/08	22.23	22.38	21.48	21.73	7756877	347702016.00
2015/12/09	21.73	22.25	21.19	21.86	8520351	378228128.00
2015/12/10	21.58	22.18	21.57	21.89	6731480	302337312.00
2015/12/11	21.88	22.08	21.53	21.94	5417693	242949984.00
2015/12/14	21.72	22.47	21.61	22.47	7051363	319043104.00
2015/12/15	22.46	22.95	22.46	22.79	7838751	364778272.00
2015/12/16	22.83	22.90	22.50	22.56	5446066	252628144.00
2015/12/17	22.68	23.17	22.68	22.92	10280304	481171456.00
2015/12/18	22.89	23.22	22.58	22.66	8711623	407537984.00
2015/12/21	22.65	22.79	22.28	22.45	11052751	507671072.00
2015/12/22	22.47	22.67	22.32	22.54	7282185	335393728.00
2015/12/23	22.52	22.72	22.12	22.14	7968303	366136672.00
2015/12/24	22.18	22.33	21.83	22.25	4863689	220333424.00
2015/12/25	22.31	22.67	22.30	22.51	6048107	278766144.00
2015/12/28	22.73	23.40	22.68	22.69	13974032	659736256.00
2015/12/29	22.63	23.08	22.37	23.04	7157025	331529280.00
2015/12/30	23.04	23.80	22.93	23.73	15097972	725558528.00
2015/12/31	23.74	23.76	23.08	23.08	7965353	380534944.00
2016/01/04	22.93	23.01	20.88	20.99	8620210	383017056.00
2016/01/05	20.29	21.29	19.50	20.42	10726406	448941824.00
2016/01/06	20.62	20.85	20.03	20.66	6215217	260984944.00
2016/01/07	19.98	20.07	18.54	18.56	2350600	93410536.00
2016/01/08	19.29	19.47	17.18	18.79	8899389	343499648.00
2016/01/11	18.58	18.87	17.63	17.82	9094812	342234752.00
2016/01/12	17.85	18.42	17.48	18.07	5046677	187501408.00
2016/01/13	18.43	18.43	17.37	17.40	5418580	199894272.00
2016/01/14	16.66	18.41	16.54	18.28	8907228	321428288.00
2016/01/15	17.98	18.18	17.18	17.22	6185539	225790672.00
2016/01/18	16.87	18.44	16.78	18.13	9555262	349385024.00
2016/01/19	17.95	18.76	17.77	18.70	6877612	258857184.00
2016/01/20	18.50	18.82	18.01	18.33	5732755	217200576.00
2016/01/21	17.98	18.77	17.67	17.67	6252679	234567504.00
2016/01/22	17.87	18.14	17.48	17.93	4281240	157466560.00
2016/01/25	18.14	18.34	17.76	17.94	3923223	145744368.00
2016/01/26	17.52	17.77	16.10	16.18	7485603	261868784.00
2016/01/27	16.35	16.38	15.38	16.21	6999429	229317520.00
2016/01/28	16.63	17.35	16.16	16.42	9522638	330699392.00
2016/01/29	16.20	17.30	16.20	17.03	7195320	251473088.00
2016/02/01	17.04	17.53	17.02	17.34	6286114	223815536.00
2016/02/02	17.42	18.21	17.19	17.92	7841081	288860864.00
2016/02/03	17.67	18.03	17.48	17.88	5870124	213733952.00
2016/02/04	18.05	18.48	17.98	18.13	6399202	240060112.00
2016/02/05	18.07	18.27	17.70	17.75	4345354	159906384.00
2016/02/15	17.17	17.90	17.03	17.74	3762354	135985968.00
2016/02/16	17.83	18.48	17.83	18.43	6738731	253683696.00
2016/02/17	18.43	18.47	18.10	18.38	6758939	254495888.00
2016/02/18	18.52	18.66	18.32	18.36	7143391	271549312.00
2016/02/19	18.38	18.65	18.34	18.50	5995143	228175984.00
2016/02/22	18.65	18.77	18.48	18.67	6573416	251585648.00
2016/02/23	18.72	18.77	18.13	18.31	5797632	219997680.00
2016/02/24	18.30	18.57	18.16	18.54	7277263	275622048.00
2016/02/25	18.53	18.54	16.63	16.68	9761977	350331296.00
2016/02/26	17.06	17.07	16.22	16.50	5743124	197462624.00
2016/02/29	16.48	16.49	15.38	15.48	7656444	248005584.00
2016/03/01	15.80	16.08	15.33	15.99	5561440	180737184.00
2016/03/02	15.97	16.95	15.86	16.88	7928776	267799104.00
2016/03/03	16.87	17.20	16.64	16.65	7424710	258025184.00
2016/03/04	16.55	16.72	15.52	15.70	8300355	274967520.00
2016/03/07	16.03	16.47	15.98	16.10	5587411	187110624.00
2016/03/08	16.02	16.87	15.53	16.77	9207398	308651776.00
2016/03/09	16.38	16.95	15.88	16.50	7073920	241769040.00
2016/03/10	16.67	16.97	16.38	16.40	6108889	209843792.00
2016/03/11	16.21	16.34	15.98	16.20	3615141	120546416.00
2016/03/14	16.43	17.57	16.43	17.20	10491038	371039552.00
2016/03/15	17.17	17.66	17.10	17.28	7028002	252382624.00
2016/03/16	17.62	17.73	16.93	17.09	5833429	207636064.00
2016/03/17	17.28	18.12	17.16	18.07	11775859	430460544.00
2016/03/18	18.07	18.90	17.98	18.65	12833503	487990912.00
2016/03/21	18.97	19.27	18.58	18.82	11701448	452427936.00
2016/03/22	18.58	19.07	18.49	18.82	7785478	301901568.00
2016/03/23	18.73	18.84	18.38	18.73	8145945	311389824.00
2016/03/24	18.58	19.00	18.39	18.48	8561682	329322016.00
2016/03/25	18.43	18.72	18.31	18.57	6039573	229918080.00
2016/03/28	18.71	18.96	18.15	18.22	7602536	290836672.00
2016/03/29	18.28	18.35	17.78	17.85	5480214	203017824.00
2016/03/30	18.02	18.71	18.02	18.66	7100227	268355088.00
2016/03/31	18.73	19.04	18.53	18.59	7113064	275167072.00
2016/04/01	18.59	18.63	17.93	18.41	5517226	207367440.00
2016/04/05	18.52	19.01	18.41	18.92	9006265	347444256.00
2016/04/06	18.83	19.87	18.73	19.58	14008424	556782464.00
2016/04/07	19.70	19.70	18.88	18.95	9829015	388958176.00
2016/04/08	18.75	18.93	18.48	18.74	6760439	259205904.00
2016/04/11	18.90	19.16	18.68	19.14	13272137	516175168.00
2016/04/12	19.18	19.28	18.41	18.67	12415010	479393088.00
2016/04/13	18.76	19.27	18.73	18.95	11180865	438091168.00
2016/04/14	19.17	19.24	18.95	19.15	6354211	249081440.00
2016/04/15	19.18	19.30	18.93	19.02	7745909	304234848.00
2016/04/18	19.03	19.03	18.51	18.66	7565563	290856384.00
2016/04/19	18.85	18.95	18.49	18.60	7326328	281389728.00
2016/04/20	18.75	18.76	17.28	17.67	11464098	423866368.00
2016/04/21	17.58	17.82	17.32	17.35	5579223	201875904.00
2016/04/22	17.35	17.72	17.23	17.66	5020090	181352624.00
2016/04/25	17.66	17.81	17.24	17.68	5468335	197183296.00
2016/04/26	17.61	17.97	17.49	17.95	3815904	140080336.00
2016/04/27	17.98	18.04	17.82	17.87	4179710	154031968.00
2016/04/28	17.94	18.03	17.49	17.99	3961564	145153248.00
2016/04/29	17.90	18.04	17.78	17.79	3908285	143904832.00
2016/05/03	17.79	18.36	17.64	18.33	5251698	196313136.00
2016/05/04	18.25	18.58	18.24	18.41	5556449	210885664.00
2016/05/05	18.42	18.89	18.35	18.80	6407728	246163200.00
2016/05/06	18.92	18.92	17.99	18.02	8441642	318511552.00
2016/05/09	18.02	18.04	17.48	17.57	4444199	161646368.00
2016/05/10	17.55	17.74	17.38	17.55	3428012	123851480.00
2016/05/11	17.65	17.71	17.10	17.15	3910865	140776224.00
2016/05/12	17.18	17.60	17.08	17.48	4012994	143398880.00
2016/05/13	17.48	17.73	17.28	17.37	3306344	119297848.00
2016/05/16	17.31	17.72	17.31	17.70	3532208	128142504.00
2016/05/17	17.86	18.06	17.51	17.76	4849434	177305088.00
2016/05/18	17.71	17.71	16.71	16.82	11670979	201427936.00
2016/05/19	16.86	17.47	16.83	17.30	10325856	179633408.00
2016/05/20	17.10	17.48	17.00	17.42	7057085	123890672.00
2016/05/23	17.42	18.09	17.42	18.04	12818514	232695824.00
2016/05/24	17.87	17.96	17.54	17.76	8350641	150313104.00
2016/05/25	17.84	18.18	17.65	17.75	8488932	154150592.00
2016/05/26	17.73	18.02	17.26	17.97	8732363	156901616.00
2016/05/27	17.91	18.01	17.59	17.66	6131109	110850264.00
2016/05/30	17.58	17.71	17.21	17.34	6464766	114501088.00
2016/05/31	17.40	18.18	17.28	18.16	15268026	277751296.00
2016/06/01	18.13	18.74	18.04	18.30	17383230	325544832.00
2016/06/02	18.29	18.70	18.17	18.43	12852378	240238320.00
2016/06/03	18.35	19.36	18.28	19.05	27619772	529749728.00
2016/06/06	18.98	19.17	18.71	18.85	14630316	280074656.00
2016/06/07	18.86	19.17	18.70	19.08	13551499	260928320.00
2016/06/08	19.04	19.04	18.65	18.79	11445840	218782304.00
2016/06/13	18.58	18.59	17.61	17.61	17824259	327798528.00
2016/06/14	17.54	17.72	17.29	17.48	8704920	154669776.00
2016/06/15	17.28	18.25	17.24	18.15	11384529	207880400.00
2016/06/16	18.18	19.42	18.15	18.76	29748770	571059712.00
2016/06/17	18.83	18.98	18.43	18.69	15894104	301902240.00
2016/06/20	18.68	18.78	18.23	18.57	8927272	167477952.00
2016/06/21	18.66	19.17	18.26	18.39	13814423	262774384.00
2016/06/22	18.43	19.11	18.33	19.01	14780171	282527168.00
2016/06/23	19.01	19.10	18.49	18.73	12497203	237878160.00
2016/06/24	18.55	18.93	18.12	18.59	15929315	299821760.00
2016/06/27	18.58	19.92	18.56	19.53	37145372	726103552.00
2016/06/28	19.31	19.53	18.99	19.30	24460899	478067360.00
2016/06/29	19.51	19.60	19.01	19.25	18483176	360174816.00
2016/06/30	19.23	19.31	19.05	19.13	13475096	262124400.00
2016/07/01	19.18	19.32	18.81	18.91	13682682	264485984.00
2016/07/04	18.90	19.30	18.75	19.28	18211471	352037504.00
2016/07/05	19.17	19.33	19.03	19.15	11529326	223931488.00
2016/07/06	19.13	19.13	18.86	18.94	11800356	227182848.00
2016/07/07	18.88	19.06	18.53	18.89	15126706	288086144.00
2016/07/08	18.76	19.05	18.55	18.73	14282055	272402112.00
2016/07/11	18.73	18.82	18.52	18.52	14281522	270372384.00
2016/07/12	18.51	18.85	18.33	18.83	14706107	277739808.00
2016/07/13	18.88	19.30	18.74	19.08	17778256	343901440.00
2016/07/14	19.13	19.16	18.87	19.00	11007795	211919536.00
2016/07/15	19.01	19.07	18.70	18.78	9744609	186079344.00
2016/07/18	18.62	19.03	18.54	18.76	11137293	212316432.00
2016/07/19	18.79	18.89	18.60	18.87	6921841	131763096.00
2016/07/20	18.98	18.98	18.74	18.76	7016131	134012424.00
2016/07/21	18.83	19.00	18.64	18.77	10048494	191873008.00
2016/07/22	18.71	18.80	18.54	18.68	7735939	146317008.00
2016/07/25	18.69	18.77	18.54	18.58	6794303	128471608.00
2016/07/26	18.62	18.90	18.58	18.82	9475261	180458448.00
2016/07/27	18.86	18.88	17.63	17.93	21159826	391969216.00
2016/07/28	17.89	18.11	17.73	17.98	12234090	222948864.00
2016/07/29	17.96	18.06	17.65	17.68	6277504	113498488.00
2016/08/01	17.75	17.75	17.30	17.48	7148687	126859872.00
2016/08/02	17.61	17.70	17.32	17.49	7541823	133908280.00
2016/08/03	17.44	17.53	17.33	17.39	6145740	108682792.00
2016/08/04	17.42	17.62	17.37	17.54	5710268	101566944.00
2016/08/05	17.55	17.64	17.20	17.28	6715471	118730968.00
2016/08/08	17.33	17.61	17.26	17.60	5403820	95996240.00
2016/08/09	17.72	18.42	17.63	18.36	18772786	345174144.00
2016/08/10	18.33	18.43	18.10	18.12	10367388	191813824.00
2016/08/11	18.13	18.29	17.91	17.92	5997594	110066832.00
2016/08/12	17.88	18.18	17.83	18.08	5453749	99543960.00
2016/08/15	18.19	19.13	18.19	18.89	28298906	541051712.00
2016/08/16	19.03	19.09	18.78	18.92	14680471	281874592.00
2016/08/17	18.92	19.14	18.87	18.96	11241084	216189072.00
2016/08/18	18.98	18.98	18.66	18.78	10258816	195659056.00
2016/08/19	18.78	19.03	18.78	18.81	8718695	167184592.00
2016/08/22	18.83	19.42	18.83	19.03	20797864	403924160.00
2016/08/23	19.09	19.13	18.78	18.90	10969885	210894640.00
2016/08/24	18.98	19.49	18.95	19.35	21776608	425929824.00
2016/08/25	19.22	19.22	18.77	19.08	17214598	330719424.00
2016/08/26	19.11	19.18	18.79	18.88	10684611	205952960.00
2016/08/29	18.83	19.09	18.78	18.89	9034625	173563408.00
2016/08/30	18.92	19.14	18.86	19.00	9016001	173980752.00
2016/08/31	19.08	19.08	18.79	18.91	7267923	139363472.00
2016/09/01	18.88	18.97	18.73	18.73	6887979	131649104.00
2016/09/02	18.73	18.98	18.62	18.70	10456408	199505232.00
2016/09/05	18.73	18.93	18.43	18.51	9275870	175911200.00
2016/09/06	18.58	18.88	18.37	18.88	11660588	220975024.00
2016/09/07	18.89	19.08	18.73	18.85	9692715	185537856.00
2016/09/08	18.81	18.90	18.77	18.87	5827332	111328144.00
2016/09/09	18.88	18.89	18.44	18.45	11191281	211479504.00
2016/09/12	18.24	18.27	17.80	17.93	11659231	212950496.00
2016/09/13	18.05	18.18	17.83	18.09	6772598	124028616.00
2016/09/14	18.02	18.59	17.98	18.32	9243305	172377648.00
2016/09/19	18.31	18.60	18.25	18.32	6965343	129898912.00
2016/09/20	18.45	18.49	18.21	18.37	5466965	101764288.00
2016/09/21	18.42	18.57	18.34	18.37	5763940	107849216.00
2016/09/22	18.57	18.60	18.40	18.44	6974455	130857920.00
2016/09/23	18.46	18.50	18.26	18.38	5272047	98223080.00
2016/09/26	18.33	18.53	17.91	17.93	6863148	127167720.00
2016/09/27	17.95	18.20	17.95	18.18	4955039	90948584.00
2016/09/28	18.28	18.28	18.04	18.22	3993701	73620016.00
2016/09/29	18.16	18.61	18.15	18.53	8221382	154108448.00
2016/09/30	18.53	18.77	18.48	18.64	7273348	137387840.00
2016/10/10	18.87	19.15	18.71	19.06	11825057	227568864.00
2016/10/11	19.09	19.46	18.88	19.30	17385904	339471488.00
2016/10/12	19.21	21.05	19.14	20.38	37406909	769761024.00
2016/10/13	20.33	20.56	20.09	20.27	15591630	320973632.00
2016/10/14	20.18	20.45	19.93	20.34	12875443	263265536.00
2016/10/17	20.47	20.66	20.14	20.26	13429978	276938336.00
2016/10/18	20.18	20.48	19.96	20.45	11858918	243019024.00
2016/10/19	20.42	20.43	20.11	20.12	9679720	198457136.00
2016/10/20	20.12	20.27	19.98	20.11	8865345	180726576.00
2016/10/21	20.22	20.28	19.76	19.96	12130668	245118752.00
2016/10/24	20.02	20.26	19.84	20.16	9098358	185449584.00
2016/10/25	20.13	20.30	20.06	20.12	8190020	167526976.00
2016/10/26	20.21	20.21	19.63	19.75	9248177	185838272.00
2016/10/27	19.75	19.94	19.68	19.85	5333778	107037408.00
2016/10/28	19.79	20.06	19.74	20.00	7500898	151210560.00
2016/10/31	19.98	20.47	19.81	20.38	13144717	270272640.00
2016/11/01	20.38	20.66	20.33	20.56	11263841	234059200.00
2016/11/02	20.52	20.68	20.09	20.14	9264275	190716592.00
2016/11/03	20.16	20.31	19.99	20.23	7095294	145192176.00
2016/11/04	20.37	20.37	19.59	19.72	9171399	185417440.00
2016/11/07	19.66	19.90	19.51	19.71	7120381	141988672.00
2016/11/08	19.70	20.02	19.70	19.92	5516009	111138520.00
2016/11/09	19.89	19.93	19.33	19.73	8314863	165703024.00
2016/11/10	19.88	20.09	19.74	19.87	6997489	141548832.00
2016/11/11	19.93	19.98	19.71	19.88	9588504	192070912.00
2016/11/14	19.88	20.28	19.85	20.24	10132146	206832432.00
2016/11/15	20.24	20.39	19.96	20.17	9571074	195775104.00
2016/11/16	20.21	21.05	20.19	20.77	24113881	507661600.00
2016/11/17	20.78	20.91	20.54	20.79	11493254	241423008.00
2016/11/18	20.79	21.23	20.58	20.60	10906514	231073440.00
2016/11/21	20.48	20.63	20.25	20.37	7841588	162141408.00
2016/11/22	20.40	20.95	20.40	20.82	12643742	265581088.00
2016/11/23	20.74	21.90	20.74	21.25	22856466	494059456.00
2016/11/24	21.13	21.72	20.85	20.93	13762907	296031776.00
2016/11/25	20.93	21.15	20.48	20.94	11711756	246252768.00
2016/11/28	21.01	21.38	20.88	21.29	13450106	288463040.00
2016/11/29	21.23	21.38	20.86	20.92	10102707	215776608.00
2016/11/30	20.94	21.21	20.72	20.83	10310751	218600544.00
2016/12/01	20.77	20.97	20.58	20.68	8111695	170378800.00
2016/12/02	20.65	20.89	20.55	20.63	7371235	154580304.00
2016/12/05	20.53	21.28	20.41	20.78	11756927	249264032.00
2016/12/06	20.78	20.97	20.28	20.31	9833957	206157936.00
2016/12/07	20.38	20.47	19.95	20.42	8140929	166441392.00
2016/12/08	20.34	20.61	20.33	20.41	4902056	101642800.00
2016/12/09	20.49	20.50	19.95	20.03	11522835	235048448.00
2016/12/12	19.88	20.13	19.05	19.14	13237385	261873296.00
2016/12/13	19.27	19.58	19.08	19.45	7608726	149077520.00
2016/12/14	19.44	19.68	19.23	19.45	5522352	109003576.00
2016/12/15	19.44	19.64	19.29	19.35	4681313	92428664.00
2016/12/16	19.37	19.67	19.34	19.60	6849077	135663008.00
2016/12/19	19.44	19.60	19.11	19.26	4011855	78536104.00
2016/12/20	19.26	19.51	19.24	19.41	4979208	97793240.00
2016/12/21	19.43	19.55	19.28	19.33	5484462	107824296.00
2016/12/22	19.36	19.38	19.03	19.23	5565218	108031600.00
2016/12/23	19.13	19.31	19.06	19.22	5156563	100526712.00
2016/12/26	19.14	19.59	19.01	19.58	6752661	132542240.00
2016/12/27	19.58	19.80	19.49	19.58	6547419	130595960.00
2016/12/28	19.51	19.65	19.51	19.54	2900487	57596380.00
2016/12/29	19.54	20.12	19.53	19.92	8614009	173849120.00
2016/12/30	19.93	20.21	19.79	20.06	6262131	127307456.00
2017/01/03	20.06	20.18	19.79	19.93	4674952	94399472.00
2017/01/04	19.90	20.09	19.68	20.01	3942946	79663872.00
2017/01/05	20.08	20.47	19.87	19.98	5340117	109139024.00
2017/01/06	19.83	19.92	19.72	19.83	4099598	82366568.00
2017/01/09	19.75	19.86	19.43	19.78	6500400	129239656.00
2017/01/10	19.73	19.79	19.59	19.64	3721018	74126184.00
2017/01/11	19.56	19.71	19.32	19.41	5579136	110284056.00
2017/01/12	19.34	19.55	19.04	19.11	5642370	110537240.00
2017/01/13	19.02	19.40	19.02	19.16	5498904	107242576.00
2017/01/16	19.17	19.48	17.92	18.96	7471626	144831728.00
2017/01/17	18.86	19.63	18.86	19.55	7027379	138286672.00
2017/01/18	19.53	19.69	19.31	19.52	3741660	73882192.00
2017/01/19	19.53	19.61	19.32	19.46	2735964	54062324.00
2017/01/20	19.52	19.93	19.41	19.75	4892441	98054400.00
2017/01/23	19.75	20.01	19.68	19.80	4902293	98689432.00
2017/01/24	19.79	20.12	19.74	20.03	7557084	153116336.00
2017/01/25	19.97	20.44	19.91	20.37	6329859	130224464.00
2017/01/26	20.34	20.51	20.20	20.33	4374627	90152016.00
2017/02/03	20.40	20.44	20.01	20.13	2687297	54812724.00
2017/02/06	20.08	20.56	20.03	20.41	4483146	92246600.00
2017/02/07	20.43	20.47	20.05	20.12	4475075	91570976.00
2017/02/08	20.12	20.24	19.87	20.22	4146576	84236472.00
2017/02/09	20.20	20.47	20.20	20.28	5159949	106268816.00
2017/02/10	20.36	20.94	20.22	20.81	10186406	211890336.00
2017/02/13	20.80	21.08	20.64	20.86	13505329	285545760.00
2017/02/14	20.74	21.33	20.68	21.04	13759446	294516928.00
2017/02/15	20.99	20.99	20.47	20.51	7384390	154718848.00
2017/02/16	20.52	21.11	20.44	20.87	8258661	174873024.00
2017/02/17	20.93	21.20	20.68	20.80	6779770	143934368.00
2017/02/20	20.92	21.52	20.89	21.32	8947869	193290352.00
2017/02/21	21.41	21.88	21.23	21.77	13292379	291894688.00
2017/02/22	21.83	21.98	21.43	21.65	7396158	162388016.00
2017/02/23	21.54	21.93	21.54	21.67	7746877	170652288.00
2017/02/24	21.67	21.99	21.38	21.52	6633526	145259488.00
2017/02/27	21.54	22.15	21.25	21.53	12436608	273371648.00
2017/02/28	21.61	21.64	21.30	21.41	4898730	106091216.00
2017/03/01	21.48	21.96	21.29	21.83	8601219	188557584.00
2017/03/02	21.89	21.91	21.63	21.64	6030953	132632840.00
2017/03/03	21.55	21.83	21.26	21.63	7807097	170042608.00
2017/03/06	21.55	22.51	21.53	22.49	16613900	374086624.00
2017/03/07	22.49	22.62	22.11	22.42	12406076	280132416.00
2017/03/08	22.32	22.42	22.07	22.21	6298065	141732240.00
2017/03/09	22.12	22.28	21.61	21.79	11975653	265793696.00
2017/03/10	21.81	21.93	21.60	21.78	5120082	112918728.00
2017/03/13	21.78	22.97	21.77	22.85	17687213	403614464.00
2017/03/14	22.73	22.94	22.33	22.43	8896655	203703280.00
2017/03/15	22.39	22.70	22.34	22.49	4324424	98409816.00
2017/03/16	22.53	22.97	22.44	22.65	6008346	137797248.00
2017/03/17	22.70	22.88	22.20	22.21	7888747	180327040.00
2017/03/20	22.20	22.23	21.84	22.19	8202174	182720336.00
2017/03/21	22.11	22.54	21.95	22.23	5157582	116117264.00
2017/03/22	21.95	22.01	21.63	21.88	12423173	274421216.00
2017/03/23	21.88	22.38	21.74	21.93	10216211	227638832.00
2017/03/24	22.07	22.73	21.78	22.51	12017212	270339616.00
2017/03/27	22.52	22.71	22.05	22.06	9829326	221764912.00
2017/03/28	21.97	22.25	21.83	21.95	7760509	172751008.00
2017/03/29	22.01	22.35	21.73	21.74	9090249	202453984.00
2017/03/30	21.65	21.91	21.53	21.53	6682223	146629664.00
2017/03/31	21.67	21.87	21.56	21.68	5615130	123192816.00
2017/04/05	21.73	22.52	21.73	22.30	9498324	214289600.00
2017/04/06	22.43	22.53	22.20	22.41	6045666	136818832.00
2017/04/07	22.33	22.93	22.18	22.70	11550734	264573328.00
2017/04/10	22.83	23.08	22.53	22.72	11641855	268692928.00
2017/04/11	22.88	22.88	22.33	22.73	8555096	195371472.00
2017/04/12	22.93	23.21	22.73	22.87	6510728	150928544.00
2017/04/13	22.88	23.28	22.44	22.95	8464248	197534256.00
2017/04/14	22.89	23.47	22.74	23.03	9131758	213704048.00
2017/04/17	23.05	23.61	22.99	23.43	8165761	193247008.00
2017/04/18	23.43	23.70	22.53	22.53	13323757	312536672.00
2017/04/19	22.53	22.93	22.33	22.86	9610967	220262432.00
2017/04/20	22.86	23.22	22.45	22.67	9138828	211246400.00
2017/04/21	22.71	23.47	22.61	23.29	10216227	239929728.00
2017/04/24	23.29	23.45	22.48	23.07	8611817	200871664.00
2017/04/25	22.93	23.78	22.93	23.41	10836701	257791808.00
2017/04/26	23.49	24.13	23.36	23.65	10807638	260278896.00
2017/04/27	23.63	23.63	22.72	23.46	8364233	196419792.00
2017/04/28	23.40	23.78	23.06	23.22	7571852	178973536.00
2017/05/02	23.18	23.67	23.05	23.60	5682963	134424016.00
2017/05/03	23.54	23.68	22.97	23.04	7034027	165367280.00
2017/05/04	22.95	23.52	22.76	23.44	8311717	195480944.00
2017/05/05	23.44	23.51	22.78	22.79	8331483	194308256.00
2017/05/08	22.73	22.73	21.63	21.63	16454624	367550368.00
2017/05/09	21.62	22.22	20.79	22.02	13658089	296919424.00
2017/05/10	21.87	22.31	21.55	21.60	7324030	162724208.00
2017/05/11	21.57	21.98	21.23	21.92	7332386	160971840.00
2017/05/12	21.97	22.45	21.82	22.42	6903185	154691456.00
2017/05/15	22.42	22.83	22.42	22.73	6709444	154214544.00
2017/05/16	22.74	23.01	22.48	22.96	6190834	142529824.00
2017/05/17	22.98	23.46	22.87	22.97	6334077	148162528.00
2017/05/18	23.03	23.12	22.83	22.98	5417629	125988648.00
2017/05/19	23.01	23.10	22.67	22.82	5225581	120913888.00
2017/05/22	22.70	23.22	22.69	23.12	6170100	143583152.00
2017/05/23	23.16	23.43	22.61	23.18	11100324	259527120.00
2017/05/24	23.03	23.03	22.43	22.68	9322970	213958704.00
2017/05/25	22.68	22.96	22.32	22.63	6332641	144941776.00
2017/05/26	22.72	22.80	22.03	22.48	9613004	215320768.00
2017/05/31	22.70	23.11	22.32	23.00	9229512	210297152.00
2017/06/01	23.03	23.07	22.70	22.90	5129400	117318144.00
2017/06/02	22.69	23.28	22.10	22.45	9264000	209260528.00
2017/06/05	22.46	22.63	22.04	22.11	7463000	166425456.00
2017/06/06	22.12	22.45	22.04	22.44	4643700	103601272.00
2017/06/07	22.32	23.20	22.30	23.17	11954400	272662080.00
2017/06/08	23.05	23.47	22.90	23.44	9726100	225391904.00
2017/06/09	23.32	23.52	23.03	23.41	7130400	166073728.00
2017/06/12	23.40	23.73	23.20	23.69	9585942	225361424.00
2017/06/13	23.70	24.27	23.61	23.99	11029644	265209104.00
2017/06/14	24.00	24.15	23.78	23.95	5761271	137881840.00
2017/06/15	23.85	24.34	23.60	23.86	10570478	253897168.00
2017/06/16	23.99	24.26	23.81	24.02	6743138	162012240.00
2017/06/19	24.21	24.71	24.00	24.70	12144800	297128192.00
2017/06/20	24.76	25.33	24.50	24.81	13287317	332005088.00
2017/06/21	24.76	25.50	24.69	25.15	10970200	276031136.00
2017/06/22	25.00	25.45	24.68	24.81	10372800	260532544.00
2017/06/23	24.70	25.48	24.63	25.48	8963700	224623728.00
2017/06/26	25.42	25.80	25.31	25.49	8035500	205012080.00
2017/06/27	25.41	25.82	25.25	25.50	7146500	183146304.00
2017/06/28	25.50	25.50	24.56	24.69	9419073	234532496.00
2017/06/29	24.78	25.47	24.77	25.38	9221200	232326896.00
2017/06/30	25.30	25.90	25.22	25.54	8388500	214678944.00
2017/07/03	25.52	25.62	24.39	24.56	22646100	557587712.00
2017/07/04	24.54	24.81	24.02	24.72	12036800	292983616.00
2017/07/05	24.60	24.76	24.30	24.53	10652200	260994912.00
2017/07/06	24.65	25.35	24.61	24.88	11918100	297788736.00
2017/07/07	24.94	24.99	24.36	24.51	6403000	157878464.00
2017/07/10	24.37	24.56	23.68	24.34	13981200	336616512.00
2017/07/11	24.30	24.52	24.16	24.21	6697800	162800464.00
2017/07/12	24.11	24.68	24.06	24.64	7747700	188899184.00
2017/07/13	24.01	24.55	23.85	24.02	11236500	271698336.00
2017/07/14	24.10	24.71	24.10	24.57	7343600	179675296.00
2017/07/17	24.60	24.71	23.60	23.71	9872200	237385888.00
2017/07/18	23.59	24.10	23.59	24.10	5437100	130233968.00
2017/07/19	24.12	24.39	23.88	24.38	4793300	116255984.00
2017/07/20	24.38	25.20	24.30	24.74	10470000	260851760.00
2017/07/21	24.68	25.18	24.60	24.74	5622559	140014240.00
2017/07/24	24.74	25.15	24.48	24.99	7424700	184807488.00
2017/07/25	24.97	25.82	24.90	25.16	10834700	275041536.00
2017/07/26	25.21	25.42	24.68	24.87	6651200	165805744.00
2017/07/27	24.98	25.65	24.55	25.58	10354000	261196864.00
2017/07/28	25.50	25.84	24.89	24.96	7962100	201936272.00
2017/07/31	24.83	25.23	24.76	24.84	5728700	142913504.00
2017/08/01	24.46	24.49	24.00	24.21	12015200	290917184.00
2017/08/02	24.21	24.75	24.16	24.70	6888800	169095792.00
2017/08/03	24.61	25.16	24.49	24.62	8413500	209305664.00
2017/08/04	24.50	24.80	24.34	24.61	4376900	107729232.00
2017/08/07	24.72	25.10	24.52	24.98	5367200	133992216.00
2017/08/08	24.99	25.25	24.73	24.76	5922200	147815776.00
2017/08/09	24.80	25.12	24.76	24.98	4612800	115259320.00
2017/08/10	24.99	25.35	24.78	25.02	5681100	142404720.00
2017/08/11	24.94	25.13	24.58	24.73	5232000	129907328.00
2017/08/14	24.61	25.44	24.61	25.41	8928100	225025168.00
2017/08/15	25.42	25.76	25.17	25.59	7654700	194890304.00
2017/08/16	25.61	26.11	25.40	25.95	13538900	349399872.00
2017/08/17	25.89	27.23	25.55	26.43	19766000	521062048.00
2017/08/18	26.16	26.26	25.90	25.96	7739100	201708480.00
2017/08/21	25.92	26.10	25.51	25.80	8737800	225028528.00
2017/08/22	25.80	25.97	25.60	25.82	7474700	192884416.00
2017/08/23	25.91	26.36	25.80	26.10	11901100	311005664.00
2017/08/24	26.04	26.09	25.32	25.33	11011500	281262560.00
2017/08/25	25.33	25.99	25.33	25.71	6469100	166446656.00
2017/08/28	25.93	26.88	25.82	26.28	19436300	514079648.00
2017/08/29	26.25	26.69	26.17	26.47	8119200	214941040.00
2017/08/30	26.40	26.54	26.15	26.53	7773800	204652624.00
2017/08/31	26.62	27.06	26.13	26.40	10554300	280855488.00
数据来源:通达信
