300059 东方财富 日线 前复权
      日期	    开盘	    最高	    最低	    收盘	    成交量	    成交额
2010/03/19	2.20	2.25	2.09	2.10	19737326	1182393984.00
2010/03/22	2.21	2.33	2.17	2.33	11010362	693595712.00
2010/03/23	2.28	2.38	2.26	2.36	8552214	547135872.00
2010/03/24	2.36	2.60	2.34	2.50	7253024	491778560.00
2010/03/25	2.50	2.61	2.47	2.54	6022514	419010112.00
2010/03/26	2.51	2.53	2.43	2.49	4315433	295658720.00
2010/03/29	2.50	2.72	2.43	2.68	6768558	476779872.00
2010/03/30	2.66	2.92	2.65	2.89	4833058	366877088.00
2010/03/31	2.89	3.19	2.85	3.19	5881164	493669152.00
2010/04/01	3.20	3.47	3.13	3.18	6147886	553713280.00
2010/04/02	3.13	3.34	3.13	3.26	4970156	436542464.00
2010/04/06	3.29	3.59	3.26	3.59	4851636	450479392.00
2010/04/07	3.59	3.77	3.54	3.77	4694537	464443840.00
2010/04/08	3.70	3.75	3.38	3.38	6201852	596345728.00
2010/04/09	3.31	3.61	3.24	3.58	5894276	543470784.00
2010/04/12	3.51	3.54	3.23	3.35	5608177	515284832.00
2010/04/13	3.30	3.30	3.00	3.00	7863741	660275904.00
2010/04/14	2.95	3.05	2.89	2.99	4252674	345359328.00
2010/04/15	2.98	2.98	2.73	2.86	5392971	419930752.00
2010/04/16	2.81	2.95	2.80	2.86	3939987	310581760.00
2010/04/19	2.83	2.97	2.78	2.82	3357242	264804096.00
2010/04/20	2.84	2.85	2.58	2.66	3617104	263841872.00
2010/04/21	2.62	2.77	2.61	2.75	3463982	257638304.00
2010/04/22	2.72	2.92	2.70	2.86	4057484	314914400.00
2010/04/23	2.84	2.90	2.72	2.74	3069443	235719344.00
2010/04/27	2.55	2.68	2.54	2.59	3350742	238193360.00
2010/04/28	2.51	2.58	2.38	2.46	3072591	210769152.00
2010/04/29	2.49	2.55	2.41	2.42	2079992	142796000.00
2010/04/30	2.43	2.55	2.28	2.51	2672599	177296128.00
2010/05/04	2.45	2.58	2.43	2.48	1910436	131906976.00
2010/05/05	2.45	2.60	2.43	2.60	2323656	162598112.00
2010/05/06	2.57	2.60	2.43	2.44	2527632	174490784.00
2010/05/07	2.32	2.41	2.31	2.33	1811442	118088744.00
2010/05/10	2.30	2.34	2.13	2.24	2253290	139243424.00
2010/05/11	2.30	2.30	2.13	2.13	1731674	105984952.00
2010/05/12	2.11	2.20	2.06	2.18	2034523	121279200.00
2010/05/13	2.19	2.20	2.06	2.20	2055246	122642072.00
2010/05/14	2.18	2.25	2.13	2.24	1800793	109597256.00
2010/05/17	2.18	2.21	2.05	2.05	1840558	109859696.00
2010/05/19	2.08	2.27	2.07	2.18	3408179	204465040.00
2010/05/20	2.15	2.25	2.14	2.16	2146289	130206256.00
2010/05/21	2.07	2.38	2.06	2.36	3815531	234765648.00
2010/05/24	2.36	2.50	2.33	2.45	3784420	253788864.00
2010/05/25	2.43	2.46	2.36	2.42	2585120	171240112.00
2010/05/26	2.42	2.44	2.33	2.34	1885669	123469616.00
2010/05/27	2.34	2.44	2.28	2.42	2277169	148505232.00
2010/05/28	2.44	2.46	2.36	2.38	1745490	115605936.00
2010/05/31	2.37	2.40	2.27	2.27	1984872	128437840.00
2010/06/01	2.24	2.25	2.06	2.15	2065169	123248384.00
2010/06/02	2.15	2.23	2.11	2.23	1274025	76675376.00
2010/06/03	2.24	2.30	2.17	2.17	1881968	116899312.00
2010/06/04	2.16	2.25	2.13	2.24	1625829	98284000.00
2010/06/07	2.17	2.40	2.13	2.38	3551736	227021040.00
2010/06/08	2.38	2.39	2.31	2.34	2229152	144167696.00
2010/06/09	2.35	2.49	2.35	2.39	3583305	239428304.00
2010/06/10	2.39	2.49	2.37	2.47	2957981	199165312.00
2010/06/11	2.52	2.70	2.49	2.58	4584597	324381600.00
2010/06/17	2.59	2.60	2.35	2.37	3091571	210062112.00
2010/06/18	2.33	2.36	2.18	2.21	2129752	132646256.00
2010/06/21	2.18	2.28	2.06	2.26	5267999	318074272.00
2010/06/22	2.22	2.31	2.21	2.25	2912447	182936912.00
2010/06/23	2.23	2.37	2.22	2.36	3146801	199799456.00
2010/06/24	2.34	2.39	2.31	2.33	2140219	138432192.00
2010/06/25	2.31	2.36	2.20	2.27	2547322	160943328.00
2010/06/28	2.25	2.30	2.18	2.20	2376031	146043232.00
2010/06/29	2.19	2.21	1.97	1.97	4069436	233514064.00
2010/06/30	1.91	1.97	1.86	1.94	2315163	122917616.00
2010/07/01	1.92	1.95	1.84	1.84	2104582	110628024.00
2010/07/02	1.85	1.86	1.69	1.81	2489661	124095768.00
2010/07/05	1.76	1.78	1.69	1.74	1615465	78789632.00
2010/07/06	1.73	1.82	1.71	1.80	1975819	99099808.00
2010/07/07	1.80	1.84	1.76	1.83	1884667	95096560.00
2010/07/08	1.85	1.85	1.77	1.82	1813124	92300888.00
2010/07/09	1.82	1.90	1.79	1.88	2006292	103943920.00
2010/07/12	1.88	1.90	1.86	1.88	1457551	76217096.00
2010/07/13	1.86	1.86	1.78	1.83	1747745	88670056.00
2010/07/14	1.84	1.87	1.82	1.83	1302915	66841904.00
2010/07/15	1.83	1.84	1.75	1.76	1214523	61103012.00
2010/07/16	1.75	1.78	1.71	1.76	1073261	52302744.00
2010/07/19	1.73	1.83	1.73	1.81	1129017	56313888.00
2010/07/20	1.81	1.88	1.81	1.88	1682530	87048272.00
2010/07/21	1.89	1.94	1.86	1.87	2331813	122990024.00
2010/07/22	1.86	1.89	1.83	1.88	1513430	78602832.00
2010/07/23	1.89	1.93	1.87	1.90	1854666	98039040.00
2010/07/26	1.91	1.92	1.86	1.89	1667340	87557680.00
2010/07/27	1.89	1.89	1.86	1.87	1620902	84574584.00
2010/07/28	1.87	1.92	1.85	1.92	2773992	146064176.00
2010/07/29	1.92	1.95	1.91	1.92	2393199	128362360.00
2010/07/30	1.92	1.93	1.87	1.91	1789280	94556064.00
2010/08/02	1.90	2.02	1.89	2.01	2962031	162476576.00
2010/08/03	2.02	2.02	1.95	1.95	2480842	136444304.00
2010/08/04	1.95	1.97	1.90	1.93	1809606	96642936.00
2010/08/05	1.93	1.99	1.93	1.96	2081678	113334000.00
2010/08/06	1.97	2.00	1.92	1.99	2293000	125034856.00
2010/08/09	2.01	2.07	1.99	2.06	3112577	175659056.00
2010/08/10	2.06	2.07	1.94	1.94	2616263	145657776.00
2010/08/11	1.96	1.97	1.93	1.96	1246729	67487368.00
2010/08/12	1.93	1.96	1.92	1.93	1377790	74354512.00
2010/08/13	1.93	1.98	1.91	1.97	1612344	87498176.00
2010/08/16	1.98	2.03	1.97	2.01	1708892	94890696.00
2010/08/17	2.01	2.03	1.97	1.99	2181315	120645880.00
2010/08/18	2.00	2.01	1.97	1.98	1312838	72183984.00
2010/08/19	1.98	1.99	1.94	1.97	1606043	87801272.00
2010/08/20	1.97	1.98	1.82	1.84	3010062	158908256.00
2010/08/23	1.84	1.86	1.81	1.82	2058878	105005112.00
2010/08/24	1.80	1.85	1.79	1.84	1188034	60763628.00
2010/08/25	1.83	1.84	1.78	1.78	1242870	62629716.00
2010/08/26	1.79	1.80	1.78	1.80	794636	39738016.00
2010/08/27	1.79	1.83	1.78	1.83	1020692	51510296.00
2010/08/30	1.84	1.88	1.83	1.86	1302242	67480792.00
2010/08/31	1.85	1.87	1.83	1.86	1345929	69170504.00
2010/09/01	1.86	1.86	1.78	1.79	1632169	82802520.00
2010/09/02	1.81	1.87	1.79	1.87	2168872	111208600.00
2010/09/03	1.87	1.97	1.87	1.94	3743581	201656832.00
2010/09/06	1.95	1.99	1.87	1.89	2147163	114913096.00
2010/09/07	1.89	1.95	1.88	1.94	1425296	76487584.00
2010/09/08	1.94	1.94	1.89	1.92	1250009	66539676.00
2010/09/09	1.93	1.97	1.90	1.91	1862064	100254544.00
2010/09/10	1.91	1.92	1.84	1.87	1482090	77367416.00
2010/09/13	1.86	1.92	1.79	1.90	1166904	61580224.00
2010/09/14	1.89	1.91	1.85	1.86	1077407	56265740.00
2010/09/15	1.86	1.88	1.77	1.78	1384187	69583432.00
2010/09/16	1.78	1.79	1.72	1.73	1145599	56132824.00
2010/09/17	1.74	1.76	1.74	1.75	524929	25713286.00
2010/09/20	1.77	1.77	1.68	1.69	1261034	60362528.00
2010/09/21	1.70	1.71	1.65	1.66	546188	25485912.00
2010/09/27	1.66	1.68	1.64	1.68	561063	26267592.00
2010/09/29	1.66	1.67	1.62	1.62	929008	43011100.00
2010/09/30	1.62	1.67	1.61	1.66	555999	25625532.00
2010/10/08	1.67	1.72	1.66	1.70	688676	32704386.00
2010/10/11	1.70	1.73	1.68	1.71	1076942	51534928.00
2010/10/12	1.71	1.77	1.70	1.72	796646	38641616.00
2010/10/13	1.72	1.74	1.69	1.74	1003038	47946624.00
2010/10/14	1.74	1.80	1.72	1.76	1775744	88078456.00
2010/10/15	1.73	1.75	1.69	1.72	1303597	62640976.00
2010/10/18	1.70	1.72	1.64	1.68	984172	46157800.00
2010/10/19	1.68	1.86	1.68	1.86	2860321	144606832.00
2010/10/20	1.92	1.97	1.87	1.90	4345659	231518560.00
2010/10/21	1.90	1.90	1.79	1.83	1996603	102537624.00
2010/10/22	1.82	1.91	1.81	1.86	1881317	98113192.00
2010/10/25	1.86	1.90	1.86	1.89	1909329	100198000.00
2010/10/26	1.90	1.90	1.82	1.85	1503813	77622344.00
2010/10/27	1.85	1.88	1.82	1.83	881611	45403832.00
2010/10/28	1.83	1.85	1.82	1.84	867533	44435704.00
2010/10/29	1.86	1.97	1.85	1.91	2220183	118331528.00
2010/11/01	1.92	1.98	1.90	1.93	2353214	126621232.00
2010/11/02	2.06	2.14	1.99	2.14	6673787	382208928.00
2010/11/03	2.10	2.15	2.01	2.01	3265783	186919888.00
2010/11/04	2.03	2.08	2.00	2.05	2017680	113934904.00
2010/11/05	2.06	2.12	2.02	2.09	1901078	108965768.00
2010/11/08	2.12	2.12	2.08	2.09	1649378	95632720.00
2010/11/09	2.09	2.11	2.04	2.05	1492293	85544920.00
2010/11/10	2.06	2.12	2.02	2.10	1624573	93853480.00
2010/11/11	2.09	2.18	2.06	2.13	2291073	135015984.00
2010/11/12	2.11	2.15	1.98	1.98	1998194	114397584.00
2010/11/15	2.01	2.09	1.98	2.09	1812503	102782616.00
2010/11/16	2.09	2.17	2.00	2.02	1883463	108955640.00
2010/11/17	1.98	2.02	1.87	1.89	1493363	80312472.00
2010/11/18	1.89	1.92	1.88	1.91	744292	39355108.00
2010/11/19	1.92	1.96	1.90	1.96	1123687	60305272.00
2010/11/22	1.97	2.05	1.96	2.01	1619324	90430432.00
2010/11/23	2.00	2.00	1.90	1.97	1238804	67024828.00
2010/11/24	1.94	2.05	1.94	2.03	976593	54455532.00
2010/11/25	2.06	2.08	2.01	2.05	1304608	73915144.00
2010/11/26	2.05	2.12	2.02	2.08	1643429	94728232.00
2010/11/29	2.08	2.10	2.01	2.05	1020835	57819068.00
2010/11/30	2.05	2.07	1.90	1.95	1421555	77214184.00
2010/12/01	1.94	1.94	1.89	1.91	908349	48390884.00
2010/12/02	1.94	1.94	1.92	1.92	582507	31203920.00
2010/12/03	1.93	1.94	1.86	1.89	674983	35431600.00
2010/12/06	1.88	1.90	1.84	1.85	595864	30940602.00
2010/12/07	1.84	1.90	1.84	1.89	366714	19159644.00
2010/12/08	1.90	1.90	1.86	1.88	449325	23538162.00
2010/12/10	1.87	1.94	1.84	1.93	1048474	56033808.00
2010/12/13	1.99	2.10	1.99	2.02	1909194	107741904.00
2010/12/14	2.01	2.16	1.98	2.13	3514561	203426240.00
2010/12/15	2.11	2.15	2.07	2.10	2205703	128499352.00
2010/12/16	2.10	2.22	2.08	2.13	2379979	142859296.00
2010/12/17	2.12	2.15	2.06	2.11	1183053	68573904.00
2010/12/20	2.11	2.11	1.95	2.02	1463761	82680976.00
2010/12/21	2.02	2.05	2.00	2.04	667145	37645556.00
2010/12/22	2.04	2.08	2.01	2.02	729085	41110964.00
2010/12/23	2.01	2.03	1.96	1.97	648028	36023884.00
2010/12/24	1.95	1.98	1.90	1.93	603547	32466960.00
2010/12/27	1.93	1.98	1.86	1.88	551462	29590932.00
2010/12/28	1.86	1.90	1.85	1.88	396961	20754208.00
2010/12/29	1.90	1.90	1.87	1.90	340474	17878090.00
2010/12/30	1.90	1.91	1.88	1.90	471271	24877438.00
2010/12/31	1.89	1.92	1.87	1.91	394704	20872492.00
2011/01/04	1.91	1.94	1.91	1.94	591309	31641944.00
2011/01/05	1.94	1.96	1.92	1.93	522595	28121568.00
2011/01/06	1.93	1.93	1.88	1.88	477306	25189214.00
2011/01/07	1.87	1.91	1.87	1.88	315090	16561563.00
2011/01/10	1.86	1.90	1.85	1.85	387682	20119154.00
2011/01/11	1.85	1.86	1.78	1.79	478861	24143864.00
2011/01/12	1.79	1.82	1.79	1.80	491465	24669984.00
2011/01/13	1.81	1.82	1.75	1.78	399247	19846854.00
2011/01/14	1.77	1.78	1.72	1.72	377790	18411836.00
2011/01/17	1.72	1.72	1.65	1.67	357431	16896168.00
2011/01/18	1.67	1.68	1.65	1.68	191379	8970878.00
2011/01/19	1.68	1.70	1.67	1.70	308561	14624731.00
2011/01/20	1.70	1.70	1.62	1.63	316040	14705963.00
2011/01/21	1.63	1.66	1.63	1.64	226856	10465149.00
2011/01/24	1.65	1.66	1.61	1.62	184530	8437348.00
2011/01/25	1.63	1.64	1.61	1.61	147987	6712897.50
2011/01/27	1.62	1.65	1.62	1.64	568557	26099036.00
2011/01/28	1.65	1.67	1.63	1.64	936439	43200928.00
2011/01/31	1.64	1.65	1.62	1.65	624846	28823920.00
2011/02/01	1.66	1.67	1.64	1.65	317965	14719825.00
2011/02/09	1.64	1.64	1.60	1.62	500014	22859598.00
2011/02/10	1.61	1.72	1.61	1.68	963479	45338852.00
2011/02/11	1.68	1.69	1.67	1.68	658926	31072632.00
2011/02/14	1.68	1.81	1.68	1.78	1057572	51392752.00
2011/02/15	1.76	1.79	1.74	1.75	758581	37377028.00
2011/02/16	1.75	1.77	1.74	1.76	429722	21051652.00
2011/02/17	1.76	1.78	1.74	1.76	525063	25886498.00
2011/02/18	1.76	1.76	1.70	1.72	571807	27633024.00
2011/02/21	1.72	1.74	1.70	1.74	535049	25776192.00
2011/02/22	1.74	1.74	1.67	1.67	618570	29464090.00
2011/02/23	1.66	1.69	1.65	1.69	558047	26264216.00
2011/02/24	1.68	1.71	1.68	1.70	473914	22544062.00
2011/02/25	1.71	1.74	1.70	1.73	997175	48120648.00
2011/02/28	1.71	1.71	1.68	1.70	1094325	51983284.00
2011/03/01	1.70	1.70	1.69	1.70	575465	27385508.00
2011/03/02	1.70	1.70	1.65	1.67	676990	31766474.00
2011/03/03	1.67	1.68	1.65	1.65	507013	23655416.00
2011/03/04	1.66	1.66	1.62	1.65	563778	26000456.00
2011/03/07	1.66	1.67	1.66	1.67	562817	26296668.00
2011/03/08	1.67	1.70	1.66	1.69	523774	24721530.00
2011/03/09	1.70	1.70	1.67	1.68	477270	22458086.00
2011/03/10	1.68	1.71	1.67	1.68	901037	42741876.00
2011/03/11	1.67	1.70	1.67	1.68	762451	36117060.00
2011/03/14	1.67	1.68	1.64	1.66	673830	31368368.00
2011/03/15	1.66	1.67	1.62	1.63	643515	29541458.00
2011/03/16	1.63	1.65	1.63	1.65	408323	18840998.00
2011/03/17	1.64	1.64	1.62	1.63	567327	26002050.00
2011/03/18	1.64	1.65	1.63	1.64	350213	16154795.00
2011/03/21	1.64	1.64	1.58	1.60	1274568	57642476.00
2011/03/22	1.60	1.60	1.58	1.58	797992	35623104.00
2011/03/23	1.58	1.58	1.52	1.52	4348619	187839440.00
2011/03/24	1.53	1.53	1.52	1.53	2505624	107898592.00
2011/03/25	1.52	1.53	1.52	1.52	1956715	84235576.00
2011/03/28	1.52	1.53	1.51	1.52	1650904	70842984.00
2011/03/29	1.52	1.52	1.46	1.47	1793797	75359576.00
2011/03/30	1.47	1.48	1.45	1.46	862495	35782460.00
2011/03/31	1.46	1.50	1.46	1.48	1522116	64090556.00
2011/04/01	1.48	1.49	1.46	1.49	706007	29503136.00
2011/04/06	1.48	1.50	1.47	1.50	1216905	51034080.00
2011/04/07	1.50	1.51	1.49	1.50	910767	38606268.00
2011/04/08	1.50	1.51	1.49	1.50	922407	39244076.00
2011/04/11	1.51	1.51	1.46	1.47	1077184	45157280.00
2011/04/12	1.46	1.48	1.46	1.46	593254	24647646.00
2011/04/13	1.46	1.48	1.46	1.48	855997	35769948.00
2011/04/14	1.48	1.48	1.46	1.47	673856	28040000.00
2011/04/15	1.47	1.47	1.45	1.46	773049	31938922.00
2011/04/18	1.46	1.46	1.43	1.43	876172	35756656.00
2011/04/19	1.43	1.43	1.38	1.38	1232828	48888948.00
2011/04/20	1.38	1.41	1.38	1.40	1029433	40794532.00
2011/04/21	1.41	1.42	1.39	1.41	942556	37655420.00
2011/04/22	1.41	1.50	1.41	1.48	2848029	117138656.00
2011/04/25	1.49	1.49	1.44	1.45	1513877	62400852.00
2011/04/27	1.44	1.50	1.41	1.43	2825709	117510624.00
2011/04/28	1.43	1.43	1.27	1.30	2127448	80903416.00
2011/04/29	1.29	1.33	1.28	1.30	987598	36829936.00
2011/05/03	1.31	1.33	1.29	1.32	526703	19664306.00
2011/05/04	1.32	1.33	1.27	1.29	728862	27152662.00
2011/05/05	1.30	1.37	1.27	1.33	1124651	42923252.00
2011/05/06	1.32	1.36	1.31	1.35	849785	32628148.00
2011/05/09	1.36	1.39	1.34	1.35	517398	20073458.00
2011/05/10	1.35	1.37	1.35	1.37	690282	26754422.00
2011/05/11	1.37	1.38	1.35	1.37	635742	24715806.00
2011/05/12	1.37	1.38	1.31	1.31	761262	29294536.00
2011/05/13	1.31	1.33	1.28	1.32	562013	21090438.00
2011/05/16	1.31	1.35	1.31	1.32	499869	19022818.00
2011/05/17	1.33	1.33	1.30	1.32	283794	10670180.00
2011/05/18	1.31	1.33	1.30	1.31	378091	14233771.00
2011/05/19	1.32	1.32	1.29	1.29	409080	15252829.00
2011/05/20	1.28	1.29	1.25	1.29	836476	30400520.00
2011/05/23	1.27	1.28	1.22	1.24	760678	27241064.00
2011/05/24	1.23	1.29	1.17	1.25	1874346	66543240.00
2011/05/26	1.21	1.25	1.19	1.20	1182932	41392076.00
2011/05/27	1.20	1.20	1.17	1.17	666385	22788362.00
2011/05/30	1.16	1.22	1.16	1.19	1282641	44321496.00
2011/05/31	1.19	1.21	1.18	1.21	547939	18907790.00
2011/06/01	1.21	1.22	1.20	1.21	501205	17443350.00
2011/06/02	1.20	1.20	1.17	1.18	573871	19526222.00
2011/06/03	1.18	1.20	1.18	1.20	491151	16878854.00
2011/06/07	1.18	1.20	1.17	1.19	517929	11775250.00
2011/06/08	1.18	1.19	1.13	1.16	811937	17995880.00
2011/06/09	1.16	1.21	1.15	1.17	1891233	42891840.00
2011/06/10	1.16	1.17	1.13	1.16	968168	21331426.00
2011/06/13	1.15	1.21	1.13	1.19	1341857	30397668.00
2011/06/14	1.19	1.21	1.18	1.21	1531894	35196456.00
2011/06/15	1.20	1.23	1.19	1.19	1334739	30868104.00
2011/06/16	1.17	1.18	1.15	1.15	802117	17871666.00
2011/06/17	1.15	1.16	1.13	1.14	499286	10992281.00
2011/06/20	1.14	1.15	1.12	1.14	440763	9622079.00
2011/06/21	1.14	1.17	1.13	1.16	872798	19296218.00
2011/06/22	1.19	1.23	1.18	1.18	2155194	49484680.00
2011/06/23	1.18	1.22	1.15	1.21	2465230	56540492.00
2011/06/24	1.20	1.25	1.20	1.23	2775247	64790832.00
2011/06/27	1.23	1.25	1.22	1.23	1671383	39411260.00
2011/06/28	1.24	1.24	1.21	1.22	1298340	30288566.00
2011/06/29	1.23	1.25	1.20	1.20	1152390	26840564.00
2011/06/30	1.20	1.22	1.19	1.21	1046095	24147222.00
2011/07/01	1.21	1.23	1.20	1.21	1175239	27323132.00
2011/07/04	1.22	1.25	1.21	1.24	1700694	40018632.00
2011/07/05	1.27	1.29	1.25	1.26	3650661	87853080.00
2011/07/06	1.25	1.26	1.24	1.25	1556276	37051136.00
2011/07/07	1.25	1.30	1.25	1.27	3145658	76533704.00
2011/07/08	1.27	1.30	1.27	1.28	2083249	50822348.00
2011/07/11	1.28	1.29	1.26	1.28	1203728	29258760.00
2011/07/12	1.27	1.32	1.25	1.29	4449143	109075888.00
2011/07/13	1.28	1.31	1.27	1.30	2793506	68618496.00
2011/07/14	1.30	1.38	1.30	1.37	4825198	123094784.00
2011/07/15	1.36	1.40	1.35	1.37	3779761	98251104.00
2011/07/18	1.37	1.38	1.32	1.33	3061577	78497672.00
2011/07/19	1.33	1.34	1.30	1.31	1784219	44480548.00
2011/07/20	1.32	1.33	1.31	1.32	1342971	33629556.00
2011/07/21	1.32	1.32	1.27	1.28	2057110	50368876.00
2011/07/22	1.28	1.29	1.27	1.28	1127132	27460770.00
2011/07/25	1.27	1.27	1.23	1.23	1918658	45586304.00
2011/07/26	1.22	1.24	1.21	1.23	1054581	24590552.00
2011/07/27	1.23	1.27	1.22	1.26	1741696	41418620.00
2011/07/28	1.25	1.27	1.24	1.26	1296087	30961552.00
2011/07/29	1.25	1.28	1.23	1.24	1292905	30959086.00
2011/08/01	1.23	1.31	1.22	1.29	2238732	54564204.00
2011/08/02	1.29	1.31	1.25	1.31	1961851	47865348.00
2011/08/03	1.30	1.36	1.29	1.35	3458039	87775824.00
2011/08/04	1.35	1.35	1.32	1.32	2154957	54351084.00
2011/08/05	1.28	1.28	1.25	1.26	2221305	53599536.00
2011/08/08	1.25	1.26	1.15	1.17	2146625	49310132.00
2011/08/09	1.13	1.18	1.12	1.16	1557216	34441016.00
2011/08/10	1.17	1.21	1.17	1.18	1256710	28689400.00
2011/08/11	1.13	1.23	1.13	1.22	1415219	32302868.00
2011/08/12	1.22	1.25	1.22	1.23	1544618	36337340.00
2011/08/15	1.23	1.30	1.22	1.29	2339810	56743620.00
2011/08/16	1.28	1.29	1.26	1.27	1174752	28459098.00
2011/08/17	1.26	1.28	1.26	1.27	1027314	24795248.00
2011/08/18	1.26	1.28	1.23	1.23	1204291	28805450.00
2011/08/19	1.19	1.22	1.18	1.21	894215	20590894.00
2011/08/22	1.22	1.28	1.22	1.24	1254122	29929360.00
2011/08/23	1.25	1.31	1.25	1.31	2441631	59903148.00
2011/08/24	1.32	1.35	1.30	1.30	3103989	77804384.00
2011/08/25	1.29	1.34	1.28	1.34	3220945	80823960.00
2011/08/26	1.33	1.36	1.32	1.35	3018603	76878672.00
2011/08/29	1.35	1.35	1.33	1.33	2067358	52567496.00
2011/08/30	1.32	1.34	1.29	1.29	1929921	48307356.00
2011/08/31	1.29	1.30	1.27	1.28	1014843	24789264.00
2011/09/01	1.28	1.31	1.27	1.28	998253	24467648.00
2011/09/02	1.28	1.29	1.25	1.25	960016	23147294.00
2011/09/05	1.23	1.23	1.20	1.20	1275465	29575694.00
2011/09/06	1.18	1.22	1.18	1.21	729967	16763962.00
2011/09/07	1.21	1.24	1.21	1.24	707303	16557987.00
2011/09/08	1.24	1.25	1.20	1.21	586738	13779309.00
2011/09/09	1.21	1.22	1.19	1.20	476895	10983003.00
2011/09/13	1.19	1.21	1.16	1.21	898927	20534694.00
2011/09/14	1.22	1.23	1.17	1.20	2668207	61365672.00
2011/09/15	1.21	1.21	1.18	1.19	1083840	24867944.00
2011/09/16	1.20	1.22	1.19	1.19	909249	20872954.00
2011/09/19	1.19	1.19	1.12	1.13	1120318	24649448.00
2011/09/20	1.13	1.15	1.12	1.13	543930	11847240.00
2011/09/21	1.13	1.18	1.13	1.17	1076205	24038082.00
2011/09/22	1.17	1.17	1.13	1.13	741212	16418226.00
2011/09/23	1.12	1.12	1.08	1.10	1272629	26925696.00
2011/09/26	1.09	1.11	1.06	1.07	960177	20071948.00
2011/09/27	1.08	1.10	1.07	1.08	622244	13005820.00
2011/09/28	1.09	1.10	1.05	1.06	484778	10079143.00
2011/09/29	1.07	1.07	1.02	1.02	928854	18685544.00
2011/09/30	1.01	1.03	0.99	1.01	1053970	20593074.00
2011/10/10	1.02	1.02	1.00	1.02	347012	6834628.00
2011/10/11	1.05	1.06	0.99	1.00	736845	14703109.00
2011/10/12	1.01	1.07	1.00	1.07	1614813	32664018.00
2011/10/13	1.07	1.12	1.07	1.10	1933756	41025224.00
2011/10/14	1.09	1.10	1.08	1.09	855475	17946160.00
2011/10/17	1.09	1.10	1.09	1.10	892715	18875048.00
2011/10/18	1.09	1.09	1.04	1.04	1018767	20921684.00
2011/10/19	1.04	1.07	1.02	1.04	887207	17958286.00
2011/10/20	1.03	1.04	1.00	1.01	675793	13339092.00
2011/10/21	1.00	1.00	0.97	0.97	1738153	33102084.00
2011/10/24	0.96	0.97	0.92	0.96	2473284	45882268.00
2011/10/25	0.96	1.07	0.96	1.07	3221559	63487440.00
2011/10/26	1.06	1.16	1.06	1.11	5893007	125578160.00
2011/10/27	1.10	1.13	1.08	1.10	3352412	71452968.00
2011/10/28	1.12	1.17	1.10	1.16	3839809	84255032.00
2011/10/31	1.16	1.18	1.14	1.18	3267201	72870400.00
2011/11/01	1.16	1.18	1.14	1.15	3028362	67387456.00
2011/11/02	1.12	1.22	1.12	1.22	6227500	140684672.00
2011/11/03	1.23	1.29	1.23	1.23	7264751	174037984.00
2011/11/04	1.25	1.27	1.22	1.25	3057914	72504080.00
2011/11/07	1.24	1.26	1.21	1.22	2657862	62363024.00
2011/11/08	1.23	1.24	1.18	1.19	2664559	61363228.00
2011/11/09	1.20	1.26	1.17	1.26	3837484	89272712.00
2011/11/10	1.24	1.31	1.23	1.24	6319429	153176816.00
2011/11/11	1.24	1.26	1.20	1.23	3663830	85911088.00
2011/11/14	1.24	1.28	1.23	1.28	3314752	79717448.00
2011/11/15	1.27	1.28	1.26	1.27	2350414	56819220.00
2011/11/16	1.27	1.27	1.19	1.21	3898454	91247520.00
2011/11/17	1.21	1.24	1.20	1.20	1873566	43463020.00
2011/11/18	1.20	1.20	1.15	1.16	2951548	66146192.00
2011/11/21	1.16	1.17	1.13	1.17	1519720	33591800.00
2011/11/22	1.15	1.18	1.12	1.18	1882229	41945532.00
2011/11/23	1.18	1.19	1.16	1.18	1191039	26944312.00
2011/11/24	1.16	1.18	1.14	1.16	1258541	27996848.00
2011/11/25	1.16	1.18	1.15	1.16	1075961	24128434.00
2011/11/28	1.16	1.18	1.13	1.14	1206774	26543284.00
2011/11/29	1.15	1.22	1.14	1.20	2373724	53547208.00
2011/11/30	1.21	1.21	1.12	1.15	2456138	54809296.00
2011/12/01	1.18	1.27	1.18	1.22	3193460	74685464.00
2011/12/02	1.20	1.22	1.18	1.19	1628680	37323576.00
2011/12/05	1.20	1.21	1.06	1.07	2957651	63000120.00
2011/12/06	1.07	1.08	1.02	1.06	2062320	41831176.00
2011/12/07	1.05	1.08	1.05	1.06	1223805	25200812.00
2011/12/08	1.05	1.12	1.04	1.09	1988090	41786500.00
2011/12/09	1.07	1.09	1.05	1.07	1099793	22702818.00
2011/12/12	1.08	1.09	1.05	1.06	932398	19430550.00
2011/12/13	1.06	1.06	1.02	1.03	1250390	25023886.00
2011/12/14	1.01	1.06	1.01	1.01	1146984	22925696.00
2011/12/15	1.01	1.03	0.97	1.00	1268800	24863926.00
2011/12/16	0.98	1.05	0.98	1.05	1505329	29785762.00
2011/12/19	1.03	1.08	1.02	1.07	1621596	32794406.00
2011/12/20	1.06	1.08	1.03	1.04	1701298	34818568.00
2011/12/21	1.06	1.06	1.00	1.01	1410172	28530618.00
2011/12/22	1.01	1.04	0.96	1.01	1328091	25614398.00
2011/12/23	1.01	1.05	1.00	1.03	1361546	27190192.00
2011/12/26	1.03	1.06	1.02	1.02	1274451	25848176.00
2011/12/27	1.02	1.04	0.96	0.97	1354982	26136188.00
2011/12/28	0.97	0.97	0.92	0.95	1688602	31115456.00
2011/12/29	0.94	0.96	0.93	0.95	647778	12055123.00
2011/12/30	0.96	0.98	0.95	0.98	1018291	19287260.00
2012/01/04	0.99	1.00	0.95	0.95	1269813	24292480.00
2012/01/05	0.95	0.95	0.90	0.90	1027183	18596426.00
2012/01/06	0.90	0.91	0.86	0.90	1596335	27802898.00
2012/01/09	0.89	0.94	0.87	0.93	2612635	46763360.00
2012/01/10	0.93	0.99	0.92	0.97	3600291	67450688.00
2012/01/11	0.97	1.01	0.96	0.97	2414338	46400968.00
2012/01/12	0.97	0.98	0.96	0.96	1561181	29628838.00
2012/01/13	0.96	0.96	0.90	0.91	2596747	47168748.00
2012/01/16	0.90	0.90	0.87	0.87	1332160	23312592.00
2012/01/17	0.87	0.93	0.87	0.92	1929043	34333128.00
2012/01/18	0.92	0.93	0.87	0.88	1600489	28498712.00
2012/01/19	0.86	0.90	0.85	0.89	1547101	26779014.00
2012/01/20	0.88	0.92	0.88	0.90	1521731	27024844.00
2012/01/30	0.90	0.93	0.89	0.90	1265301	22601284.00
2012/01/31	0.90	0.91	0.88	0.90	1047747	18518646.00
2012/02/01	0.91	0.93	0.89	0.90	1623029	29032988.00
2012/02/02	0.90	0.92	0.88	0.91	2162978	38380252.00
2012/02/03	0.91	0.95	0.91	0.94	3296643	60378076.00
2012/02/06	0.94	0.96	0.94	0.95	2692970	49951624.00
2012/02/07	0.95	0.95	0.92	0.94	1692687	31105430.00
2012/02/08	0.93	0.98	0.93	0.97	4127713	77511112.00
2012/02/09	0.97	0.99	0.96	0.97	2926861	56076368.00
2012/02/10	0.97	0.98	0.96	0.98	1994777	37817256.00
2012/02/13	0.98	1.01	0.96	1.00	2744310	53370112.00
2012/02/14	1.00	1.01	0.97	0.98	1540800	29608254.00
2012/02/15	0.98	1.01	0.97	1.00	2237275	43540012.00
2012/02/16	1.00	1.01	0.97	0.99	2345250	45366072.00
2012/02/17	1.00	1.00	0.96	1.00	2072975	39927456.00
2012/02/20	1.02	1.11	1.01	1.06	7045533	145854128.00
2012/02/21	1.04	1.14	1.04	1.10	9188055	193537248.00
2012/02/22	1.11	1.22	1.11	1.22	15130356	345283200.00
2012/02/23	1.26	1.27	1.19	1.22	11487852	270520480.00
2012/02/24	1.22	1.35	1.21	1.28	21502996	533706016.00
2012/02/27	1.27	1.31	1.26	1.28	11113215	271110272.00
2012/02/28	1.27	1.28	1.20	1.22	12899018	301781440.00
2012/02/29	1.22	1.24	1.20	1.20	7131618	165954048.00
2012/03/01	1.20	1.23	1.20	1.20	5227334	120981480.00
2012/03/02	1.21	1.24	1.20	1.24	7056642	165019520.00
2012/03/05	1.25	1.30	1.24	1.24	8208951	197752224.00
2012/03/06	1.23	1.26	1.19	1.25	6608912	153549392.00
2012/03/07	1.23	1.26	1.22	1.23	5548579	131204600.00
2012/03/08	1.23	1.27	1.23	1.23	4997763	118765344.00
2012/03/09	1.24	1.26	1.22	1.24	5710775	135070176.00
2012/03/12	1.25	1.31	1.24	1.31	9719537	237206608.00
2012/03/13	1.33	1.34	1.28	1.30	6293148	155163024.00
2012/03/14	1.31	1.32	1.16	1.18	10038605	238506032.00
2012/03/15	1.19	1.19	1.13	1.15	6221326	138609296.00
2012/03/16	1.16	1.18	1.14	1.18	4021810	89990248.00
2012/03/20	1.18	1.19	1.12	1.13	4656395	102752672.00
2012/03/21	1.14	1.14	1.09	1.11	4581343	98332664.00
2012/03/22	1.12	1.14	1.10	1.13	2864284	62289408.00
2012/03/23	1.12	1.17	1.12	1.13	3448460	76010728.00
2012/03/26	1.12	1.16	1.12	1.14	2020890	44180928.00
2012/03/27	1.14	1.17	1.14	1.14	3036550	67305784.00
2012/03/28	1.13	1.13	1.07	1.07	3307657	69645368.00
2012/03/29	1.07	1.07	1.01	1.03	3023308	60767228.00
2012/03/30	1.03	1.04	1.01	1.02	1662041	32958700.00
2012/04/05	1.03	1.07	1.03	1.07	3160049	64562148.00
2012/04/06	1.06	1.09	1.06	1.08	2409467	50083596.00
2012/04/09	1.07	1.10	1.07	1.07	2437828	51223020.00
2012/04/10	1.05	1.08	1.02	1.08	3033316	61635140.00
2012/04/11	1.06	1.11	1.05	1.09	3846994	50175056.00
2012/04/12	1.08	1.12	1.08	1.12	5428124	72075904.00
2012/04/13	1.13	1.14	1.10	1.11	4631272	62207484.00
2012/04/16	1.10	1.15	1.09	1.14	5443110	73696800.00
2012/04/17	1.14	1.14	1.11	1.12	3856254	51972604.00
2012/04/18	1.12	1.19	1.11	1.16	5561216	76467328.00
2012/04/19	1.17	1.22	1.15	1.19	6801399	96891048.00
2012/04/20	1.19	1.26	1.17	1.25	12156638	176275024.00
2012/04/23	1.24	1.26	1.13	1.13	8817617	124612456.00
2012/04/24	1.13	1.21	1.11	1.20	9846475	135767312.00
2012/04/25	1.19	1.33	1.19	1.28	13125834	195645072.00
2012/04/26	1.26	1.29	1.25	1.27	7848188	117748368.00
2012/04/27	1.27	1.32	1.25	1.25	8479138	129556608.00
2012/05/02	1.27	1.30	1.24	1.26	5842239	87914392.00
2012/05/03	1.27	1.30	1.25	1.27	5159813	78001400.00
2012/05/04	1.27	1.29	1.25	1.28	4458781	67338016.00
2012/05/07	1.28	1.30	1.24	1.26	5216627	78434848.00
2012/05/08	1.25	1.26	1.21	1.22	6197185	90400472.00
2012/05/09	1.22	1.23	1.19	1.20	3480463	50069320.00
2012/05/10	1.20	1.25	1.18	1.25	6150638	89325720.00
2012/05/11	1.24	1.30	1.24	1.25	6893604	103959112.00
2012/05/14	1.26	1.31	1.25	1.28	6494501	98659752.00
2012/05/15	1.27	1.27	1.23	1.26	4139763	61250172.00
2012/05/16	1.25	1.27	1.22	1.22	2576059	37924996.00
2012/05/17	1.22	1.31	1.20	1.28	5991528	89726248.00
2012/05/18	1.26	1.29	1.23	1.23	4576198	68233976.00
2012/05/21	1.23	1.24	1.19	1.21	2839821	40957016.00
2012/05/22	1.23	1.24	1.22	1.24	2363200	34588648.00
2012/05/23	1.24	1.24	1.20	1.22	3409757	49263916.00
2012/05/24	1.22	1.22	1.18	1.19	3374067	48189100.00
2012/05/25	1.19	1.20	1.16	1.16	2243162	31589242.00
2012/05/28	1.15	1.18	1.13	1.17	2454229	33964800.00
2012/05/29	1.18	1.21	1.16	1.20	2592117	36808772.00
2012/05/30	1.19	1.22	1.19	1.20	2048306	29260262.00
2012/05/31	1.19	1.22	1.17	1.20	2238413	32000130.00
2012/06/01	1.19	1.20	1.16	1.17	2248149	31732816.00
2012/06/04	1.15	1.15	1.10	1.10	3746792	50316780.00
2012/06/05	1.10	1.12	1.09	1.09	2130975	28227190.00
2012/06/06	1.10	1.11	1.08	1.08	1540363	20219616.00
2012/06/07	1.10	1.11	1.06	1.07	2854522	37135460.00
2012/06/08	1.07	1.11	1.06	1.09	3788005	49641316.00
2012/06/11	1.10	1.12	1.08	1.12	2979520	39611856.00
2012/06/12	1.11	1.12	1.08	1.10	2430351	31967078.00
2012/06/13	1.10	1.13	1.07	1.12	3304971	43771392.00
2012/06/14	1.11	1.13	1.09	1.09	2448647	32729198.00
2012/06/15	1.10	1.12	1.08	1.10	2906381	38316320.00
2012/06/18	1.12	1.12	1.07	1.07	7800748	101682712.00
2012/06/19	1.06	1.06	1.02	1.02	7517862	93904448.00
2012/06/20	1.02	1.05	1.02	1.04	4175251	52096692.00
2012/06/21	1.03	1.04	0.97	0.99	4200538	50860416.00
2012/06/25	0.98	0.99	0.97	0.97	2002384	23708514.00
2012/06/26	0.97	0.99	0.95	0.98	2362593	27830614.00
2012/06/27	0.98	1.00	0.97	0.98	2803081	33567324.00
2012/06/28	0.99	0.99	0.95	0.95	1603706	18999130.00
2012/06/29	0.95	0.98	0.94	0.97	2045215	23960264.00
2012/07/02	0.98	0.99	0.96	0.98	2353308	27891858.00
2012/07/03	0.98	1.00	0.97	0.98	3467823	41607096.00
2012/07/04	0.99	1.00	0.95	0.96	2886199	33982932.00
2012/07/05	0.95	0.96	0.92	0.93	2908171	33104448.00
2012/07/06	0.94	0.97	0.92	0.96	2566983	29423576.00
2012/07/09	0.95	0.96	0.89	0.90	3460068	38703880.00
2012/07/10	0.90	0.92	0.88	0.90	2420877	26658444.00
2012/07/11	0.88	0.92	0.88	0.90	2137679	23446608.00
2012/07/12	0.89	0.94	0.89	0.93	2897654	32531450.00
2012/07/13	0.93	0.94	0.91	0.92	1605457	18116834.00
2012/07/16	0.92	0.92	0.87	0.87	2441722	26482908.00
2012/07/17	0.87	0.90	0.87	0.89	1049756	11415846.00
2012/07/18	0.89	0.91	0.87	0.91	1144476	12507533.00
2012/07/19	0.89	0.93	0.89	0.91	3513883	39220132.00
2012/07/20	0.90	0.91	0.87	0.88	3214407	34864592.00
2012/07/23	0.87	0.89	0.85	0.89	1355620	14597787.00
2012/07/24	0.88	0.91	0.88	0.89	1950149	21366480.00
2012/07/25	0.89	0.91	0.88	0.88	1878183	20561364.00
2012/07/26	0.88	0.90	0.88	0.88	1202485	13084038.00
2012/07/27	0.89	0.93	0.89	0.90	2282551	25303630.00
2012/07/30	0.90	0.91	0.88	0.88	1770016	19334670.00
2012/07/31	0.88	0.89	0.86	0.87	1719900	18381776.00
2012/08/01	0.87	0.91	0.87	0.89	1341923	14600535.00
2012/08/02	0.88	0.91	0.88	0.89	1376253	15099870.00
2012/08/03	0.90	0.93	0.89	0.93	2225977	24908290.00
2012/08/06	0.92	0.96	0.92	0.96	3326023	38236532.00
2012/08/07	0.95	0.97	0.94	0.96	2698471	31373430.00
2012/08/08	0.96	0.97	0.94	0.95	2020470	23360052.00
2012/08/09	0.94	0.97	0.94	0.96	1862616	21664572.00
2012/08/10	0.96	0.96	0.94	0.95	1483551	17168942.00
2012/08/13	0.94	0.95	0.91	0.92	1526220	17384180.00
2012/08/14	0.91	0.93	0.90	0.93	2081270	23365822.00
2012/08/15	0.93	0.93	0.91	0.91	1393352	15582179.00
2012/08/16	0.90	0.92	0.90	0.90	673220	7484579.50
2012/08/17	0.91	0.94	0.90	0.93	1780268	20142980.00
2012/08/20	0.92	0.96	0.91	0.95	2313412	26560464.00
2012/08/21	0.96	0.98	0.95	0.97	2427193	28473498.00
2012/08/22	0.97	0.97	0.93	0.94	2293058	26581158.00
2012/08/23	0.94	0.96	0.94	0.95	2437111	28162932.00
2012/08/24	0.95	0.95	0.92	0.92	1344501	15244973.00
2012/08/27	0.92	0.93	0.89	0.90	2317165	25724594.00
2012/08/28	0.89	0.92	0.89	0.91	974624	10789935.00
2012/08/29	0.91	0.92	0.90	0.90	1314101	14648180.00
2012/08/30	0.89	0.91	0.85	0.86	2648970	28427946.00
2012/08/31	0.86	0.87	0.84	0.85	2438094	25594550.00
2012/09/03	0.83	0.87	0.83	0.85	2354451	24706612.00
2012/09/04	0.85	0.88	0.84	0.85	3044092	32186206.00
2012/09/05	0.85	0.88	0.83	0.87	4234549	44908296.00
2012/09/06	0.88	0.88	0.86	0.87	3123874	33361550.00
2012/09/07	0.88	0.95	0.88	0.93	6719818	75721064.00
2012/09/10	0.93	0.97	0.92	0.95	5282284	61103268.00
2012/09/11	0.94	0.96	0.93	0.94	2460733	28214668.00
2012/09/12	0.95	0.95	0.92	0.94	2496600	28581042.00
2012/09/13	0.94	0.94	0.91	0.91	2253767	25565560.00
2012/09/14	0.93	0.93	0.91	0.93	2258411	25435698.00
2012/09/17	0.92	0.93	0.88	0.89	2313226	25443870.00
2012/09/18	0.88	0.89	0.87	0.87	1940554	20947092.00
2012/09/19	0.88	0.88	0.86	0.87	3849213	41165948.00
2012/09/20	0.87	0.87	0.83	0.83	3472663	36083680.00
2012/09/21	0.83	0.84	0.81	0.81	2890401	29388472.00
2012/09/24	0.81	0.82	0.79	0.81	2086776	20767682.00
2012/09/25	0.81	0.81	0.78	0.79	2019322	19981930.00
2012/09/26	0.79	0.81	0.77	0.77	2736610	26774048.00
2012/09/27	0.77	0.81	0.77	0.80	2002869	19732124.00
2012/09/28	0.79	0.83	0.78	0.83	2127901	21385614.00
2012/10/08	0.83	0.83	0.81	0.82	1431007	14540700.00
2012/10/09	0.82	0.86	0.82	0.86	3620640	37961268.00
2012/10/10	0.86	0.87	0.85	0.86	2143008	22769046.00
2012/10/11	0.86	0.91	0.85	0.86	4181421	45335688.00
2012/10/12	0.86	0.88	0.82	0.84	2919098	30468306.00
2012/10/15	0.76	0.80	0.76	0.80	2692183	26327044.00
2012/10/16	0.79	0.80	0.79	0.79	2105116	20795024.00
2012/10/17	0.80	0.80	0.78	0.79	1807389	17689134.00
2012/10/18	0.79	0.81	0.79	0.81	1816064	18081192.00
2012/10/19	0.81	0.81	0.79	0.80	1388241	13833408.00
2012/10/22	0.80	0.82	0.79	0.82	2452065	24468996.00
2012/10/23	0.82	0.82	0.80	0.80	1637435	16426334.00
2012/10/24	0.79	0.80	0.79	0.80	1253143	12400218.00
2012/10/25	0.80	0.80	0.79	0.79	791958	7820903.50
2012/10/26	0.79	0.79	0.75	0.76	1588483	15187163.00
2012/10/29	0.76	0.76	0.74	0.75	985722	9268359.00
2012/10/30	0.75	0.75	0.72	0.73	2223032	20493594.00
2012/10/31	0.73	0.74	0.73	0.73	1286674	11815191.00
2012/11/01	0.73	0.75	0.73	0.75	2025420	18952752.00
2012/11/02	0.75	0.76	0.74	0.75	1177239	11042464.00
2012/11/05	0.75	0.76	0.74	0.75	1230716	11506329.00
2012/11/06	0.75	0.75	0.72	0.74	1246963	11451233.00
2012/11/07	0.74	0.74	0.73	0.73	2146837	19674112.00
2012/11/08	0.72	0.73	0.71	0.72	2065847	18649054.00
2012/11/09	0.72	0.72	0.71	0.71	1468162	13182206.00
2012/11/12	0.72	0.72	0.71	0.72	958951	8662951.00
2012/11/13	0.72	0.72	0.69	0.71	1511553	13475147.00
2012/11/14	0.71	0.71	0.70	0.71	739562	6562211.00
2012/11/15	0.70	0.71	0.69	0.70	1038152	9191513.00
2012/11/16	0.69	0.70	0.68	0.69	939432	8171443.50
2012/11/19	0.69	0.69	0.68	0.69	1571805	13713456.00
2012/11/20	0.70	0.70	0.67	0.68	1626067	14141930.00
2012/11/21	0.68	0.69	0.63	0.66	3799305	31675064.00
2012/11/22	0.65	0.66	0.65	0.65	1627488	13532740.00
2012/11/23	0.65	0.66	0.65	0.65	2134235	17817194.00
2012/11/26	0.65	0.65	0.63	0.64	1167950	9582071.00
2012/11/27	0.63	0.63	0.61	0.61	2068755	16444017.00
2012/11/28	0.61	0.61	0.60	0.60	1273325	9933160.00
2012/11/29	0.61	0.61	0.59	0.59	1585807	12333566.00
2012/11/30	0.59	0.61	0.59	0.60	1132992	8804345.00
2012/12/03	0.60	0.61	0.58	0.58	958822	7375174.50
2012/12/04	0.58	0.59	0.56	0.59	1346310	10040631.00
2012/12/05	0.58	0.66	0.58	0.65	7567815	62681828.00
2012/12/06	0.64	0.65	0.62	0.63	3828396	31161826.00
2012/12/07	0.63	0.66	0.63	0.65	4119355	33953804.00
2012/12/10	0.65	0.68	0.64	0.67	5152632	43491264.00
2012/12/11	0.67	0.69	0.65	0.65	3675314	31084982.00
2012/12/12	0.65	0.66	0.64	0.65	2658372	21953220.00
2012/12/13	0.64	0.65	0.63	0.64	1251851	10294195.00
2012/12/14	0.64	0.69	0.64	0.69	5224689	44702344.00
2012/12/17	0.69	0.70	0.68	0.69	3008410	26155328.00
2012/12/18	0.68	0.70	0.68	0.68	3340283	29248486.00
2012/12/19	0.68	0.70	0.68	0.69	2828110	24693256.00
2012/12/20	0.69	0.71	0.68	0.70	3234396	28431204.00
2012/12/21	0.71	0.71	0.69	0.70	2846432	25096096.00
2012/12/24	0.70	0.72	0.70	0.70	1888418	16804966.00
2012/12/25	0.71	0.75	0.70	0.73	3966260	36198580.00
2012/12/26	0.74	0.76	0.73	0.76	4284627	40151120.00
2012/12/27	0.76	0.76	0.74	0.74	3776131	35231756.00
2012/12/28	0.73	0.75	0.73	0.74	2390861	22073020.00
2012/12/31	0.74	0.76	0.74	0.75	2363124	22188842.00
2013/01/04	0.76	0.76	0.73	0.73	1959573	18165084.00
2013/01/07	0.73	0.74	0.73	0.74	1853764	17083336.00
2013/01/08	0.74	0.76	0.73	0.75	2428221	22672394.00
2013/01/09	0.75	0.77	0.74	0.76	4275916	40615776.00
2013/01/10	0.76	0.84	0.76	0.81	9944844	99785880.00
2013/01/11	0.80	0.80	0.77	0.77	4455485	43447092.00
2013/01/14	0.76	0.81	0.76	0.81	6032161	59257432.00
2013/01/15	0.81	0.84	0.81	0.81	5960270	60588468.00
2013/01/16	0.81	0.82	0.79	0.80	3163039	31544098.00
2013/01/17	0.80	0.82	0.79	0.81	3410836	34207040.00
2013/01/18	0.80	0.82	0.78	0.81	3745793	37393916.00
2013/01/21	0.81	0.84	0.80	0.83	5987576	60694932.00
2013/01/22	0.83	0.83	0.77	0.78	7608311	75581120.00
2013/01/23	0.77	0.79	0.75	0.77	3831093	36667844.00
2013/01/24	0.77	0.79	0.73	0.73	3720716	35309708.00
2013/01/25	0.73	0.74	0.72	0.74	2484267	22861280.00
2013/01/28	0.75	0.77	0.74	0.76	3020215	28463234.00
2013/01/29	0.76	0.79	0.76	0.78	4034094	38985324.00
2013/01/30	0.78	0.84	0.77	0.79	7180762	71755560.00
2013/01/31	0.78	0.81	0.77	0.81	6425817	63180152.00
2013/02/01	0.80	0.88	0.79	0.86	12274789	127110552.00
2013/02/04	0.87	0.91	0.84	0.90	13861166	149645376.00
2013/02/05	0.88	0.90	0.86	0.89	6632645	71793728.00
2013/02/06	0.89	0.95	0.89	0.94	9640697	109146112.00
2013/02/07	0.94	0.97	0.91	0.93	6284236	71643736.00
2013/02/08	0.92	0.97	0.91	0.95	6934113	80052416.00
2013/02/18	0.96	0.96	0.89	0.89	6261218	69704568.00
2013/02/19	0.89	0.91	0.85	0.86	5573966	59859144.00
2013/02/20	0.86	0.95	0.86	0.93	10389942	114911496.00
2013/02/21	0.95	1.00	0.93	0.96	21703844	256008864.00
2013/02/22	0.95	1.04	0.94	1.01	14977759	181889296.00
2013/02/25	1.01	1.03	0.98	1.00	7805644	95028336.00
2013/02/26	1.00	1.07	1.00	1.02	9955250	124751872.00
2013/02/27	1.01	1.07	0.99	1.06	11267631	140172560.00
2013/02/28	1.06	1.18	1.05	1.17	14006384	188146304.00
2013/03/01	1.17	1.26	1.16	1.23	17969784	260538240.00
2013/03/04	1.22	1.29	1.17	1.23	13594995	199250352.00
2013/03/05	1.22	1.32	1.22	1.31	15540256	233881024.00
2013/03/06	1.31	1.45	1.31	1.45	19256855	319427904.00
2013/03/07	1.47	1.51	1.39	1.47	18739823	318808384.00
2013/03/08	1.45	1.47	1.35	1.37	13816382	227855376.00
2013/03/11	1.34	1.42	1.32	1.39	10111253	164707888.00
2013/03/12	1.43	1.44	1.30	1.37	13774536	222460544.00
2013/03/13	1.35	1.36	1.25	1.26	11272048	173837472.00
2013/03/14	1.26	1.30	1.22	1.24	9306315	138401824.00
2013/03/15	1.24	1.31	1.21	1.25	11581906	173631024.00
2013/03/18	1.22	1.29	1.22	1.26	6982151	104738632.00
2013/03/19	1.26	1.27	1.19	1.25	6453928	94377456.00
2013/03/20	1.26	1.32	1.24	1.30	9097912	138706048.00
2013/03/21	1.30	1.37	1.30	1.35	7733509	122303384.00
2013/03/22	1.36	1.37	1.32	1.35	3866805	61106632.00
2013/03/25	1.35	1.37	1.32	1.35	4361303	69086520.00
2013/03/26	1.35	1.35	1.29	1.31	3872964	60107772.00
2013/03/27	1.31	1.34	1.26	1.29	4291724	65468052.00
2013/03/28	1.27	1.28	1.23	1.24	4769768	71015072.00
2013/03/29	1.24	1.25	1.17	1.19	4032247	58239184.00
2013/04/01	1.18	1.32	1.16	1.30	8448247	125451688.00
2013/04/02	1.30	1.35	1.27	1.31	6004301	92770760.00
2013/04/03	1.30	1.31	1.24	1.29	3431284	51604436.00
2013/04/08	1.25	1.28	1.20	1.28	7550896	111872592.00
2013/04/09	1.27	1.30	1.25	1.30	7383111	111983072.00
2013/04/10	1.29	1.30	1.25	1.26	3845790	58135196.00
2013/04/11	1.26	1.29	1.26	1.27	2171526	32712944.00
2013/04/12	1.26	1.28	1.25	1.27	1156050	17332416.00
2013/04/15	1.25	1.29	1.25	1.27	1961093	29543860.00
2013/04/16	1.26	1.28	1.25	1.27	2998812	45055000.00
2013/04/17	1.27	1.38	1.26	1.37	8950926	141774848.00
2013/04/18	1.36	1.40	1.35	1.39	5190555	84355848.00
2013/04/19	1.42	1.53	1.39	1.49	10716002	184552928.00
2013/04/22	1.49	1.52	1.47	1.49	6464801	112789432.00
2013/04/23	1.50	1.50	1.39	1.39	8101738	135851808.00
2013/04/24	1.39	1.47	1.37	1.40	10146633	169359472.00
2013/04/25	1.39	1.41	1.32	1.33	7238675	116017680.00
2013/04/26	1.33	1.37	1.31	1.36	6191782	98320936.00
2013/05/02	1.36	1.39	1.34	1.37	4331798	69908552.00
2013/05/03	1.37	1.45	1.37	1.43	7286931	122263024.00
2013/05/06	1.43	1.59	1.42	1.59	16246344	293889152.00
2013/05/07	1.59	1.65	1.56	1.63	18632852	349655456.00
2013/05/08	1.65	1.65	1.59	1.64	9293180	175787984.00
2013/05/09	1.62	1.72	1.62	1.72	8733866	169823440.00
2013/05/10	1.77	1.90	1.73	1.90	24980046	535248576.00
2013/05/13	1.95	2.02	1.90	1.93	19154209	428684064.00
2013/05/14	1.94	1.94	1.81	1.87	11528831	248997648.00
2013/05/15	1.87	1.96	1.85	1.95	9223209	202956176.00
2013/05/16	1.95	2.02	1.85	1.87	10046131	221773616.00
2013/05/17	1.87	1.97	1.81	1.89	19983387	214338672.00
2013/05/20	1.86	2.03	1.83	1.97	23127802	256655520.00
2013/05/21	1.95	2.11	1.88	2.10	27700075	316133536.00
2013/05/22	2.06	2.15	1.95	1.97	26820841	312482784.00
2013/05/23	1.96	2.03	1.94	1.97	15062858	171123376.00
2013/05/24	1.98	2.04	1.96	2.02	13836934	158792496.00
2013/05/27	2.01	2.01	1.80	1.80	53917561	574054656.00
2013/05/28	1.82	1.83	1.71	1.75	40599684	410462048.00
2013/05/29	1.73	1.79	1.71	1.76	30732403	309582336.00
2013/05/30	1.73	1.79	1.72	1.74	20690043	209295840.00
2013/05/31	1.75	1.87	1.73	1.83	38124097	395200544.00
2013/06/03	1.80	1.82	1.75	1.76	19564575	200905344.00
2013/06/04	1.75	1.79	1.72	1.74	15401943	155113664.00
2013/06/05	1.74	1.76	1.66	1.69	17352727	169598624.00
2013/06/06	1.66	1.70	1.65	1.66	7422483	71613528.00
2013/06/07	1.66	1.70	1.65	1.69	8989958	86943448.00
2013/06/13	1.66	1.69	1.55	1.66	11636878	109119608.00
2013/06/14	1.69	1.77	1.68	1.74	20202567	201706400.00
2013/06/17	1.77	1.89	1.75	1.82	31580790	332539968.00
2013/06/18	1.82	1.88	1.75	1.87	23641844	248672656.00
2013/06/19	1.84	1.90	1.82	1.85	18132129	193998784.00
2013/06/20	1.82	1.86	1.71	1.71	15483829	160145824.00
2013/06/21	1.68	1.79	1.66	1.77	21701792	216546416.00
2013/06/24	1.77	1.85	1.75	1.83	30080377	312009408.00
2013/06/25	1.83	1.87	1.64	1.82	30396502	306366592.00
2013/06/26	1.80	2.01	1.79	2.01	47370837	530069760.00
2013/06/27	2.06	2.19	2.01	2.16	42056564	501808800.00
2013/06/28	2.14	2.39	2.10	2.39	27045357	353126464.00
2013/07/01	2.49	2.59	2.42	2.56	55254007	784899200.00
2013/07/02	2.56	2.75	2.50	2.53	64473907	953790400.00
2013/07/03	2.50	2.79	2.47	2.79	59097857	871089792.00
2013/07/04	2.66	2.75	2.56	2.66	49856230	751833728.00
2013/07/05	2.65	2.81	2.46	2.48	43975551	661234880.00
2013/07/08	2.40	2.73	2.33	2.65	50440396	735874368.00
2013/07/09	2.66	2.92	2.58	2.92	53062006	833290048.00
2013/07/10	2.92	3.20	2.90	3.02	58001893	996673536.00
2013/07/11	2.92	3.07	2.87	3.03	47894434	802186176.00
2013/07/12	2.99	3.15	2.96	3.01	39578768	683215040.00
2013/07/15	2.98	3.04	2.87	2.99	57875803	962134208.00
2013/07/16	2.96	2.99	2.78	2.86	46255773	749670144.00
2013/07/17	2.83	2.96	2.83	2.91	30384077	496938592.00
2013/07/18	2.87	2.96	2.85	2.94	23934505	393159520.00
2013/07/19	2.95	3.25	2.95	3.20	52901203	945691712.00
2013/07/22	3.18	3.42	3.18	3.27	50551450	931087744.00
2013/07/23	3.40	3.44	3.13	3.22	51843038	945789440.00
2013/07/24	3.18	3.34	3.08	3.22	39853924	715536192.00
2013/07/25	3.18	3.20	2.94	3.02	36661542	631526208.00
2013/07/26	3.03	3.15	2.96	3.15	22290225	386215264.00
2013/07/29	3.07	3.08	2.82	2.83	28435705	469715680.00
2013/07/30	2.83	2.88	2.58	2.82	32531261	502710304.00
2013/07/31	2.76	2.86	2.73	2.76	17389406	273470304.00
2013/08/01	2.74	3.04	2.74	2.97	32441165	530054560.00
2013/08/02	2.95	3.18	2.95	2.96	28716719	495355392.00
2013/08/05	2.97	3.05	2.87	2.98	12268984	203879520.00
2013/08/06	2.98	3.08	2.97	3.00	21901754	373315552.00
2013/08/07	2.97	2.98	2.78	2.78	22763113	367236960.00
2013/08/08	2.76	2.85	2.68	2.78	12533069	196364736.00
2013/08/09	2.78	2.81	2.65	2.72	13020526	200531600.00
2013/08/12	2.69	2.76	2.58	2.69	18313324	274883680.00
2013/08/13	2.70	2.81	2.65	2.74	19811655	306968288.00
2013/08/14	2.74	2.95	2.66	2.92	27912770	446491328.00
2013/08/15	2.87	3.01	2.85	2.91	24215151	402480000.00
2013/08/16	2.86	2.87	2.69	2.73	17043045	267851184.00
2013/08/19	2.69	2.80	2.67	2.76	15195032	234977520.00
2013/08/20	2.73	2.83	2.69	2.80	22061319	343682144.00
2013/08/21	2.78	2.83	2.72	2.76	12954476	202642288.00
2013/08/22	2.78	3.05	2.75	2.97	35872417	592019264.00
2013/08/23	2.96	3.04	2.82	2.95	31168061	519467456.00
2013/08/26	2.92	3.17	2.89	3.07	32968095	566390272.00
2013/08/27	3.04	3.19	3.01	3.17	30050297	527638336.00
2013/08/28	3.11	3.29	3.09	3.10	33637943	603741440.00
2013/08/29	3.09	3.12	2.97	2.99	16444563	280616768.00
2013/08/30	2.98	3.06	2.68	2.71	22671330	362346592.00
2013/09/02	2.67	2.84	2.65	2.76	13004489	203248720.00
2013/09/03	2.76	2.89	2.74	2.89	11895560	189927488.00
2013/09/04	2.89	2.97	2.85	2.91	11697719	192742304.00
2013/09/05	2.91	3.14	2.87	3.09	19615294	333871360.00
2013/09/06	3.06	3.28	3.05	3.13	25910181	463129088.00
2013/09/09	3.10	3.42	3.09	3.31	33557820	615181632.00
2013/09/10	3.31	3.38	3.24	3.25	26916498	497943520.00
2013/09/11	3.21	3.22	2.96	3.04	20720970	355769568.00
2013/09/12	2.99	3.35	2.98	3.35	31789498	578083072.00
2013/09/13	3.35	3.67	3.29	3.57	45158334	885025664.00
2013/09/16	3.53	3.77	3.48	3.56	34386726	701641600.00
2013/09/17	3.50	3.85	3.44	3.69	30468494	630129152.00
2013/09/18	3.69	3.73	3.52	3.66	20272254	413391040.00
2013/09/23	3.66	3.82	3.57	3.77	25709360	535655840.00
2013/09/24	3.74	3.77	3.61	3.64	20156648	415669120.00
2013/09/25	3.59	3.90	3.55	3.72	21957368	459340224.00
2013/09/26	3.74	3.88	3.59	3.62	19917299	418324000.00
2013/09/27	3.57	3.74	3.51	3.55	15760927	317429216.00
2013/09/30	3.55	3.88	3.51	3.83	22509205	469759744.00
2013/10/08	3.91	4.20	3.91	4.08	22515727	508609664.00
2013/10/09	3.99	4.28	3.94	4.23	20375811	471542976.00
2013/10/10	4.51	4.67	4.40	4.49	36731231	941609728.00
2013/10/11	4.47	4.67	4.27	4.38	22304667	548181632.00
2013/10/14	4.29	4.49	4.13	4.27	17424352	417290816.00
2013/10/15	4.27	4.39	4.07	4.13	18038673	424991808.00
2013/10/16	4.12	4.17	3.71	3.71	25514749	537730368.00
2013/10/17	3.63	3.74	3.38	3.47	26397038	521885536.00
2013/10/18	3.44	3.71	3.44	3.68	16757549	337914656.00
2013/10/21	3.70	4.00	3.68	4.00	20691916	447432032.00
2013/10/22	4.00	4.02	3.59	3.59	26879501	557761088.00
2013/10/23	3.47	3.63	3.32	3.48	13363198	260797344.00
2013/10/24	3.48	3.65	3.45	3.58	11509775	229633056.00
2013/10/25	3.66	3.72	3.21	3.21	25426725	474138528.00
2013/10/28	3.12	3.37	3.04	3.27	20861931	379936832.00
2013/10/29	3.27	3.50	3.15	3.42	27695918	518704736.00
2013/10/30	3.43	3.67	3.37	3.62	27552337	543832832.00
2013/10/31	3.59	3.60	3.37	3.47	17003678	333487776.00
2013/11/01	3.47	3.56	3.24	3.54	15978506	304718528.00
2013/11/04	3.48	3.54	3.42	3.47	7327630	142711152.00
2013/11/05	3.46	3.62	3.39	3.60	12372547	245986288.00
2013/11/06	3.59	3.76	3.51	3.51	20157858	413509376.00
2013/11/07	3.45	3.57	3.30	3.41	20020021	384034368.00
2013/11/08	3.35	3.40	3.24	3.35	14061758	261068208.00
2013/11/11	3.33	3.39	3.26	3.30	5728555	106368104.00
2013/11/12	3.29	3.35	3.21	3.31	7329883	135508336.00
2013/11/13	3.30	3.36	3.24	3.31	7300076	134972864.00
2013/11/14	3.27	3.43	3.21	3.40	13664676	257517616.00
2013/11/15	3.41	3.72	3.41	3.53	24966757	502489984.00
2013/11/18	3.54	3.66	3.46	3.64	17115301	343883360.00
2013/11/19	3.67	3.72	3.57	3.60	12363382	251906400.00
2013/11/20	3.60	3.64	3.49	3.55	9087937	180734032.00
2013/11/21	3.54	3.62	3.44	3.58	17247383	342077664.00
2013/11/22	3.56	3.57	3.33	3.38	22038564	423623520.00
2013/11/25	3.32	3.35	3.19	3.28	16612078	304183840.00
2013/11/26	3.26	3.32	3.25	3.26	7372032	135774064.00
2013/11/27	3.26	3.43	3.26	3.36	11809598	221808688.00
2013/11/28	3.30	3.37	3.26	3.28	14562761	270339360.00
2013/11/29	3.28	3.42	3.28	3.38	16017120	301593760.00
2013/12/02	3.20	3.31	3.06	3.06	21564672	383209440.00
2013/12/03	3.00	3.00	2.75	2.97	17224518	281371840.00
2013/12/04	2.95	3.10	2.93	2.97	11181952	191537456.00
2013/12/05	2.93	2.99	2.89	2.90	6725915	111175344.00
2013/12/06	2.89	3.01	2.87	2.98	8394644	139462336.00
2013/12/09	2.97	3.02	2.96	3.00	7739227	130454840.00
2013/12/10	2.99	3.01	2.90	2.91	7540711	124430968.00
2013/12/11	2.91	2.99	2.88	2.91	6506519	107380912.00
2013/12/12	2.92	3.08	2.90	3.07	19256879	327208864.00
2013/12/13	3.02	3.05	2.98	3.00	6502196	110567680.00
2013/12/16	2.99	3.04	2.87	2.93	7351100	122067912.00
2013/12/17	2.91	2.99	2.87	2.91	6930333	114103400.00
2013/12/18	2.90	2.93	2.81	2.83	5248405	84274248.00
2013/12/19	2.85	2.93	2.79	2.81	6464159	104468608.00
2013/12/20	2.81	2.83	2.60	2.69	11335839	172520112.00
2013/12/23	2.66	2.68	2.41	2.43	17256700	245327344.00
2013/12/24	2.42	2.50	2.39	2.46	10915133	151710192.00
2013/12/25	2.46	2.57	2.40	2.56	13994226	200562688.00
2013/12/26	2.56	2.56	2.40	2.40	12051182	169418384.00
2013/12/27	2.40	2.65	2.40	2.65	22002219	316423744.00
2013/12/30	2.65	2.77	2.62	2.74	22900248	350248224.00
2013/12/31	2.72	2.74	2.64	2.69	12183323	185103536.00
2014/01/02	2.70	2.74	2.68	2.69	11643508	178163952.00
2014/01/03	2.70	2.81	2.68	2.78	18745961	291760128.00
2014/01/06	2.75	2.76	2.56	2.56	13781852	206941664.00
2014/01/07	2.54	2.57	2.45	2.56	13660281	194082576.00
2014/01/08	2.58	2.82	2.54	2.78	34751516	540445248.00
2014/01/09	2.75	2.86	2.70	2.71	28084462	441772800.00
2014/01/10	2.70	2.77	2.62	2.63	12513286	190775664.00
2014/01/13	2.62	2.72	2.56	2.63	10191570	152699632.00
2014/01/14	2.61	2.78	2.61	2.78	16450464	252640592.00
2014/01/15	2.76	2.85	2.73	2.82	19350856	306508384.00
2014/01/16	2.83	2.88	2.73	2.76	15040537	236048528.00
2014/01/17	2.76	2.79	2.71	2.73	7955000	123437864.00
2014/01/20	2.69	2.78	2.46	2.47	19379242	284890400.00
2014/01/21	2.50	2.65	2.50	2.59	21465381	312668992.00
2014/01/22	2.59	2.76	2.57	2.75	21117164	319128640.00
2014/01/23	2.74	2.91	2.69	2.86	31626433	503491136.00
2014/01/24	2.83	3.15	2.80	3.15	34671589	587078080.00
2014/01/27	3.19	3.26	3.04	3.11	45810661	813059136.00
2014/01/28	3.09	3.15	2.98	3.04	21975404	376222176.00
2014/01/29	3.06	3.35	3.06	3.32	33883196	613500160.00
2014/01/30	3.26	3.62	3.23	3.43	37272979	725930880.00
2014/02/07	3.40	3.53	3.37	3.48	22684329	440508256.00
2014/02/10	3.48	3.54	3.34	3.54	26302049	508744320.00
2014/02/11	3.52	3.53	3.20	3.30	28154691	529649920.00
2014/02/12	3.39	3.39	3.22	3.31	18268538	337604960.00
2014/02/13	3.31	3.37	3.14	3.17	24582915	449988160.00
2014/02/14	3.17	3.31	3.11	3.30	18350552	333900352.00
2014/02/17	3.31	3.38	3.26	3.34	20376479	380264256.00
2014/02/18	3.32	3.32	3.17	3.20	26879010	484922592.00
2014/02/19	3.19	3.28	3.11	3.22	16894327	303148832.00
2014/02/20	3.22	3.24	3.06	3.11	16812550	295750336.00
2014/02/21	3.09	3.13	3.01	3.05	16085014	276795584.00
2014/02/24	3.05	3.16	3.03	3.13	14764973	258583744.00
2014/02/25	3.13	3.20	2.81	2.91	22845968	388197024.00
2014/02/26	2.84	2.91	2.73	2.90	13674530	219014400.00
2014/02/27	2.91	3.01	2.80	2.81	12703425	207249328.00
2014/02/28	2.78	2.90	2.78	2.87	7963170	127764328.00
2014/03/03	2.87	2.93	2.84	2.89	8538359	139304432.00
2014/03/04	2.87	2.96	2.83	2.89	9505591	155198368.00
2014/03/05	2.91	3.19	2.88	3.16	32410720	561017600.00
2014/03/06	3.14	3.18	3.06	3.11	22214676	389135040.00
2014/03/07	3.12	3.14	3.03	3.05	14691644	255511440.00
2014/03/10	2.97	3.02	2.83	2.86	16241673	267075824.00
2014/03/11	2.84	2.93	2.78	2.85	11062318	178350992.00
2014/03/12	2.82	2.87	2.66	2.83	15366634	242210752.00
2014/03/13	2.83	2.89	2.78	2.87	11357127	182026688.00
2014/03/14	2.84	2.87	2.76	2.83	11772049	187703776.00
2014/03/17	2.80	3.00	2.80	2.96	20580483	338332032.00
2014/03/18	2.96	3.07	2.96	3.03	16000129	272175968.00
2014/03/19	3.03	3.08	2.97	3.00	10865716	185245504.00
2014/03/20	2.97	3.11	2.97	3.00	13763452	235532400.00
2014/03/21	2.98	3.04	2.80	3.01	15810635	260492656.00
2014/03/24	2.99	3.30	2.97	3.19	20788994	365517216.00
2014/03/25	3.14	3.24	3.11	3.14	12141972	216790448.00
2014/03/26	3.15	3.28	3.15	3.17	12576529	227063872.00
2014/03/27	3.16	3.22	3.00	3.02	12395081	217247552.00
2014/03/28	3.02	3.10	2.97	3.05	11930245	204108896.00
2014/03/31	3.05	3.13	2.96	3.13	12374341	213843856.00
2014/04/01	3.13	3.45	3.10	3.39	40899376	769083392.00
2014/04/02	3.36	3.42	3.23	3.36	27748109	518577248.00
2014/04/03	3.36	3.48	3.33	3.39	19596888	375293376.00
2014/04/04	3.36	3.48	3.35	3.44	12322153	236953984.00
2014/04/08	3.42	3.42	3.28	3.35	12381486	232831184.00
2014/04/09	3.39	3.50	3.35	3.45	17413046	336680832.00
2014/04/10	3.50	3.57	3.34	3.42	17315969	333865760.00
2014/04/11	3.37	3.38	3.26	3.28	12613500	233771840.00
2014/04/14	3.28	3.35	3.26	3.28	7422939	137158944.00
2014/04/15	3.28	3.38	3.27	3.30	15918986	297049664.00
2014/04/16	3.23	3.26	3.18	3.21	11405952	206075744.00
2014/04/17	3.21	3.30	3.21	3.24	8417036	154320304.00
2014/04/18	3.26	3.34	3.26	3.31	11921051	221114944.00
2014/04/21	3.30	3.44	3.26	3.35	15528356	294082720.00
2014/04/22	3.33	3.38	3.19	3.30	9255173	169963232.00
2014/04/23	3.29	3.37	3.26	3.35	9344355	174809760.00
2014/04/24	3.36	3.37	3.18	3.24	10392826	190190208.00
2014/04/25	3.26	3.26	3.02	3.05	9785365	173019104.00
2014/04/28	3.02	3.16	3.00	3.06	8860633	153057936.00
2014/04/29	3.02	3.13	3.02	3.13	6215606	108350000.00
2014/04/30	3.14	3.39	3.14	3.37	20579624	382321408.00
2014/05/05	3.36	3.54	3.34	3.52	22508863	437913312.00
2014/05/06	3.50	3.56	3.48	3.50	13457482	265037600.00
2014/05/07	3.50	3.58	3.44	3.48	17635803	348289792.00
2014/05/08	3.43	3.50	3.35	3.39	15367668	294363296.00
2014/05/09	3.39	3.47	3.23	3.46	20892800	393180000.00
2014/05/12	3.55	3.55	3.42	3.49	19174725	376049728.00
2014/05/13	3.45	3.82	3.45	3.73	32198830	669156672.00
2014/05/14	3.71	3.75	3.64	3.71	13490373	278988384.00
2014/05/15	3.69	3.79	3.45	3.48	24394186	494976192.00
2014/05/16	3.42	3.48	3.17	3.25	25645055	476488448.00
2014/05/19	3.23	3.30	3.19	3.28	18413978	335958432.00
2014/05/20	3.33	3.38	3.22	3.27	21334121	395746592.00
2014/05/21	3.26	3.26	3.18	3.26	14006646	253788304.00
2014/05/22	3.24	3.34	3.23	3.28	21946743	406416480.00
2014/05/23	3.27	3.42	3.20	3.40	20844998	388788800.00
2014/05/26	3.41	3.59	3.36	3.50	52842751	572515456.00
2014/05/27	3.47	3.51	3.41	3.49	31342955	337887648.00
2014/05/28	3.48	3.65	3.42	3.59	53865565	595388352.00
2014/05/29	3.59	3.60	3.44	3.46	34270328	375933216.00
2014/05/30	3.45	3.79	3.41	3.70	67916308	767913856.00
2014/06/03	3.64	3.76	3.63	3.65	49442180	566750528.00
2014/06/04	3.67	3.83	3.61	3.73	44742178	516961440.00
2014/06/05	3.71	3.82	3.65	3.78	47827371	558347264.00
2014/06/06	3.79	3.97	3.75	3.80	60064881	718053312.00
2014/06/09	3.78	3.85	3.60	3.65	55562806	638002944.00
2014/06/10	3.64	3.83	3.57	3.79	55125985	635559168.00
2014/06/11	3.76	3.90	3.72	3.73	51772571	611160960.00
2014/06/12	3.71	3.76	3.66	3.69	49094230	564473664.00
2014/06/13	3.65	3.79	3.63	3.72	44923303	517292576.00
2014/06/16	3.70	4.01	3.70	3.95	74916631	901519552.00
2014/06/17	3.92	3.97	3.86	3.92	36033190	437737632.00
2014/06/18	3.93	3.97	3.89	3.92	33330674	405780448.00
2014/06/19	3.90	3.93	3.59	3.67	44472661	516264096.00
2014/06/20	3.67	3.80	3.64	3.74	24480568	283141568.00
2014/06/23	3.77	3.86	3.75	3.82	29688927	351612384.00
2014/06/24	3.80	3.88	3.70	3.77	25850098	303701408.00
2014/06/25	3.77	3.79	3.69	3.72	14496754	167931376.00
2014/06/26	3.73	3.90	3.73	3.86	33610339	400221248.00
2014/06/27	3.86	3.91	3.81	3.83	24463268	293387616.00
2014/06/30	3.85	3.91	3.78	3.88	27182599	325024032.00
2014/07/01	3.88	3.90	3.82	3.85	24911611	297746880.00
2014/07/02	3.84	3.87	3.77	3.80	24522708	290715744.00
2014/07/03	3.80	3.80	3.63	3.67	49218747	563779328.00
2014/07/04	3.67	3.71	3.54	3.71	39197619	441326912.00
2014/07/07	3.68	3.70	3.58	3.61	22996289	259096544.00
2014/07/08	3.59	3.68	3.59	3.66	21169694	239602304.00
2014/07/09	3.64	3.70	3.61	3.61	21101256	239261232.00
2014/07/10	3.63	3.66	3.55	3.62	19313784	216279632.00
2014/07/11	3.68	3.75	3.60	3.63	35092960	400733664.00
2014/07/14	3.58	3.58	3.36	3.42	48183161	515649088.00
2014/07/15	3.42	3.47	3.36	3.42	27942858	296711136.00
2014/07/16	3.41	3.43	3.23	3.28	36167422	372587712.00
2014/07/17	3.28	3.35	3.23	3.26	25771562	263500144.00
2014/07/18	3.26	3.33	3.24	3.27	21415237	219257504.00
2014/07/21	3.28	3.33	3.24	3.32	19977494	205141936.00
2014/07/22	3.32	3.37	3.30	3.36	18857079	196349024.00
2014/07/23	3.37	3.38	3.21	3.24	23386238	238887904.00
2014/07/24	3.24	3.25	3.12	3.15	26724734	263353824.00
2014/07/25	3.15	3.22	3.14	3.19	23381694	232088592.00
2014/07/28	3.19	3.42	3.18	3.39	41002337	423555072.00
2014/07/29	3.37	3.45	3.31	3.40	28566309	302775808.00
2014/07/30	3.39	3.49	3.36	3.44	27239465	292115232.00
2014/07/31	3.41	3.44	3.36	3.41	21225600	223860048.00
2014/08/01	3.41	3.43	3.31	3.32	26587314	279279296.00
2014/08/04	3.32	3.39	3.32	3.38	15570081	162956928.00
2014/08/05	3.36	3.51	3.36	3.48	40535127	436453856.00
2014/08/06	3.49	3.51	3.44	3.46	21766036	235120384.00
2014/08/07	3.46	3.55	3.44	3.46	30466602	330593984.00
2014/08/08	3.52	3.68	3.51	3.60	48783952	547741184.00
2014/08/11	3.54	3.63	3.54	3.60	26954103	301002624.00
2014/08/12	3.58	3.68	3.58	3.65	30789725	348546656.00
2014/08/13	3.71	3.75	3.55	3.66	38564387	438523552.00
2014/08/14	3.64	3.70	3.60	3.60	24156617	273403712.00
2014/08/15	3.65	3.67	3.60	3.64	24647706	277786208.00
2014/08/18	3.65	3.79	3.63	3.76	44567968	515893472.00
2014/08/19	3.87	3.97	3.69	3.76	50749239	601043136.00
2014/08/20	3.72	3.85	3.70	3.75	37154935	435407808.00
2014/08/21	3.76	3.96	3.70	3.95	46152480	547066240.00
2014/08/22	4.07	4.35	3.96	4.35	76071796	988638720.00
2014/08/25	4.46	4.64	4.30	4.30	134591610	1853170048.00
2014/08/26	4.21	4.32	4.08	4.12	76874602	998876480.00
2014/08/27	4.13	4.27	4.09	4.14	54871330	709132736.00
2014/08/28	4.10	4.14	4.00	4.02	42428190	534137600.00
2014/08/29	3.99	4.16	3.98	4.15	31095914	393633760.00
2014/09/01	4.16	4.35	4.10	4.31	51679088	679964352.00
2014/09/02	4.30	4.35	4.23	4.34	44480337	590939584.00
2014/09/03	4.33	4.50	4.29	4.37	56352517	768111488.00
2014/09/04	4.39	4.43	4.30	4.41	38403074	518888576.00
2014/09/05	4.41	4.61	4.39	4.52	51750955	723198592.00
2014/09/09	4.57	4.67	4.49	4.62	43261984	611294656.00
2014/09/10	4.58	4.63	4.51	4.58	41155340	580211392.00
2014/09/11	4.56	4.63	4.39	4.41	59633643	828354944.00
2014/09/12	4.42	4.50	4.30	4.50	53234635	721509888.00
2014/09/15	4.48	4.52	4.39	4.39	36703101	505510624.00
2014/09/16	4.44	4.52	4.21	4.21	44087159	597070016.00
2014/09/18	4.33	4.52	4.32	4.44	48070930	658090944.00
2014/09/19	4.42	4.56	4.41	4.52	33909306	470744064.00
2014/09/22	4.53	4.93	4.52	4.71	69981520	1020396288.00
2014/09/23	4.74	5.19	4.69	5.19	77050341	1181055872.00
2014/09/24	5.18	5.25	5.04	5.18	65253178	1035692416.00
2014/09/25	5.19	5.20	4.86	4.95	100405394	1541761024.00
2014/09/26	4.86	4.93	4.80	4.89	32898916	494845184.00
2014/09/29	4.91	4.97	4.79	4.90	41900267	628697408.00
2014/09/30	4.91	5.19	4.88	5.09	60726985	949602880.00
2014/10/08	5.09	5.12	4.93	5.02	46377646	716779712.00
2014/10/09	5.02	5.12	4.94	5.05	34761949	539820288.00
2014/10/10	5.01	5.01	4.83	4.87	38692003	586111552.00
2014/10/13	4.81	5.10	4.71	5.06	48622726	731852928.00
2014/10/14	5.00	5.18	4.94	5.04	43713627	683574848.00
2014/10/15	5.09	5.11	4.89	5.02	30751000	473090496.00
2014/10/16	4.97	5.05	4.85	4.86	23875253	364697568.00
2014/10/17	4.86	4.92	4.70	4.78	22955456	340930016.00
2014/10/20	4.81	4.91	4.78	4.90	20047868	299763616.00
2014/10/21	4.89	4.93	4.75	4.77	22484231	335181728.00
2014/10/22	4.75	4.90	4.72	4.80	26689220	396398144.00
2014/10/23	4.83	4.84	4.68	4.70	22049992	322700800.00
2014/10/24	4.70	4.83	4.70	4.83	19384621	286166688.00
2014/10/27	4.80	5.02	4.76	4.99	35124040	535936384.00
2014/10/28	4.98	5.17	4.98	5.16	49432516	779108416.00
2014/10/29	5.17	5.25	5.06	5.15	49023147	776899840.00
2014/10/30	5.09	5.47	5.09	5.46	66962677	1101514752.00
2014/10/31	5.41	5.49	5.29	5.36	33384392	553473920.00
2014/11/03	5.42	5.68	5.37	5.63	44974596	770879744.00
2014/11/04	5.56	5.79	5.53	5.54	40389190	704809984.00
2014/11/05	5.54	5.81	5.54	5.65	30470632	534063904.00
2014/11/06	5.69	5.72	5.45	5.69	31549608	542300928.00
2014/11/07	5.68	6.12	5.68	5.89	43951698	801133312.00
2014/11/10	6.02	6.13	5.85	5.93	29688512	548908224.00
2014/11/11	5.96	6.12	5.60	5.73	47773073	848960512.00
2014/11/12	5.69	5.97	5.53	5.95	29015374	514797024.00
2014/11/13	5.92	6.14	5.79	6.02	40722251	750741632.00
2014/11/14	5.93	6.04	5.84	5.88	26852114	487330624.00
2014/11/17	5.94	6.13	5.84	5.99	21212191	390578336.00
2014/11/18	5.90	6.48	5.90	6.37	40259249	761394816.00
2014/11/19	6.28	6.87	6.28	6.55	55376788	1122531072.00
2014/11/20	6.51	6.70	6.34	6.53	34791355	696793664.00
2014/11/21	6.51	6.64	6.43	6.62	23301827	468332704.00
2014/11/24	6.65	7.21	6.65	7.05	46314583	991677056.00
2014/11/25	7.38	7.76	7.17	7.76	68446879	1583059200.00
2014/11/26	7.76	8.22	7.66	8.16	67246420	1649761408.00
2014/11/27	8.16	8.43	7.81	8.34	57976414	1443917952.00
2014/11/28	8.17	8.83	7.98	8.57	64118059	1642611200.00
2014/12/01	8.50	8.77	8.19	8.33	58678775	1517714688.00
2014/12/02	8.20	8.63	7.91	8.46	67424819	1705619968.00
2014/12/03	8.40	9.11	8.07	8.86	67194853	1756388992.00
2014/12/04	8.84	9.76	8.75	9.76	46155349	1326674048.00
2014/12/05	10.48	10.74	9.36	10.24	79771533	2514538752.00
2014/12/08	10.15	10.85	9.74	9.81	76534203	2410646784.00
2014/12/09	9.45	10.31	8.82	8.82	74983889	2181281280.00
2014/12/10	8.58	9.42	8.47	8.95	50455520	1392130304.00
2014/12/11	8.83	9.42	8.70	8.99	35902694	999565056.00
2014/12/12	8.91	9.90	8.82	9.90	62102061	1782034944.00
2014/12/15	10.22	10.90	9.99	10.90	47384988	1538474752.00
2014/12/16	11.64	11.71	10.90	11.39	64072626	2210440960.00
2014/12/17	11.14	11.77	11.03	11.31	47093750	1641355008.00
2014/12/18	11.60	12.13	11.28	11.28	43763379	1567631616.00
2014/12/19	11.16	11.73	10.14	11.34	53160187	1761873280.00
2014/12/22	11.11	11.27	10.20	10.20	43177722	1386051200.00
2014/12/23	9.74	10.42	9.17	9.39	43098021	1283524608.00
2014/12/24	9.59	9.72	9.09	9.41	32725319	939385408.00
2014/12/25	9.40	10.32	9.39	10.21	42071443	1276083712.00
2014/12/26	10.42	10.91	10.14	10.61	41553876	1329199360.00
2014/12/29	10.48	10.78	10.02	10.15	47827290	1520613120.00
2014/12/30	9.92	10.20	9.17	9.19	54911520	1590082816.00
2014/12/31	8.99	9.57	8.93	9.15	43719126	1231048192.00
2015/01/05	9.16	9.44	8.33	9.41	60087127	1658041728.00
2015/01/06	9.23	10.37	9.16	10.37	47370565	1428216448.00
2015/01/07	10.81	11.18	10.15	10.78	71044152	2326228480.00
2015/01/08	10.61	11.54	10.54	11.07	59698334	2012511232.00
2015/01/09	10.91	11.90	10.88	11.47	64321963	2257444352.00
2015/01/12	12.02	12.63	11.81	12.63	66290439	2495143680.00
2015/01/13	12.70	13.08	12.17	12.23	59255379	2287641088.00
2015/01/14	12.11	12.53	12.07	12.21	38322589	1429553792.00
2015/01/15	12.22	13.36	12.22	13.16	47990860	1873472128.00
2015/01/16	13.18	14.49	12.94	14.49	54416194	2313226240.00
2015/01/22	14.74	15.20	13.79	14.65	74498124	3266901760.00
2015/01/23	14.62	14.62	13.17	13.18	80482088	3339875328.00
2015/01/26	13.30	14.01	13.09	13.89	56884248	2362908160.00
2015/01/27	13.66	13.96	13.16	13.68	44492931	1844448768.00
2015/01/28	13.66	13.80	13.08	13.10	31045826	1269519104.00
2015/01/29	12.76	13.36	12.63	13.13	31781208	1265818240.00
2015/01/30	13.13	13.32	12.48	12.64	26851864	1044079104.00
2015/02/02	12.49	13.91	12.38	13.44	42122808	1720012288.00
2015/02/03	13.43	14.80	13.32	14.45	77330749	3390852352.00
2015/02/04	14.40	14.76	14.08	14.52	47502181	2085167360.00
2015/02/05	14.71	15.60	14.05	14.35	58931536	2672719872.00
2015/02/06	14.12	14.45	13.22	13.54	42804822	1778926080.00
2015/04/16	14.90	14.90	14.90	14.90	1018916	32972122.00
2015/04/17	16.40	16.40	16.40	16.40	895739	31888308.00
2015/04/20	18.05	18.05	18.05	18.05	523716	20508718.00
2015/04/21	19.86	19.86	19.86	19.86	276602	11916014.00
2015/04/22	21.86	21.86	21.86	21.86	1187782	56288988.00
2015/04/23	24.05	24.05	24.05	24.05	593588	30943742.00
2015/04/24	26.47	26.47	26.47	26.47	1953674	112023664.00
2015/04/27	29.12	29.12	29.12	29.12	2156662	136020672.00
2015/04/28	32.04	32.04	32.04	32.04	10890252	755565696.00
2015/04/29	34.59	35.25	31.40	35.25	165028997	12236419072.00
2015/04/30	36.31	38.79	36.31	38.79	54491110	4462418432.00
2015/05/04	40.20	41.49	34.90	35.53	125490142	10112801792.00
2015/05/05	35.01	35.01	32.36	34.65	100739865	7356432896.00
2015/05/06	34.74	38.12	33.99	34.77	125160702	9755341824.00
2015/05/07	33.72	35.88	32.87	33.25	79379409	5856470016.00
2015/05/08	34.13	35.47	33.87	34.59	91869138	6884735488.00
2015/05/11	35.06	38.05	34.64	38.05	128697788	10320140288.00
2015/05/12	38.05	41.87	37.60	41.87	117033961	10028654592.00
2015/05/13	40.20	42.26	38.11	39.00	101114954	8826778624.00
2015/05/14	37.65	38.80	35.09	35.10	101770050	7948039680.00
2015/05/15	33.61	36.78	33.25	35.53	67442078	5159269376.00
2015/05/18	36.59	38.05	35.54	36.01	60399190	4780501504.00
2015/05/19	36.86	36.96	34.09	35.48	56069394	4288441344.00
2015/05/20	35.52	36.96	35.12	35.71	61555534	4815235584.00
2015/05/21	35.94	36.03	34.48	34.79	65559365	4968842752.00
2015/05/22	35.11	37.79	34.64	36.38	80559749	6312905216.00
2015/05/25	34.95	36.13	33.95	35.67	55902081	4262345216.00
2015/05/26	36.42	39.24	35.68	38.81	105769931	8796088320.00
2015/05/27	38.62	38.72	35.88	36.27	82781379	6591369728.00
2015/05/28	35.59	35.94	32.79	33.67	87855061	6541326336.00
2015/05/29	33.69	35.35	32.33	34.31	61310778	4587270656.00
2015/06/01	34.61	36.96	33.97	36.45	60582106	4726440960.00
2015/06/02	36.96	40.11	36.58	40.11	88606620	7481473536.00
2015/06/03	41.58	44.12	41.03	44.12	91155514	8609843200.00
2015/06/04	44.82	47.14	40.20	47.06	107971468	10399242240.00
2015/06/05	47.07	47.53	42.42	42.70	74862158	7251783680.00
2015/06/08	41.01	42.06	38.42	40.36	72160841	6189607936.00
2015/06/09	39.27	41.82	38.36	39.20	53215248	4613201408.00
2015/06/10	39.30	41.52	38.39	40.61	49029812	4250052352.00
2015/06/11	40.29	40.53	38.68	39.15	42560496	3628168704.00
2015/06/12	38.79	39.26	37.19	38.21	51202551	4217175040.00
2015/06/15	38.05	38.05	34.38	34.38	63225103	4827451904.00
2015/06/16	33.19	35.43	30.94	34.47	71889579	5223457280.00
2015/06/17	33.72	37.93	33.25	37.93	61755628	4784428544.00
2015/06/18	38.25	39.25	34.12	34.18	67224046	5339115520.00
2015/06/19	32.84	36.49	32.48	34.64	72503864	5518023168.00
2015/06/23	35.11	36.29	33.25	36.12	63309874	4816922112.00
2015/06/24	36.03	36.07	33.72	34.65	55722959	4191105280.00
2015/06/25	34.90	35.50	32.32	32.70	52719093	3837719296.00
2015/06/26	30.93	30.93	29.42	29.42	47233450	3040553984.00
2015/06/29	27.24	29.42	26.47	26.47	78484018	4556129280.00
2015/06/30	24.46	29.13	23.82	29.13	150894959	8682179584.00
2015/07/01	28.62	31.12	27.18	27.24	127557091	8235090432.00
2015/07/02	27.69	28.68	24.55	26.21	102163616	5962263552.00
2015/07/03	25.38	28.63	23.58	25.67	118816884	6575393280.00
2015/07/06	28.24	28.24	23.10	23.58	130232279	7172924416.00
2015/07/07	22.15	22.74	21.21	21.21	88409521	4114846464.00
2015/07/09	19.37	23.34	19.37	23.34	182046640	8608117760.00
2015/07/10	23.53	25.68	22.84	25.68	173686101	9460061184.00
2015/07/13	25.75	28.25	24.46	28.24	239913127	13863867392.00
2015/07/14	26.77	29.09	26.11	26.16	188934111	11193958400.00
2015/07/15	27.29	27.86	25.16	25.85	187891912	10904275968.00
2015/07/16	25.80	27.94	23.35	26.78	150743324	8601175040.00
2015/07/17	27.24	29.32	26.16	28.58	151741189	9131714560.00
2015/07/20	29.09	30.43	27.83	28.67	166619764	10585611264.00
2015/07/21	27.74	28.90	27.24	27.80	127691822	7712666112.00
2015/07/22	27.61	28.68	27.16	27.65	114380986	6895941120.00
2015/07/23	27.50	28.36	26.89	28.33	121444361	7277975040.00
2015/07/24	28.59	28.68	25.61	26.15	139140374	8290286592.00
2015/07/27	24.92	25.63	23.53	23.53	119267309	6333193216.00
2015/07/28	21.41	23.30	21.17	21.26	144762906	6824131072.00
2015/07/29	21.77	23.40	19.88	23.40	135578802	6410400256.00
2015/07/30	23.38	24.46	22.37	22.56	129214276	6601165312.00
2015/07/31	22.11	23.76	22.11	22.84	101125554	5052954112.00
2015/08/03	21.59	22.09	20.55	21.04	117578470	5344925696.00
2015/08/04	21.01	22.51	20.57	22.34	76882721	3609072384.00
2015/08/05	22.10	22.39	20.88	20.94	74862880	3506059776.00
2015/08/06	20.20	20.94	20.06	20.19	49453706	2188672768.00
2015/08/07	20.59	22.21	20.49	21.55	82821389	3856292608.00
2015/08/10	21.80	23.71	21.32	23.71	102769819	5031986176.00
2015/08/11	24.13	24.69	23.07	23.90	117833102	6125771264.00
2015/08/12	23.10	23.76	22.70	22.77	66618119	3363097088.00
2015/08/13	22.47	23.54	22.28	23.52	65157708	3246833408.00
2015/08/14	23.76	23.90	22.97	23.02	63040527	3200225792.00
2015/08/17	22.61	22.61	21.68	22.11	66598392	3191552000.00
2015/08/18	22.12	23.30	20.06	20.48	80440990	3852067840.00
2015/08/19	19.78	21.45	19.15	21.31	72018515	3184257536.00
2015/08/20	21.91	22.27	20.89	20.90	76772637	3603712512.00
2015/08/21	20.29	20.65	18.98	19.01	70491610	3009298432.00
2015/08/24	17.68	18.20	17.10	17.10	51159041	1918877056.00
2015/08/25	15.39	16.22	15.38	15.38	73751429	2488067328.00
2015/08/26	15.34	15.87	13.84	13.84	113152886	3634332928.00
2015/08/27	14.40	15.23	13.35	15.23	119640936	3752244736.00
2015/08/28	15.43	16.73	14.91	16.30	133666112	4549191680.00
2015/08/31	15.89	15.89	14.79	15.29	100764910	3358198784.00
2015/09/01	14.97	16.07	14.79	15.33	126669358	4263123200.00
2015/09/02	14.27	16.17	13.81	15.26	115475828	3778698752.00
2015/09/07	15.48	16.53	15.27	15.68	85450896	2955750656.00
2015/09/08	15.38	17.13	14.60	16.96	97885325	3372260864.00
2015/09/09	16.91	18.29	16.69	17.36	132402027	4980576768.00
2015/09/10	16.81	17.28	16.63	16.72	62373133	2295780864.00
2015/09/11	16.76	17.39	16.73	16.97	53134963	1961725440.00
2015/09/14	17.05	17.13	15.26	15.26	60511938	2086624512.00
2015/09/15	14.49	14.83	13.73	13.73	63200467	1959648256.00
2015/09/16	13.90	15.11	13.76	15.11	70641378	2215137280.00
2015/09/17	15.31	16.24	14.72	15.02	91066948	3039263744.00
2015/09/18	15.21	16.10	15.16	15.85	78360565	2665559552.00
2015/09/21	15.48	17.44	15.34	17.31	95639895	3421744896.00
2015/09/22	17.14	17.86	16.54	17.28	99356743	3705039872.00
2015/09/30	17.52	17.87	15.99	16.58	101115504	3704293632.00
2015/10/08	17.47	18.24	17.22	18.24	77385535	2990587648.00
2015/10/09	18.25	18.39	17.80	18.11	81482146	3191707392.00
2015/10/12	18.18	19.93	18.18	19.73	143378407	6092600832.00
2015/10/13	19.55	20.48	19.41	20.18	98320573	4276137216.00
2015/10/14	19.99	20.96	19.46	20.38	88535449	3889309184.00
2015/10/15	20.84	22.43	20.59	22.43	133001963	6275957248.00
2015/10/16	23.23	24.68	23.17	24.68	145711807	7657212928.00
2015/10/19	25.48	25.52	23.94	24.50	128860474	6885702656.00
2015/10/20	24.27	26.65	24.24	25.72	103426705	5734174720.00
2015/10/21	25.15	25.80	23.14	23.16	128206938	6745125888.00
2015/10/22	23.53	25.44	23.53	24.66	140053353	7409097216.00
2015/10/23	24.45	25.03	23.69	24.67	114801087	6063358976.00
2015/10/26	25.18	25.18	23.22	24.09	115393391	6030196736.00
2015/10/27	23.85	26.50	23.48	26.50	146991076	8001132032.00
2015/10/28	26.89	27.33	25.01	25.39	137478122	7800700928.00
2015/10/29	25.62	26.77	24.46	25.39	106666035	5914829312.00
2015/10/30	24.92	26.12	24.23	24.65	102281118	5577067520.00
2015/11/02	23.72	24.87	23.53	23.73	75236320	3940328704.00
2015/11/03	24.01	24.40	23.62	23.96	65993879	3435376896.00
2015/11/04	24.60	26.36	24.35	26.36	135963459	7561621504.00
2015/11/05	27.10	28.99	26.61	27.13	183670453	11020299264.00
2015/11/06	27.34	29.86	27.34	29.86	128156963	8058611712.00
2015/11/09	30.48	32.28	29.32	31.05	142485772	9489301504.00
2015/11/10	30.51	32.12	30.25	31.09	91513239	6185766912.00
2015/11/11	30.52	31.21	29.95	30.57	79605938	5258131968.00
2015/11/12	30.57	30.93	28.76	29.34	115752721	7434901504.00
2015/11/13	28.68	29.92	28.25	29.15	82406439	5211111936.00
2015/11/16	28.49	31.31	28.39	30.96	84050577	5378455040.00
2015/11/17	31.45	31.86	28.90	29.09	136527625	8978503680.00
2015/11/18	28.99	29.22	27.70	27.84	92862345	5700213760.00
2015/11/19	28.16	29.04	27.83	28.99	81683311	5044416000.00
2015/11/20	28.80	28.89	27.84	28.13	78129721	4773040640.00
2015/11/23	27.93	29.27	27.58	28.07	73677670	4524268544.00
2015/11/24	27.88	29.23	27.74	29.07	78118968	4833643520.00
2015/11/25	28.86	30.94	28.39	30.20	115250130	7415182848.00
2015/11/26	30.20	30.48	28.53	28.56	89114174	5643947520.00
2015/11/27	28.25	28.85	26.59	26.87	94111866	5660068352.00
2015/11/30	26.91	27.21	24.81	26.18	90571633	5132440576.00
2015/12/01	26.08	26.50	25.38	25.86	56057041	3142422784.00
2015/12/02	25.85	26.80	24.92	26.57	67058293	3786955776.00
2015/12/03	26.45	27.68	26.17	27.24	86985485	5092275200.00
2015/12/04	26.82	27.55	26.31	26.40	65697285	3807562752.00
2015/12/07	26.26	27.30	26.26	26.58	59257152	3441726208.00
2015/12/08	26.21	26.21	25.06	25.24	60668205	3368449792.00
2015/12/09	25.21	25.65	24.91	25.05	40792541	2232014080.00
2015/12/10	25.05	27.55	25.05	26.12	91677851	5194299392.00
2015/12/11	25.78	26.49	25.43	26.06	56589218	3192292096.00
2015/12/14	25.87	27.42	25.85	27.24	71339830	4109090304.00
2015/12/15	27.40	27.46	26.71	26.88	58215413	3417649920.00
2015/12/16	27.10	27.47	26.55	26.63	48760409	2843274496.00
2015/12/17	26.90	28.06	26.68	27.41	95129674	5663684608.00
2015/12/18	27.20	27.37	26.33	26.58	63025002	3650753024.00
2015/12/21	26.52	26.77	26.17	26.60	52168401	2991347200.00
2015/12/22	26.73	27.14	26.54	26.90	48192544	2802979840.00
2015/12/23	26.92	26.98	25.93	26.08	61898384	3545239808.00
2015/12/24	25.94	26.65	25.69	26.51	46130602	2625628672.00
2015/12/25	26.49	26.52	25.55	25.71	55668300	3123299072.00
2015/12/28	25.62	25.90	24.92	24.93	59331974	3264719360.00
2015/12/29	25.06	25.15	24.41	24.63	36120524	1930110336.00
2015/12/30	24.91	25.28	24.69	25.03	42808005	2322668032.00
2015/12/31	25.04	25.04	24.00	24.01	38719563	2049512704.00
2016/01/04	23.80	23.95	21.60	21.60	55350641	2692485120.00
2016/01/05	19.83	20.95	19.46	20.43	86008930	3793008384.00
2016/01/06	20.64	21.40	19.70	21.01	93895337	4174728448.00
2016/01/07	20.24	20.24	18.90	18.90	29631255	1254668288.00
2016/01/08	19.18	19.87	17.83	19.09	92572506	3821190912.00
2016/01/11	18.35	19.99	18.18	18.39	86178896	3529626112.00
2016/01/12	18.95	19.79	18.54	19.21	94702437	3939109888.00
2016/01/13	19.26	19.32	18.18	18.20	70238635	2855802368.00
2016/01/14	17.56	20.03	17.31	19.80	135367253	5629199872.00
2016/01/15	19.50	19.58	18.68	19.03	90784308	3786359296.00
2016/01/18	18.95	20.37	18.95	19.80	95041808	4098143232.00
2016/01/19	19.87	20.80	19.48	20.52	104915075	4576993792.00
2016/01/20	19.86	20.25	19.36	19.67	94452720	4060536576.00
2016/01/21	19.32	20.05	18.78	18.80	69458300	2931193344.00
2016/01/22	19.07	19.20	18.07	18.99	64500227	2623766272.00
2016/01/25	18.95	19.16	18.62	18.78	51722055	2114670592.00
2016/01/26	18.58	18.66	16.96	17.10	70668711	2729036032.00
2016/01/27	17.10	17.85	16.48	17.64	86137763	3224431616.00
2016/01/28	17.34	17.46	16.74	16.90	56039034	2076389760.00
2016/01/29	16.86	18.05	16.82	17.77	76729460	2927426048.00
2016/02/01	17.69	17.69	16.99	17.34	53747676	2024101760.00
2016/02/02	17.49	18.67	17.40	18.18	71874505	2824841984.00
2016/02/03	17.77	18.38	17.67	18.17	48964214	1904862592.00
2016/02/04	18.28	18.99	18.25	18.51	62717869	2524572416.00
2016/02/05	18.35	18.64	17.97	17.98	47523625	1880889984.00
2016/02/15	17.17	18.03	17.17	17.80	36078915	1377856768.00
2016/02/16	18.02	19.59	17.99	19.23	89901174	3691430400.00
2016/02/17	19.04	19.30	18.82	19.18	56321512	2329761792.00
2016/02/18	19.42	20.02	19.05	19.10	62774288	2652874240.00
2016/02/19	18.99	19.60	18.91	19.29	51549586	2148195584.00
2016/02/22	19.53	19.67	19.02	19.61	78184263	3285487360.00
2016/02/23	19.63	19.63	18.81	19.09	54856168	2275953664.00
2016/02/24	18.97	19.27	18.42	18.94	47844014	1952338816.00
2016/02/25	18.81	18.86	17.04	17.04	76734306	2952259072.00
2016/02/26	17.15	17.34	16.59	16.99	46376571	1716190720.00
2016/02/29	16.80	16.80	15.28	15.28	76171291	2567840000.00
2016/03/01	15.28	16.37	14.90	15.89	77167322	2624780288.00
2016/03/02	15.80	16.93	15.57	16.71	87491769	3076248064.00
2016/03/03	16.70	17.32	16.59	16.66	79007745	2897190144.00
2016/03/04	16.44	16.64	15.43	15.75	72277627	2502323968.00
2016/03/07	16.14	16.99	16.08	16.25	64884191	2319475200.00
2016/03/08	16.07	16.97	15.34	16.82	87493971	3109708544.00
2016/03/09	16.40	16.75	16.21	16.32	51896521	1856678528.00
2016/03/10	16.31	16.59	15.67	15.87	49674538	1738264832.00
2016/03/11	15.55	16.12	15.43	15.99	41127353	1413071872.00
2016/03/14	16.31	17.35	16.16	16.86	95127701	3486986496.00
2016/03/15	16.82	16.96	16.43	16.48	53965538	1950521472.00
2016/03/16	16.91	16.96	16.04	16.27	65705358	2346743552.00
2016/03/17	16.36	17.90	16.31	17.90	167176416	6337432064.00
2016/03/18	18.06	19.70	17.91	19.70	175774030	7152212480.00
2016/03/21	20.66	21.57	20.24	20.76	211925839	9531708416.00
2016/03/22	20.05	20.52	19.85	20.21	120607003	5286673408.00
2016/03/23	20.16	21.68	20.07	21.49	154680667	6978277888.00
2016/03/24	20.85	21.82	20.52	20.55	154297696	7021648896.00
2016/03/25	20.29	20.61	19.74	20.18	88170789	3847322112.00
2016/03/28	20.34	20.51	19.69	19.85	71227096	3108517376.00
2016/03/29	19.74	20.29	19.31	19.73	88717983	3813079808.00
2016/03/30	20.01	20.99	19.89	20.74	131479104	5833233920.00
2016/03/31	20.66	20.89	20.37	20.43	88924425	3964865536.00
2016/04/01	20.29	20.32	19.45	19.83	70761908	3047814400.00
2016/04/05	19.83	21.12	19.64	20.63	93526419	4145079296.00
2016/04/06	20.43	20.52	20.13	20.38	59592216	2628431360.00
2016/04/07	20.50	20.54	19.74	19.74	58072177	2525479936.00
2016/04/08	19.52	19.97	19.21	19.60	59047557	2509210112.00
2016/04/11	20.19	20.48	19.94	19.96	82763537	3628925184.00
2016/04/12	20.18	20.52	19.69	20.52	82879558	3621178624.00
2016/04/13	20.89	21.68	20.75	20.92	134772182	6202322432.00
2016/04/14	21.11	21.44	20.80	21.22	72949467	3342487296.00
2016/04/15	21.68	21.76	20.75	20.89	61731261	2816338688.00
2016/04/18	20.27	20.31	19.55	19.84	107982809	2587360256.00
2016/04/19	19.93	20.19	19.49	19.83	89211940	2124656384.00
2016/04/20	19.82	19.93	17.89	18.23	164493257	3700561920.00
2016/04/21	18.13	18.35	17.48	17.55	102267378	2208904448.00
2016/04/22	17.31	18.24	17.26	18.15	104964448	2261477888.00
2016/05/03	18.15	19.26	17.31	19.08	147463256	3291712512.00
2016/05/04	18.88	19.20	18.63	18.70	89122866	2018558592.00
2016/05/05	18.61	18.97	18.55	18.84	67080254	1512058112.00
2016/05/06	18.88	19.11	17.77	17.80	99086487	2198904832.00
2016/05/09	17.48	17.59	16.66	16.88	97342680	1993660288.00
2016/05/10	16.88	17.13	16.74	16.94	58548159	1191790720.00
2016/05/11	17.05	17.11	16.47	16.52	70344612	1420818432.00
2016/05/12	16.23	16.58	15.98	16.54	66887494	1309113728.00
2016/05/13	16.38	16.77	16.11	16.34	60509414	1194214784.00
2016/05/16	16.34	16.88	16.18	16.78	65489409	1306772608.00
2016/05/17	16.80	17.93	16.39	17.13	126407401	2599583488.00
2016/05/18	16.73	16.83	16.14	16.51	83987956	1672566144.00
2016/05/19	16.51	17.43	16.49	16.69	96970789	1976572416.00
2016/05/20	16.47	17.27	16.43	17.25	100616883	2053262080.00
2016/05/23	17.20	17.52	17.11	17.26	97457863	2027663360.00
2016/05/24	16.94	17.13	16.68	16.89	69873432	1417740544.00
2016/05/25	17.13	17.38	16.80	16.85	82807778	1702923008.00
2016/05/26	16.88	17.28	16.36	17.13	92616702	1869807616.00
2016/05/27	16.98	17.03	16.69	16.79	69146954	1402881536.00
2016/05/30	16.54	16.93	16.47	16.63	55194736	1107334272.00
2016/05/31	16.68	18.29	16.68	18.29	206394966	4446880256.00
2016/06/01	18.70	18.85	18.27	18.29	190841513	4247108352.00
2016/06/02	18.13	18.64	18.05	18.53	127506733	2822561024.00
2016/06/03	18.56	20.05	18.33	19.13	211539727	4861634048.00
2016/06/06	19.13	19.43	18.88	19.13	117768354	2705223680.00
2016/06/07	19.14	19.19	18.77	18.88	90064644	2049199616.00
2016/06/08	18.73	18.78	18.39	18.56	87663599	1961028608.00
2016/06/13	18.19	18.49	17.05	17.06	121377182	2604112896.00
2016/06/14	16.97	17.19	16.74	17.12	81607113	1668805760.00
2016/06/15	16.93	18.09	16.91	17.69	118764082	2512488448.00
2016/06/16	17.55	17.73	17.21	17.30	74037265	1554434432.00
2016/06/17	17.38	17.98	17.37	17.48	89432228	1901066496.00
2016/06/20	17.37	17.54	17.07	17.36	61344872	1274219008.00
2016/06/21	17.63	18.39	17.33	17.50	130077465	2791438848.00
2016/06/22	17.34	18.16	17.15	18.13	107833020	2308365056.00
2016/06/23	18.13	18.17	17.63	17.96	93536822	2016246016.00
2016/06/24	17.80	18.28	17.14	17.66	124989861	2671529472.00
2016/06/27	17.54	18.18	17.54	18.13	97901288	2111704064.00
2016/06/28	17.94	18.63	17.70	18.37	139927411	3049208064.00
2016/06/29	18.38	18.53	18.18	18.22	101672678	2240140032.00
2016/06/30	18.24	18.81	18.24	18.47	119644096	2664272640.00
2016/07/01	18.47	18.63	18.09	18.22	79972354	1762466816.00
2016/07/04	17.97	19.53	17.94	18.91	154863999	3501809920.00
2016/07/05	18.78	19.05	18.70	18.83	95614080	2166044160.00
2016/07/06	18.80	18.83	18.52	18.68	81466120	1825316480.00
2016/07/07	18.57	18.70	18.20	18.46	84016836	1864139904.00
2016/07/08	18.47	18.70	18.36	18.44	74103229	1651489792.00
2016/07/11	18.55	18.71	18.29	18.30	74309572	1652748032.00
2016/07/12	18.31	18.96	18.22	18.83	133277875	2973967104.00
2016/07/13	18.85	19.30	18.75	18.84	154774724	3540614144.00
2016/07/14	18.84	18.88	18.57	18.68	66849271	1502568320.00
2016/07/15	18.38	18.47	17.36	17.54	206494384	4438373888.00
2016/07/18	17.36	17.43	17.10	17.28	91207770	1892747648.00
2016/07/19	17.31	17.51	17.23	17.45	62670985	1310012160.00
2016/07/20	17.43	17.61	17.26	17.30	59668433	1250469888.00
2016/07/21	17.33	17.57	17.30	17.36	62133228	1303568256.00
2016/07/22	17.28	17.36	17.01	17.03	73507364	1513950336.00
2016/07/25	17.01	17.32	16.93	17.13	48030865	990364160.00
2016/07/26	17.13	17.51	17.06	17.34	53692686	1120896640.00
2016/07/27	17.41	17.42	16.13	16.49	105701612	2123970432.00
2016/07/28	16.48	16.71	16.24	16.42	56321972	1113724160.00
2016/07/29	16.48	16.53	16.18	16.26	37521157	736484992.00
2016/08/01	16.13	16.13	15.52	15.69	65957936	1248334976.00
2016/08/02	15.72	15.83	15.64	15.75	34515406	652608256.00
2016/08/03	15.68	15.78	15.52	15.63	37957850	713801664.00
2016/08/04	15.64	16.09	15.58	15.86	55428715	1055470144.00
2016/08/05	15.84	15.89	15.64	15.73	39333636	745386816.00
2016/08/08	15.68	16.43	15.56	16.31	82138175	1584343936.00
2016/08/09	16.22	16.34	16.09	16.33	42447707	827821056.00
2016/08/10	16.33	16.45	16.18	16.20	44063180	864539072.00
2016/08/11	16.18	16.43	16.09	16.12	46435820	907775168.00
2016/08/12	16.11	16.23	15.72	16.22	60064295	1158857984.00
2016/08/15	16.18	17.84	16.13	17.84	284272436	5938299392.00
2016/08/16	17.72	17.96	17.54	17.58	144728544	3079768064.00
2016/08/17	17.61	17.83	17.18	17.32	108010380	2266821376.00
2016/08/18	17.26	17.63	17.21	17.35	84580911	1764620928.00
2016/08/19	17.28	17.37	17.16	17.23	50306077	1042564224.00
2016/08/22	17.23	17.43	16.66	16.68	71903211	1466098048.00
2016/08/23	16.62	16.84	16.55	16.69	47432066	952099008.00
2016/08/24	16.75	16.94	16.61	16.69	55529143	1119633280.00
2016/08/25	16.53	16.53	16.23	16.43	68087545	1340849664.00
2016/08/26	16.51	16.93	16.42	16.44	71176503	1425662464.00
2016/08/29	16.48	16.68	16.40	16.55	32459043	645315520.00
2016/08/30	16.63	16.83	16.47	16.61	47983380	959834816.00
2016/08/31	16.61	16.78	16.43	16.75	52478471	1049306688.00
2016/09/01	16.75	16.77	16.47	16.47	40436005	808184448.00
2016/09/02	16.34	16.71	16.32	16.47	36003025	714588864.00
2016/09/05	16.54	16.70	16.42	16.47	32104690	639130048.00
2016/09/06	16.43	16.90	16.23	16.78	72666513	1452595072.00
2016/09/07	16.75	16.82	16.56	16.58	46117064	924698240.00
2016/09/08	16.55	16.74	16.48	16.59	39963273	798072192.00
2016/09/09	16.55	16.60	16.33	16.34	43676475	864592256.00
2016/09/12	16.03	16.08	15.81	15.82	67756780	1297026432.00
2016/09/13	15.94	15.98	15.78	15.88	29013792	553873728.00
2016/09/14	15.79	16.24	15.69	15.88	43223357	829360576.00
2016/09/19	15.88	16.18	15.87	15.98	31627425	608515648.00
2016/09/20	15.98	15.99	15.85	15.93	21603342	413178720.00
2016/09/21	15.92	16.09	15.90	15.95	31701393	609288960.00
2016/09/22	16.09	16.12	15.83	15.90	34374502	661372224.00
2016/09/23	15.95	15.99	15.83	15.87	21862370	418199904.00
2016/09/26	15.80	16.03	15.68	15.70	39473137	752470208.00
2016/09/27	15.69	15.93	15.68	15.90	28896299	548798208.00
2016/09/28	15.90	15.94	15.77	15.85	23632261	450369376.00
2016/09/29	15.88	16.07	15.83	15.92	38892548	746170944.00
2016/09/30	15.84	15.97	15.82	15.93	22602977	432414016.00
2016/10/10	16.08	16.43	15.96	16.30	64278377	1252183168.00
2016/10/11	16.30	16.31	16.13	16.22	34406286	670453888.00
2016/10/12	16.15	16.23	16.07	16.13	26008247	504854848.00
2016/10/13	16.18	16.32	16.13	16.18	38881657	758641344.00
2016/10/14	16.13	16.18	15.88	16.02	35193106	676767168.00
2016/10/17	15.98	16.03	15.73	15.77	34943767	667521536.00
2016/10/18	15.80	16.36	15.78	16.18	63790096	1236331776.00
2016/10/19	16.21	16.22	15.99	16.03	41918854	810080960.00
2016/10/20	16.05	16.08	15.92	15.99	30948945	595601152.00
2016/10/21	16.00	16.22	15.90	15.98	45393749	876045184.00
2016/10/24	15.98	16.62	15.89	16.28	97442613	1908513152.00
2016/10/25	16.26	16.28	16.14	16.20	42198790	821263296.00
2016/10/26	16.14	16.33	16.09	16.17	37361204	727613696.00
2016/10/27	16.18	16.46	16.14	16.30	55123275	1081274112.00
2016/10/28	16.41	16.94	16.33	16.37	117422372	2352794880.00
2016/10/31	16.17	16.27	16.03	16.18	37023729	718656000.00
2016/11/01	16.20	16.38	16.15	16.32	41579794	814428160.00
2016/11/02	16.28	16.43	16.08	16.09	49676946	968649472.00
2016/11/03	16.01	16.76	15.97	16.34	94445596	1861278464.00
2016/11/04	16.30	16.67	16.25	16.34	71233371	1407968512.00
2016/11/07	16.34	16.47	16.11	16.21	41153998	801003904.00
2016/11/08	16.34	16.44	16.23	16.31	43420202	852570688.00
2016/11/09	16.34	16.38	15.82	16.01	60802356	1176460160.00
2016/11/10	16.23	16.39	16.13	16.24	57806786	1131686400.00
2016/11/11	16.25	16.87	16.25	16.69	149468528	2988357120.00
2016/11/14	16.68	17.53	16.66	17.09	179782873	3710378496.00
2016/11/15	17.01	17.18	16.76	17.08	77976768	1590942336.00
2016/11/16	17.08	17.55	16.91	16.93	122195285	2538823168.00
2016/11/17	16.86	16.93	16.67	16.85	54084930	1090561792.00
2016/11/18	16.80	16.97	16.66	16.70	42192556	852547648.00
2016/11/21	16.63	17.04	16.59	16.70	50822806	1027319936.00
2016/11/22	16.73	17.63	16.60	17.63	133767597	2754256128.00
2016/11/23	17.74	17.93	17.33	17.38	180525221	3822364416.00
2016/11/24	17.28	17.68	17.14	17.28	108720518	2276141312.00
2016/11/25	17.28	17.54	16.84	17.47	105267902	2185796864.00
2016/11/28	17.55	17.80	17.33	17.38	102216318	2154945792.00
2016/11/29	17.28	17.78	17.01	17.59	146972872	3084406784.00
2016/11/30	17.47	18.68	17.43	18.03	216204959	4710832128.00
2016/12/01	17.89	18.13	17.81	18.10	104007291	2244407552.00
2016/12/02	18.08	18.36	17.48	17.53	111419091	2396728832.00
2016/12/05	17.22	17.73	16.93	17.07	99852672	2073200512.00
2016/12/06	17.09	17.20	16.53	16.63	86596504	1749062912.00
2016/12/07	16.60	16.71	16.55	16.69	51161235	1023825536.00
2016/12/08	16.73	16.74	16.33	16.35	64667731	1284679808.00
2016/12/09	16.32	16.51	16.18	16.38	68561498	1348170240.00
2016/12/12	16.33	16.33	14.98	15.05	129905383	2451846400.00
2016/12/13	14.98	15.20	14.70	14.96	66736523	1202612096.00
2016/12/14	14.97	15.24	14.80	14.97	56540246	1020725184.00
2016/12/15	14.94	15.25	14.87	15.08	47621349	865626816.00
2016/12/16	15.08	15.64	15.02	15.27	56031988	1033825984.00
2016/12/19	15.18	15.21	14.92	14.98	39460911	713050112.00
2016/12/20	15.02	15.10	14.88	15.01	29803569	536565408.00
2016/12/21	15.09	15.18	14.98	15.08	38879667	704609088.00
2016/12/22	15.08	15.08	14.84	14.91	30715906	551360128.00
2016/12/23	14.84	14.94	14.25	14.28	65439162	1145130496.00
2016/12/26	14.05	14.44	13.87	14.38	49578475	841953856.00
2016/12/27	14.30	14.42	14.23	14.28	27323393	470686816.00
2016/12/28	14.28	14.38	14.13	14.19	24332103	416276192.00
2016/12/29	14.17	14.32	14.08	14.09	28927927	494041184.00
2016/12/30	14.07	14.22	14.05	14.08	23103504	392439136.00
2017/01/03	14.13	14.31	14.13	14.20	38645753	660102464.00
2017/01/04	14.13	14.39	14.05	14.38	60292773	1034325824.00
2017/01/05	14.38	14.47	14.26	14.33	36712677	633420096.00
2017/01/06	14.37	14.38	14.18	14.19	28628731	489967488.00
2017/01/09	14.20	14.26	14.09	14.22	26894822	458920128.00
2017/01/10	14.18	14.24	14.13	14.13	25565754	435882336.00
2017/01/11	14.08	14.18	13.83	13.96	41794481	703950528.00
2017/01/12	13.93	14.09	13.93	13.94	28794361	484763232.00
2017/01/13	13.97	14.05	13.63	13.65	42952687	714869120.00
2017/01/16	13.68	13.76	12.30	12.79	68280342	1079283072.00
2017/01/17	12.75	13.55	12.55	13.29	73057407	1146574976.00
2017/01/18	13.13	13.29	13.02	13.07	37482430	591352320.00
2017/01/19	13.01	13.18	12.90	13.08	27984499	439561728.00
2017/01/20	13.08	13.58	13.03	13.31	48993122	787124928.00
2017/01/23	13.38	13.47	13.30	13.38	31087802	499918368.00
2017/01/24	13.38	13.38	13.13	13.21	25011363	397941888.00
2017/01/25	13.14	13.31	13.13	13.20	21827175	347085536.00
2017/01/26	13.19	13.35	13.18	13.23	23103655	368827776.00
2017/02/03	13.26	13.28	12.90	12.96	29917623	469063616.00
2017/02/06	12.94	13.19	12.90	13.09	27660548	434096928.00
2017/02/07	13.02	13.07	12.88	12.95	25039068	390353632.00
2017/02/08	12.93	13.36	12.88	13.33	54594304	863392576.00
2017/02/09	13.23	13.45	13.22	13.33	43502275	697881408.00
2017/02/10	13.32	13.54	13.28	13.35	48047055	775059072.00
2017/02/13	13.34	14.28	13.28	13.93	95860833	1599638528.00
2017/02/14	13.81	13.88	13.66	13.76	44009968	728473472.00
2017/02/15	13.73	14.26	13.73	13.75	71137647	1196404736.00
2017/02/16	13.72	13.93	13.58	13.85	39638277	657120704.00
2017/02/17	13.85	14.25	13.80	13.81	64391698	1084338688.00
2017/02/20	13.76	13.93	13.52	13.92	52708813	868511168.00
2017/02/21	13.92	14.22	13.81	14.06	57352619	970000896.00
2017/02/22	14.01	14.12	13.87	13.98	38673379	649584512.00
2017/02/23	14.02	14.02	13.77	13.89	34734019	578881152.00
2017/02/24	13.89	14.10	13.81	13.88	37530591	629081600.00
2017/02/27	13.85	13.88	13.63	13.67	36029292	596369664.00
2017/02/28	13.64	13.83	13.62	13.74	20810164	343938336.00
2017/03/01	13.76	13.97	13.69	13.81	32209681	536491392.00
2017/03/02	13.88	14.01	13.63	13.65	36655269	608794496.00
2017/03/03	13.55	13.62	13.47	13.53	30222021	492046720.00
2017/03/06	13.47	13.78	13.47	13.72	41291591	677908224.00
2017/03/07	13.78	13.78	13.61	13.68	32893095	541244480.00
2017/03/08	13.70	13.71	13.43	13.48	39095037	636800704.00
2017/03/09	13.51	13.51	13.18	13.25	36389073	581371584.00
2017/03/10	13.26	13.33	13.22	13.30	23365797	373443360.00
2017/03/13	13.28	13.34	13.07	13.30	24425490	388575616.00
2017/03/14	13.30	13.36	13.15	13.19	24378716	388376352.00
2017/03/15	13.18	13.37	13.03	13.23	43782772	695499264.00
2017/03/16	13.21	13.43	13.18	13.38	44058264	706661952.00
2017/03/17	13.44	13.70	13.21	13.22	67249927	1088269952.00
2017/03/20	13.15	13.18	12.98	13.12	39954083	628324288.00
2017/03/21	13.18	13.18	13.01	13.06	21772484	342275520.00
2017/03/22	12.97	13.03	12.83	12.85	31318490	486341664.00
2017/03/23	12.88	13.01	12.73	12.86	25759772	399404064.00
2017/03/24	12.86	13.13	12.79	12.98	31255894	487062528.00
2017/03/27	13.02	13.13	12.90	12.95	30723528	480688608.00
2017/03/28	12.94	13.03	12.93	12.97	15624816	243792672.00
2017/03/29	12.99	13.03	12.79	12.80	25960036	403003936.00
2017/03/30	12.76	12.78	12.39	12.41	44066633	665197312.00
2017/03/31	12.38	12.55	12.37	12.45	26554836	397444224.00
2017/04/05	12.44	12.61	12.27	12.57	41197083	619926464.00
2017/04/06	12.57	12.57	12.44	12.46	26151841	393095744.00
2017/04/07	12.46	12.51	12.33	12.34	29997904	447321216.00
2017/04/10	12.41	12.41	12.13	12.17	33979542	501187424.00
2017/04/11	12.14	12.33	12.07	12.29	36885545	540519168.00
2017/04/12	12.30	12.45	12.22	12.30	34510976	512588832.00
2017/04/13	12.28	12.44	12.26	12.33	20589723	306158304.00
2017/04/14	12.30	12.55	12.28	12.43	36183781	539791616.00
2017/04/17	12.38	12.40	12.09	12.16	30343266	446244000.00
2017/04/18	12.18	12.19	11.58	11.66	43387513	515710240.00
2017/04/19	11.61	11.61	11.16	11.33	43993875	497859840.00
2017/04/20	11.25	11.50	11.20	11.40	43234667	490505984.00
2017/04/21	11.35	11.43	11.10	11.14	36624491	411404096.00
2017/04/24	11.10	11.10	10.50	10.68	52458101	562831744.00
2017/04/25	10.70	10.95	10.66	10.70	34313493	370568544.00
2017/04/26	10.69	10.89	10.59	10.75	34031080	365687616.00
2017/04/27	10.70	11.34	10.37	11.14	87032091	948010240.00
2017/04/28	11.04	11.13	10.97	11.10	34758370	384231232.00
2017/05/02	11.08	11.14	10.97	11.02	24047931	265691792.00
2017/05/03	10.98	11.13	10.90	11.03	29578748	325677344.00
2017/05/04	11.00	11.05	10.75	10.77	36663934	399592832.00
2017/05/05	10.66	10.72	10.38	10.38	50075069	527292832.00
2017/05/08	10.25	11.20	10.23	10.93	109970816	1192486912.00
2017/05/09	10.88	11.22	10.81	11.20	84994116	937585024.00
2017/05/10	11.12	11.23	10.80	10.80	56154615	618196288.00
2017/05/11	10.70	11.14	10.63	11.00	60111911	657847424.00
2017/05/12	10.91	11.05	10.73	10.90	51279769	558641472.00
2017/05/15	10.92	11.00	10.55	10.63	48238758	521967712.00
2017/05/16	10.58	10.90	10.36	10.90	55526708	589328192.00
2017/05/17	10.86	11.99	10.83	11.29	176214538	2026829440.00
2017/05/18	11.15	11.66	11.12	11.47	114140945	1300465280.00
2017/05/19	11.52	11.57	11.10	11.16	66929907	753515456.00
2017/05/22	11.11	11.38	11.02	11.08	57767700	647855040.00
2017/05/23	11.04	11.31	11.02	11.06	57513385	642333056.00
2017/05/24	11.00	11.38	10.76	11.38	91828198	1026646144.00
2017/05/25	11.35	11.96	11.18	11.70	133721346	1548421888.00
2017/05/26	11.59	11.82	11.52	11.60	78563881	917322176.00
2017/05/31	11.79	12.10	11.68	11.79	120233790	1428227840.00
2017/06/01	11.70	12.02	11.40	11.47	85991000	1007483840.00
2017/06/02	11.47	12.40	11.40	12.13	142874200	1697369600.00
2017/06/05	12.01	12.42	12.01	12.21	116599000	1421778816.00
2017/06/06	12.12	12.33	12.06	12.17	63867600	777202752.00
2017/06/07	12.20	12.75	12.13	12.59	126756300	1583401600.00
2017/06/08	12.56	12.77	12.46	12.54	74194500	932602496.00
2017/06/09	12.57	12.65	12.33	12.43	72263200	898144320.00
2017/06/12	12.33	12.44	12.16	12.26	57809119	710057216.00
2017/06/13	12.24	12.64	12.21	12.50	78303224	974587456.00
2017/06/14	12.49	12.49	12.24	12.24	54406020	672044928.00
2017/06/15	12.21	12.73	12.19	12.50	101331608	1268981632.00
2017/06/16	12.48	12.63	12.37	12.45	43393061	541947904.00
2017/06/19	12.38	12.58	12.37	12.53	42033100	525083424.00
2017/06/20	12.53	12.70	12.24	12.24	77172862	964399616.00
2017/06/21	12.30	12.39	11.82	12.01	94593800	1143573248.00
2017/06/22	11.93	12.15	11.78	11.79	65133200	778913728.00
2017/06/23	11.75	11.86	11.47	11.76	62130700	724669504.00
2017/06/26	11.76	12.04	11.71	12.03	65041100	773078080.00
2017/06/27	12.03	12.55	11.99	12.35	107202100	1320506368.00
2017/06/28	12.28	12.34	12.12	12.31	49142325	600869248.00
2017/06/29	12.34	12.58	12.22	12.30	80597500	998305216.00
2017/06/30	12.19	12.21	11.92	12.02	63317200	764276480.00
2017/07/03	12.02	12.42	11.96	12.35	73534400	901783232.00
2017/07/04	12.35	12.41	12.13	12.29	56173600	688699776.00
2017/07/05	12.30	12.44	12.10	12.35	68318200	836338688.00
2017/07/06	12.33	12.36	11.98	12.08	63724100	775688960.00
2017/07/07	12.07	12.25	11.97	12.11	50798800	614182592.00
2017/07/10	12.02	12.14	11.80	11.80	63954900	764558976.00
2017/07/11	11.77	11.93	11.69	11.70	48370700	570824384.00
2017/07/12	11.70	11.85	11.25	11.73	82134300	948575168.00
2017/07/13	11.67	11.81	11.56	11.66	42332600	494119136.00
2017/07/14	11.63	11.85	11.55	11.61	45952400	538034176.00
2017/07/17	11.10	11.10	10.45	10.45	114725400	1238951168.00
2017/07/18	10.31	10.78	10.20	10.59	78803900	826798656.00
2017/07/19	10.54	10.83	10.42	10.83	70859700	756806656.00
2017/07/20	10.91	11.31	10.87	10.95	87821800	975631424.00
2017/07/21	10.91	11.02	10.77	10.83	42860188	466013824.00
2017/07/24	10.78	10.93	10.66	10.80	46956300	507169856.00
2017/07/25	10.74	10.94	10.74	10.78	40113300	434461408.00
2017/07/26	10.78	10.84	10.64	10.69	36303200	389539200.00
2017/07/27	10.70	11.69	10.64	11.56	158839700	1783730560.00
2017/07/28	11.38	11.48	11.25	11.33	87141400	987781376.00
2017/07/31	11.23	11.77	11.14	11.51	102173800	1171436160.00
2017/08/01	11.45	11.92	11.40	11.90	117406000	1371875456.00
2017/08/02	11.82	12.33	11.78	12.01	145224800	1754297856.00
2017/08/03	12.01	13.21	11.89	12.86	363929800	4691921408.00
2017/08/04	12.87	13.25	12.71	13.07	234462400	3049631232.00
2017/08/07	12.99	13.58	12.88	12.97	212585600	2803265280.00
2017/08/08	12.90	13.46	12.82	13.30	219904000	2890574848.00
2017/08/09	13.20	13.25	12.83	12.94	151449400	1974097792.00
2017/08/10	12.87	13.26	12.76	12.94	144822000	1884821504.00
2017/08/11	12.80	13.22	12.65	12.83	166817300	2157962752.00
2017/08/14	12.87	13.55	12.83	13.45	225277100	2981897728.00
2017/08/15	13.40	13.54	13.16	13.28	140713200	1870903936.00
2017/08/16	13.28	14.35	13.20	14.12	300937200	4175917312.00
2017/08/17	13.99	14.47	13.92	14.06	228594000	3239531264.00
2017/08/18	13.93	14.06	13.62	13.68	144571000	1998346112.00
2017/08/21	13.63	13.79	13.43	13.79	117366600	1598343296.00
2017/08/22	13.65	13.85	13.47	13.53	104611100	1424826496.00
2017/08/23	13.56	13.61	13.05	13.16	147000900	1955157504.00
2017/08/24	13.14	13.32	12.95	13.21	117489600	1545146752.00
2017/08/25	13.17	13.95	13.12	13.95	208159200	2829295360.00
2017/08/28	14.03	15.30	13.88	14.82	351087800	5143302656.00
2017/08/29	14.66	14.95	14.51	14.74	162386300	2388499456.00
2017/08/30	14.74	15.11	14.62	14.69	149758500	2226276864.00
2017/08/31	14.64	14.94	14.64	14.84	111683100	1649079552.00
2017/09/01	14.88	15.48	14.67	15.27	189714100	2857524736.00
数据来源:通达信
