300122 智飞生物 日线 前复权
      日期	    开盘	    最高	    最低	    收盘	    成交量	    成交额
2010/09/28	10.37	10.55	9.26	9.29	18012493	720143296.00
2010/09/29	9.40	9.70	9.17	9.34	7078598	277506112.00
2010/09/30	9.36	9.81	9.36	9.74	7132088	284593184.00
2010/10/08	9.82	9.87	9.50	9.78	6039982	243142176.00
2010/10/11	9.70	9.73	9.31	9.54	5091757	200014112.00
2010/10/12	9.45	9.54	9.32	9.32	2649408	103197016.00
2010/10/13	9.29	9.48	9.18	9.46	2939525	113758080.00
2010/10/14	9.43	9.48	9.19	9.20	2229776	86222584.00
2010/10/15	9.18	9.32	8.91	8.92	3778903	142149136.00
2010/10/18	8.90	8.90	8.58	8.82	2132913	77387088.00
2010/10/19	8.88	9.40	8.85	9.28	3483392	133424168.00
2010/10/20	9.03	9.44	9.03	9.36	3224253	124911104.00
2010/10/21	9.33	9.45	9.16	9.38	2160535	83486208.00
2010/10/22	9.48	9.78	9.30	9.42	3494671	137947088.00
2010/10/25	9.43	9.63	9.42	9.55	2632778	104025120.00
2010/10/26	9.59	9.59	9.32	9.41	1884804	73591792.00
2010/10/27	9.58	9.77	9.31	9.31	2769987	109687256.00
2010/10/28	9.28	9.42	9.15	9.39	2120646	81722104.00
2010/10/29	9.48	10.12	9.42	9.90	5462033	221163968.00
2010/11/01	10.22	10.35	9.98	10.10	3855554	161824832.00
2010/11/02	10.20	10.20	9.70	9.70	3240400	132341560.00
2010/11/03	9.62	9.62	9.29	9.33	2230504	87587720.00
2010/11/04	9.40	9.64	9.39	9.59	1570974	62039224.00
2010/11/05	9.65	9.70	9.48	9.52	1375780	54338176.00
2010/11/08	9.55	9.85	9.53	9.82	1786406	72071200.00
2010/11/09	9.80	9.95	9.65	9.90	1797553	72939976.00
2010/11/10	9.92	10.33	9.92	10.18	3061051	128795296.00
2010/11/11	10.13	11.18	10.03	10.68	5418816	235087088.00
2010/11/12	10.75	11.15	10.04	10.15	5014894	218861776.00
2010/11/15	10.30	11.15	10.18	11.07	4255664	188104320.00
2010/11/16	11.17	11.18	10.37	10.72	4014611	179485808.00
2010/11/17	10.50	10.84	9.95	10.18	2468799	106452728.00
2010/11/18	10.21	10.32	9.81	10.10	1684666	70376704.00
2010/11/19	10.15	10.60	10.14	10.42	2705618	115605232.00
2010/11/22	10.38	10.75	10.15	10.37	3253789	140375680.00
2010/11/23	10.35	10.55	10.16	10.42	1863140	79796080.00
2010/11/24	10.38	10.85	10.32	10.78	2825331	123719904.00
2010/11/25	10.83	10.89	10.33	10.43	2290142	99923736.00
2010/11/26	10.40	10.57	10.33	10.43	1509665	65289236.00
2010/11/29	10.40	10.57	10.33	10.42	1670640	72284896.00
2010/11/30	10.42	10.54	9.67	9.96	2624364	109222864.00
2010/12/01	9.90	9.95	9.74	9.79	971688	39548224.00
2010/12/02	9.95	9.98	9.68	9.73	1218357	49384472.00
2010/12/03	9.74	9.78	9.57	9.57	984373	39360716.00
2010/12/06	9.61	9.72	9.54	9.68	594668	23720502.00
2010/12/07	9.64	9.82	9.58	9.80	697787	28156752.00
2010/12/08	9.75	10.10	9.75	9.95	1495418	61862356.00
2010/12/09	9.83	9.98	9.61	9.62	710462	28743092.00
2010/12/10	9.59	9.82	9.45	9.74	523777	21104156.00
2010/12/13	9.83	10.00	9.81	9.96	1339335	55101300.00
2010/12/14	9.92	10.01	9.86	9.98	1150853	47302320.00
2010/12/15	9.95	10.05	9.89	9.92	955524	39410628.00
2010/12/16	9.95	10.04	9.90	9.96	1046917	43314496.00
2010/12/17	9.93	10.00	9.90	10.00	766880	31629102.00
2010/12/20	10.01	10.11	9.54	9.70	1053950	42802436.00
2010/12/21	9.76	9.80	9.62	9.71	740036	29734058.00
2010/12/22	9.80	9.80	9.54	9.57	1200434	47897416.00
2010/12/23	9.62	9.65	9.37	9.41	871439	34295396.00
2010/12/24	9.40	9.40	9.16	9.23	915063	35063200.00
2010/12/27	9.35	9.40	9.09	9.11	642079	24634322.00
2010/12/28	8.93	8.98	8.35	8.40	3466723	122947240.00
2010/12/29	8.43	8.50	8.30	8.48	1729245	60490624.00
2010/12/30	8.48	8.53	8.20	8.43	1142781	39909172.00
2010/12/31	8.40	8.55	8.40	8.52	1177021	41604860.00
2011/01/04	8.57	8.82	8.49	8.77	1521459	54980196.00
2011/01/05	8.67	9.08	8.67	8.85	1429191	52898096.00
2011/01/06	8.81	8.93	8.66	8.69	870782	31624500.00
2011/01/07	8.73	8.81	8.60	8.64	709557	25719516.00
2011/01/10	8.64	8.64	8.37	8.39	903948	31876104.00
2011/01/11	8.38	8.58	8.36	8.47	716037	25272218.00
2011/01/12	8.47	8.55	8.36	8.48	451316	15878171.00
2011/01/13	8.49	8.53	8.31	8.37	752555	26347654.00
2011/01/14	8.35	8.48	8.23	8.26	986630	34208716.00
2011/01/17	8.25	8.25	7.56	7.65	1544202	50489352.00
2011/01/18	7.58	7.70	7.58	7.65	492227	15729763.00
2011/01/19	7.69	7.80	7.66	7.77	424864	13766802.00
2011/01/20	7.73	7.93	7.55	7.55	601148	19413618.00
2011/01/21	7.54	7.82	7.49	7.75	547972	17474420.00
2011/01/24	7.82	7.89	7.68	7.75	850228	27677732.00
2011/01/25	7.74	7.95	7.57	7.89	973534	31859390.00
2011/01/26	7.90	8.17	7.89	8.05	1082125	36609252.00
2011/01/27	7.99	8.08	7.91	8.03	565839	18851690.00
2011/01/28	8.07	8.07	7.84	7.94	581912	19241454.00
2011/01/31	7.94	7.98	7.85	7.94	371099	12283176.00
2011/02/01	7.96	8.10	7.96	7.98	376619	12597277.00
2011/02/09	7.93	8.06	7.86	7.86	265955	8819902.00
2011/02/10	7.86	8.22	7.80	8.14	787005	26494816.00
2011/02/11	8.13	8.31	8.08	8.27	958462	32800416.00
2011/02/14	8.35	8.39	8.26	8.33	822133	28556980.00
2011/02/15	8.33	8.36	8.23	8.27	715125	24721530.00
2011/02/17	8.38	8.44	8.27	8.41	829984	28886412.00
2011/02/18	8.40	8.40	8.20	8.22	885474	30546192.00
2011/02/21	8.17	8.41	8.15	8.38	712019	24591396.00
2011/02/22	8.40	8.43	8.07	8.13	1269435	43668356.00
2011/02/23	8.13	8.39	8.06	8.33	713906	24530204.00
2011/02/24	8.35	8.57	8.33	8.53	1138082	40110956.00
2011/02/25	8.53	8.54	8.32	8.45	645015	22528510.00
2011/02/28	8.42	8.44	8.32	8.40	521487	18217654.00
2011/03/01	8.40	8.58	8.35	8.47	669159	23631928.00
2011/03/02	8.47	8.70	8.36	8.64	1475214	52796108.00
2011/03/03	8.66	8.72	8.39	8.41	654638	23185666.00
2011/03/04	8.41	8.44	8.30	8.44	438586	15274158.00
2011/03/07	8.48	8.52	8.39	8.43	458073	16091011.00
2011/03/08	8.47	8.47	8.38	8.44	589510	20675938.00
2011/03/09	9.03	9.03	8.65	8.89	5220281	192395232.00
2011/03/10	8.90	9.00	8.52	8.54	2795829	102105744.00
2011/03/11	8.60	8.73	8.53	8.55	1917853	68647816.00
2011/03/14	8.60	8.77	8.54	8.74	1492565	53619512.00
2011/03/15	8.75	8.76	8.39	8.49	1440200	50941852.00
2011/03/16	8.49	8.58	8.47	8.55	998597	35385908.00
2011/03/17	8.54	8.54	8.36	8.37	819217	28784864.00
2011/03/18	8.42	8.57	8.40	8.49	464543	16408651.00
2011/03/21	8.48	8.54	8.41	8.46	365105	12868660.00
2011/03/22	8.45	8.46	8.31	8.41	995985	34726992.00
2011/03/23	8.34	8.50	8.31	8.44	745075	26163252.00
2011/03/24	8.50	8.73	8.45	8.67	1424977	51313284.00
2011/03/25	8.65	8.79	8.58	8.73	821762	29841854.00
2011/03/28	8.67	8.93	8.66	8.86	1450025	53227392.00
2011/03/29	8.71	8.91	8.68	8.87	1167770	42798296.00
2011/03/31	8.80	8.85	8.60	8.78	979877	35761452.00
2011/04/01	8.77	8.79	8.65	8.73	593758	21487672.00
2011/04/06	8.73	8.83	8.48	8.53	919180	32918636.00
2011/04/07	8.45	8.48	8.13	8.16	942975	32320172.00
2011/04/08	8.09	8.34	8.09	8.27	626474	21497324.00
2011/04/11	8.37	8.49	8.25	8.38	721897	25307460.00
2011/04/12	8.27	8.45	8.27	8.40	346452	12117801.00
2011/04/13	8.40	8.64	8.40	8.60	497623	17743124.00
2011/04/14	8.65	8.73	8.55	8.72	450287	16119704.00
2011/04/15	8.74	8.85	8.65	8.77	505575	18343234.00
2011/04/19	8.79	8.82	8.58	8.60	599631	21589506.00
2011/04/20	8.58	8.95	8.58	8.73	544497	19796348.00
2011/04/21	8.73	8.78	8.68	8.73	312889	11292706.00
2011/04/22	8.73	8.73	8.46	8.51	347177	12290303.00
2011/04/25	8.43	8.68	8.43	8.48	293629	10389532.00
2011/04/26	8.58	8.62	8.37	8.40	462261	16214321.00
2011/04/27	8.40	8.62	8.20	8.20	245896	8507204.00
2011/04/28	8.35	8.35	7.73	7.87	284999	9577689.00
2011/04/29	7.90	8.11	7.74	8.03	328782	10819766.00
2011/05/03	7.99	8.10	7.85	8.01	190212	6320941.00
2011/05/04	8.08	8.24	8.03	8.08	244184	8204064.00
2011/05/05	8.10	8.21	8.03	8.06	176841	5953278.50
2011/05/06	8.06	8.13	7.85	8.05	232573	7708230.50
2011/05/09	8.02	8.19	8.02	8.14	153086	5158545.00
2011/05/10	8.18	8.18	8.08	8.15	97881	3300566.25
2011/05/11	8.02	8.16	8.02	8.12	76615	2581882.25
2011/05/12	8.06	8.18	7.88	7.94	237635	7901369.50
2011/05/13	8.77	8.77	8.20	8.27	1757738	62296376.00
2011/05/16	8.20	8.20	7.89	7.96	1063770	35238576.00
2011/05/17	7.96	8.00	7.80	7.87	430779	14057691.00
2011/05/18	7.90	7.90	7.74	7.77	369305	11936476.00
2011/05/19	7.81	7.86	7.75	7.80	245799	7953985.00
2011/05/20	7.80	7.80	7.68	7.70	296601	9500358.00
2011/05/23	7.67	7.67	7.22	7.33	452881	13952762.00
2011/05/24	7.28	7.33	6.98	7.21	649088	19431528.00
2011/05/25	7.14	7.18	6.85	6.90	391553	11399124.00
2011/05/26	7.01	7.01	6.86	6.88	291396	8385153.50
2011/05/27	6.90	6.94	6.83	6.84	254847	7311037.00
2011/05/30	6.83	6.99	6.78	6.86	247177	7134633.00
2011/05/31	6.84	6.95	6.84	6.94	348389	10007982.00
2011/06/01	6.91	7.11	6.86	7.03	630590	18458024.00
2011/06/02	6.96	6.96	6.70	6.73	485836	13699837.00
2011/06/03	6.74	6.84	6.70	6.79	349017	9894516.00
2011/06/07	6.76	6.97	6.75	6.91	382245	11027709.00
2011/06/08	6.93	6.94	6.81	6.86	271276	7751079.50
2011/06/09	6.85	6.88	6.75	6.75	176229	5014932.50
2011/06/10	6.71	6.89	6.61	6.83	738232	20852726.00
2011/06/13	6.70	6.82	6.68	6.79	162945	4594233.50
2011/06/14	6.80	6.85	6.78	6.83	210204	5982699.00
2011/06/15	6.79	6.86	6.79	6.82	313534	8934676.00
2011/06/16	6.83	6.83	6.66	6.67	212500	5972862.00
2011/06/17	6.77	6.77	6.52	6.64	224514	6274720.50
2011/06/20	6.68	6.68	6.49	6.51	320471	8758447.00
2011/06/21	6.51	6.61	6.51	6.59	216921	5963300.00
2011/06/22	6.56	6.62	6.55	6.58	172935	4770756.50
2011/06/23	6.47	6.71	6.47	6.69	195226	5436410.00
2011/06/24	6.82	6.87	6.66	6.85	353995	10092927.00
2011/06/27	6.95	6.95	6.77	6.80	432809	12331104.00
2011/06/28	6.80	6.82	6.71	6.77	289722	8186940.00
2011/06/29	6.72	6.82	6.61	6.61	396070	11059227.00
2011/06/30	6.69	6.76	6.64	6.70	324570	9061201.00
2011/07/01	6.83	6.84	6.68	6.76	417384	11837602.00
2011/07/04	6.76	6.98	6.76	6.95	831092	23886970.00
2011/07/05	6.92	7.00	6.89	6.95	410458	11892962.00
2011/07/06	6.98	7.08	6.88	7.04	594545	17271544.00
2011/07/07	7.00	7.23	6.99	7.13	815299	24193558.00
2011/07/08	7.08	7.14	6.89	6.93	853767	24846864.00
2011/07/11	6.93	7.04	6.90	6.96	831673	24105964.00
2011/07/12	6.92	6.95	6.78	6.81	955076	27230670.00
2011/07/13	6.82	7.28	6.82	7.20	1489748	44206888.00
2011/07/14	7.15	7.32	7.08	7.27	844471	25356464.00
2011/07/15	7.35	8.03	7.35	8.03	2969538	95761536.00
2011/07/18	7.98	8.08	7.82	7.90	2341514	76942944.00
2011/07/19	7.87	7.87	7.43	7.59	2105942	66028992.00
2011/07/20	7.58	7.66	7.47	7.53	713143	22306412.00
2011/07/21	7.65	7.70	7.48	7.49	1269709	39840104.00
2011/07/22	7.46	7.60	7.46	7.52	950697	29783892.00
2011/07/25	7.54	7.55	6.83	6.97	1330704	39745528.00
2011/07/26	6.88	6.96	6.78	6.94	923049	26531906.00
2011/07/27	6.84	7.18	6.84	7.15	867780	25672808.00
2011/07/28	7.10	7.29	6.96	7.12	657569	19620024.00
2011/07/29	7.02	7.17	6.99	7.03	452026	13286706.00
2011/08/01	7.03	7.33	7.03	7.20	642371	19273858.00
2011/08/02	7.22	7.51	7.22	7.34	1045270	32145492.00
2011/08/03	7.24	7.55	7.16	7.28	685267	20990306.00
2011/08/04	7.25	7.44	7.23	7.28	450688	13739061.00
2011/08/05	6.98	7.27	6.96	7.18	583749	17459796.00
2011/08/08	6.98	7.28	6.83	6.97	658412	19339202.00
2011/08/09	6.93	7.08	6.68	7.05	423413	12190300.00
2011/08/10	7.12	7.60	7.12	7.57	1920484	59053276.00
2011/08/11	7.40	7.65	7.37	7.58	1616410	50325668.00
2011/08/12	7.57	7.60	7.40	7.50	903652	28096098.00
2011/08/15	7.58	7.60	7.42	7.51	768205	23993982.00
2011/08/16	7.52	7.56	7.39	7.40	854505	26506502.00
2011/08/17	7.39	7.40	7.21	7.39	607758	18444854.00
2011/08/18	7.39	7.41	7.25	7.40	425338	12998681.00
2011/08/19	7.30	7.52	7.20	7.49	815818	25185294.00
2011/08/22	7.45	7.65	7.45	7.52	1293740	40650056.00
2011/08/23	7.53	7.70	7.46	7.64	818346	25851194.00
2011/08/24	7.66	8.20	7.59	7.80	1836648	60366128.00
2011/08/25	7.80	7.87	7.52	7.71	1138418	36271512.00
2011/08/29	7.76	7.77	7.52	7.61	640800	20283548.00
2011/08/30	7.65	7.70	7.42	7.42	590279	18567022.00
2011/08/31	7.38	7.44	7.23	7.30	461800	14038125.00
2011/09/01	7.34	7.37	7.23	7.25	252875	7689633.00
2011/09/02	7.24	7.42	7.20	7.42	361761	10982694.00
2011/09/05	7.38	7.43	7.25	7.29	219443	6663890.00
2011/09/06	7.28	7.28	7.11	7.13	359559	10757099.00
2011/09/07	7.20	7.30	7.14	7.28	188935	5675238.00
2011/09/08	7.26	7.50	7.26	7.39	430740	13269951.00
2011/09/09	7.40	7.47	7.26	7.39	252496	7719889.50
2011/09/13	7.28	7.28	7.07	7.25	296308	8851755.00
2011/09/14	7.25	7.34	7.13	7.33	167629	5065998.50
2011/09/15	7.39	7.39	7.23	7.28	175352	5328195.00
2011/09/16	7.33	7.34	7.20	7.28	208789	6314608.50
2011/09/19	7.26	7.26	7.07	7.07	199034	5900922.50
2011/09/20	6.99	7.11	6.99	7.00	123474	3619190.25
2011/09/21	7.00	7.15	6.91	7.13	328114	9675914.00
2011/09/22	7.08	7.12	6.88	6.88	191999	5578732.00
2011/09/23	6.81	6.94	6.72	6.83	347648	9951054.00
2011/09/26	6.83	6.88	6.75	6.76	247427	7031214.00
2011/09/27	6.83	6.91	6.73	6.79	228342	6464481.00
2011/09/28	6.83	6.85	6.69	6.69	234099	6594934.00
2011/09/29	6.51	6.69	6.47	6.47	197501	5433337.00
2011/09/30	6.59	6.85	6.50	6.62	80017	2200716.50
2011/10/10	6.80	6.80	6.63	6.68	83400	2337216.50
2011/10/11	6.76	6.87	6.64	6.69	85700	2410795.00
2011/10/12	6.65	6.89	6.65	6.85	216855	6162679.00
2011/10/13	6.85	6.95	6.82	6.94	193976	5597648.50
2011/10/14	6.91	6.98	6.78	6.98	263449	7580807.50
2011/10/17	6.98	6.99	6.88	6.90	175020	5051203.50
2011/10/18	6.95	6.95	6.81	6.85	185610	5307374.50
2011/10/19	6.85	6.90	6.84	6.84	129386	3704845.25
2011/10/20	6.75	6.84	6.54	6.56	215900	6000378.00
2011/10/21	6.49	6.51	6.00	6.27	501077	13213711.00
2011/10/24	6.20	6.39	6.10	6.39	252459	6601573.00
2011/10/25	6.33	6.50	6.23	6.49	156571	4234082.00
2011/10/26	6.49	6.75	6.49	6.68	467397	12935600.00
2011/10/27	7.04	7.36	6.76	6.77	1241188	36308048.00
2011/10/28	6.75	6.82	6.62	6.74	879079	24564406.00
2011/10/31	6.71	6.75	6.64	6.75	348421	9750476.00
2011/11/01	6.73	7.07	6.67	6.95	894685	25747300.00
2011/11/02	6.80	6.95	6.62	6.92	563330	15976167.00
2011/11/03	6.91	7.35	6.90	7.15	1541303	45684152.00
2011/11/04	7.18	7.25	6.95	7.18	886770	26275356.00
2011/11/07	7.17	7.17	7.01	7.05	423427	12513025.00
2011/11/08	7.05	7.15	6.83	6.90	428701	12476154.00
2011/11/09	6.97	7.01	6.83	7.01	416670	12096642.00
2011/11/10	6.95	7.10	6.92	7.01	437234	12824206.00
2011/11/11	6.98	7.07	6.93	6.94	235395	6857062.50
2011/11/14	6.93	7.32	6.93	7.25	1574188	47067080.00
2011/11/15	7.25	7.50	7.25	7.35	2156538	66436584.00
2011/11/16	7.35	7.35	6.96	7.01	1235510	36579220.00
2011/11/17	7.01	7.12	6.95	6.98	684831	20016536.00
2011/11/18	6.95	7.03	6.72	6.80	854099	24422234.00
2011/11/21	6.87	6.87	6.74	6.82	342160	9708147.00
2011/11/22	6.75	6.98	6.75	6.92	307525	8854331.00
2011/11/23	6.87	7.08	6.87	7.06	443866	12957043.00
2011/11/24	6.98	7.54	6.95	7.27	1423414	43310604.00
2011/11/25	7.21	7.40	7.13	7.20	844855	25486410.00
2011/11/28	7.23	7.28	7.13	7.21	354108	10632584.00
2011/11/29	7.36	7.53	7.15	7.25	1269272	38798208.00
2011/11/30	7.15	7.32	6.88	7.00	794867	23467020.00
2011/12/01	7.22	7.45	7.05	7.31	1134406	34507588.00
2011/12/02	7.21	7.33	7.13	7.15	954675	28629226.00
2011/12/05	7.05	7.05	6.71	6.71	628079	17915352.00
2011/12/06	6.72	6.73	6.53	6.67	341491	9451551.00
2011/12/07	6.79	6.84	6.62	6.74	192735	5439646.50
2011/12/08	6.64	6.77	6.48	6.59	225200	6223936.00
2011/12/09	6.55	6.67	6.51	6.58	115436	3177740.50
2011/12/12	6.64	6.64	6.52	6.55	88200	2429373.00
2011/12/13	6.56	6.61	6.35	6.35	263525	7094876.00
2011/12/15	6.24	6.33	6.04	6.10	407414	10472981.00
2011/12/16	6.16	6.25	6.07	6.25	262343	6749325.00
2011/12/19	6.27	6.27	6.11	6.25	181300	4709602.00
2011/12/20	6.14	6.31	6.14	6.27	139900	3668869.25
2011/12/21	6.45	6.90	6.36	6.36	472488	12937100.00
2011/12/22	6.23	6.37	5.95	6.12	450940	11547984.00
2011/12/23	6.10	6.19	6.01	6.10	340138	8666725.00
2011/12/26	6.08	6.08	5.78	5.78	369639	9235152.00
2011/12/27	5.75	5.94	5.71	5.92	710024	17520570.00
2011/12/28	5.83	6.28	5.83	6.24	760320	19460134.00
2011/12/29	6.24	6.40	6.05	6.18	718310	18529882.00
2011/12/30	6.13	6.50	6.09	6.47	615554	16338742.00
2012/01/04	6.47	6.48	6.28	6.30	91883	2446862.50
2012/01/05	6.21	6.35	6.02	6.08	260384	6782299.50
2012/01/06	6.10	6.39	6.09	6.20	280740	7347907.00
2012/01/09	6.17	6.25	5.85	6.23	550310	14170679.00
2012/01/10	6.22	6.49	6.10	6.48	796978	20980356.00
2012/01/11	6.33	6.49	6.20	6.33	417029	11101950.00
2012/01/12	6.22	6.39	6.20	6.22	294228	7719828.00
2012/01/13	6.27	6.27	5.90	5.90	421269	10580480.00
2012/01/16	5.74	5.77	5.28	5.28	835280	19092852.00
2012/01/17	5.18	5.44	5.08	5.40	452855	10052804.00
2012/01/18	5.40	5.40	4.90	4.93	380189	8308790.50
2012/01/19	5.28	5.45	5.15	5.16	2184900	49679092.00
2012/01/20	5.15	5.15	4.70	4.97	1734752	36316600.00
2012/01/30	4.91	5.07	4.87	5.04	657003	13936710.00
2012/01/31	5.04	5.04	4.91	4.95	332547	6963607.50
2012/02/01	4.96	5.20	4.90	5.05	1016694	21961834.00
2012/02/02	5.06	5.19	5.04	5.11	678698	14598080.00
2012/02/03	5.12	5.20	5.10	5.19	631634	13818377.00
2012/02/06	5.19	5.50	5.19	5.45	1206705	27471396.00
2012/02/07	5.62	5.89	5.51	5.53	1793172	42576888.00
2012/02/08	5.50	5.60	5.36	5.56	1146861	26638950.00
2012/02/09	5.56	5.77	5.54	5.64	974959	23227904.00
2012/02/10	5.73	5.79	5.60	5.63	726338	17421400.00
2012/02/13	5.60	5.77	5.59	5.74	1206829	28981262.00
2012/02/14	5.74	5.75	5.63	5.68	470996	11247927.00
2012/02/15	5.67	5.72	5.63	5.68	476651	11388384.00
2012/02/16	5.65	5.73	5.58	5.63	522886	12421120.00
2012/02/17	5.65	5.65	5.45	5.53	497354	11577553.00
2012/02/20	5.65	5.70	5.59	5.60	632135	14995225.00
2012/02/21	5.60	5.64	5.50	5.63	426549	9986337.00
2012/02/22	5.70	5.82	5.60	5.80	1070001	25866636.00
2012/02/23	5.86	5.86	5.72	5.78	661722	16095498.00
2012/02/24	5.80	6.10	5.77	5.99	1160713	29047050.00
2012/02/27	5.99	6.08	5.88	5.91	1134676	28349534.00
2012/02/28	5.89	5.94	5.68	5.73	653224	15842550.00
2012/02/29	5.75	5.83	5.63	5.70	503779	12164017.00
2012/03/01	5.64	5.75	5.64	5.73	351974	8459947.00
2012/03/02	5.70	5.82	5.70	5.80	427648	10389412.00
2012/03/05	5.83	5.85	5.75	5.75	420000	10230091.00
2012/03/06	5.73	5.76	5.66	5.68	422742	10137265.00
2012/03/07	5.63	5.70	5.60	5.66	297158	7074492.50
2012/03/08	5.66	5.77	5.65	5.71	355300	8511082.00
2012/03/09	5.75	5.95	5.75	5.90	663129	16363665.00
2012/03/12	6.01	6.02	5.83	6.01	733796	18334696.00
2012/03/13	5.98	6.05	5.94	6.01	596383	14943598.00
2012/03/14	5.97	6.20	5.70	5.75	1211092	30493562.00
2012/03/15	5.77	5.82	5.40	5.54	939624	21996052.00
2012/03/16	5.54	5.65	5.50	5.61	456457	10737610.00
2012/03/19	5.70	5.82	5.67	5.77	507500	12269193.00
2012/03/20	5.75	5.75	5.58	5.59	370359	8776039.00
2012/03/21	5.61	5.68	5.38	5.52	379033	8799533.00
2012/03/22	5.52	5.55	5.45	5.52	155159	3594112.00
2012/03/23	5.50	5.53	5.43	5.47	203580	4687359.00
2012/03/26	5.45	5.48	5.33	5.43	170236	3895622.00
2012/03/27	5.43	5.59	5.43	5.49	315068	7312684.50
2012/03/28	5.48	5.48	5.22	5.23	356991	8003548.50
2012/03/29	5.22	5.22	5.08	5.18	401820	8784442.00
2012/03/30	5.20	5.26	5.01	5.09	422510	9157315.00
2012/04/05	5.04	5.20	5.04	5.20	375300	8204741.00
2012/04/06	5.20	5.24	5.15	5.18	132630	2909401.50
2012/04/09	5.13	5.22	5.10	5.12	89032	1940841.25
2012/04/10	5.06	5.18	5.05	5.15	216322	4669761.50
2012/04/11	5.12	5.28	5.05	5.17	137535	3002547.00
2012/04/12	5.24	5.32	5.15	5.29	238421	5301217.00
2012/04/13	5.23	5.42	5.23	5.38	426434	9616271.00
2012/04/16	5.34	5.38	5.28	5.34	224877	5072872.50
2012/04/17	5.30	5.45	5.24	5.33	337900	7676002.50
2012/04/19	5.47	5.89	5.45	5.83	2653938	64439296.00
2012/04/20	5.71	5.85	5.66	5.80	1513483	36724564.00
2012/04/23	5.73	5.75	5.45	5.55	1078565	25291790.00
2012/04/24	5.55	5.58	5.23	5.37	705743	16087190.00
2012/04/25	5.37	5.60	5.30	5.50	584309	13597900.00
2012/04/26	5.52	5.71	5.39	5.39	314801	7221687.00
2012/04/27	5.38	5.50	5.27	5.45	331763	7453546.00
2012/05/02	5.36	5.52	5.36	5.46	484487	10959453.00
2012/05/03	5.43	5.88	5.40	5.70	900394	21386068.00
2012/05/04	5.65	5.80	5.65	5.79	680824	16314564.00
2012/05/07	5.82	5.91	5.77	5.81	740701	18002482.00
2012/05/08	5.86	5.86	5.73	5.75	522446	12576605.00
2012/05/09	5.71	5.75	5.52	5.64	449116	10553334.00
2012/05/10	5.64	5.75	5.58	5.74	345176	8185571.00
2012/05/11	5.74	6.01	5.68	5.84	632542	15359430.00
2012/05/14	5.86	6.15	5.82	6.06	1179200	29534662.00
2012/05/15	5.99	6.15	5.94	6.05	804888	20369112.00
2012/05/16	5.95	6.09	5.90	5.92	593591	14662094.00
2012/05/17	5.91	5.99	5.88	5.96	247670	6102916.00
2012/05/18	5.92	6.00	5.77	5.84	503515	12310056.00
2012/05/21	5.84	6.04	5.77	5.89	588874	14381815.00
2012/05/22	5.81	6.07	5.81	6.05	522827	13004028.00
2012/05/23	6.04	6.27	5.99	6.06	329409	8348724.50
2012/05/24	6.04	6.14	5.96	6.05	406520	10203137.00
2012/05/25	6.02	6.03	5.77	5.97	300844	7381573.00
2012/05/28	5.95	5.96	5.85	5.95	174179	4275157.50
2012/05/29	5.89	6.14	5.89	6.14	354534	8881268.00
2012/05/30	6.13	6.26	6.11	6.16	405752	10449125.00
2012/05/31	6.15	6.24	6.08	6.17	295343	7577861.00
2012/06/01	6.21	6.21	6.12	6.17	185625	4736040.50
2012/06/04	6.01	6.22	5.92	6.16	560866	14258789.00
2012/06/05	6.16	6.30	6.08	6.27	551700	14291437.00
2012/06/06	6.27	6.55	6.22	6.52	1309000	35065300.00
2012/06/07	6.64	6.67	6.27	6.31	1076531	28447664.00
2012/06/08	6.36	6.36	6.14	6.24	604910	15617298.00
2012/06/11	6.24	6.44	6.21	6.39	896534	23606714.00
2012/06/12	6.34	6.37	6.04	6.37	901394	23369038.00
2012/06/13	6.29	6.34	6.24	6.29	649811	16937916.00
2012/06/14	6.30	6.43	6.27	6.42	911169	24055018.00
2012/06/15	6.38	6.52	6.21	6.42	1426718	37568964.00
2012/06/18	6.42	6.49	6.07	6.16	2881201	74577888.00
2012/06/19	6.09	6.29	6.04	6.14	2067530	52969624.00
2012/06/20	6.09	6.17	6.02	6.04	948833	24057536.00
2012/06/21	5.92	6.06	5.92	5.93	986110	24575834.00
2012/06/25	5.93	6.03	5.82	5.90	859869	21348336.00
2012/06/26	5.82	5.93	5.77	5.91	756333	18316994.00
2012/06/27	5.93	6.03	5.87	5.94	665560	16529698.00
2012/06/28	5.93	6.03	5.91	5.96	663438	16556928.00
2012/06/29	6.02	6.24	5.97	6.14	1070748	27369504.00
2012/07/02	6.22	6.36	6.15	6.28	735307	19185298.00
2012/07/03	6.29	6.35	6.20	6.24	384449	9974100.00
2012/07/04	6.26	6.30	6.19	6.21	407544	10552430.00
2012/07/05	6.26	6.30	6.06	6.14	691553	17559418.00
2012/07/06	6.18	6.29	6.06	6.25	526398	13544775.00
2012/07/09	6.18	6.31	6.17	6.24	594268	15415947.00
2012/07/10	6.17	6.18	5.97	6.02	510723	12793168.00
2012/07/11	5.99	6.06	5.85	6.05	330410	8224084.00
2012/07/12	6.02	6.19	6.02	6.14	403942	10282681.00
2012/07/13	6.16	6.23	6.09	6.17	273789	7023359.00
2012/07/16	6.17	6.23	5.97	6.02	288119	7288325.00
2012/07/17	5.92	5.97	5.73	5.79	336174	8102637.50
2012/07/18	5.87	5.89	5.77	5.88	195392	4735760.00
2012/07/19	5.89	6.05	5.82	5.95	242360	5988622.50
2012/07/20	5.99	6.09	5.95	6.08	276862	6940314.00
2012/07/23	6.02	6.21	6.02	6.11	324801	8247833.50
2012/07/24	6.14	6.20	6.09	6.15	239281	6106243.50
2012/07/25	6.12	6.22	6.12	6.21	274008	7041802.00
2012/07/26	6.17	6.48	6.10	6.32	1000694	26443154.00
2012/07/27	6.38	6.39	6.18	6.31	398220	10410676.00
2012/07/30	6.29	6.33	6.02	6.17	508091	12942761.00
2012/07/31	6.20	6.29	6.08	6.21	287199	7380107.00
2012/08/01	6.24	6.36	6.17	6.29	330063	8633464.00
2012/08/02	6.29	6.31	6.20	6.24	353922	9215665.00
2012/08/03	6.30	6.39	6.23	6.39	469229	12327138.00
2012/08/06	6.39	6.52	6.32	6.49	449593	12016056.00
2012/08/07	6.47	6.51	6.41	6.51	462968	12382797.00
2012/08/08	6.49	6.53	6.32	6.34	476573	12624405.00
2012/08/09	6.34	6.55	6.34	6.51	511494	13728295.00
2012/08/10	6.55	6.64	6.47	6.58	573900	15617999.00
2012/08/13	6.56	6.85	6.52	6.52	717043	19891636.00
2012/08/14	6.49	6.63	6.45	6.56	326169	8808201.00
2012/08/15	6.57	6.74	6.53	6.70	371301	10235699.00
2012/08/16	6.73	6.73	6.52	6.63	246027	6727039.50
2012/08/17	6.62	6.62	6.50	6.52	195959	5300170.00
2012/08/20	6.44	6.61	6.44	6.60	195925	5326793.50
2012/08/21	6.60	6.79	6.55	6.75	623802	17368892.00
2012/08/22	6.71	6.82	6.58	6.65	361370	9993561.00
2012/08/23	7.20	7.20	6.74	6.82	1648482	46934876.00
2012/08/24	6.57	6.75	6.57	6.61	754008	20756310.00
2012/08/27	6.52	6.57	6.42	6.44	784578	21009192.00
2012/08/28	6.44	6.54	6.39	6.52	349773	9413738.00
2012/08/29	6.54	6.73	6.34	6.60	580938	15899537.00
2012/08/30	6.64	6.75	6.42	6.59	536766	14665627.00
2012/08/31	6.49	6.69	6.49	6.68	215426	5891594.00
2012/09/03	6.68	6.80	6.64	6.67	467582	12994962.00
2012/09/04	6.68	6.72	6.52	6.60	293110	7987166.50
2012/09/05	6.62	6.64	6.56	6.60	145750	3980589.75
2012/09/06	6.71	6.73	6.61	6.73	202457	5605902.00
2012/09/07	6.73	6.90	6.72	6.87	538462	15242185.00
2012/09/10	6.88	6.99	6.82	6.96	479202	13721207.00
2012/09/11	6.97	7.00	6.88	6.96	305653	8774757.00
2012/09/12	6.96	7.15	6.94	7.12	436264	12665834.00
2012/09/13	7.05	7.17	7.02	7.11	589936	17412754.00
2012/09/14	7.09	7.17	6.97	7.04	602275	17552266.00
2012/09/17	7.02	7.03	6.88	6.89	488263	13969403.00
2012/09/18	6.93	7.03	6.84	6.93	307377	8845673.00
2012/09/19	6.92	7.04	6.92	7.03	359936	10412243.00
2012/09/20	7.07	7.07	6.77	6.87	371607	10611184.00
2012/09/21	6.84	6.90	6.59	6.78	344596	9656578.00
2012/09/24	6.82	7.24	6.72	7.14	848644	24800900.00
2012/09/25	7.10	7.19	7.05	7.16	500112	14730005.00
2012/10/09	7.90	7.90	7.90	7.90	760081	24733036.00
2012/10/10	8.52	8.69	8.14	8.51	5653887	194349120.00
2012/10/11	8.39	8.45	8.22	8.28	1871158	64186776.00
2012/10/12	8.25	8.41	8.04	8.23	1467179	49721024.00
2012/10/15	8.23	8.44	8.23	8.36	1163330	39829804.00
2012/10/16	8.34	8.44	8.02	8.04	855538	28523596.00
2012/10/17	8.01	8.16	7.97	8.10	502021	16676025.00
2012/10/18	8.09	8.14	8.02	8.12	541065	18040168.00
2012/10/19	8.06	8.14	7.99	8.02	324688	10764970.00
2012/10/22	7.92	7.96	7.69	7.71	935426	30001424.00
2012/10/23	7.69	7.81	7.64	7.72	554297	17697996.00
2012/10/24	7.64	7.99	7.64	7.72	816924	26410892.00
2012/10/25	7.74	7.74	7.64	7.64	378022	11960873.00
2012/10/26	7.62	7.69	7.55	7.58	355498	11138324.00
2012/10/29	7.59	7.81	7.54	7.58	520876	16460247.00
2012/10/30	7.55	7.70	7.55	7.64	180908	5667595.50
2012/10/31	7.60	7.71	7.57	7.64	339602	10694085.00
2012/11/01	7.71	7.71	7.57	7.63	480791	15097609.00
2012/11/02	7.61	7.75	7.61	7.74	434337	13775865.00
2012/11/05	7.69	7.82	7.62	7.64	321927	10200890.00
2012/11/06	7.62	7.85	7.57	7.82	379697	12018039.00
2012/11/07	7.82	7.98	7.72	7.91	983201	32006842.00
2012/11/08	7.96	7.97	7.82	7.92	569796	18591518.00
2012/11/09	7.98	8.23	7.77	7.98	1140276	37554104.00
2012/11/12	8.06	8.06	7.84	8.05	1118973	36821724.00
2012/11/13	8.09	8.10	7.94	8.05	782298	25927828.00
2012/11/14	8.07	8.07	7.89	8.01	334164	10977990.00
2012/11/15	8.04	8.04	7.80	7.84	445710	14437453.00
2012/11/16	7.77	8.04	7.77	8.02	984424	32261598.00
2012/11/19	8.10	8.10	7.88	7.92	512882	16742069.00
2012/11/20	7.90	8.00	7.90	7.92	81576	2664082.75
2012/11/21	7.92	7.99	7.89	7.99	127050	4158270.25
2012/11/22	7.94	8.42	7.94	8.34	1433562	48804088.00
2012/11/23	8.27	8.44	8.22	8.32	452310	15439749.00
2012/11/26	8.40	8.40	8.22	8.30	493135	16813042.00
2012/11/27	8.33	8.33	8.07	8.15	573449	19276952.00
2012/11/28	8.07	8.09	7.52	7.71	934286	29576708.00
2012/11/29	7.74	7.85	7.65	7.85	486439	15621862.00
2012/11/30	7.92	7.92	7.76	7.88	379543	12210780.00
2012/12/03	7.96	7.96	7.70	7.87	141192	4556328.00
2012/12/04	7.91	7.91	7.77	7.91	241229	7834585.50
2012/12/05	7.98	8.18	7.82	8.18	388140	12856736.00
2012/12/06	8.20	8.21	7.95	8.00	225574	7445614.50
2012/12/07	8.01	8.17	7.93	8.10	352977	11719672.00
2012/12/10	8.17	8.23	8.04	8.10	540361	18033248.00
2012/12/11	8.16	8.17	7.89	8.11	497857	16554420.00
2012/12/12	8.09	8.09	7.80	7.93	334921	10908810.00
2012/12/13	7.98	7.98	7.68	7.69	267319	8556092.00
2012/12/14	7.80	8.04	7.75	7.82	517803	16835066.00
2012/12/17	7.86	8.13	7.79	8.04	326839	10630616.00
2012/12/18	8.06	8.10	7.80	7.81	307300	10046956.00
2012/12/19	7.81	7.99	7.77	7.94	121240	3961409.00
2012/12/20	7.96	7.98	7.89	7.97	192322	6291096.00
2012/12/21	8.02	8.02	7.84	7.94	420664	13746664.00
2012/12/24	7.96	8.35	7.90	8.34	1084381	36342724.00
2012/12/25	8.51	8.51	8.02	8.25	1975926	66502092.00
2012/12/26	8.15	8.24	8.04	8.20	803265	26937972.00
2012/12/27	8.20	8.20	8.01	8.01	686862	22813786.00
2012/12/28	7.92	8.14	7.92	8.03	436756	14480518.00
2012/12/31	7.99	8.11	7.97	8.07	448323	14851816.00
2013/01/04	8.12	8.14	7.99	8.08	673508	22356542.00
2013/01/07	8.30	8.59	8.13	8.30	1889384	64592768.00
2013/01/08	8.29	9.07	8.17	8.98	3329271	117683656.00
2013/01/09	8.79	9.02	8.65	8.98	2419382	87498448.00
2013/01/10	8.89	9.21	8.77	9.05	1374107	50916428.00
2013/01/11	9.17	9.36	8.89	8.93	1376720	51713832.00
2013/01/14	9.04	9.19	8.92	9.11	1294300	48091484.00
2013/01/15	9.11	9.11	8.87	8.92	1584394	58313756.00
2013/01/16	8.92	9.02	8.60	8.72	951221	34273764.00
2013/01/17	8.78	8.84	8.70	8.77	564328	20305610.00
2013/01/18	8.78	9.14	8.78	9.05	890193	32820014.00
2013/01/21	9.06	9.09	8.87	8.88	629972	23178686.00
2013/01/22	8.94	9.05	8.78	8.92	495849	18191814.00
2013/01/23	9.07	9.68	9.06	9.29	1298513	49703780.00
2013/01/24	9.29	9.39	8.92	9.02	986509	36926476.00
2013/01/25	9.02	9.09	8.97	9.00	366753	13555967.00
2013/01/28	9.08	9.27	8.99	9.15	386902	14521520.00
2013/01/29	9.22	9.44	9.11	9.39	968039	37112300.00
2013/01/30	9.39	9.49	9.17	9.31	684861	26248920.00
2013/01/31	9.24	9.35	8.90	9.12	552210	20749984.00
2013/02/01	9.12	9.21	9.00	9.02	356019	13221630.00
2013/02/04	9.02	9.15	8.79	8.82	413468	15165181.00
2013/02/05	8.77	8.95	8.72	8.94	447714	16321947.00
2013/02/06	8.88	8.99	8.49	8.71	934405	33301868.00
2013/02/07	8.69	8.81	8.59	8.70	344616	12302205.00
2013/02/08	8.64	8.99	8.59	8.99	633580	22988186.00
2013/02/18	9.01	9.08	8.94	9.02	716739	26513418.00
2013/02/19	9.04	9.19	8.97	9.06	546845	20357132.00
2013/02/20	9.05	9.19	9.05	9.13	1176234	43884228.00
2013/02/21	9.15	9.43	9.09	9.23	1995735	75947568.00
2013/02/22	9.26	9.42	9.23	9.31	1103317	42234412.00
2013/02/25	9.34	9.34	9.15	9.27	869580	32994652.00
2013/02/26	9.28	9.39	9.17	9.22	650921	24822220.00
2013/02/27	9.22	9.45	9.10	9.45	814266	31126298.00
2013/02/28	9.50	9.52	9.38	9.44	537979	20801162.00
2013/03/01	9.50	9.51	9.27	9.44	784683	30356042.00
2013/03/04	9.43	9.43	9.08	9.18	1031967	38932028.00
2013/03/05	8.97	9.66	8.97	9.33	1927018	73613416.00
2013/03/06	9.44	9.69	9.43	9.59	1518235	59404492.00
2013/03/07	9.37	9.49	9.02	9.19	1772876	67464672.00
2013/03/08	9.19	9.24	8.89	8.94	924480	34194224.00
2013/03/11	9.02	9.43	8.93	9.43	909741	34483692.00
2013/03/12	9.34	9.53	9.08	9.12	965119	36902268.00
2013/03/13	9.21	9.21	8.97	9.17	381511	14213619.00
2013/03/14	9.16	9.27	9.10	9.23	354793	13396356.00
2013/03/15	9.14	9.59	9.09	9.48	1128726	43726860.00
2013/03/18	9.46	9.71	9.40	9.65	1379551	54384184.00
2013/03/19	9.77	9.77	9.24	9.27	1074248	41320064.00
2013/03/20	9.19	9.41	9.14	9.37	443533	16835996.00
2013/03/21	9.75	9.75	9.25	9.45	406049	15756313.00
2013/03/22	9.45	9.45	9.31	9.35	694435	26617768.00
2013/03/25	9.43	9.43	9.16	9.27	528730	20087680.00
2013/03/26	9.26	9.50	9.18	9.50	743729	28548220.00
2013/03/27	9.74	9.88	9.49	9.77	1638392	65206700.00
2013/03/28	9.67	9.88	9.57	9.68	638837	25475528.00
2013/03/29	9.57	9.80	9.57	9.64	341280	13530620.00
2013/04/01	9.65	9.81	9.52	9.70	724695	28625096.00
2013/04/02	9.69	9.92	9.47	9.47	1204692	47801768.00
2013/04/03	9.50	9.61	9.44	9.54	1111741	43318560.00
2013/04/08	9.52	9.52	9.37	9.45	677724	26145402.00
2013/04/09	9.71	9.71	9.33	9.44	647133	25064736.00
2013/04/10	9.49	9.49	9.24	9.29	513052	19586116.00
2013/04/11	9.32	9.41	9.24	9.39	236189	9044461.00
2013/04/12	9.39	9.45	9.28	9.37	248660	9551570.00
2013/04/15	9.27	9.33	8.90	9.21	665899	24749702.00
2013/04/16	9.04	9.35	9.04	9.31	347895	13094039.00
2013/04/17	9.24	9.36	9.22	9.33	417294	15918832.00
2013/04/18	9.26	9.33	9.23	9.28	304387	11564604.00
2013/04/19	9.36	9.49	9.34	9.40	528727	20395950.00
2013/04/22	9.41	9.41	9.17	9.34	480755	18232318.00
2013/04/23	9.31	9.37	9.14	9.20	350981	13308889.00
2013/04/24	9.22	9.38	9.15	9.37	580131	22064176.00
2013/04/25	9.27	9.43	9.24	9.30	287354	10973779.00
2013/04/26	9.32	9.34	9.17	9.22	276447	10466280.00
2013/05/02	9.08	9.17	8.93	9.16	102317	3832605.75
2013/05/03	9.40	9.40	9.20	9.32	304900	11666294.00
2013/05/06	9.34	9.51	9.27	9.51	399249	15396295.00
2013/05/07	9.50	9.52	9.43	9.49	304370	11822322.00
2013/05/08	9.50	9.57	9.47	9.54	228610	8921120.00
2013/05/09	9.49	9.63	9.47	9.63	597159	23389090.00
2013/05/10	9.72	10.62	9.72	10.53	2235974	95241912.00
2013/05/13	10.52	10.52	10.19	10.29	1182805	49917260.00
2013/05/14	10.27	10.29	10.01	10.05	827024	34124436.00
2013/05/15	10.19	10.52	10.07	10.49	783613	33237624.00
2013/05/16	10.57	10.57	10.07	10.12	654237	27483186.00
2013/05/17	10.09	10.16	9.94	10.06	775633	31839884.00
2013/05/20	10.13	10.27	9.85	10.25	773239	31720970.00
2013/05/21	10.24	10.26	10.08	10.17	485731	20169958.00
2013/05/22	10.17	10.32	10.11	10.17	419893	17578412.00
2013/05/23	10.19	10.37	10.13	10.19	368464	15324501.00
2013/05/24	10.22	10.38	10.19	10.32	336356	14094535.00
2013/05/27	10.39	10.39	10.22	10.29	255379	10685353.00
2013/05/28	10.32	10.38	9.99	10.11	534838	21964786.00
2013/05/29	10.18	10.18	10.01	10.05	345110	14102566.00
2013/05/30	10.06	10.12	10.01	10.08	241080	9849061.00
2013/05/31	10.08	10.17	10.02	10.07	326750	13409970.00
2013/06/03	10.04	10.12	9.90	9.94	352943	14354635.00
2013/06/04	10.09	10.16	9.89	9.97	488461	19948304.00
2013/06/05	9.91	10.15	9.91	10.03	340959	13979549.00
2013/06/06	9.97	10.04	9.92	10.03	196229	7966306.50
2013/06/07	9.95	10.07	9.89	9.93	302948	12257607.00
2013/06/13	9.84	9.98	9.72	9.94	591494	23714996.00
2013/06/14	9.97	10.31	9.95	10.20	457557	18995746.00
2013/06/17	10.21	10.53	10.21	10.34	803178	33961568.00
2013/06/18	10.29	10.50	10.17	10.37	362647	15237774.00
2013/06/19	10.29	10.40	10.17	10.30	331330	13885789.00
2013/06/20	10.30	10.45	10.14	10.21	504779	21129704.00
2013/06/21	9.84	10.08	9.83	9.97	459252	18562820.00
2013/06/24	9.99	9.99	9.37	9.42	1010724	39668940.00
2013/06/25	9.44	9.56	8.47	9.34	884745	32931196.00
2013/06/26	9.30	9.70	9.29	9.59	551720	21317754.00
2013/06/27	9.68	9.76	9.44	9.49	472967	18327574.00
2013/06/28	9.34	9.57	9.29	9.33	239718	9185304.00
2013/07/01	9.34	9.50	9.22	9.49	353552	13481614.00
2013/07/02	9.47	10.15	9.47	9.88	919729	36864484.00
2013/07/03	9.83	10.03	9.78	9.95	688662	27843836.00
2013/07/04	9.95	10.21	9.95	10.06	560035	23005932.00
2013/07/05	10.06	10.24	10.06	10.07	412231	17029096.00
2013/07/08	10.04	10.17	9.88	9.97	389359	15863538.00
2013/07/09	9.97	10.15	9.97	10.11	440372	17937636.00
2013/07/10	10.07	10.65	10.07	10.56	1245224	53046688.00
2013/07/11	10.59	10.73	10.51	10.70	796578	34327680.00
2013/07/12	10.64	11.29	10.64	11.11	1481222	67033308.00
2013/07/15	11.18	12.11	11.09	11.67	1209607	57450172.00
2013/07/16	11.72	11.97	11.39	11.51	1269594	60124588.00
2013/07/17	11.43	11.52	11.27	11.44	662579	30573056.00
2013/07/18	11.43	11.89	11.34	11.83	718562	33968440.00
2013/07/19	11.77	11.95	11.59	11.68	490219	23377144.00
2013/07/22	11.59	11.92	11.49	11.73	233433	11087279.00
2013/07/23	11.73	12.07	11.63	11.84	535983	25914810.00
2013/07/24	11.91	12.06	11.67	11.79	648138	31172176.00
2013/07/25	11.85	12.04	11.59	11.84	841024	40413896.00
2013/07/26	11.84	11.99	11.35	11.79	538650	25866590.00
2013/07/29	12.08	12.09	11.84	11.94	605110	29311250.00
2013/07/30	11.82	12.04	11.59	11.84	580118	27724700.00
2013/07/31	12.03	12.03	11.77	11.83	501246	24101784.00
2013/08/01	11.97	12.22	11.71	12.10	1513566	73592024.00
2013/08/02	12.11	12.70	11.97	12.43	1333279	66888868.00
2013/08/05	12.32	12.56	12.27	12.45	524351	26325506.00
2013/08/06	12.42	12.74	12.34	12.48	602052	30485858.00
2013/08/07	12.62	12.62	12.34	12.49	622177	31514888.00
2013/08/08	12.44	12.51	12.12	12.25	648947	32363920.00
2013/08/09	12.25	12.72	11.85	12.65	1577872	77797168.00
2013/08/12	12.54	12.59	12.22	12.27	578106	28852424.00
2013/08/13	12.24	12.48	12.08	12.24	406682	20203176.00
2013/08/14	12.21	12.30	12.09	12.11	461135	22645342.00
2013/08/15	12.11	12.20	11.97	12.04	342594	16706120.00
2013/08/16	11.89	12.09	11.85	11.85	328562	15889738.00
2013/08/19	11.85	12.07	11.75	12.05	240093	11670417.00
2013/08/20	12.08	12.14	11.96	12.00	347924	16940418.00
2013/08/21	11.97	12.04	11.84	11.90	347817	16807616.00
2013/08/22	12.02	12.06	11.84	11.97	306421	14860896.00
2013/08/23	11.97	12.09	11.94	12.04	387924	18908146.00
2013/08/26	11.98	12.37	11.98	12.34	540836	26722560.00
2013/08/27	12.33	13.34	12.32	13.14	1255756	65555012.00
2013/08/28	12.79	13.30	12.79	13.05	790946	41799916.00
2013/08/29	12.74	13.21	12.74	13.05	484868	25523788.00
2013/08/30	13.04	13.04	12.77	12.78	311028	16163992.00
2013/09/02	12.78	13.00	12.56	12.64	325912	16772280.00
2013/09/03	12.67	12.91	12.67	12.82	468984	24323254.00
2013/09/04	12.87	12.90	12.76	12.87	296809	15450842.00
2013/09/05	12.91	13.47	12.91	13.38	574835	30951204.00
2013/09/06	13.34	13.53	13.22	13.37	368588	19920542.00
2013/09/09	13.22	13.46	13.09	13.41	405591	21816000.00
2013/09/10	13.50	13.64	13.32	13.61	384981	21083130.00
2013/09/11	13.69	14.34	13.54	14.04	885893	50350752.00
2013/09/12	13.62	14.08	13.62	13.71	652330	36410888.00
2013/09/13	14.06	14.09	13.65	13.91	411045	23045586.00
2013/09/16	13.79	14.34	13.79	14.19	587010	33872272.00
2013/09/17	14.20	14.33	14.05	14.11	299844	17158746.00
2013/09/18	14.11	14.26	13.89	14.20	292839	16729278.00
2013/09/23	14.31	14.49	14.20	14.36	375916	21921594.00
2013/09/24	14.36	14.54	14.34	14.38	402476	23519982.00
2013/09/25	14.34	14.46	14.07	14.18	376009	21667208.00
2013/09/26	14.14	14.29	13.80	13.84	353687	20024328.00
2013/09/27	13.74	13.87	13.36	13.87	559416	30858866.00
2013/09/30	13.84	14.32	13.68	13.92	389577	22098854.00
2013/10/08	13.96	14.17	13.77	13.96	401114	22596198.00
2013/10/09	13.85	14.09	13.79	13.82	427854	24028880.00
2013/10/10	13.82	13.96	13.76	13.94	468975	26323414.00
2013/10/11	13.97	14.97	13.94	14.50	671768	39314376.00
2013/10/14	14.36	15.29	14.36	15.23	636342	38556712.00
2013/10/15	15.43	15.43	14.79	15.13	506447	30659148.00
2013/10/16	15.13	15.13	14.72	14.84	380621	22818728.00
2013/10/17	14.85	15.04	14.74	15.03	258846	15573596.00
2013/10/18	15.03	15.51	14.75	15.25	292552	18124878.00
2013/10/21	15.51	15.51	15.22	15.36	199322	12357073.00
2013/10/22	15.30	15.59	15.24	15.34	466993	29053526.00
2013/10/23	15.41	16.06	14.99	15.31	372531	23177836.00
2013/10/24	15.10	15.38	14.77	15.00	324242	19570556.00
2013/10/25	15.05	15.05	14.39	14.67	357765	21207580.00
2013/10/28	14.81	15.09	14.68	14.98	226862	13660314.00
2013/10/29	14.87	15.05	13.54	13.97	1053175	59963492.00
2013/10/30	13.94	14.11	13.47	13.84	1170268	65312736.00
2013/10/31	14.09	14.09	13.50	13.75	364505	20199888.00
2013/11/01	13.75	14.09	13.41	14.09	580325	32145216.00
2013/11/04	13.91	14.16	13.91	13.96	281781	15985765.00
2013/11/05	13.92	14.03	13.47	13.81	466321	25830340.00
2013/11/06	13.81	13.81	12.91	13.09	785251	41971692.00
2013/11/07	13.05	13.14	12.84	12.96	678617	35574412.00
2013/11/08	12.96	13.51	12.96	13.17	590921	31665248.00
2013/11/11	13.26	13.32	13.03	13.26	201266	10760158.00
2013/11/12	13.14	13.48	13.14	13.47	204119	11066400.00
2013/11/13	13.44	13.77	13.17	13.74	300951	16523488.00
2013/11/14	13.74	14.27	13.73	13.99	494592	28102802.00
2013/11/15	14.06	14.16	13.85	14.07	379008	21496828.00
2013/11/18	14.07	14.12	13.80	13.97	351482	19861228.00
2013/11/19	13.84	14.09	13.84	13.90	184470	10442569.00
2013/11/20	13.90	13.96	13.16	13.24	562281	30579448.00
2013/11/21	13.09	13.23	12.34	12.59	1885312	98450688.00
2013/11/22	12.59	12.91	12.48	12.72	642738	33072178.00
2013/11/25	12.71	12.71	11.59	11.88	2367514	114174216.00
2013/11/26	11.79	11.87	11.47	11.74	1186753	56367772.00
2013/11/27	11.71	12.15	11.62	12.14	811827	39463940.00
2013/11/28	12.24	12.37	11.88	11.97	1182583	57684564.00
2013/11/29	11.98	12.17	11.59	12.07	602442	29327966.00
2013/12/02	11.79	11.82	10.85	10.95	1563738	70579216.00
2013/12/03	10.79	11.34	9.84	11.21	1617404	69696424.00
2013/12/04	10.97	11.51	10.97	11.11	613826	28026010.00
2013/12/05	11.11	11.59	10.83	11.39	828846	37815772.00
2013/12/06	11.37	11.46	11.22	11.39	211857	9765390.00
2013/12/09	11.39	11.50	11.23	11.29	306721	14070463.00
2013/12/10	11.29	11.42	11.21	11.25	173684	7953740.50
2013/12/11	11.24	11.47	11.14	11.38	471812	21688732.00
2013/12/12	11.35	11.71	11.32	11.62	461367	21793472.00
2013/12/13	11.65	11.89	11.51	11.85	864692	41094232.00
2013/12/16	11.77	11.96	11.57	11.58	735259	35139488.00
2013/12/17	11.57	11.87	11.50	11.76	493169	23376472.00
2013/12/18	11.76	11.91	11.67	11.85	348998	16759175.00
2013/12/19	11.85	12.06	11.59	11.69	460051	22127374.00
2013/12/20	11.55	11.69	10.92	11.31	523856	24076082.00
2013/12/23	11.34	11.72	11.16	11.64	701062	32909978.00
2013/12/24	11.70	11.81	11.51	11.72	502775	23822666.00
2013/12/25	11.72	12.01	11.56	11.91	592459	28485524.00
2013/12/26	12.11	12.11	11.73	11.90	335462	16141086.00
2013/12/27	11.87	11.96	11.77	11.89	309701	14923659.00
2013/12/30	11.81	12.10	11.73	11.79	303871	14563978.00
2013/12/31	11.86	11.89	11.59	11.84	391813	18586404.00
2014/01/02	11.84	12.10	11.66	12.10	512270	24841952.00
2014/01/03	12.21	12.74	12.21	12.58	741786	37718052.00
2014/01/06	12.54	13.37	12.40	13.09	1182975	62327816.00
2014/01/07	13.09	13.29	12.59	13.09	484811	25524476.00
2014/01/08	12.92	13.27	12.92	13.09	402466	21312740.00
2014/01/09	13.21	13.25	12.92	13.06	378771	19998846.00
2014/01/10	12.90	13.07	12.52	12.59	383240	19784118.00
2014/01/22	12.82	13.46	12.60	13.17	1194426	63348536.00
2014/01/23	13.17	13.67	13.09	13.60	723563	39091020.00
2014/01/24	13.59	13.84	13.38	13.50	380192	21050088.00
2014/01/27	13.54	13.76	13.22	13.39	333331	18067366.00
2014/01/28	13.44	13.65	13.24	13.33	333904	18060844.00
2014/01/29	13.17	13.58	13.17	13.36	326829	17733322.00
2014/01/30	13.22	13.59	13.22	13.24	282919	15304452.00
2014/02/07	13.21	13.42	13.01	13.39	307010	16482329.00
2014/02/10	13.34	13.79	13.34	13.55	479511	26268470.00
2014/02/11	13.62	13.65	13.09	13.47	730040	39449392.00
2014/02/12	13.47	13.56	13.09	13.22	611367	32840838.00
2014/02/13	13.15	13.27	12.99	13.02	433188	22972098.00
2014/02/14	13.04	13.22	12.87	13.04	422414	22200562.00
2014/02/17	13.09	13.49	12.96	13.43	675933	36216444.00
2014/02/18	13.31	13.52	13.31	13.35	676493	36655644.00
2014/02/19	13.27	13.35	13.04	13.11	549129	29224958.00
2014/02/20	13.16	13.26	13.02	13.11	446042	23802084.00
2014/02/21	13.11	13.22	12.77	12.84	636804	33386704.00
2014/02/24	12.79	12.97	12.79	12.88	407546	21288992.00
2014/02/25	12.85	13.18	12.07	12.09	924572	47032808.00
2014/02/26	12.07	12.24	11.61	12.14	579398	28227398.00
2014/02/27	12.14	12.70	11.84	11.86	459115	22718782.00
2014/02/28	12.09	12.34	11.84	12.09	431455	21029218.00
2014/03/03	12.04	12.56	12.04	12.46	550195	27531430.00
2014/03/04	12.36	12.71	12.31	12.37	360564	18228382.00
2014/03/05	12.37	12.54	12.09	12.22	418507	20675452.00
2014/03/06	12.10	12.20	11.84	11.94	359880	17440606.00
2014/03/07	12.22	12.22	11.92	11.94	336160	16377232.00
2014/03/10	11.90	12.54	11.83	12.53	792933	39150060.00
2014/03/11	12.51	13.46	12.47	13.41	1136719	60809064.00
2014/03/12	13.42	13.63	13.10	13.22	718595	38921452.00
2014/03/13	13.29	13.62	13.29	13.62	616179	33716852.00
2014/03/14	13.79	13.79	13.47	13.54	465015	25596932.00
2014/03/17	13.45	13.66	13.28	13.59	394162	21651606.00
2014/03/18	13.59	13.79	13.47	13.59	376974	20806984.00
2014/03/19	13.59	13.71	13.11	13.28	389994	21088132.00
2014/03/20	13.28	13.37	12.74	12.84	389492	20577738.00
2014/03/21	12.63	12.96	12.59	12.83	254714	13209508.00
2014/03/24	12.89	13.08	12.72	12.83	218752	11413184.00
2014/03/25	12.88	13.09	12.79	12.93	270462	14210114.00
2014/03/26	12.93	13.07	12.84	12.92	300530	15713270.00
2014/03/27	13.04	13.17	12.64	12.72	648315	34150332.00
2014/03/28	12.60	12.92	12.49	12.52	335189	17207736.00
2014/03/31	12.36	12.52	12.00	12.13	577817	28663218.00
2014/04/01	12.09	12.73	12.09	12.57	529263	26564762.00
2014/04/02	12.52	12.73	12.34	12.65	349303	17725882.00
2014/04/03	12.65	13.05	12.57	12.83	378959	19817622.00
2014/04/04	12.80	13.73	12.65	13.51	915752	49094940.00
2014/04/08	14.00	14.22	13.34	13.67	1248539	69881416.00
2014/04/09	13.62	13.64	13.14	13.21	908166	48852188.00
2014/04/10	13.07	13.44	13.07	13.22	669863	35962204.00
2014/04/11	13.14	13.64	12.84	13.51	666413	35994492.00
2014/04/14	13.50	13.59	13.15	13.25	432259	23204010.00
2014/04/15	13.27	13.31	13.02	13.22	174101	9278302.00
2014/04/16	13.28	13.54	13.16	13.24	287410	15466083.00
2014/04/17	13.26	13.31	13.19	13.22	299172	16036458.00
2014/04/18	13.22	13.34	13.05	13.11	229300	12228946.00
2014/04/21	13.04	13.41	13.02	13.41	425439	22720246.00
2014/04/22	13.44	13.65	13.34	13.43	918438	50215864.00
2014/04/23	13.44	13.68	13.44	13.47	356988	19627098.00
2014/04/24	13.50	13.56	13.16	13.25	275054	14774439.00
2014/04/25	13.14	13.25	12.84	12.99	339598	17847670.00
2014/04/28	13.19	13.19	12.63	12.81	464863	24213648.00
2014/04/29	12.83	12.96	11.59	12.71	1045338	51781380.00
2014/04/30	12.47	12.77	12.37	12.69	260773	13305132.00
2014/05/05	12.57	12.69	12.12	12.22	754334	37797240.00
2014/05/06	12.26	12.31	11.87	12.12	700480	34246640.00
2014/05/07	12.09	12.12	11.94	11.97	326361	15905750.00
2014/05/08	11.97	12.19	11.97	12.06	162381	7951201.50
2014/05/09	12.09	12.09	11.99	12.02	124540	6070704.50
2014/05/12	12.17	12.29	12.01	12.08	337753	16528909.00
2014/05/13	12.16	12.21	11.72	11.81	392068	18972826.00
2014/05/14	11.80	11.94	11.59	11.59	389936	18493748.00
2014/05/15	11.55	12.01	11.55	11.84	362553	17398126.00
2014/05/16	11.78	11.91	11.65	11.73	140282	6670965.00
2014/05/19	11.72	11.89	11.62	11.83	137923	6608279.00
2014/05/20	11.84	12.14	11.84	11.96	203785	9903579.00
2014/05/21	11.85	12.03	11.74	11.87	298816	14332237.00
2014/05/22	11.88	12.04	11.83	11.84	321870	15525103.00
2014/05/23	11.89	12.03	11.75	11.99	282151	13593696.00
2014/05/26	12.06	12.43	12.02	12.38	582113	29017162.00
2014/05/27	12.34	12.40	12.09	12.17	349503	17314260.00
2014/05/28	12.29	12.29	11.98	12.18	827790	20250190.00
2014/05/29	12.14	12.14	11.80	11.83	743463	17960222.00
2014/05/30	11.89	12.09	11.73	11.95	584147	14083351.00
2014/06/03	11.94	12.09	11.87	11.99	617511	14928614.00
2014/06/04	11.95	12.05	11.88	11.96	395115	9523869.00
2014/06/05	11.98	12.20	11.92	12.09	549069	13361651.00
2014/06/06	12.09	12.12	11.96	11.98	521246	12677405.00
2014/06/09	11.99	12.19	11.94	12.12	752488	18361572.00
2014/06/10	12.14	12.20	11.93	12.08	695249	16982890.00
2014/06/11	12.09	12.69	11.96	12.69	1904271	47408036.00
2014/06/12	12.82	13.19	12.37	12.41	1902609	48614496.00
2014/06/13	12.30	12.54	12.29	12.37	973211	24299574.00
2014/06/16	12.31	12.49	12.15	12.25	816090	20300218.00
2014/06/17	12.25	12.34	12.15	12.16	719090	17776304.00
2014/06/18	12.15	12.20	11.95	12.01	765275	18599642.00
2014/06/19	11.95	12.12	11.48	11.54	766090	18326782.00
2014/06/20	11.54	11.98	11.43	11.65	637702	14967869.00
2014/06/23	11.65	11.97	11.65	11.84	500455	11941414.00
2014/06/24	11.71	11.97	11.71	11.86	277698	6656342.00
2014/06/25	11.77	11.93	11.59	11.81	632643	15054943.00
2014/06/26	11.93	12.07	11.81	11.89	706276	17029130.00
2014/06/27	11.90	12.11	11.89	11.93	590207	14258954.00
2014/06/30	11.89	12.04	11.85	12.00	591251	14270081.00
2014/07/01	12.04	12.11	11.89	11.90	621048	14971019.00
2014/07/02	11.89	12.03	11.84	11.87	844645	20261486.00
2014/07/03	11.82	12.10	11.73	12.10	1471876	35532740.00
2014/07/04	12.14	12.26	11.77	11.83	1513034	36276816.00
2014/07/07	11.74	11.87	11.70	11.77	914462	21710254.00
2014/07/08	11.78	11.89	11.73	11.82	563357	13413781.00
2014/07/09	11.81	11.93	11.65	11.65	822823	19507322.00
2014/07/10	11.65	11.81	11.65	11.68	705129	16641083.00
2014/07/11	11.74	11.84	11.63	11.77	608787	14389032.00
2014/07/14	11.82	11.92	11.68	11.85	761569	18150784.00
2014/07/15	11.66	11.86	11.29	11.33	2597740	60061344.00
2014/07/16	11.30	11.36	11.04	11.09	1099710	24757124.00
2014/07/17	11.05	11.22	10.97	11.06	579857	12982348.00
2014/07/18	11.08	11.13	10.94	11.06	772618	17210290.00
2014/07/21	11.10	11.42	11.10	11.28	779370	17740928.00
2014/07/22	11.20	11.46	11.20	11.36	433729	9916832.00
2014/07/23	11.36	11.45	11.06	11.18	791805	17952826.00
2014/07/24	11.10	11.27	10.94	11.03	667206	14918200.00
2014/07/25	10.92	11.22	10.92	11.10	461701	10356678.00
2014/07/28	11.10	11.32	11.02	11.23	645971	14601185.00
2014/07/29	11.34	11.36	11.20	11.27	746438	16991300.00
2014/07/30	11.29	11.30	11.19	11.27	742630	16865808.00
2014/07/31	11.29	11.33	11.22	11.29	700381	15954639.00
2014/08/01	11.29	11.80	11.23	11.54	2432658	57062428.00
2014/08/04	11.56	11.78	11.39	11.50	1472421	34158376.00
2014/08/05	11.54	11.55	11.31	11.49	1334354	30879204.00
2014/08/06	11.49	11.53	11.38	11.51	1065161	24634968.00
2014/08/07	11.50	11.70	11.42	11.54	1809722	42229648.00
2014/08/08	11.54	11.64	11.44	11.53	910208	21223184.00
2014/08/11	11.46	11.62	11.46	11.61	1274293	29642748.00
2014/08/12	11.59	11.64	11.53	11.59	928723	21715604.00
2014/08/13	11.60	11.60	11.39	11.49	1120591	25942890.00
2014/08/14	11.52	11.62	11.46	11.51	886758	20701368.00
2014/08/15	11.59	11.62	11.50	11.60	717360	16745802.00
2014/08/18	11.64	12.24	11.64	12.16	3070313	74292240.00
2014/08/19	12.16	12.22	11.93	11.99	2002071	48506412.00
2014/08/20	12.02	12.08	11.95	11.98	1186663	28771602.00
2014/08/21	12.11	12.12	11.90	12.02	1129082	27321242.00
2014/08/22	12.06	12.11	11.96	12.07	1425659	34662688.00
2014/08/25	12.11	12.13	11.97	11.99	1165321	28262872.00
2014/08/26	11.89	12.07	11.61	11.70	1290246	30728448.00
2014/08/27	11.68	11.83	11.65	11.74	720613	17098450.00
2014/08/28	11.74	11.78	11.48	11.51	1066119	24903622.00
2014/08/29	11.41	11.59	11.41	11.55	647076	15048048.00
2014/09/01	11.53	12.03	11.53	12.02	2229787	53595364.00
2014/09/02	12.23	12.62	11.98	12.09	4827097	119107816.00
2014/09/03	12.04	12.14	11.96	12.06	2480782	60257584.00
2014/09/04	12.07	12.30	11.98	12.16	2345472	57278148.00
2014/09/05	12.07	12.19	12.06	12.13	1692271	41336160.00
2014/09/09	12.11	12.19	12.04	12.12	1781558	43482344.00
2014/09/10	12.13	12.68	12.12	12.58	4879156	122633112.00
2014/09/11	12.59	13.85	12.45	13.85	5807348	158633888.00
2014/12/05	14.34	14.34	12.45	12.45	19999486	516485504.00
2014/12/08	11.93	11.93	11.20	11.20	24411606	556622208.00
2014/12/09	10.48	10.79	10.07	10.48	19880465	420912544.00
2014/12/10	10.24	10.98	10.22	10.87	10829572	234067792.00
2014/12/11	10.79	10.89	10.46	10.64	6179791	133399352.00
2014/12/12	10.59	10.89	10.59	10.80	4851193	105657936.00
2014/12/15	10.82	11.11	10.68	10.99	5884440	130500224.00
2014/12/16	10.99	11.06	10.75	10.83	5335672	116999024.00
2014/12/17	10.79	10.79	10.38	10.42	7024720	148884752.00
2014/12/18	10.40	10.49	10.30	10.33	4132865	86725760.00
2014/12/19	10.34	10.36	9.89	10.00	4500334	91655672.00
2014/12/22	9.99	10.10	9.05	9.22	6500668	123993520.00
2014/12/23	9.20	9.55	9.14	9.43	5576973	105341856.00
2014/12/24	9.53	10.02	9.47	9.82	4207684	83277360.00
2014/12/25	9.92	9.97	9.57	9.74	3199572	62767952.00
2014/12/26	9.69	10.64	9.64	10.39	8717978	181968592.00
2014/12/29	10.42	10.44	10.00	10.08	3551486	72915288.00
2014/12/30	10.04	10.34	9.72	9.74	3978050	80653512.00
2014/12/31	9.89	10.09	9.63	9.85	3645533	72320592.00
2015/01/05	9.85	9.98	9.58	9.74	3673192	72087992.00
2015/01/06	9.73	10.17	9.65	10.14	4618383	92694072.00
2015/01/07	10.14	10.18	9.89	9.96	3652813	73541448.00
2015/01/08	9.90	10.11	9.85	9.97	2528154	51138484.00
2015/01/09	9.89	10.10	9.87	10.09	3579537	72743944.00
2015/01/12	10.04	10.23	9.94	10.21	4010276	82339608.00
2015/01/13	10.20	10.22	10.02	10.13	3222940	65734896.00
2015/01/14	10.12	10.24	9.97	9.99	3159241	64517924.00
2015/01/15	9.99	10.23	9.96	10.10	4019843	82044624.00
2015/01/16	10.21	10.21	10.07	10.14	3262583	66892932.00
2015/01/19	9.94	10.66	9.89	10.23	6930723	145470304.00
2015/01/20	10.25	10.58	10.02	10.56	5730762	120265744.00
2015/01/21	10.60	10.78	10.54	10.65	6839882	147278080.00
2015/01/22	10.74	11.17	10.65	11.11	7691240	169211952.00
2015/01/23	11.11	11.11	10.78	10.80	6108496	134576624.00
2015/01/26	10.72	10.93	10.72	10.86	3560620	77905928.00
2015/01/27	10.86	11.33	10.82	11.28	8197538	183970384.00
2015/01/28	11.21	11.88	11.08	11.46	9751775	226122480.00
2015/01/29	11.42	11.83	11.30	11.64	6901824	162155600.00
2015/01/30	11.64	11.76	11.10	11.14	5191948	119273152.00
2015/02/02	11.18	11.36	11.04	11.06	3845721	86786232.00
2015/02/03	11.26	11.38	11.12	11.29	3859499	87778528.00
2015/02/04	11.30	11.37	11.06	11.08	3276552	73886872.00
2015/02/05	11.28	11.28	10.97	11.01	2995749	67026340.00
2015/02/06	11.01	11.13	10.42	10.51	3969315	85658048.00
2015/02/09	10.51	10.63	10.33	10.34	1792508	37942332.00
2015/02/10	10.35	10.54	10.30	10.49	1878162	39541120.00
2015/02/11	10.48	10.71	10.42	10.64	1631189	34950268.00
2015/02/12	10.71	10.81	10.59	10.66	2197708	47460888.00
2015/02/13	10.77	11.08	10.72	11.00	3341714	73968224.00
2015/02/16	10.97	11.19	10.94	11.16	3364426	75463072.00
2015/02/17	11.14	11.22	10.99	11.13	2345035	52591428.00
2015/02/25	11.18	11.27	11.05	11.15	2742447	61911860.00
2015/02/26	11.15	11.25	10.87	10.94	4823729	107348200.00
2015/02/27	10.95	11.16	10.94	11.09	4302584	96301856.00
2015/03/02	11.12	11.88	11.03	11.87	8277930	191452720.00
2015/03/03	11.69	13.06	11.65	12.39	14091457	354314400.00
2015/03/04	12.39	12.74	12.33	12.52	7655070	193847504.00
2015/03/05	12.57	12.94	12.52	12.67	7523025	192124112.00
2015/03/06	12.71	12.85	12.13	12.14	6677412	166703536.00
2015/03/09	12.02	12.36	11.91	12.30	3856121	95059760.00
2015/03/10	12.25	12.72	12.24	12.72	5143022	130385728.00
2015/03/11	12.72	12.81	12.49	12.63	3943538	100448448.00
2015/03/12	12.64	12.78	12.16	12.20	4048680	101234440.00
2015/03/13	12.20	12.35	12.11	12.30	2445202	60467876.00
2015/03/16	12.44	13.54	12.42	13.49	12938666	344509792.00
2015/03/17	13.47	13.64	13.21	13.51	9167697	247849824.00
2015/03/18	13.51	14.28	13.30	13.90	8773033	245940144.00
2015/03/19	13.84	14.39	13.80	13.89	8371071	237295952.00
2015/03/20	14.01	14.12	13.69	13.98	6426177	179876848.00
2015/03/23	13.89	14.26	13.82	14.07	7390969	209474912.00
2015/03/24	14.07	14.09	13.35	13.90	9207345	255434176.00
2015/03/25	13.89	14.33	13.69	14.29	8461423	237826304.00
2015/03/26	14.29	15.09	13.91	14.40	8526138	249983120.00
2015/03/27	14.40	14.69	14.14	14.57	5136354	149345904.00
2015/03/30	14.58	14.82	14.04	14.54	7010326	203518032.00
2015/03/31	14.35	15.13	14.26	15.07	8472264	252314432.00
2015/04/01	15.16	16.59	14.99	16.59	12331576	397821888.00
2015/04/02	16.64	17.49	16.34	16.94	10448595	354886048.00
2015/04/03	16.83	17.38	16.56	17.08	5955907	203038256.00
2015/04/07	17.08	17.67	16.79	17.13	7017457	242623536.00
2015/04/08	16.90	17.18	15.86	15.89	11078701	363209440.00
2015/04/09	16.04	16.14	14.29	15.65	10146623	309222432.00
2015/04/10	15.29	16.40	15.00	16.29	7479183	239927520.00
2015/04/13	16.33	16.69	15.80	16.14	10560790	343058016.00
2015/04/14	16.04	16.04	15.19	15.48	8235605	259660928.00
2015/04/15	15.39	15.39	14.24	14.24	7978646	237023248.00
2015/04/16	14.12	14.78	13.90	14.31	6321361	183969952.00
2015/04/17	14.73	14.93	14.33	14.51	5214105	153174032.00
2015/04/20	14.54	14.88	14.15	14.50	5249305	154510720.00
2015/04/21	14.50	15.04	14.39	15.03	6116790	182904576.00
2015/04/22	15.02	15.35	14.92	15.16	7673098	233691008.00
2015/04/23	15.15	15.66	15.12	15.54	7635717	235966944.00
2015/04/24	15.44	15.49	14.69	14.86	6950049	211293744.00
2015/04/27	14.94	15.19	14.69	14.74	5779995	173245600.00
2015/04/28	14.80	15.04	14.00	14.19	5935808	173602336.00
2015/04/29	14.07	14.86	14.07	14.79	4530855	132890624.00
2015/04/30	14.99	15.34	14.64	14.65	5051226	152688480.00
2015/05/04	14.67	14.93	14.48	14.77	3130159	93134600.00
2015/05/05	14.71	14.94	14.22	14.39	3842489	113019456.00
2015/05/06	14.57	14.69	14.12	14.18	4334058	126298456.00
2015/05/07	14.24	14.49	13.62	13.70	4399178	123694528.00
2015/05/08	13.64	14.21	13.64	14.19	4778173	134908448.00
2015/05/11	14.49	14.98	14.24	14.83	6453237	191431328.00
2015/05/12	14.89	15.39	14.74	15.02	7374688	223644240.00
2015/05/13	15.38	16.06	15.14	15.58	10830710	341323904.00
2015/05/14	15.29	16.04	15.29	15.80	8565558	271375616.00
2015/05/15	15.86	15.86	15.05	15.30	6318710	195846864.00
2015/05/18	15.31	16.19	15.31	16.12	10013404	318309248.00
2015/05/19	16.04	16.43	15.67	16.32	11103885	358920384.00
2015/05/20	16.47	17.14	16.15	16.63	9139928	308610848.00
2015/05/21	16.54	17.10	16.48	16.84	8685866	294686272.00
2015/05/22	16.94	17.36	16.29	16.48	10192642	343705280.00
2015/05/25	16.44	17.22	16.14	16.98	9567152	321764448.00
2015/05/26	17.31	18.69	17.31	18.69	9453925	346003616.00
2015/05/27	19.54	20.57	18.98	20.57	14962410	600210688.00
2015/05/28	20.19	20.94	18.51	18.51	13835145	548313536.00
2015/05/29	18.44	19.69	17.44	19.44	11583516	436351584.00
2015/06/01	20.22	20.90	20.22	20.55	10222664	422239104.00
2015/06/02	21.06	22.54	20.59	22.06	10370495	454410144.00
2015/06/03	22.29	23.67	21.17	22.80	10140832	456491744.00
2015/06/04	22.84	23.84	20.88	22.75	8892195	401363104.00
2015/06/05	22.77	23.79	21.64	21.94	8039820	360538912.00
2015/06/08	21.79	22.90	21.20	21.87	9861991	436063136.00
2015/06/09	22.02	22.17	20.57	20.66	7400179	315687520.00
2015/06/10	20.88	21.19	19.89	20.94	7402250	306013984.00
2015/06/11	21.00	21.98	20.53	21.98	7636292	327159872.00
2015/06/12	21.89	22.33	21.32	21.39	6794892	294223776.00
2015/06/15	21.26	21.37	20.23	20.35	5724901	237424880.00
2015/06/16	20.22	20.38	19.64	20.09	4422157	177646528.00
2015/06/17	20.39	20.86	19.59	20.81	4352187	177028784.00
2015/06/18	20.87	20.87	19.44	19.52	3982163	161590048.00
2015/06/19	19.34	19.34	17.56	17.56	4220301	154419008.00
2015/06/23	17.56	18.39	16.35	18.04	4024465	141201104.00
2015/06/24	18.04	18.67	17.34	18.13	3671919	133409648.00
2015/06/25	17.97	18.43	16.50	16.94	3908832	136407568.00
2015/06/26	16.43	16.93	15.24	15.24	5841081	183071056.00
2015/06/29	15.39	15.83	13.71	13.71	6289282	180451376.00
2015/06/30	13.29	14.69	12.34	14.37	6732250	180062480.00
2015/07/01	13.98	14.95	13.09	13.43	4990630	144510064.00
2015/07/02	13.09	13.67	12.08	12.12	5429110	138066336.00
2015/07/03	11.59	12.79	10.90	10.95	8399539	190867184.00
2015/07/06	12.04	12.05	9.85	9.85	7327257	158759504.00
2015/07/07	9.59	9.84	8.86	9.84	14268134	259678592.00
2015/07/14	10.83	10.83	10.83	10.83	90886	1979497.13
2015/07/15	11.92	11.92	11.47	11.57	21998285	524714080.00
2015/07/16	11.44	12.64	10.41	12.29	13846029	324523808.00
2015/07/17	12.57	13.41	12.43	13.24	8897419	232174176.00
2015/07/20	13.07	13.91	12.85	13.35	10151655	271309728.00
2015/07/21	12.93	13.33	12.69	13.05	8323988	218716880.00
2015/07/22	13.13	13.43	12.79	13.26	8639176	227145792.00
2015/07/23	13.29	14.44	13.04	14.09	9381082	257577568.00
2015/07/24	14.03	15.38	13.80	14.07	9835656	283712864.00
2015/07/27	13.53	14.57	12.66	12.66	9700858	268367680.00
2015/07/28	11.77	13.34	11.43	12.43	8402407	208468128.00
2015/07/29	12.69	13.41	11.93	13.27	6078130	153231488.00
2015/07/30	13.27	13.62	12.74	12.75	5948734	159107136.00
2015/07/31	12.54	13.04	12.45	12.68	2985612	76502248.00
2015/08/03	12.74	12.82	11.40	11.47	4455721	106684392.00
2015/08/04	11.47	12.38	11.19	12.34	4669391	110709168.00
2015/08/05	12.30	12.67	12.09	12.30	4353621	108230768.00
2015/08/06	11.97	12.54	11.74	12.24	2877033	71237480.00
2015/08/07	12.32	12.98	12.32	12.91	4442146	113495120.00
2015/08/10	13.09	13.69	12.89	13.64	6318609	169306640.00
2015/08/11	13.65	13.72	13.29	13.53	5371988	146015232.00
2015/08/12	13.45	13.53	13.14	13.17	3666305	98230688.00
2015/08/13	12.95	13.44	12.80	13.44	3700658	97725704.00
2015/08/14	13.69	14.12	13.40	14.03	5986633	165957680.00
2015/08/17	13.92	14.08	13.53	13.88	3316221	92019368.00
2015/08/18	14.08	14.23	12.48	12.53	6311966	170302432.00
2015/08/19	12.29	13.07	11.69	13.05	4728963	119770392.00
2015/08/20	13.08	13.39	12.73	12.93	3589885	94724488.00
2015/08/21	12.93	13.04	11.94	12.29	2960765	74385896.00
2015/08/24	11.88	11.88	11.06	11.06	3367233	76026584.00
2015/08/25	9.95	10.82	9.95	9.95	4624678	92741120.00
2015/08/26	9.94	10.35	8.95	9.12	5773305	111859136.00
2015/08/27	9.23	9.94	8.87	9.49	3487539	65749124.00
2015/08/28	9.54	10.29	9.54	10.27	4486632	89292712.00
2015/08/31	10.19	10.23	9.76	9.80	3499864	69891944.00
2015/09/01	9.80	9.80	8.82	8.82	3907612	70989792.00
2015/09/02	8.29	9.44	7.97	8.52	4807500	84062320.00
2015/09/07	8.87	9.12	8.69	8.97	3747047	67548912.00
2015/09/08	8.94	9.84	8.71	9.73	2765560	51771204.00
2015/09/09	9.84	10.50	9.75	10.37	6177551	125702544.00
2015/09/10	10.12	10.42	10.06	10.08	3300954	67861744.00
2015/09/11	9.97	10.19	9.90	10.07	2150671	43409332.00
2015/09/14	10.36	10.42	9.35	9.44	4992759	99983840.00
2015/09/15	8.97	9.88	8.97	9.36	6219716	119035288.00
2015/09/16	9.34	10.30	9.34	10.30	7856759	154691104.00
2015/09/17	10.35	10.84	10.04	10.10	5433779	115490728.00
2015/09/18	10.24	10.62	10.17	10.55	3539042	74398288.00
2015/09/21	10.48	11.03	10.28	11.00	3893098	84363128.00
2015/09/22	11.18	11.19	10.83	11.04	3214767	71223944.00
2015/09/23	10.94	11.09	10.73	10.92	1593742	34979660.00
2015/09/24	10.97	11.51	10.88	11.48	2560872	57318452.00
2015/09/25	11.43	11.51	10.69	10.94	3762719	83491688.00
2015/09/28	10.94	11.44	10.77	11.31	4210775	94851184.00
2015/09/29	11.02	11.29	10.84	10.91	1531798	33938156.00
2015/09/30	10.92	11.08	10.60	10.89	950179	20707920.00
2015/10/08	11.29	11.67	11.15	11.44	2876520	65997000.00
2015/10/09	11.30	11.63	11.24	11.49	1707357	39383084.00
2015/10/12	11.60	12.54	11.60	12.45	3527492	86665744.00
2015/10/13	12.43	12.59	12.19	12.59	2271971	56831572.00
2015/10/14	12.53	12.81	12.34	12.62	2677759	67696536.00
2015/10/15	12.45	13.59	12.45	13.37	4750507	126392040.00
2015/10/16	13.44	13.79	13.35	13.72	4519394	122938320.00
2015/10/19	13.94	14.69	13.80	14.21	5219424	148877488.00
2015/10/20	13.99	15.64	13.99	15.64	6222181	186421008.00
2015/10/21	15.44	16.56	14.07	14.29	7813666	239076336.00
2015/10/22	14.44	15.49	14.37	15.03	5881681	176491808.00
2015/10/23	15.03	16.54	14.74	16.54	7808728	249670720.00
2015/10/26	16.55	16.88	16.20	16.27	6394933	211990640.00
2015/10/27	16.19	16.39	14.94	16.07	5193224	164664816.00
2015/10/28	16.04	16.42	15.61	15.84	2804249	89879592.00
2015/10/29	16.30	16.30	15.70	15.89	2023293	64814428.00
2015/10/30	16.07	16.83	15.89	16.24	3105220	102493368.00
2015/11/02	15.90	15.94	14.99	15.04	3110493	96933728.00
2015/11/03	15.05	15.55	15.05	15.22	1648171	50637132.00
2015/11/04	15.44	16.29	15.44	16.29	2609273	83729832.00
2015/11/05	16.41	17.09	16.30	16.44	3591247	120106088.00
2015/11/06	16.69	17.09	16.44	17.01	2883409	97091616.00
2015/11/09	16.96	18.44	16.79	18.33	3671341	131298392.00
2015/11/10	18.39	18.79	18.01	18.20	3084720	113755168.00
2015/11/11	18.05	18.44	18.05	18.23	2924342	106990728.00
2015/11/12	18.07	18.38	17.59	17.69	2396083	86289184.00
2015/11/13	17.52	17.69	16.95	17.29	2289279	79334472.00
2015/11/16	16.94	18.19	16.80	18.19	2687536	94247336.00
2015/11/17	18.31	18.55	17.44	17.49	3118033	112888288.00
2015/11/18	17.78	17.78	16.94	17.08	2163125	74608312.00
2015/11/19	16.94	17.59	16.94	17.46	2496465	86390128.00
2015/11/20	17.44	17.55	17.05	17.27	1645540	57018640.00
2015/11/23	17.27	17.60	17.01	17.14	2082905	71997008.00
2015/11/24	16.98	17.51	16.82	17.51	1780958	61119080.00
2015/11/25	17.10	17.74	17.10	17.59	2146774	75330920.00
2015/11/26	17.69	17.74	17.20	17.20	1636728	57382992.00
2015/11/27	17.16	17.34	15.84	15.92	2923432	96993832.00
2015/11/30	15.92	16.69	15.46	16.42	2429199	78048912.00
2015/12/01	16.71	18.02	16.25	18.02	3896440	132688496.00
2015/12/02	18.32	18.32	16.25	17.47	4609660	163483168.00
2015/12/03	17.48	17.94	17.24	17.75	2283968	80750192.00
2015/12/04	17.47	18.43	17.37	17.84	2996410	108250784.00
2015/12/07	17.72	18.33	17.58	18.19	2987545	108464456.00
2015/12/08	18.19	18.31	17.42	17.44	2125075	75009312.00
2015/12/09	17.62	17.62	16.88	17.14	1856602	63863224.00
2015/12/10	17.04	18.19	17.04	18.09	3459581	124076712.00
2015/12/11	18.09	19.04	17.82	18.60	5888931	220897984.00
2015/12/14	18.22	19.19	18.18	18.97	3954863	149711888.00
2015/12/15	18.89	19.19	18.42	18.76	2661803	100466152.00
2015/12/16	18.60	19.18	18.58	19.02	1955503	74267088.00
2015/12/17	19.19	19.35	18.82	19.02	2244839	85462240.00
2015/12/18	19.00	19.02	18.38	18.45	2142585	79932408.00
2015/12/21	18.45	18.63	18.24	18.56	2139743	79025000.00
2015/12/22	18.65	18.94	18.28	18.57	1990901	73785840.00
2015/12/23	18.57	18.64	18.30	18.35	1380744	51056184.00
2015/12/24	18.36	18.49	17.99	18.35	1359612	49746776.00
2015/12/25	18.10	18.60	18.10	18.42	1128173	41704192.00
2015/12/28	18.37	18.58	18.04	18.04	1352414	49571764.00
2015/12/29	18.00	18.09	17.62	17.94	1797076	64553908.00
2015/12/30	18.16	18.22	17.70	18.14	988557	35903020.00
2015/12/31	18.21	18.21	17.84	18.13	1361939	49503500.00
2016/01/04	18.13	18.16	16.54	16.58	1902650	66203784.00
2016/01/05	15.24	16.56	14.92	15.69	4536636	141912096.00
2016/01/06	15.62	15.99	15.19	15.73	1952826	60796280.00
2016/01/07	15.38	15.54	14.19	14.24	404800	12039371.00
2016/01/08	14.84	14.85	13.04	13.94	3038407	84664880.00
2016/01/11	13.17	13.94	12.54	12.54	3000343	79634992.00
2016/01/12	12.62	13.80	12.44	13.80	2483725	65450928.00
2016/01/13	14.14	14.14	12.77	12.84	1764184	48382016.00
2016/01/14	12.92	14.13	12.68	14.13	2476688	68302624.00
2016/01/15	14.43	14.43	13.14	13.54	3217697	89085768.00
2016/01/18	13.25	14.19	13.13	13.61	2310540	63789484.00
2016/01/19	13.59	13.94	13.12	13.86	2489146	68227056.00
2016/01/20	13.74	14.01	13.58	13.69	2059413	57082692.00
2016/01/21	13.48	14.00	12.74	12.87	1884104	51041880.00
2016/01/22	13.04	13.54	12.60	13.23	1525180	40071852.00
2016/01/25	13.19	13.93	12.89	13.32	1464622	39782800.00
2016/01/26	13.32	13.78	12.71	12.84	1891889	50292876.00
2016/01/27	11.87	13.17	11.78	12.34	2487545	61950564.00
2016/01/28	12.29	12.29	11.10	11.10	1753972	41109052.00
2016/01/29	10.84	11.54	10.82	11.38	2110878	47751260.00
2016/02/01	11.69	11.69	10.69	10.92	1667824	37680372.00
2016/02/02	11.02	11.94	11.02	11.94	1965841	46364364.00
2016/02/03	11.64	12.09	11.44	11.80	1414083	33246612.00
2016/02/04	11.98	12.44	11.81	11.99	1498106	36632416.00
2016/02/05	12.07	12.72	11.99	12.54	1711257	42302456.00
2016/02/15	12.09	13.19	11.95	13.01	1958471	49886452.00
2016/02/16	13.18	13.41	12.96	13.22	2628347	69614352.00
2016/02/17	13.32	13.32	12.79	13.15	2068711	54032872.00
2016/02/18	13.26	13.27	12.89	12.89	1937460	50687944.00
2016/02/19	12.82	13.24	12.70	13.04	1432816	37419552.00
2016/02/22	13.19	13.39	12.98	13.22	1662254	44078416.00
2016/02/23	13.08	13.79	13.08	13.54	2844279	77121488.00
2016/02/24	13.39	14.11	13.20	13.65	2476988	68229280.00
2016/02/25	13.62	13.65	12.28	12.28	3109602	79384712.00
2016/02/26	12.44	12.54	11.45	11.84	2943743	70058712.00
2016/02/29	12.24	12.24	10.99	11.34	3709134	86955480.00
2016/03/01	11.47	11.87	11.02	11.54	3746804	87048232.00
2016/03/02	11.72	12.37	11.54	12.33	3531228	84522376.00
2016/03/03	12.20	12.77	11.95	12.06	3622351	90282064.00
2016/03/04	11.99	12.03	11.28	11.28	2873407	66985376.00
2016/03/07	11.83	11.94	11.37	11.68	2342332	55178816.00
2016/03/08	11.70	12.43	11.24	12.38	3092742	73800976.00
2016/03/09	12.24	12.29	11.79	12.00	1895957	45971568.00
2016/03/10	12.09	12.21	11.54	11.72	1466006	35034660.00
2016/03/11	11.72	11.87	11.38	11.61	1178447	27679770.00
2016/03/14	11.87	12.39	11.85	12.22	2922928	71943440.00
2016/03/15	12.22	12.39	12.10	12.22	2053787	50616448.00
2016/03/16	12.45	12.69	11.94	12.48	2632265	65272336.00
2016/03/17	12.64	13.73	12.59	13.73	5451912	146942432.00
2016/03/18	14.19	15.11	14.19	15.11	6090964	181737040.00
2016/03/21	16.19	16.19	14.58	15.49	8274044	253571200.00
2016/03/22	15.34	16.61	14.99	16.13	6838200	215733824.00
2016/03/23	15.74	17.09	15.49	16.93	6968362	226910496.00
2016/03/24	16.55	16.90	16.19	16.19	6399194	212303408.00
2016/03/25	16.19	16.43	15.37	15.74	5597694	177052992.00
2016/03/28	16.13	16.13	15.47	15.61	3440230	109502008.00
2016/03/29	15.65	15.74	14.59	14.84	4232831	127518776.00
2016/03/30	15.08	15.92	15.08	15.87	3666426	114160920.00
2016/03/31	16.01	16.69	15.84	16.12	4483976	146103168.00
2016/04/01	15.88	16.05	15.36	15.64	3294391	104015344.00
2016/04/05	15.98	16.37	15.54	16.20	4322012	138128928.00
2016/04/06	16.58	17.82	16.00	17.39	7815223	266005424.00
2016/04/07	17.53	17.68	16.89	16.92	5301573	183977904.00
2016/04/08	16.85	16.89	15.24	15.84	7028993	225846272.00
2016/04/11	15.99	16.38	15.69	16.07	6705131	216295680.00
2016/04/12	15.87	16.04	14.89	15.33	5444227	166833200.00
2016/04/13	15.00	15.83	14.99	15.72	4947802	155489360.00
2016/04/14	15.76	15.89	15.35	15.71	2964979	92537832.00
2016/04/15	15.68	15.68	15.08	15.24	4923219	151131824.00
2016/04/18	15.24	15.34	14.88	15.29	3483583	105360288.00
2016/04/19	15.29	15.64	15.27	15.59	3982535	123504824.00
2016/04/20	15.59	15.69	14.02	14.12	7487502	217452912.00
2016/04/21	14.17	14.26	13.77	13.78	3336549	93873264.00
2016/04/22	13.85	14.09	13.72	14.05	2858756	79711200.00
2016/04/25	14.00	14.02	13.01	13.82	3750945	101838128.00
2016/04/26	13.82	13.93	13.54	13.89	2257800	62356164.00
2016/04/27	13.90	14.02	13.70	13.78	2251962	62558696.00
2016/04/28	13.71	13.82	13.01	13.46	3234319	86677464.00
2016/04/29	13.25	13.53	13.18	13.38	1668948	44926844.00
2016/05/03	13.35	14.70	13.32	14.66	3911807	111435568.00
2016/05/04	14.57	14.57	14.26	14.32	2923802	84722000.00
2016/05/05	14.29	14.54	14.20	14.47	2666424	77022440.00
2016/05/06	15.04	15.09	13.95	14.13	4871245	142570544.00
2016/05/09	13.94	14.13	13.04	13.24	3295538	88660496.00
2016/05/10	13.27	13.53	13.25	13.44	2193874	59062268.00
2016/05/11	13.48	13.74	13.32	13.45	1758483	47782216.00
2016/05/12	13.03	13.69	13.00	13.50	1935330	51850756.00
2016/05/13	13.27	13.76	12.29	12.49	5847177	75683376.00
2016/05/16	12.39	12.96	11.89	12.70	5110771	63622308.00
2016/05/17	12.71	12.95	12.56	12.68	5567450	70959536.00
2016/05/18	12.45	12.80	12.39	12.58	4744383	59834416.00
2016/05/19	12.67	12.98	12.41	12.51	4558785	58181836.00
2016/05/20	12.41	12.98	12.27	12.97	4897193	62739920.00
2016/05/23	13.02	13.47	12.80	13.22	4563420	60661780.00
2016/05/24	13.19	13.29	12.59	12.77	4369126	56519116.00
2016/05/25	12.88	13.18	12.65	12.78	2847224	36682664.00
2016/05/26	12.73	13.44	12.29	13.37	6459698	83358992.00
2016/05/27	13.22	13.58	13.11	13.26	4483174	59980136.00
2016/05/30	13.18	13.42	12.86	12.99	5203648	68507776.00
2016/05/31	13.01	13.88	13.01	13.84	8143689	110661752.00
2016/06/01	13.84	14.73	13.71	14.37	8591711	123654248.00
2016/06/02	14.32	14.66	14.17	14.48	5510251	79537216.00
2016/06/03	14.54	14.83	14.29	14.44	5788443	84111024.00
2016/06/06	14.43	14.54	13.79	13.99	7446119	104898176.00
2016/06/07	14.01	14.98	13.82	14.98	10245508	149237712.00
2016/06/08	14.67	15.02	14.54	14.83	7502657	111349384.00
2016/06/13	14.52	14.74	13.79	13.87	7471544	107129496.00
2016/06/14	13.79	14.09	13.60	13.94	2958074	41115068.00
2016/06/15	13.74	14.57	13.50	14.38	5208963	74507576.00
2016/06/16	14.38	14.69	13.99	14.00	6161892	88518944.00
2016/06/17	14.09	14.81	14.05	14.79	9088115	132935048.00
2016/06/20	14.64	14.77	14.32	14.51	5901544	85362104.00
2016/06/21	14.62	14.74	13.91	14.13	5998200	86287008.00
2016/06/22	14.14	14.51	14.04	14.47	5434723	78184984.00
2016/06/23	14.77	15.22	14.66	14.84	10293399	153590128.00
2016/06/24	14.64	15.47	14.46	15.09	15411668	231226688.00
2016/06/27	14.86	15.53	14.74	15.48	11134500	170803040.00
2016/06/28	15.49	15.85	15.39	15.66	11385687	178273504.00
2016/06/29	15.66	15.84	15.22	15.33	9058588	139378272.00
2016/06/30	15.33	15.52	15.00	15.46	6863452	104672656.00
2016/07/01	15.30	15.45	14.88	14.98	9194473	138659952.00
2016/07/04	14.91	15.25	14.79	14.99	8900599	133499304.00
2016/07/05	15.01	15.11	14.84	14.94	6721855	100500616.00
2016/07/06	14.89	15.19	14.85	15.18	8715403	131233432.00
2016/07/07	15.59	15.95	15.34	15.43	18208591	284227008.00
2016/07/08	15.14	15.42	15.07	15.11	9998319	151773184.00
2016/07/11	14.70	15.60	14.70	15.52	20119578	307529440.00
2016/07/12	15.49	15.78	14.79	15.63	14107640	216302560.00
2016/07/13	15.58	15.79	15.29	15.41	9549152	148389728.00
2016/07/14	15.31	15.73	15.19	15.67	6920974	107082704.00
2016/07/15	15.65	15.73	15.38	15.42	5705361	88713920.00
2016/07/18	16.09	16.96	16.09	16.96	13525432	228343888.00
2016/07/19	18.54	18.54	17.19	17.75	45201292	807409792.00
2016/07/20	17.67	17.89	17.03	17.19	27145407	471738656.00
2016/07/21	17.35	18.91	17.19	18.91	34856271	632102336.00
2016/07/22	18.96	19.49	18.33	19.23	33570050	637819968.00
2016/07/25	19.22	19.23	18.45	18.51	15244510	285117184.00
2016/07/26	18.57	18.77	18.03	18.35	15309994	280671328.00
2016/07/27	18.45	18.49	16.67	17.04	25121414	439792448.00
2016/07/28	16.90	17.47	16.79	17.26	14181219	243785280.00
2016/07/29	17.34	17.34	16.79	16.99	8964331	152823776.00
2016/08/01	17.12	17.28	16.67	17.01	7863478	133819416.00
2016/08/02	16.99	17.24	16.82	17.19	6128957	104549248.00
2016/08/03	17.14	17.88	17.02	17.64	11603918	203735584.00
2016/08/04	17.47	17.73	17.27	17.52	6540483	114157816.00
2016/08/05	17.58	18.11	17.48	17.49	9028616	160737408.00
2016/08/08	17.17	17.35	16.71	17.09	6948522	118156944.00
2016/08/09	17.01	17.52	16.98	17.38	5926592	102576336.00
2016/08/10	17.23	17.77	17.21	17.29	6133534	107371992.00
2016/08/11	17.14	17.23	16.50	16.54	8190557	138318688.00
2016/08/12	16.54	16.76	16.25	16.48	5453965	89958488.00
2016/08/15	16.47	16.94	16.19	16.81	5877922	98112872.00
2016/08/16	16.68	17.12	16.59	16.88	5586743	94155928.00
2016/08/17	16.79	17.20	16.79	17.03	5393536	92122496.00
2016/08/18	17.09	17.14	16.79	16.85	4122946	69752392.00
2016/08/19	16.81	17.07	16.81	16.91	2674692	45303712.00
2016/08/22	17.01	17.06	16.39	16.42	4334316	72019288.00
2016/08/23	16.34	16.60	16.33	16.51	2838761	46815320.00
2016/08/24	16.55	16.62	16.39	16.58	2639388	43677056.00
2016/08/25	16.43	17.07	16.22	16.96	5488592	91721640.00
2016/08/26	17.06	17.66	16.90	17.34	8232679	143217984.00
2016/08/29	17.29	17.53	17.14	17.23	3673461	63619272.00
2016/08/30	17.37	17.64	17.19	17.34	4104902	71569504.00
2016/08/31	17.34	17.59	17.29	17.43	3249540	56578336.00
2016/09/01	17.49	18.24	17.34	17.86	10287752	183862736.00
2016/09/02	17.95	18.18	17.73	17.85	6606724	118480544.00
2016/09/05	18.15	18.15	17.70	17.76	4052099	72544208.00
2016/09/06	17.71	17.87	17.22	17.86	5587893	98091800.00
2016/09/07	17.76	18.19	17.57	18.19	6821212	122236832.00
2016/09/08	18.16	18.43	17.99	18.01	4496898	81585752.00
2016/09/09	18.01	18.14	17.69	17.69	3586613	63870632.00
2016/09/12	17.45	17.45	16.79	16.84	4328196	74434840.00
2016/09/13	17.14	17.22	16.87	17.21	3877340	66063408.00
2016/09/14	17.18	17.18	16.90	16.97	1550615	26352700.00
2016/09/19	17.09	17.20	16.94	16.97	2132185	36375408.00
2016/09/20	16.97	17.14	16.95	17.11	1811621	30902696.00
2016/09/21	17.16	17.21	17.09	17.10	1107523	18984400.00
2016/09/22	17.14	17.57	17.14	17.45	2686103	46719588.00
2016/09/23	17.48	17.97	17.35	17.75	4368903	77391768.00
2016/09/26	17.79	17.90	17.16	17.19	2862541	50330752.00
2016/09/27	17.19	17.54	17.10	17.53	2301235	39737276.00
2016/09/28	17.69	17.76	17.23	17.73	2822651	49454328.00
2016/09/29	17.77	17.81	17.56	17.58	1726400	30530510.00
2016/09/30	17.49	17.81	17.49	17.58	1294213	22805426.00
2016/10/10	17.58	18.47	17.58	18.20	5549123	100857472.00
2016/10/11	17.83	18.40	17.83	18.35	4661210	84602512.00
2016/10/12	18.31	19.37	18.12	19.26	11916684	226972944.00
2016/10/13	19.29	19.34	18.87	19.12	4846387	92288816.00
2016/10/14	19.00	19.32	18.89	19.16	4484992	85701648.00
2016/10/17	19.17	19.27	18.44	18.46	3814214	71626336.00
2016/10/18	18.49	18.86	18.47	18.77	2504326	46841408.00
2016/10/19	18.84	18.85	18.52	18.59	2263679	42271408.00
2016/10/20	18.62	18.78	18.36	18.47	2717164	50293720.00
2016/10/21	18.47	18.67	18.30	18.48	2595717	47879392.00
2016/10/24	18.48	18.74	18.21	18.48	3387192	62302932.00
2016/10/25	18.38	18.65	18.35	18.45	3043807	56332596.00
2016/10/26	18.39	18.58	18.29	18.36	2419092	44515600.00
2016/10/27	18.37	18.68	18.18	18.25	4245452	78089120.00
2016/10/28	18.25	18.37	18.00	18.14	2335839	42544964.00
2016/10/31	18.08	18.37	17.99	18.26	2275436	41393496.00
2016/11/01	18.41	18.46	18.28	18.32	2329000	42740852.00
2016/11/02	18.35	18.42	17.99	18.06	2417329	43876220.00
2016/11/03	18.09	18.54	18.01	18.34	3090531	56819584.00
2016/11/04	18.50	18.59	18.30	18.37	2134222	39322204.00
2016/11/07	18.37	18.47	18.09	18.22	1823976	33272978.00
2016/11/08	18.22	18.55	18.09	18.40	3108510	56914268.00
2016/11/09	18.40	18.49	17.81	17.93	4515680	81886832.00
2016/11/10	18.22	18.22	17.95	17.99	2711781	48914928.00
2016/11/11	18.07	18.15	17.89	17.95	2597462	46773428.00
2016/11/14	17.92	18.22	17.92	18.00	3944406	71128928.00
2016/11/15	18.00	18.30	17.93	18.18	3445705	62501880.00
2016/11/16	18.22	18.38	18.19	18.21	4442536	81307496.00
2016/11/17	18.21	18.34	17.97	18.11	4156856	75741336.00
2016/11/18	18.10	18.48	17.99	18.45	3758562	68851920.00
2016/11/21	18.35	18.58	18.29	18.49	2866728	52951956.00
2016/11/22	18.57	18.58	18.36	18.54	2641102	48772844.00
2016/11/23	18.59	18.85	18.59	18.65	5363064	100342760.00
2016/11/24	18.64	18.80	18.37	18.62	4085719	76334048.00
2016/11/25	18.62	19.16	18.55	18.99	7153583	135434448.00
2016/11/28	19.07	19.26	18.85	18.87	2769589	52657300.00
2016/11/29	18.87	18.97	18.19	18.19	4206410	78247288.00
2016/11/30	18.17	19.94	18.16	19.19	8507655	163232672.00
2016/12/01	19.36	19.42	18.72	18.81	5849398	111009520.00
2016/12/02	18.82	19.15	18.49	18.50	3492296	65223824.00
2016/12/05	18.25	18.89	18.19	18.40	3096768	57679092.00
2016/12/06	18.49	19.09	18.32	19.01	3822818	72066680.00
2016/12/07	19.08	19.10	18.69	18.89	1972352	37162636.00
2016/12/08	18.83	19.26	18.70	18.75	3831426	72775088.00
2016/12/09	18.75	19.18	18.64	18.82	4146331	78381304.00
2016/12/12	18.70	18.81	17.41	17.50	7882425	141682992.00
2016/12/13	17.51	17.79	17.26	17.45	2330815	40737876.00
2016/12/14	17.49	17.57	17.34	17.41	1273102	22185038.00
2016/12/15	17.37	17.72	17.37	17.45	1275030	22359650.00
2016/12/16	17.58	17.61	17.33	17.45	1289901	22538506.00
2016/12/19	17.37	17.44	16.84	16.89	2470109	42232436.00
2016/12/20	16.81	16.98	16.74	16.75	1498665	25250740.00
2016/12/21	16.79	17.02	16.79	16.99	1717883	29103332.00
2016/12/22	16.99	17.09	16.76	16.88	1054785	17781222.00
2016/12/23	16.89	16.97	16.79	16.86	1167331	19702090.00
2016/12/26	16.91	16.93	16.32	16.65	2113684	34968448.00
2016/12/27	16.65	16.97	16.56	16.73	1337736	22466856.00
2016/12/28	16.85	16.85	16.49	16.52	966415	16074257.00
2016/12/29	16.41	16.69	16.41	16.46	1244023	20587128.00
2016/12/30	16.43	16.61	16.34	16.46	1557574	25644434.00
2017/01/03	16.47	16.79	16.47	16.68	1376003	22958152.00
2017/01/04	16.59	16.82	16.54	16.68	1690668	28120684.00
2017/01/05	16.76	16.90	16.70	16.89	2425064	40799556.00
2017/01/06	16.84	16.94	16.33	16.38	2714016	44763008.00
2017/01/09	16.38	16.38	15.20	15.65	6722367	106062672.00
2017/01/10	15.60	15.89	15.60	15.70	2891226	45586496.00
2017/01/11	15.67	15.89	15.59	15.65	1630665	25689410.00
2017/01/12	15.77	15.81	15.46	15.63	1606715	25212182.00
2017/01/13	15.78	15.78	15.49	15.56	1682365	26293576.00
2017/01/16	15.32	15.64	14.06	14.44	3136084	46315088.00
2017/01/17	14.51	14.87	14.18	14.68	2341174	34141472.00
2017/01/18	14.55	14.64	14.32	14.37	1759785	25406798.00
2017/01/19	14.31	14.48	13.72	13.96	3241161	45781752.00
2017/01/20	14.03	14.79	13.82	14.64	2139273	30904628.00
2017/01/23	14.79	15.19	14.64	15.09	2677790	40245048.00
2017/01/24	15.17	15.17	14.72	14.78	1639900	24428566.00
2017/01/25	14.92	15.31	14.53	15.10	2245178	33816288.00
2017/01/26	15.02	15.39	15.02	15.34	1554187	23781660.00
2017/02/03	15.35	15.42	15.00	15.12	1234378	18698474.00
2017/02/06	15.15	16.63	15.15	16.63	5346497	86678176.00
2017/02/07	16.73	16.83	16.05	16.30	5481516	89305640.00
2017/02/08	16.57	16.89	16.39	16.43	6131365	102035656.00
2017/02/09	16.40	18.07	16.19	18.07	9544781	167945600.00
2017/02/10	17.99	18.67	17.39	18.04	13403816	240632896.00
2017/02/13	17.89	18.25	17.49	17.83	7792168	138795168.00
2017/02/14	17.82	17.86	17.17	17.46	7740078	135041184.00
2017/02/15	17.49	17.65	17.25	17.42	3808572	66540160.00
2017/02/16	17.54	17.54	17.20	17.33	3177379	55118548.00
2017/02/17	17.31	17.83	17.31	17.46	6216013	109544952.00
2017/02/20	17.64	17.77	17.39	17.69	4389125	77375784.00
2017/02/21	17.69	17.82	17.49	17.72	3253399	57539760.00
2017/02/22	17.78	17.78	17.29	17.42	2808507	49050072.00
2017/02/23	17.50	18.08	16.93	17.83	6148467	106890584.00
2017/02/24	17.90	17.90	17.27	17.57	3902386	68494760.00
2017/02/27	17.57	17.57	17.01	17.20	2808346	48564892.00
2017/02/28	17.29	17.35	17.06	17.18	1390413	23833458.00
2017/03/01	17.18	17.27	17.06	17.25	1879300	32329522.00
2017/03/02	17.19	17.33	17.02	17.03	1599166	27377272.00
2017/03/03	16.99	17.17	16.80	16.86	1767812	29850392.00
2017/03/06	16.82	17.38	16.82	17.28	2038363	34985452.00
2017/03/07	17.19	17.43	17.10	17.31	2205955	38142128.00
2017/03/08	17.31	17.37	17.12	17.15	1047849	18060548.00
2017/03/09	17.28	18.36	17.09	17.79	6989368	124957552.00
2017/03/10	17.79	18.01	17.54	17.61	2860691	50781548.00
2017/03/13	17.61	17.97	17.34	17.78	2920923	51698676.00
2017/03/14	17.78	18.29	17.78	17.99	5247459	94984552.00
2017/03/15	18.00	18.37	17.84	18.24	3897863	70770160.00
2017/03/16	18.24	18.35	17.97	17.99	3219339	58302468.00
2017/03/17	17.90	18.19	17.67	17.77	2634399	47263880.00
2017/03/20	17.84	17.97	17.69	17.92	1331483	23722072.00
2017/03/21	18.06	18.06	17.68	17.76	1392070	24813314.00
2017/03/22	17.76	18.09	17.49	18.03	3070604	54585296.00
2017/03/23	18.15	18.26	17.76	17.90	2444445	44121356.00
2017/03/24	17.99	17.99	17.70	17.88	2015593	35977556.00
2017/03/27	17.83	18.34	17.74	18.24	5105585	92602608.00
2017/03/28	18.26	18.64	18.10	18.37	5215995	96052432.00
2017/03/29	18.37	18.59	18.00	18.40	3186097	58446848.00
2017/03/30	18.51	18.51	17.60	17.84	3014525	54477672.00
2017/03/31	17.97	18.96	17.79	18.68	6351638	118018208.00
2017/04/05	18.67	19.18	18.45	19.11	6599176	125446064.00
2017/04/06	19.15	19.69	18.80	18.93	7424732	143053568.00
2017/04/07	18.85	19.14	18.51	19.08	3355898	63202224.00
2017/04/10	19.08	19.09	18.49	18.59	3615752	67558264.00
2017/04/11	18.59	18.83	18.19	18.47	3206122	59378796.00
2017/04/12	18.47	19.18	18.30	18.94	5778933	109349136.00
2017/04/13	18.89	19.28	18.89	19.01	3681981	70431720.00
2017/04/14	19.11	19.21	18.73	18.98	3163339	60193036.00
2017/04/17	18.84	19.17	18.80	18.95	3257260	61954048.00
2017/04/18	18.95	19.48	18.88	19.37	4701079	90717128.00
2017/04/19	19.24	19.37	18.64	19.01	4910105	93379400.00
2017/04/20	19.09	19.59	19.01	19.42	3239222	62953032.00
2017/04/21	19.42	19.78	19.27	19.52	4940504	96734320.00
2017/04/24	19.24	19.57	18.70	19.45	5856879	111586912.00
2017/04/25	19.52	19.85	19.30	19.66	3770583	73857760.00
2017/04/26	19.67	19.68	19.34	19.44	3191127	62094008.00
2017/04/27	19.41	19.41	18.81	18.99	4308306	82247048.00
2017/04/28	18.99	20.89	18.99	20.89	13288179	270399200.00
2017/05/02	21.12	21.89	20.61	20.72	11437495	242461408.00
2017/05/03	21.13	21.38	20.27	20.34	7618523	157993776.00
2017/05/04	20.39	20.86	19.87	19.95	7239179	147328080.00
2017/05/05	19.88	20.17	19.69	19.79	4800326	95591240.00
2017/05/08	20.30	20.56	19.89	19.99	6264127	126769600.00
2017/05/09	20.00	21.87	20.00	21.62	9691472	204057552.00
2017/05/10	21.65	21.89	20.56	20.57	7990791	168397744.00
2017/05/11	20.78	20.84	19.69	20.60	7166014	144868864.00
2017/05/12	20.58	20.86	20.21	20.68	4606840	94576824.00
2017/05/15	20.68	20.90	20.38	20.47	2697528	55423852.00
2017/05/16	20.49	20.85	20.11	20.69	4633548	95009752.00
2017/05/17	20.60	21.25	20.45	20.49	4705117	97883312.00
2017/05/18	20.15	21.20	20.02	21.09	6279099	130600584.00
2017/05/19	21.38	22.87	20.60	21.15	13984020	300934560.00
2017/05/22	20.93	20.93	19.04	19.04	16288200	320800640.00
2017/05/23	18.93	19.44	17.31	18.31	15739220	288900832.00
2017/05/24	18.41	18.98	18.05	18.83	5688466	106240824.00
2017/05/25	18.95	19.09	18.40	18.60	4832851	90323432.00
2017/05/26	18.68	18.85	18.01	18.15	3537271	65194196.00
2017/05/31	18.28	18.80	18.28	18.60	3600309	66783876.00
2017/06/01	18.59	18.68	18.00	18.08	2886600	52680704.00
2017/06/02	18.10	18.48	17.61	18.35	3580200	64690228.00
2017/06/05	18.41	19.19	18.25	18.91	3315400	62281444.00
2017/06/06	18.70	19.53	18.70	19.15	3048800	58725720.00
2017/06/07	19.11	19.60	19.01	19.38	3191900	61979588.00
2017/06/08	19.38	19.49	19.04	19.18	2409100	46419744.00
2017/06/09	19.18	19.60	18.90	19.60	2596300	50078748.00
2017/06/12	19.40	19.75	19.33	19.36	1882781	36804636.00
2017/06/13	19.45	19.67	19.30	19.54	1507173	29444564.00
2017/06/14	19.41	19.64	19.10	19.10	2244811	43247568.00
2017/06/15	19.08	19.57	19.05	19.50	1921596	37353752.00
2017/06/16	19.50	19.57	18.96	19.04	2464270	47126948.00
2017/06/19	19.04	19.27	18.72	18.90	2223300	42165764.00
2017/06/20	18.84	19.20	18.75	18.80	1837766	34659612.00
2017/06/21	18.75	18.95	18.13	18.56	2788900	51493344.00
2017/06/22	18.48	18.89	17.98	18.14	2937600	53908908.00
2017/06/23	18.14	18.35	18.01	18.31	2267400	41315084.00
2017/06/26	18.13	18.56	18.13	18.52	2032700	37254148.00
2017/06/27	18.47	18.59	18.25	18.35	2514900	46321236.00
2017/06/28	18.35	18.68	18.16	18.53	3343334	61879360.00
2017/06/29	18.40	18.90	18.26	18.85	4017600	74787920.00
2017/06/30	18.70	19.25	18.61	19.11	6371300	120404576.00
2017/07/03	19.43	21.00	19.43	20.46	16031600	325560448.00
2017/07/04	20.22	20.85	20.05	20.35	8371700	171263184.00
2017/07/05	20.34	20.41	20.04	20.33	6398400	129374080.00
2017/07/06	20.43	20.60	20.13	20.36	5446500	110758824.00
2017/07/07	20.40	20.95	20.00	20.29	6257500	128440976.00
2017/07/10	20.30	20.90	20.11	20.59	8678400	177944384.00
2017/07/11	20.54	20.73	20.06	20.18	4377000	88961240.00
2017/07/12	20.20	20.49	19.50	19.97	5596100	110757208.00
2017/07/13	20.00	20.06	19.57	19.84	2935200	58016456.00
2017/07/14	19.88	19.88	19.30	19.38	3709000	72543200.00
2017/07/17	19.38	19.40	18.21	18.72	5755000	108399512.00
2017/07/18	18.68	19.20	18.62	19.11	3403500	64703544.00
2017/07/19	19.05	19.36	18.92	19.28	3178300	61158916.00
2017/07/20	19.28	19.70	19.11	19.28	3154300	61392504.00
2017/07/21	19.31	19.34	18.90	18.97	2679291	51080832.00
2017/07/24	18.90	19.20	18.71	19.20	2091500	39859748.00
2017/07/25	19.20	19.39	19.03	19.16	2250300	43158360.00
2017/07/26	19.16	19.27	18.72	18.74	2825300	53356540.00
2017/07/27	18.88	19.78	18.72	19.78	6014000	117062456.00
2017/07/28	19.98	19.98	19.47	19.55	4193400	82519544.00
2017/07/31	19.50	20.47	19.25	20.30	8300000	166554928.00
2017/08/01	20.96	20.96	20.07	20.44	8293700	169802256.00
2017/08/02	20.50	20.60	19.82	20.18	5133800	103522120.00
2017/08/03	20.25	21.16	20.15	20.70	10992200	228775648.00
2017/08/04	20.62	20.76	20.03	20.43	5905200	120741696.00
2017/08/07	21.51	22.47	21.13	21.30	19740800	427214560.00
2017/08/08	21.00	23.32	21.00	23.10	24769500	554947072.00
2017/08/09	22.66	22.90	22.40	22.78	16154300	365144352.00
2017/08/10	22.62	23.50	22.41	23.11	14213200	327853984.00
2017/08/11	22.70	23.19	22.15	22.38	11626800	263549776.00
2017/08/14	22.60	24.06	22.29	23.65	13991500	324636128.00
2017/08/15	23.70	24.45	23.19	23.50	16451600	392463936.00
2017/08/16	23.33	24.30	23.28	23.56	10690000	254421120.00
2017/08/17	23.47	23.76	23.11	23.34	8140700	190669536.00
2017/08/18	23.31	24.45	23.15	24.19	12419500	298322080.00
2017/08/21	24.20	24.48	23.82	24.23	7791000	187988608.00
2017/08/22	24.09	24.09	23.52	23.56	7162000	169742016.00
2017/08/23	23.46	23.67	23.17	23.21	4675700	109408032.00
2017/08/24	23.19	23.35	22.62	22.66	5569000	127564880.00
数据来源:通达信
