300315 掌趣科技 日线 前复权
      日期	    开盘	    最高	    最低	    收盘	    成交量	    成交额
2012/05/11	2.03	2.14	1.90	1.90	18974012	482390912.00
2012/05/14	1.86	2.10	1.86	2.04	23448365	598569728.00
2012/05/15	2.02	2.13	2.00	2.03	15020928	389407072.00
2012/05/16	2.00	2.18	1.98	2.14	14221057	374705888.00
2012/05/17	2.12	2.19	2.08	2.15	11333658	303187456.00
2012/05/18	2.12	2.17	2.01	2.03	10254072	268039408.00
2012/05/21	1.99	2.01	1.82	1.82	10236875	241304256.00
2012/05/22	1.77	1.85	1.75	1.81	6631023	150536864.00
2012/05/23	1.79	1.81	1.72	1.74	6056587	134494272.00
2012/05/24	1.74	1.81	1.73	1.78	5285058	118623824.00
2012/05/25	1.76	1.77	1.60	1.62	6636862	141026208.00
2012/05/28	1.60	1.61	1.54	1.60	3387501	68004824.00
2012/05/29	1.59	1.70	1.58	1.66	3758871	79322000.00
2012/05/30	1.63	1.72	1.63	1.65	3796382	80828976.00
2012/05/31	1.63	1.74	1.63	1.70	4990574	107837920.00
2012/06/01	1.70	1.72	1.65	1.67	2744513	58617664.00
2012/06/04	1.61	1.73	1.59	1.70	4192342	88888048.00
2012/06/05	1.69	1.78	1.69	1.75	4719781	104380880.00
2012/06/06	1.74	1.76	1.71	1.73	2503543	54869456.00
2012/06/07	1.75	1.75	1.64	1.64	2913100	62365228.00
2012/06/08	1.65	1.79	1.63	1.74	5570685	121901120.00
2012/06/11	1.72	1.77	1.69	1.75	4438616	97716632.00
2012/06/12	1.73	1.79	1.71	1.74	3863744	85403472.00
2012/06/13	1.74	1.81	1.72	1.77	4215387	94169408.00
2012/06/14	1.76	1.82	1.75	1.76	3889968	87580024.00
2012/06/15	1.76	1.77	1.72	1.74	2806919	61921352.00
2012/06/18	1.75	1.82	1.74	1.78	3006132	67951752.00
2012/06/19	1.77	1.81	1.75	1.76	2683095	60327388.00
2012/06/20	1.77	1.86	1.75	1.82	6000504	138262560.00
2012/06/21	1.80	1.82	1.76	1.78	3345633	75443880.00
2012/06/25	1.76	1.76	1.68	1.70	3092269	66908396.00
2012/06/26	1.67	1.69	1.63	1.67	1926158	40552496.00
2012/06/27	1.67	1.72	1.66	1.68	2188350	46872112.00
2012/06/28	1.67	1.69	1.60	1.62	2251155	46930040.00
2012/06/29	1.58	1.65	1.58	1.64	1437436	29758474.00
2012/07/02	1.66	1.67	1.62	1.63	1718640	35942696.00
2012/07/03	1.64	1.72	1.63	1.70	3236063	69001120.00
2012/07/04	1.69	1.73	1.66	1.67	2047149	43820912.00
2012/07/05	1.67	1.67	1.59	1.60	1739550	35820544.00
2012/07/06	1.61	1.62	1.45	1.53	5093961	98846136.00
2012/07/09	1.49	1.51	1.46	1.47	2182106	41437964.00
2012/07/10	1.47	1.49	1.43	1.46	1483171	27646528.00
2012/07/11	1.46	1.50	1.45	1.50	1397461	26389222.00
2012/07/12	1.55	1.57	1.51	1.55	3186993	62780784.00
2012/07/13	1.53	1.55	1.50	1.51	1651738	32181860.00
2012/07/16	1.49	1.51	1.39	1.40	2392815	43909236.00
2012/07/17	1.39	1.43	1.39	1.42	1102412	19917216.00
2012/07/18	1.41	1.42	1.38	1.42	1116081	20040286.00
2012/07/19	1.42	1.52	1.41	1.47	3133388	59603236.00
2012/07/20	1.45	1.52	1.45	1.48	1811103	34600268.00
2012/07/23	1.48	1.54	1.47	1.50	1402005	27027062.00
2012/07/24	1.48	1.52	1.46	1.49	1195711	22693232.00
2012/07/25	1.49	1.59	1.48	1.55	3492247	69117952.00
2012/07/26	1.53	1.56	1.52	1.52	1696392	33200168.00
2012/07/27	1.52	1.57	1.51	1.57	2342505	46058836.00
2012/07/30	1.57	1.61	1.52	1.55	2741158	54667768.00
2012/07/31	1.54	1.55	1.46	1.48	1579677	30477740.00
2012/08/01	1.49	1.64	1.49	1.64	2884029	58916044.00
2012/08/02	1.67	1.75	1.66	1.70	8044876	173138576.00
2012/08/03	1.70	1.79	1.70	1.75	6665247	148268736.00
2012/08/06	1.74	1.94	1.73	1.94	6715839	157059632.00
2012/08/07	2.01	2.04	1.90	1.91	12100788	299007904.00
2012/08/08	1.88	1.98	1.86	1.92	9531874	230818080.00
2012/08/09	1.86	1.90	1.82	1.89	7418519	174831776.00
2012/08/10	1.86	1.97	1.86	1.95	9133852	221915296.00
2012/08/13	1.95	2.02	1.87	1.90	9276812	225167680.00
2012/08/14	1.90	1.96	1.77	1.83	7288685	170293024.00
2012/08/15	1.80	1.88	1.78	1.84	5547316	127961232.00
2012/08/16	1.81	1.85	1.73	1.75	4390969	98741920.00
2012/08/17	1.75	1.83	1.73	1.82	4295826	97407552.00
2012/08/20	1.80	1.90	1.79	1.85	4401594	102949848.00
2012/08/21	1.84	2.04	1.84	2.04	9053900	226604272.00
2012/08/22	2.06	2.09	1.97	2.05	9643292	246309968.00
2012/08/23	2.04	2.17	2.03	2.05	7047725	185500064.00
2012/08/24	2.01	2.13	1.90	2.02	6414682	165083472.00
2012/08/27	2.00	2.09	1.94	2.02	5438395	138668784.00
2012/08/28	2.00	2.22	1.97	2.19	9121091	241867264.00
2012/08/29	2.22	2.29	2.12	2.14	8150251	225148096.00
2012/08/30	2.09	2.17	1.95	2.07	7418557	191836672.00
2012/08/31	2.06	2.12	2.02	2.08	4107302	106815016.00
2012/09/03	2.06	2.16	2.04	2.15	3714360	98317176.00
2012/09/04	2.14	2.27	2.10	2.10	6196666	170649872.00
2012/09/05	2.08	2.15	2.05	2.08	3833025	100567176.00
2012/09/06	2.06	2.10	2.05	2.08	2658752	69006728.00
2012/09/07	2.09	2.19	2.08	2.14	5709336	153073920.00
2012/09/10	2.13	2.22	2.06	2.21	5528544	148560704.00
2012/09/11	2.18	2.21	2.11	2.12	3618901	98206568.00
2012/09/12	2.13	2.20	2.11	2.16	2866945	77382888.00
2012/09/13	2.17	2.18	2.04	2.04	3617843	95384576.00
2012/09/14	2.06	2.06	1.96	2.00	3074744	77461816.00
2012/09/17	1.99	2.00	1.90	1.90	1784369	43811248.00
2012/09/18	1.91	2.01	1.91	1.97	2488466	61587424.00
2012/09/19	1.96	2.03	1.96	1.97	1952183	49068288.00
2012/09/20	1.95	1.98	1.89	1.94	1556739	37843924.00
2012/09/21	1.92	1.99	1.91	1.95	1544838	38222452.00
2012/09/24	1.94	2.03	1.92	2.02	1696518	42644784.00
2012/09/25	2.02	2.02	1.90	1.92	2406072	58999332.00
2012/09/26	1.91	1.94	1.84	1.93	2277989	54348048.00
2012/09/27	1.93	1.99	1.91	1.96	1209437	29958998.00
2012/09/28	1.94	1.99	1.94	1.97	996786	24726782.00
2012/10/08	1.97	2.04	1.95	2.01	1109635	28042132.00
2012/10/09	2.01	2.15	2.01	2.12	2057728	53769928.00
2012/10/10	2.13	2.17	2.09	2.13	1910972	51226948.00
2012/10/11	2.12	2.21	2.10	2.14	2069487	56222408.00
2012/10/12	2.14	2.19	2.11	2.15	1315470	35312220.00
2012/10/15	2.15	2.15	2.02	2.06	1604897	41670444.00
2012/10/16	2.07	2.11	2.04	2.09	955123	25020988.00
2012/10/17	2.10	2.10	2.05	2.06	498581	12962800.00
2012/10/18	2.06	2.10	2.05	2.07	873335	22807994.00
2012/10/19	2.07	2.07	2.02	2.03	1175509	30059096.00
2012/10/22	2.01	2.07	2.00	2.06	1204260	30673364.00
2012/10/23	2.06	2.07	2.03	2.04	666641	17003116.00
2012/10/24	2.02	2.10	2.02	2.08	1318042	34188596.00
2012/10/25	2.06	2.19	2.06	2.11	3092241	82557600.00
2012/10/26	2.09	2.15	1.91	1.96	4147520	105504416.00
2012/10/29	1.92	1.97	1.87	1.95	1576366	38007844.00
2012/10/30	1.93	1.98	1.93	1.96	971379	23830206.00
2012/10/31	1.96	1.97	1.93	1.97	986537	24115490.00
2012/11/01	1.96	2.01	1.96	2.00	692095	17210346.00
2012/11/02	1.99	2.01	1.94	1.98	1100725	27282136.00
2012/11/05	1.98	2.01	1.92	1.96	1294506	31462876.00
2012/11/06	1.94	1.97	1.91	1.96	707932	17136990.00
2012/11/07	1.94	1.99	1.94	1.97	547640	13554018.00
2012/11/08	1.95	1.98	1.95	1.96	841093	20666986.00
2012/11/09	1.95	1.98	1.92	1.97	445931	10948584.00
2012/11/12	1.97	1.97	1.82	1.82	1664513	39346548.00
2012/11/13	1.81	1.85	1.77	1.79	1338117	30318992.00
2012/11/14	1.80	1.83	1.78	1.83	509502	11509207.00
2012/11/15	1.81	1.82	1.73	1.76	982802	21928470.00
2012/11/16	1.75	1.76	1.71	1.75	724015	15810562.00
2012/11/19	1.73	1.78	1.72	1.78	483592	10583675.00
2012/11/20	1.78	1.78	1.74	1.77	362277	8038769.50
2012/11/21	1.77	1.80	1.76	1.79	413756	9240909.00
2012/11/22	1.78	1.91	1.77	1.85	1282782	29672450.00
2012/11/23	1.83	1.93	1.83	1.91	804109	19158250.00
2012/11/26	1.90	1.93	1.87	1.87	680759	16200015.00
2012/11/27	1.85	1.88	1.78	1.78	666635	15235893.00
2012/11/28	1.75	1.83	1.73	1.80	539670	12255903.00
2012/11/29	1.80	1.85	1.77	1.83	316637	7190142.50
2012/11/30	1.78	1.89	1.77	1.89	580698	13348442.00
2012/12/03	1.89	1.97	1.82	1.82	1429258	34024784.00
2013/02/05	2.01	2.01	2.01	2.01	28855	725703.25
2013/02/06	2.22	2.22	2.22	2.22	8765	242527.55
2013/02/07	2.45	2.45	2.45	2.45	232237	7069294.50
2013/02/08	2.66	2.70	2.61	2.70	6297000	207852672.00
2013/02/18	2.69	2.74	2.63	2.68	3466392	115518080.00
2013/02/19	2.66	2.72	2.57	2.71	2787747	91519416.00
2013/02/20	2.71	2.93	2.65	2.84	4864665	169038192.00
2013/02/21	2.82	2.82	2.69	2.70	2406956	81409648.00
2013/02/22	2.69	2.74	2.60	2.69	2035098	67386384.00
2013/02/25	2.67	2.86	2.67	2.80	2485365	85733496.00
2013/02/26	2.75	2.85	2.72	2.73	1518467	52153708.00
2013/02/27	2.83	2.89	2.74	2.78	1679716	58493284.00
2013/02/28	2.75	2.91	2.75	2.84	1860247	65442596.00
2013/03/01	2.83	2.97	2.81	2.96	2540518	91012176.00
2013/03/04	2.91	2.97	2.73	2.79	2210085	78371976.00
2013/03/05	2.80	2.89	2.76	2.89	1481926	51899796.00
2013/03/06	2.91	2.97	2.86	2.96	2367155	85990000.00
2013/03/07	2.96	2.96	2.69	2.76	2636488	92107336.00
2013/03/08	2.76	2.87	2.74	2.75	1253974	43610980.00
2013/03/11	2.71	2.79	2.70	2.72	1505118	51277348.00
2013/03/12	2.73	2.76	2.52	2.58	2166183	70153088.00
2013/03/13	2.55	2.65	2.55	2.63	904111	29185874.00
2013/03/14	2.63	2.68	2.61	2.62	880252	28786002.00
2013/03/15	2.66	2.68	2.54	2.63	1146783	37420388.00
2013/03/18	2.62	2.74	2.59	2.71	1586918	53012240.00
2013/03/19	2.71	2.73	2.66	2.70	680500	22627782.00
2013/03/20	2.71	2.76	2.69	2.75	902027	30505060.00
2013/03/21	2.77	2.90	2.76	2.84	1189078	41921804.00
2013/03/22	2.85	2.95	2.81	2.91	1349745	48283188.00
2013/03/25	2.92	2.93	2.86	2.90	884596	31634324.00
2013/03/26	2.87	3.01	2.78	3.00	2076108	74906048.00
2013/03/27	2.99	3.13	2.96	3.11	2253746	85267528.00
2013/03/28	3.15	3.15	2.98	2.98	1760538	66231912.00
2013/03/29	2.97	3.10	2.92	2.96	1184544	44082604.00
2013/04/01	2.92	3.10	2.90	3.09	1647836	61623828.00
2013/04/02	3.09	3.25	3.03	3.06	1800494	69837688.00
2013/04/03	3.02	3.15	2.97	3.09	972399	36713824.00
2013/04/08	3.00	3.06	2.99	3.06	2259930	84463336.00
2013/04/09	3.05	3.20	3.05	3.16	2235302	86767752.00
2013/04/10	3.16	3.16	3.01	3.10	1178543	44750668.00
2013/04/11	3.10	3.11	3.02	3.05	663867	25010638.00
2013/04/12	3.01	3.24	3.01	3.19	2425981	94996616.00
2013/04/15	3.17	3.22	3.10	3.17	1343743	52449464.00
2013/04/16	3.13	3.18	3.06	3.16	2126568	81889024.00
2013/04/17	3.16	3.39	3.12	3.34	4498961	184139056.00
2013/04/18	3.33	3.69	3.33	3.63	5447850	238978736.00
2013/04/19	3.74	4.01	3.67	4.01	5471512	260007376.00
2013/04/22	4.02	4.21	3.99	4.09	4907470	245406992.00
2013/04/23	4.06	4.09	3.92	4.03	3842968	189330528.00
2013/04/24	4.02	4.45	4.02	4.45	3664078	192542384.00
2013/04/25	4.72	4.90	4.54	4.65	7720080	447914528.00
2013/04/26	4.67	4.81	4.32	4.50	5989488	334645856.00
2013/05/02	4.38	4.76	4.27	4.56	4052054	222016480.00
2013/05/03	4.54	5.02	4.39	5.02	5414111	307091392.00
2013/05/06	5.09	5.44	4.82	4.91	7428237	462990080.00
2013/05/07	4.82	5.01	4.74	4.85	3843078	228308096.00
2013/05/08	5.07	5.10	4.75	5.01	4651739	279975360.00
2013/05/09	4.91	5.35	4.86	5.08	4729244	295431648.00
2013/05/10	4.95	5.11	4.84	5.00	3692530	224674320.00
2013/05/13	5.07	5.50	4.91	5.33	5214052	334508896.00
2013/05/14	5.07	5.14	4.79	4.79	6140510	372758272.00
2013/05/15	4.90	5.04	4.77	5.01	5761574	346250464.00
2013/05/16	4.87	5.20	4.84	5.05	6323030	386647840.00
2013/05/17	5.23	5.38	5.07	5.22	5722200	366164480.00
2013/05/20	5.25	5.75	5.25	5.75	6418687	440682176.00
2013/05/21	5.76	6.33	5.74	6.33	7691672	570035456.00
2013/06/03	5.96	6.12	5.69	5.69	18835307	602679552.00
2013/06/04	5.52	5.76	5.23	5.38	14574895	440937888.00
2013/06/05	5.41	5.55	5.35	5.39	12937424	390013088.00
2013/06/06	5.21	5.54	5.16	5.45	12507339	373485152.00
2013/06/07	5.41	5.54	5.23	5.41	9439153	281936896.00
2013/06/13	5.23	5.63	5.05	5.41	12460587	372428896.00
2013/06/14	5.46	5.96	5.37	5.96	13048641	418303328.00
2013/06/17	6.24	6.56	6.14	6.23	26338154	930564480.00
2013/06/18	6.14	6.32	5.81	6.12	18832337	630976576.00
2013/06/19	6.00	6.24	5.69	5.89	16301675	538683776.00
2013/06/20	5.64	5.84	5.37	5.41	19036581	591482240.00
2013/06/21	5.21	5.40	4.86	5.26	14990118	430925216.00
2013/06/24	5.26	5.31	4.98	5.01	11502225	329216896.00
2013/06/25	4.97	5.48	4.70	5.39	20367104	589006464.00
2013/06/26	5.43	5.87	5.34	5.87	22959823	723007680.00
2013/06/27	5.96	6.12	5.66	5.74	20456325	666637504.00
2013/06/28	5.60	6.27	5.54	5.96	21588664	714460480.00
2013/07/01	5.92	6.56	5.78	6.56	19250714	661651008.00
2013/07/02	6.80	7.21	6.75	6.85	24338443	929518976.00
2013/07/03	6.97	7.54	6.93	7.54	19249164	777466944.00
2013/07/04	7.61	7.83	7.22	7.45	21185419	881992256.00
2013/07/05	7.31	7.53	6.70	6.70	20609998	815135808.00
2013/07/08	6.45	6.93	6.09	6.50	18517284	667968128.00
2013/07/09	6.51	6.94	6.47	6.84	18557689	692505536.00
2013/07/10	6.71	7.31	6.68	6.86	20516743	791157440.00
2013/07/11	6.70	6.83	6.47	6.77	16405920	604780928.00
2013/07/12	6.77	7.19	6.70	6.98	17165692	667039424.00
2013/07/15	7.10	7.55	6.99	7.44	16094566	649736576.00
2013/07/16	7.61	7.82	7.24	7.42	14904867	620469248.00
2013/10/16	8.17	8.17	8.17	8.17	589828	14769293.00
2013/10/17	8.99	8.99	8.99	8.99	135066	3719717.75
2013/10/18	9.89	9.89	9.89	9.89	534943	16203423.00
2013/10/21	10.89	10.89	10.72	10.89	18850325	627489472.00
2013/10/22	11.47	11.64	9.80	10.13	74412649	2418854656.00
2013/10/23	9.75	10.24	9.24	9.87	35011135	1050624960.00
2013/10/24	9.74	9.96	9.00	9.34	28409247	821006528.00
2013/10/25	9.47	9.58	8.42	9.00	33690651	924372288.00
2013/10/28	8.79	9.62	8.70	9.46	26375067	742315712.00
2013/10/29	9.40	10.35	8.83	10.32	36355909	1068169664.00
2013/10/30	10.29	11.18	10.16	10.51	41071932	1343938048.00
2013/10/31	10.13	10.97	9.52	10.53	36029784	1121222016.00
2013/11/01	10.06	10.40	9.47	9.47	27813066	838932992.00
2013/11/04	8.95	9.30	8.56	8.57	26492572	721394432.00
2013/11/05	8.51	9.44	8.37	9.44	26615030	737716800.00
2013/11/06	9.55	10.06	9.31	9.47	30984846	916630272.00
2013/11/07	9.31	10.07	9.18	9.81	24740635	740039744.00
2013/11/08	9.77	10.79	9.52	10.52	40119314	1274041088.00
2013/11/11	10.43	10.77	9.96	10.16	26005810	823837184.00
2013/11/12	10.11	10.33	9.40	9.80	30163378	904291712.00
2013/11/13	9.80	10.52	9.66	9.91	28095118	871497536.00
2013/11/14	9.60	10.36	9.47	10.06	23504766	716589888.00
2013/11/15	9.96	10.53	9.90	10.01	28402643	882370560.00
2013/11/18	10.09	10.34	9.93	10.16	20070947	620494016.00
2013/11/19	10.23	11.07	10.14	11.03	34126324	1121697792.00
2013/11/20	10.95	11.08	10.66	10.96	21900921	728116928.00
2013/11/21	10.89	11.89	10.72	11.64	30462327	1065981248.00
2013/11/22	11.64	12.81	11.41	12.69	33965203	1265384320.00
2013/11/25	12.49	13.33	12.36	12.94	31000108	1227596032.00
2013/11/26	12.81	13.17	12.19	12.23	28564682	1095678848.00
2013/11/27	12.12	13.32	11.84	12.58	34923257	1339910656.00
2013/11/28	12.45	12.56	12.12	12.25	19349396	728077760.00
2013/11/29	12.27	12.88	12.23	12.27	22048177	840266240.00
2013/12/02	11.28	11.51	11.04	11.04	28622448	975131008.00
2013/12/03	10.29	10.61	9.93	10.33	33810902	1055737600.00
2013/12/04	10.29	10.88	9.77	9.93	27571271	873194880.00
2013/12/05	9.62	9.91	9.24	9.46	24759405	723325248.00
2013/12/06	9.34	9.80	9.33	9.63	17495596	513712768.00
2013/12/09	9.63	10.12	9.38	10.07	21759576	654611008.00
2013/12/10	10.07	10.25	9.63	9.78	14971194	451557664.00
2013/12/11	9.76	10.42	9.57	10.19	22613406	699859264.00
2013/12/12	10.07	11.21	10.03	11.03	31469124	1040809216.00
2013/12/13	10.85	11.00	10.62	10.76	18049796	595512256.00
2013/12/16	10.55	11.18	10.49	10.97	22580629	753397120.00
2013/12/17	10.98	11.04	9.92	10.11	23355828	741218816.00
2013/12/18	10.10	10.44	9.23	10.37	19205852	586344000.00
2013/12/19	10.13	10.88	10.02	10.06	17806102	571548672.00
2013/12/20	9.90	10.25	9.68	9.77	12672628	386349888.00
2013/12/23	9.81	10.00	9.24	9.82	13434509	397578912.00
2013/12/24	9.74	9.96	9.62	9.82	10117607	303996096.00
2013/12/25	9.74	10.34	9.60	10.29	14602010	452611936.00
2013/12/26	10.23	10.53	9.80	9.80	14598534	456586944.00
2013/12/27	9.66	10.00	9.54	9.76	17831279	529183744.00
2013/12/30	9.70	9.89	9.57	9.70	12106518	360397984.00
2013/12/31	9.58	9.67	9.27	9.36	13244646	382265184.00
2014/01/02	9.46	9.86	9.46	9.71	12678931	377845024.00
2014/01/03	9.67	10.62	9.66	10.35	24675019	775112192.00
2014/01/06	10.19	10.69	10.13	10.34	20868429	666876416.00
2014/01/07	10.29	11.25	10.19	11.10	28229205	937224704.00
2014/01/08	11.28	11.96	11.11	11.74	39263138	1383647104.00
2014/01/09	11.84	12.89	11.84	11.98	37750629	1433020544.00
2014/01/10	12.04	12.35	11.45	11.78	24079340	875763712.00
2014/01/13	12.03	12.32	11.64	12.13	22548022	825852992.00
2014/01/14	12.13	12.20	11.72	12.15	15570854	570863360.00
2014/01/15	12.06	12.81	11.98	12.42	19746694	753602816.00
2014/01/16	12.46	12.53	11.62	11.81	20544500	752499520.00
2014/01/17	11.87	12.22	11.69	11.85	14422562	527770816.00
2014/01/20	11.64	11.73	11.16	11.20	15271634	532900768.00
2014/01/21	11.37	11.89	11.28	11.88	19098536	676083584.00
2014/01/22	11.60	12.03	11.31	11.69	24688756	880819712.00
2014/01/23	11.74	12.59	11.64	12.38	29597680	1104273408.00
2014/01/24	12.27	12.39	11.97	12.18	19446444	723191872.00
2014/01/27	12.04	12.75	11.97	12.07	22339944	846489088.00
2014/01/28	11.94	12.23	11.66	11.76	17359373	630736512.00
2014/01/29	11.79	12.50	11.79	12.32	19227691	721576192.00
2014/01/30	12.23	13.56	12.23	13.56	35595372	1438544768.00
2014/02/07	13.48	13.76	13.11	13.61	24841690	1023892288.00
2014/02/10	13.64	13.75	12.96	13.48	24405246	995972032.00
2014/02/11	13.40	13.68	12.29	12.66	27574739	1088346752.00
2014/02/12	12.45	12.83	12.41	12.55	17650908	676496128.00
2014/02/13	12.67	12.75	11.71	11.78	27377967	1009975168.00
2014/02/14	11.73	11.97	11.55	11.89	16085623	580204544.00
2014/02/17	11.90	12.42	11.90	12.42	19692178	732223296.00
2014/02/18	12.36	12.49	12.05	12.16	16020362	598044992.00
2014/02/19	12.11	12.11	11.64	11.89	15658214	565797120.00
2014/02/27	11.87	12.27	10.69	10.69	25832977	910072128.00
2014/02/28	10.16	10.88	9.85	10.67	18084811	573138816.00
2014/03/03	10.60	11.04	10.52	10.75	11702776	388658400.00
2014/03/04	10.75	11.02	10.42	10.58	9955962	327882368.00
2014/03/05	10.75	11.00	10.65	10.92	10116585	336052000.00
2014/03/06	10.88	10.88	10.33	10.64	10883786	353471776.00
2014/03/07	10.72	10.88	10.42	10.46	8490060	275784448.00
2014/03/10	10.22	10.25	9.54	9.57	12470037	378468032.00
2014/03/11	9.54	10.06	9.51	9.84	9707266	292663360.00
2014/03/12	9.83	10.62	9.76	10.36	16242972	510473984.00
2014/03/13	10.29	10.60	10.23	10.54	11141998	356912416.00
2014/03/14	10.47	10.98	10.42	10.64	13520060	444764480.00
2014/03/17	10.65	11.02	10.52	10.92	8485229	281276096.00
2014/03/18	10.89	11.20	10.70	11.04	11628840	390102528.00
2014/03/19	11.04	11.04	10.51	10.51	8817694	289809312.00
2014/03/20	10.54	10.74	9.95	9.95	9438826	297923776.00
2014/03/21	9.82	10.29	9.57	10.27	12525263	379227136.00
2014/03/24	10.19	10.85	10.13	10.69	17105880	553401600.00
2014/03/25	10.94	11.30	10.72	10.94	16610541	560968960.00
2014/03/26	11.09	11.83	10.81	11.79	24672942	872219136.00
2014/03/27	11.62	11.77	11.11	11.14	14453892	503610112.00
2014/03/28	11.14	11.21	10.02	10.52	13930995	448863904.00
2014/03/31	10.56	10.82	10.20	10.52	9230055	299264448.00
2014/04/01	10.42	10.93	10.36	10.91	8700924	287589632.00
2014/04/02	10.91	11.01	10.33	10.49	9265080	299816896.00
2014/04/03	10.42	10.64	10.13	10.34	7239832	230058864.00
2014/04/04	10.39	10.74	10.20	10.72	10495371	338422016.00
2014/04/08	10.58	10.70	10.23	10.55	8234476	263296496.00
2014/04/09	10.82	11.01	10.71	10.75	12596558	418217472.00
2014/04/10	10.80	11.11	10.64	10.81	11328989	377581120.00
2014/04/11	10.61	10.65	10.24	10.40	12503636	398623840.00
2014/04/14	10.57	10.63	10.35	10.39	9157624	293338016.00
2014/04/15	10.40	10.45	10.13	10.17	9550200	298943712.00
2014/04/16	10.16	10.28	10.03	10.17	6180009	191743488.00
2014/04/17	10.16	10.44	10.10	10.24	7990006	252466544.00
2014/04/18	10.32	10.36	10.18	10.24	5433373	170825312.00
2014/04/21	10.13	10.31	9.69	9.73	14862815	450722944.00
2014/04/22	9.74	9.84	8.75	9.04	21018769	585308800.00
2014/04/23	9.08	9.12	8.52	9.00	16838808	453581696.00
2014/04/24	8.85	9.31	8.77	9.14	13608475	375417984.00
2014/04/25	9.12	9.12	8.60	8.62	11480542	310783456.00
2014/04/28	8.44	8.65	8.17	8.48	11824951	305137632.00
2014/04/29	8.45	8.68	8.30	8.48	8603199	223898576.00
2014/04/30	8.52	8.81	8.49	8.64	9352073	248083840.00
2014/05/05	8.64	8.99	8.58	8.97	10618154	287414240.00
2014/05/06	9.00	9.39	8.98	9.21	14724959	415480160.00
2014/05/07	9.01	9.25	8.77	8.79	9977453	275709312.00
2014/05/08	8.66	8.99	8.65	8.71	8152670	219773120.00
2014/05/09	8.71	8.78	8.32	8.44	9055180	235564480.00
2014/05/12	8.51	8.73	8.34	8.64	8937906	234139872.00
2014/05/13	8.64	8.94	8.61	8.65	9051814	243177696.00
2014/05/14	8.65	8.99	8.65	8.94	10933626	296252128.00
2014/05/15	8.97	9.29	8.76	8.78	14376637	398469728.00
2014/05/16	8.76	8.86	8.38	8.54	9438286	248069600.00
2014/05/19	8.48	8.78	8.39	8.75	7661182	202936448.00
2014/05/20	8.86	9.05	8.78	8.84	9243112	252727408.00
2014/05/21	8.81	8.91	8.61	8.90	8133660	219030912.00
2014/05/22	8.99	9.19	8.93	8.94	14606419	405321216.00
2014/05/23	8.90	9.52	8.76	9.51	25698510	451092544.00
2014/05/26	9.49	9.86	9.32	9.62	30168222	553635712.00
2014/05/27	9.61	9.61	9.28	9.30	16854419	302567680.00
2014/05/28	9.42	9.70	9.34	9.54	23447670	427424128.00
2014/05/29	9.51	9.53	9.16	9.16	18645200	332104128.00
2014/05/30	9.12	9.32	8.99	9.16	14054217	246149600.00
2014/06/03	9.18	9.49	9.16	9.28	15373053	273990720.00
2014/06/04	9.24	9.40	9.08	9.38	18578298	328379776.00
2014/06/05	9.32	10.21	9.28	10.16	48883175	914131136.00
2014/06/06	10.04	10.14	9.65	9.85	32365891	614506240.00
2014/06/09	9.75	9.99	9.66	9.72	20521665	384350272.00
2014/06/10	9.69	10.09	9.49	9.89	30326309	568763072.00
2014/06/11	9.80	10.03	9.74	9.94	20031533	379443456.00
2014/06/12	9.94	10.00	9.65	9.69	25500233	478220352.00
2014/06/13	9.61	9.78	9.51	9.62	18386695	338421920.00
2014/06/16	9.64	9.93	9.53	9.92	23416635	437261248.00
2014/06/17	9.83	9.86	9.64	9.68	15906968	295311488.00
2014/06/18	9.68	9.90	9.63	9.64	13777579	256447360.00
2014/06/19	9.58	9.68	8.79	8.90	24529354	430892736.00
2014/06/20	8.91	8.99	8.73	8.94	12740860	216318672.00
2014/06/23	9.01	9.19	9.00	9.07	12709905	220728496.00
2014/06/24	9.03	9.13	8.94	8.99	11378434	196048832.00
2014/06/25	8.99	9.03	8.74	8.89	11952294	201852112.00
2014/06/26	8.86	9.11	8.82	8.95	15807678	271924608.00
2014/06/27	9.03	9.08	8.81	8.95	17702178	302739616.00
2014/06/30	8.95	9.36	8.80	9.35	29973183	523018592.00
2014/07/01	9.32	9.42	9.19	9.30	16698493	296263520.00
2014/07/02	9.31	9.38	9.09	9.22	12571691	221696384.00
2014/07/03	9.19	9.30	8.95	9.05	16794313	292672448.00
2014/07/04	9.19	9.19	8.95	9.05	13034919	225712432.00
2014/07/07	9.08	9.08	8.82	8.98	12612427	215105424.00
2014/07/08	8.95	9.10	8.79	9.02	13581015	232966336.00
2014/07/09	9.04	9.13	8.90	8.90	14284481	246505120.00
2014/07/10	8.96	8.96	8.29	8.42	34133482	558349824.00
2014/07/11	8.42	8.49	8.12	8.28	28055013	443541184.00
2015/02/16	9.11	9.11	9.11	9.11	15903167	276874144.00
2015/02/17	10.03	10.03	10.03	10.03	1234897	23648278.00
2015/02/25	11.04	11.04	10.41	11.04	141646109	2941148416.00
2015/02/26	10.69	12.15	10.48	12.15	128350423	2834938112.00
2015/02/27	12.15	13.37	12.15	13.37	88812458	2191466240.00
2015/03/02	13.69	14.71	13.63	14.71	135273230	3732683264.00
2015/03/03	14.71	15.33	14.06	14.48	146837022	4064209664.00
2015/03/04	14.28	15.15	14.16	14.58	105000272	2930121728.00
2015/03/05	14.45	14.76	14.21	14.47	87020526	2395899648.00
2015/03/06	14.46	15.03	14.27	14.69	104308841	2923447040.00
2015/03/09	14.32	14.62	13.76	14.53	78121119	2130282880.00
2015/03/10	14.59	15.99	14.59	15.99	79124096	2335916032.00
2015/03/11	17.05	17.60	15.63	15.69	152822592	4934675968.00
2015/03/12	15.59	16.05	14.21	14.90	126430863	3613532672.00
2015/03/13	14.72	15.19	14.42	14.94	77696948	2203929344.00
2015/03/16	14.98	16.11	14.70	15.48	91496902	2703734784.00
2015/03/17	15.50	15.72	14.95	15.10	85090699	2471363584.00
2015/03/18	14.90	15.38	14.74	15.18	70122948	2007952640.00
2015/03/19	15.34	15.34	14.86	14.93	55457105	1590969984.00
2015/03/20	14.84	15.51	14.75	15.19	69806531	2022980736.00
2015/03/23	15.14	16.26	14.90	16.05	106035839	3181824768.00
2015/03/24	15.89	16.90	15.37	16.74	124754912	3880907776.00
2015/03/25	16.79	17.14	16.33	16.43	85613900	2723380992.00
2015/03/26	16.00	16.01	14.83	14.99	87227587	2563097088.00
2015/03/27	14.77	15.25	14.53	15.09	41264487	1178023040.00
2015/03/30	14.85	15.15	14.31	14.64	52560992	1470289152.00
2015/03/31	14.58	15.03	14.48	14.70	44321458	1249264128.00
2015/04/01	14.69	14.99	14.59	14.84	44243593	1249196544.00
2015/04/02	14.95	15.21	14.84	15.21	59443527	1706266368.00
2015/04/03	15.22	15.32	14.74	14.95	49373393	1412724352.00
2015/04/07	15.02	16.00	14.81	15.73	79330708	2345919744.00
2015/04/08	15.74	15.89	14.73	15.06	60847490	1770966144.00
2015/04/09	14.95	14.98	13.64	14.51	57332850	1568315776.00
2015/04/10	14.69	14.90	14.58	14.77	38049391	1071244864.00
2015/04/13	14.78	14.78	14.42	14.53	42521689	1179622656.00
2015/04/14	14.42	14.42	13.96	14.04	43177164	1163305472.00
2015/04/15	14.03	15.26	13.63	14.52	68511290	1895809664.00
2015/04/16	14.15	15.10	13.98	14.53	45762368	1281773696.00
2015/04/17	14.58	14.81	14.26	14.46	40476202	1121597824.00
2015/04/20	14.74	15.91	14.74	15.91	105489642	3113138176.00
2015/04/21	16.59	17.51	16.59	17.51	64189993	2109342080.00
2015/04/22	19.26	19.26	17.53	17.59	157024500	5503973888.00
2015/04/23	17.31	18.89	17.16	17.63	122899906	4198770432.00
2015/04/24	17.16	17.39	16.28	16.87	84501382	2730402816.00
2015/04/27	16.80	17.30	16.74	16.82	58917788	1903949184.00
2015/04/28	16.66	16.79	15.53	15.73	60983571	1867576704.00
2015/04/29	15.71	17.31	15.63	17.31	74079304	2339395584.00
2015/04/30	17.58	18.19	16.79	16.85	92177848	3093456896.00
2015/05/04	16.53	16.61	15.84	16.22	46118284	1427506304.00
2015/05/05	16.00	16.19	15.53	15.57	43211109	1301339136.00
2015/05/06	15.70	16.42	15.55	15.64	49208209	1500345856.00
2015/05/07	15.51	15.65	14.63	14.66	41922135	1203373952.00
2015/05/08	14.96	16.13	14.85	15.90	63288757	1853614208.00
2015/05/11	15.90	16.99	15.71	16.63	80552564	2526314496.00
2015/05/12	16.89	17.14	16.27	16.89	84769155	2703130368.00
2015/05/13	16.95	18.11	16.20	17.39	90007585	2964425984.00
2015/05/14	17.85	19.13	17.56	19.13	128406701	4609430528.00
2015/05/15	19.00	19.01	17.58	17.99	101713057	3535162624.00
2015/05/18	17.70	18.63	17.70	17.87	76978284	2655416576.00
2015/05/19	17.92	18.56	17.40	18.52	72287561	2477569792.00
2015/05/20	18.58	20.37	18.30	19.95	92714037	3466823424.00
2015/05/21	20.18	21.95	20.10	21.95	106711504	4290781952.00
2015/05/22	22.97	23.51	20.12	20.84	269849738	5799900672.00
2015/05/25	19.86	20.79	19.16	20.54	158852343	3184097536.00
2015/05/26	20.64	21.78	20.64	21.42	161893223	3466580480.00
2015/05/27	21.25	21.26	20.46	20.88	136597914	2853481984.00
2015/05/28	20.88	21.43	18.93	19.05	154962001	3186920704.00
2015/05/29	18.98	19.96	17.76	19.47	123354008	2376591616.00
2015/06/01	19.52	20.95	19.52	20.56	109712833	2236362752.00
2015/06/02	20.66	21.41	20.26	21.17	139648297	2907876608.00
2015/06/03	21.17	21.44	19.92	20.86	113173954	2350972416.00
2015/06/04	20.86	21.19	18.88	20.36	96298329	1946900224.00
2015/06/05	20.59	21.41	20.01	20.94	155567153	3249131776.00
2015/06/08	20.91	20.91	19.68	20.11	115658971	2325614592.00
2015/06/09	19.96	20.44	19.60	19.76	76382552	1529043328.00
2015/06/10	19.46	20.64	19.36	20.37	105201311	2131266432.00
2015/06/11	20.38	22.08	20.22	21.17	180536302	3859911680.00
2015/06/12	21.14	21.40	20.59	20.82	112127628	2344801792.00
2015/06/15	21.06	21.06	19.51	19.85	94940091	1918244992.00
2015/06/16	19.06	19.56	18.49	18.86	78439450	1492960512.00
2015/06/17	18.86	19.95	18.47	19.77	71351537	1376910080.00
2015/06/18	19.80	20.09	18.01	18.16	70181598	1351306112.00
2015/06/19	17.67	18.15	16.34	16.34	82776168	1417610240.00
2015/06/23	16.41	16.94	15.11	16.79	66626629	1095046016.00
2015/06/24	17.10	17.34	16.45	16.89	69317349	1175733248.00
2015/06/25	16.95	17.03	15.46	15.66	64021690	1047061312.00
2015/06/26	15.16	15.21	14.09	14.09	64173818	934047872.00
2015/06/29	14.43	14.54	12.68	12.68	82797569	1086885888.00
2015/06/30	11.96	13.71	11.41	13.51	122057776	1518458368.00
2015/07/01	13.17	14.03	12.16	12.16	116661370	1564792064.00
2015/07/02	12.14	12.64	11.11	11.33	99615021	1183055616.00
2015/07/03	10.97	11.96	10.19	10.46	117800002	1271042176.00
2015/07/06	11.51	11.51	9.41	9.86	124682407	1304049536.00
2015/07/07	9.38	9.46	8.87	8.87	55444024	503189632.00
2015/07/08	7.98	9.76	7.98	9.66	321900004	2972409088.00
2015/07/09	9.15	10.63	9.06	10.63	153827199	1561960320.00
2015/07/10	11.64	11.70	11.16	11.70	54730812	636695680.00
2015/07/13	12.87	12.87	12.76	12.87	38309102	494372160.00
2015/07/14	13.96	14.16	13.48	14.16	203461158	2868720640.00
2015/07/15	13.95	13.97	12.74	12.74	254500375	3394638336.00
2015/07/16	12.22	14.02	11.74	14.02	282189580	3842601472.00
2015/07/17	14.46	15.43	14.07	15.43	281544973	4162239744.00
2015/07/20	15.76	16.46	15.04	15.88	282918556	4487832576.00
2015/07/21	15.31	16.15	15.23	15.50	165774095	2605334016.00
2015/07/22	15.43	16.16	15.31	15.89	164223262	2604653312.00
2015/07/23	15.82	17.47	15.36	17.11	210710448	3392223488.00
2015/07/24	16.71	17.38	15.76	16.06	202667896	3417408768.00
2015/07/27	15.41	16.64	14.47	14.48	176209751	2776067328.00
2015/07/28	13.81	15.93	13.81	15.93	281101150	4318797312.00
2015/07/29	16.06	16.92	14.57	16.85	281052856	4476052480.00
2015/07/30	16.26	17.16	15.58	15.92	203890562	3387617536.00
2015/07/31	15.61	16.75	15.27	15.79	147794137	2387549696.00
2015/08/03	15.16	15.46	14.21	14.21	130043582	1900202112.00
2015/08/04	14.31	15.64	14.31	15.56	131961819	1989768192.00
2015/08/05	15.26	15.66	14.56	14.86	126598871	1920615424.00
2015/08/06	14.38	14.84	14.17	14.22	74465475	1077338752.00
2015/08/26	12.79	12.79	12.79	12.79	12272100	157451040.00
2015/08/27	11.51	12.81	11.51	11.63	156735582	1846007808.00
2015/08/28	11.76	12.71	11.48	12.43	124750911	1493644672.00
2015/08/31	11.96	12.16	11.18	11.18	83159528	969190016.00
2015/09/01	10.67	10.91	10.06	10.06	69733354	725520704.00
2015/09/02	9.34	10.87	9.14	9.37	101346107	1004704128.00
2015/09/07	9.67	10.31	9.54	10.31	198256388	2023284224.00
2015/09/08	9.94	10.76	9.42	10.55	174819443	1772939008.00
2015/09/09	10.66	11.28	10.47	10.91	178728485	1947908480.00
2015/09/10	10.50	11.76	10.44	11.33	151133076	1671298176.00
2015/09/11	11.09	11.53	11.08	11.22	112643572	1277021056.00
2015/09/14	11.33	11.44	10.09	10.09	96824120	1025945024.00
2015/09/15	9.56	9.95	9.08	9.08	88697698	838121600.00
2015/09/16	9.24	9.99	9.09	9.99	106030003	1017019712.00
2015/09/17	10.15	10.84	9.97	10.05	161834213	1691113600.00
2015/09/18	10.19	10.61	9.88	10.48	136622845	1412476160.00
2015/09/21	10.16	11.14	10.11	10.96	136806003	1461195904.00
2015/09/22	10.86	11.42	10.63	11.06	150627680	1664228096.00
2015/09/23	10.74	11.06	10.61	10.77	97613772	1061694976.00
2015/09/24	11.01	11.83	10.88	11.34	164722721	1892491776.00
2015/09/25	11.15	11.41	10.31	10.56	118471438	1297900032.00
2015/09/28	10.78	11.62	10.49	11.55	155737583	1750712832.00
2015/09/29	11.21	11.36	10.83	11.04	136820435	1522423552.00
2015/09/30	11.20	11.24	10.66	10.94	72221752	793956288.00
2015/10/08	11.41	11.83	11.14	11.47	126428109	1463382784.00
2015/10/09	11.45	12.27	11.33	11.91	133859817	1577452800.00
2015/10/12	11.94	12.64	11.83	12.36	147233172	1815663872.00
2015/10/13	12.16	12.95	12.12	12.84	132680530	1671118592.00
2015/10/14	12.66	12.83	12.30	12.40	106322389	1338721920.00
2015/10/15	12.31	13.32	12.31	13.06	133278000	1721511680.00
2015/10/16	13.25	13.39	12.86	13.19	165888549	2180285440.00
2015/10/19	13.24	13.26	12.48	12.76	122476900	1583406080.00
2015/10/20	12.75	13.51	12.75	13.41	147520424	1952036224.00
2015/10/21	13.26	13.35	12.07	12.07	152907514	1953817472.00
2015/10/22	12.10	12.74	12.07	12.59	106053101	1325775744.00
2015/10/23	12.64	13.85	12.34	13.85	169388956	2227047680.00
2015/10/26	14.21	14.23	13.38	13.73	151948543	2090303872.00
2015/11/04	13.33	14.63	13.07	14.35	173245623	2405438464.00
2015/11/05	14.06	14.46	13.82	13.99	132256401	1870942336.00
2015/11/06	14.11	14.51	14.04	14.20	105456114	1511872000.00
2015/11/09	13.99	14.29	13.51	14.09	112157852	1571750016.00
2015/11/10	14.16	14.73	14.04	14.16	117698439	1694953344.00
2015/11/11	14.46	15.58	14.32	15.58	173449970	2621956608.00
2015/11/12	15.99	16.28	15.09	15.25	214106540	3344142080.00
2015/11/13	15.01	15.06	14.04	14.24	130539787	1906569600.00
2015/11/16	13.79	14.68	13.76	14.65	79584896	1145212672.00
2015/11/17	15.06	15.15	14.18	14.31	109349459	1611269120.00
2015/11/18	14.26	14.51	13.94	13.98	63661729	907490752.00
2015/11/19	13.98	14.72	13.98	14.61	78395683	1130425600.00
2015/11/20	14.80	15.12	14.51	14.76	110953566	1650102528.00
2015/11/23	14.69	15.44	14.57	14.92	105155644	1584276352.00
2015/11/24	14.96	15.50	14.59	15.38	113003671	1708247808.00
2015/11/25	15.21	15.60	15.02	15.38	117141790	1799786240.00
2015/11/26	15.38	15.47	14.86	14.94	100036983	1510817792.00
2015/11/27	14.83	14.95	13.44	13.47	101935322	1449244672.00
2015/11/30	13.42	13.73	12.56	13.54	79064648	1053425664.00
2015/12/01	13.56	14.04	13.43	13.85	64314381	887721536.00
2015/12/02	13.85	13.92	13.10	13.70	53905339	733014848.00
2015/12/03	13.73	14.26	13.60	14.03	67874155	949259520.00
2015/12/04	13.86	14.15	13.58	13.73	58832491	817799296.00
2015/12/07	13.86	14.31	13.72	14.00	67019421	945545920.00
2015/12/08	13.96	15.11	13.76	14.56	153491283	2243603712.00
2015/12/09	14.13	14.23	13.67	13.86	92677901	1297141632.00
2015/12/10	13.83	14.25	13.67	13.88	60474453	850377408.00
2015/12/11	13.75	14.18	13.70	13.89	54086040	757267328.00
2015/12/14	13.77	14.31	13.71	14.30	58463334	826820608.00
2015/12/15	14.28	14.81	14.21	14.37	64721783	941485568.00
2015/12/16	14.56	14.76	14.24	14.25	61193322	889024000.00
2015/12/17	14.35	15.26	14.32	14.97	119444557	1768760704.00
2015/12/18	14.86	14.95	14.51	14.60	75004067	1104034560.00
2015/12/21	14.61	14.78	14.33	14.68	55363303	806921088.00
2015/12/22	14.76	14.78	14.39	14.54	52042678	758497344.00
2015/12/23	14.56	14.70	13.97	14.01	69707269	1004871296.00
2015/12/24	13.96	14.31	13.88	14.18	40566856	573822016.00
2015/12/31	14.17	14.64	13.96	13.96	49140556	705170112.00
2016/01/04	13.78	13.95	12.56	12.56	45181821	593219264.00
2016/01/05	11.92	12.43	11.30	11.71	63272332	748988096.00
2016/01/06	11.91	12.11	11.72	12.04	39986846	479226208.00
2016/01/07	11.76	11.76	10.83	10.83	12945451	145596320.00
2016/01/08	11.11	11.31	9.82	10.73	56951532	614282752.00
2016/01/11	10.31	10.62	9.65	9.65	53326204	538615296.00
2016/01/12	9.69	10.23	9.46	9.99	48992905	487767872.00
2016/01/13	10.08	10.30	9.64	9.76	45777627	461418272.00
2016/01/14	9.34	10.74	9.26	10.74	68614023	726480576.00
2016/01/15	11.36	11.82	11.31	11.48	199061276	2320267776.00
2016/01/18	11.38	12.50	11.38	11.88	173187111	2045977600.00
2016/01/19	11.58	12.15	11.32	12.01	147644044	1731981440.00
2016/01/20	11.86	12.24	11.61	11.67	99138076	1175927424.00
2016/01/21	11.58	12.11	11.20	11.25	95805239	1125103744.00
2016/01/22	11.42	12.38	11.15	12.08	159553310	1909020160.00
2016/01/25	11.96	12.05	11.55	11.94	118439019	1406520064.00
2016/01/26	11.76	11.83	10.74	10.74	90574726	1023458304.00
2016/01/27	10.67	11.81	10.44	11.62	131769586	1478020352.00
2016/01/28	11.17	11.38	10.56	10.72	91412958	1007951872.00
2016/01/29	10.75	11.46	10.72	11.15	76753944	857630528.00
2016/02/01	11.06	11.16	10.67	10.99	59420714	651989440.00
2016/02/02	11.00	11.81	10.97	11.40	80614632	926548544.00
2016/02/03	11.16	11.55	11.07	11.42	62649194	707713024.00
2016/02/04	11.42	11.80	11.36	11.62	81350529	944392320.00
2016/02/05	11.66	11.66	11.15	11.16	55674774	636631808.00
2016/02/15	10.66	11.40	10.66	11.19	46327329	513068224.00
2016/02/16	11.26	11.78	11.16	11.64	71964609	834697408.00
2016/02/17	11.61	12.14	11.47	11.99	100002768	1184159104.00
2016/02/18	11.96	12.10	11.66	11.76	72745949	864887616.00
2016/02/19	11.69	12.26	11.66	11.94	73624682	883929408.00
2016/02/22	12.12	12.27	11.86	12.19	77448627	935955520.00
2016/02/23	12.11	12.18	11.71	11.86	55835775	666973248.00
2016/02/24	11.78	11.94	11.46	11.78	46485356	546274112.00
2016/02/25	11.80	11.81	10.60	10.60	67259803	747110336.00
2016/02/26	10.71	10.84	10.20	10.44	41987448	445870272.00
2016/02/29	10.45	10.60	9.43	9.64	54434194	533035104.00
2016/03/01	9.75	10.61	9.46	10.61	55660033	560643520.00
2016/03/02	10.88	11.49	10.78	11.31	120878111	1344006272.00
2016/03/03	11.09	11.71	11.08	11.34	114270017	1298585600.00
2016/03/04	11.10	11.21	10.51	10.61	83639194	912799680.00
2016/03/07	10.81	11.44	10.75	11.03	64854151	722220992.00
2016/03/08	10.81	11.67	10.08	11.39	99206859	1088352768.00
2016/03/09	11.06	11.92	10.96	11.31	110486376	1276950528.00
2016/03/10	11.13	11.36	10.76	10.83	67963811	753604928.00
2016/03/11	10.66	11.04	10.54	10.78	43393294	469315904.00
2016/03/14	10.91	11.83	10.79	11.41	108289969	1230314368.00
2016/03/15	11.26	11.44	10.94	10.99	84736090	948226048.00
2016/03/16	11.19	11.29	10.68	10.87	71033317	782318784.00
2016/03/17	10.91	11.63	10.85	11.38	134897160	1523143936.00
2016/03/18	11.36	12.10	11.26	11.84	178604429	2094170496.00
2016/03/21	11.97	12.22	11.69	12.09	171950121	2061322752.00
2016/03/22	11.91	13.09	11.78	12.49	212738021	2671925248.00
2016/03/23	12.36	12.55	12.04	12.46	141004372	1742229248.00
2016/03/24	12.26	12.30	11.80	11.83	134950768	1631176576.00
2016/03/25	11.84	12.36	11.82	12.19	117462119	1426516608.00
2016/03/28	12.11	12.41	11.82	11.91	101615874	1236341504.00
2016/03/29	11.84	11.92	11.46	11.67	71994938	841221120.00
2016/03/30	11.80	12.26	11.74	12.20	103913079	1251538816.00
2016/03/31	12.24	12.35	12.01	12.05	87942073	1072930176.00
2016/04/01	11.97	12.31	11.66	12.19	93074575	1118168192.00
2016/04/05	12.09	12.64	11.99	12.45	122690613	1521982080.00
2016/04/06	12.34	12.46	12.14	12.27	88467306	1090338816.00
2016/04/07	12.34	12.55	11.92	12.09	101085204	1237469568.00
2016/04/08	11.96	12.81	11.91	12.44	158620499	1973381760.00
2016/04/11	12.60	12.73	12.38	12.53	145580704	1835628160.00
2016/04/12	12.45	12.52	12.06	12.29	89731629	1102020992.00
2016/04/13	12.35	12.66	12.32	12.34	104147591	1304835712.00
2016/04/14	12.43	12.85	12.38	12.70	129156120	1639628800.00
2016/04/15	12.76	12.76	12.44	12.57	74553936	938696320.00
2016/04/18	12.46	12.46	12.24	12.31	54900718	678673984.00
2016/04/19	12.39	12.55	12.16	12.36	66073263	820579904.00
2016/04/20	12.41	12.45	11.19	11.28	111267703	1311683072.00
2016/04/21	11.31	11.49	10.88	11.01	61832521	698981184.00
2016/04/22	11.01	11.31	10.92	11.21	44362746	497344960.00
2016/04/25	11.14	11.34	10.81	11.23	49854054	553566528.00
2016/04/26	11.26	11.45	11.22	11.44	49332880	562197888.00
2016/04/27	11.46	11.51	11.14	11.17	44444509	505197728.00
2016/04/28	11.23	11.31	10.99	11.26	41711329	468763968.00
2016/04/29	11.21	11.40	11.14	11.23	37067863	419079168.00
2016/05/03	11.21	11.62	11.18	11.58	55546019	639260736.00
2016/05/04	11.47	11.63	11.38	11.42	55040623	636175872.00
2016/05/05	11.29	11.38	11.11	11.28	73086240	824250688.00
2016/05/06	11.21	11.24	10.47	10.51	91950411	1004703232.00
2016/05/09	10.36	10.86	9.99	10.50	65784605	680955840.00
2016/05/10	10.31	10.64	10.26	10.37	35813364	374883712.00
2016/05/11	10.50	10.52	10.18	10.20	41889581	435214464.00
2016/05/12	9.96	10.15	9.86	10.12	36283528	365449120.00
2016/05/13	10.13	10.25	9.96	10.02	30595734	310049152.00
2016/05/16	10.02	10.46	10.02	10.33	49317109	509481984.00
2016/05/17	10.33	10.50	10.17	10.33	48602129	504700704.00
2016/05/18	10.21	10.28	9.93	10.05	46034236	465423360.00
2016/05/19	10.04	10.31	10.01	10.13	43469561	444616192.00
2016/05/20	10.01	10.35	9.97	10.26	48193305	494230912.00
2016/05/23	10.16	10.41	10.16	10.31	41904241	432747360.00
2016/05/24	10.33	10.60	10.19	10.43	68598199	716568704.00
2016/05/25	10.42	10.52	10.21	10.23	44842408	466881600.00
2016/05/26	10.24	10.32	9.97	10.30	39847808	406362784.00
2016/05/27	10.26	10.35	10.16	10.20	30546290	314398144.00
2016/05/30	10.20	10.31	10.06	10.17	24683993	253073136.00
2016/05/31	10.17	10.69	10.17	10.64	78617296	829404096.00
2016/06/01	10.64	10.72	10.55	10.57	54547746	581314880.00
2016/06/02	10.56	10.74	10.52	10.66	50530681	539068224.00
2016/06/03	10.70	10.91	10.56	10.77	63221258	680319424.00
2016/06/06	10.81	10.81	10.59	10.64	39667301	425719584.00
2016/06/07	10.66	10.70	10.50	10.58	29162429	309762112.00
2016/06/08	10.64	10.66	10.54	10.62	33002919	351572000.00
2016/06/13	10.44	10.47	9.84	9.86	53444174	548287168.00
2016/06/14	9.76	10.13	9.74	10.04	36512406	363569056.00
2016/06/15	9.95	10.35	9.88	10.23	47474159	485740032.00
2016/06/16	10.16	10.23	9.93	10.01	40417568	409003936.00
2016/06/17	10.04	10.21	10.01	10.06	31044936	315289408.00
2016/06/20	10.07	10.13	9.92	10.02	25567355	256719072.00
2016/06/21	10.13	10.21	9.95	9.98	35689464	361420800.00
2016/06/22	9.99	10.11	9.95	10.10	28295933	285248832.00
2016/06/23	10.09	10.28	10.06	10.18	44842089	457181376.00
2016/06/24	10.16	10.26	9.78	10.00	50482515	509683712.00
2016/06/27	9.91	10.23	9.89	10.22	45387400	462240640.00
2016/06/28	10.21	10.56	10.17	10.44	73890823	771924928.00
2016/06/29	10.46	10.50	10.32	10.35	40823911	425459136.00
2016/06/30	10.38	10.65	10.32	10.45	52134416	548850112.00
2016/07/01	10.40	10.50	10.32	10.32	32422001	337997760.00
2016/07/04	10.32	10.70	10.25	10.56	55172432	581163264.00
2016/07/05	10.53	10.65	10.42	10.57	47577143	502193280.00
2016/07/06	10.53	10.54	10.43	10.48	34711672	365036800.00
2016/07/07	10.51	10.56	10.32	10.45	38242836	400890880.00
2016/07/08	10.45	10.71	10.33	10.54	65969744	698430848.00
2016/07/11	10.79	10.96	10.61	10.63	89916579	974325824.00
2016/07/12	10.73	10.92	10.52	10.80	63792679	687506240.00
2016/07/13	10.80	11.44	10.73	11.24	133421998	1482234752.00
2016/07/14	11.14	11.93	11.00	11.62	187094509	2136113152.00
2016/07/15	11.43	11.67	11.23	11.24	125627794	1433400960.00
2016/07/18	11.19	11.31	10.98	11.12	73972621	825246784.00
2016/07/19	11.04	11.25	11.02	11.19	64724898	721723008.00
2016/07/20	11.21	11.42	11.13	11.16	73499042	829287744.00
2016/07/21	11.26	11.42	11.16	11.26	73821569	835821888.00
2016/07/22	11.23	11.32	11.00	11.02	61598497	687112256.00
2016/07/25	11.02	11.13	10.92	10.99	38726688	427331840.00
2016/07/26	11.05	11.17	11.01	11.16	36728352	408043968.00
2016/07/27	11.16	11.16	10.26	10.43	82177915	882726464.00
2016/07/28	10.33	10.59	10.28	10.44	39418042	411914816.00
2016/07/29	10.44	10.51	10.29	10.33	27299801	283876384.00
2016/08/01	10.27	10.39	10.06	10.24	31841964	325146080.00
2016/08/02	10.31	10.38	10.22	10.32	23865928	246359792.00
2016/08/03	10.33	10.52	10.26	10.44	36374638	379377632.00
2016/08/04	10.31	10.35	10.11	10.21	55892775	571737664.00
2016/08/05	10.19	10.19	9.97	10.02	54947946	553746304.00
2016/08/08	10.00	10.15	9.99	10.13	27648601	279480672.00
2016/08/09	10.14	10.23	10.08	10.20	33539468	341234496.00
2016/08/10	10.22	10.23	10.12	10.13	25173064	256226816.00
2016/08/11	10.13	10.15	9.99	10.00	29291932	295253152.00
2016/08/12	10.01	10.10	9.99	10.10	22125175	222599600.00
2016/08/15	10.16	10.45	10.08	10.40	67229264	694947648.00
2016/08/16	10.35	10.46	10.34	10.37	38345091	399263552.00
2016/08/17	10.39	10.47	10.33	10.38	35094938	365832288.00
2016/08/18	10.37	10.52	10.31	10.41	41583289	433404608.00
2016/08/19	10.40	10.40	10.26	10.31	29300058	302766528.00
2016/08/22	10.31	10.36	10.13	10.18	26494018	272425280.00
2016/08/23	10.18	10.27	10.15	10.23	18646197	190832912.00
2016/08/24	10.28	10.47	10.24	10.37	57370589	597029056.00
2016/08/25	10.31	10.31	10.09	10.22	36151863	368603584.00
2016/08/26	10.27	10.38	10.23	10.24	29286896	302427904.00
2016/08/29	10.23	10.31	10.16	10.22	23460110	240274416.00
2016/08/30	10.22	10.28	10.19	10.21	19894835	203930736.00
2016/08/31	10.22	10.24	10.13	10.19	19024601	194007840.00
2016/09/01	10.20	10.24	10.13	10.13	24084255	245739152.00
2016/09/02	10.09	10.15	9.99	10.06	37815765	381161696.00
2016/09/05	10.07	10.16	10.07	10.07	18821835	190689312.00
2016/09/06	10.12	10.23	10.05	10.23	33324499	339424064.00
2016/09/07	10.26	10.27	10.11	10.14	35826948	365773184.00
2016/09/08	10.16	10.16	10.07	10.10	32774392	331657568.00
2016/09/09	10.11	10.32	10.03	10.11	57399789	583618112.00
2016/09/12	9.98	9.98	9.65	9.67	63285898	622322944.00
2016/09/13	9.74	9.76	9.54	9.59	40862794	393051776.00
2016/09/14	9.53	9.66	9.50	9.56	20549423	197391648.00
2016/09/19	9.58	9.71	9.58	9.65	20064061	194085584.00
2016/09/20	9.64	9.66	9.57	9.59	14759406	142053376.00
2016/09/21	9.59	9.69	9.56	9.63	19795668	191011728.00
2016/09/22	9.69	9.72	9.61	9.63	16723740	162020288.00
2016/09/23	9.63	9.67	9.55	9.58	19442584	186808064.00
2016/09/26	9.55	9.58	9.32	9.34	27533431	261605904.00
2016/09/27	9.33	9.55	9.31	9.48	22790960	215807232.00
2016/09/28	9.53	9.53	9.39	9.42	13682697	129535416.00
2016/09/29	9.46	9.48	9.39	9.41	18580283	175577696.00
2016/09/30	9.42	9.44	9.35	9.40	20043906	188649664.00
2016/10/10	9.46	9.65	9.43	9.63	38093947	364507616.00
2016/10/11	9.63	9.65	9.54	9.60	29503030	283417440.00
2016/10/12	9.56	9.58	9.51	9.54	27396070	262086544.00
2016/10/13	9.55	9.56	9.45	9.53	32801592	312180640.00
2016/10/14	9.52	9.53	9.40	9.50	31966489	302552704.00
2016/10/17	9.54	9.55	9.36	9.44	30876371	293495104.00
2016/10/18	9.40	9.55	9.40	9.54	37811021	359132736.00
2016/10/19	9.55	10.14	9.51	9.86	100157869	984691328.00
2016/10/20	9.78	9.88	9.74	9.76	50521527	495294528.00
2016/10/21	9.78	9.83	9.59	9.67	37654920	365760896.00
2016/10/24	9.67	9.78	9.64	9.72	35204117	343108544.00
2016/10/25	9.74	9.80	9.69	9.72	27499903	268192240.00
2016/10/26	9.69	9.76	9.62	9.65	25809107	250195024.00
2016/10/27	9.68	9.75	9.61	9.69	31899068	309331904.00
2016/10/28	9.67	9.72	9.55	9.56	31761890	306098848.00
2016/10/31	9.50	9.55	9.45	9.48	24064540	228751008.00
2016/11/01	9.51	9.55	9.48	9.53	27453151	261621584.00
2016/11/02	9.50	9.52	9.39	9.41	33981287	321692352.00
2016/11/03	9.38	9.50	9.36	9.45	27231992	257560512.00
2016/11/04	9.45	9.84	9.42	9.58	63367528	613061184.00
2016/11/07	9.52	9.56	9.43	9.46	31585056	300193088.00
2016/11/08	9.49	9.56	9.46	9.51	27626035	263322464.00
2016/11/09	9.51	9.56	9.34	9.38	36815386	347818304.00
2016/11/10	9.45	9.64	9.43	9.55	43969327	419328736.00
2016/11/11	9.52	9.63	9.46	9.60	50904066	485877568.00
2016/11/14	9.60	9.74	9.59	9.64	56385221	546228672.00
2016/11/15	9.65	10.12	9.60	10.03	144624917	1430836864.00
2016/11/16	10.04	10.25	9.89	9.91	133295338	1342524672.00
2016/11/17	9.84	9.87	9.72	9.74	62269724	609751296.00
2016/11/18	9.77	9.82	9.66	9.68	37360023	364663776.00
2016/11/21	9.67	9.74	9.65	9.72	41464210	402695232.00
2016/11/22	9.73	10.02	9.70	9.93	83352989	823147264.00
2016/11/23	9.96	10.13	9.87	9.91	113543638	1136435968.00
2016/11/24	9.85	9.93	9.73	9.75	58420824	575416192.00
2016/11/25	9.75	10.18	9.68	10.15	162333157	1631272448.00
2016/11/28	10.18	10.24	10.05	10.08	100416850	1019125760.00
2016/11/29	10.03	11.09	10.00	10.64	293650560	3106038272.00
2016/11/30	10.50	11.42	10.48	11.04	324681632	3589398016.00
2016/12/01	10.89	11.03	10.72	10.92	155969156	1700845184.00
2016/12/02	10.88	11.10	10.51	10.51	164754609	1777678336.00
2016/12/05	10.37	10.96	10.31	10.69	150595417	1622699008.00
2016/12/06	10.66	10.74	10.17	10.27	139687583	1461631744.00
2016/12/07	10.28	10.42	10.23	10.37	85050644	879473536.00
2016/12/08	10.37	10.45	10.18	10.25	94744379	977944576.00
2016/12/09	10.19	10.40	10.08	10.29	108921171	1118754176.00
2016/12/12	10.21	10.53	9.78	9.86	153492288	1567431296.00
2016/12/13	9.76	9.93	9.56	9.74	105851274	1032392896.00
2016/12/14	9.70	9.86	9.52	9.64	95639065	928410496.00
2016/12/15	9.72	10.08	9.72	9.87	115630753	1146403968.00
2016/12/16	9.80	10.03	9.76	9.83	78068560	772282688.00
2016/12/19	9.76	9.82	9.56	9.61	75428962	729169472.00
2016/12/20	9.57	9.73	9.57	9.71	59044829	571587392.00
2016/12/21	9.71	9.74	9.64	9.72	57816608	560971904.00
2016/12/22	9.68	9.78	9.58	9.70	56483139	547100224.00
2016/12/23	9.64	9.69	9.33	9.34	84668441	803552576.00
2016/12/26	9.29	9.32	9.01	9.30	65769304	603684800.00
2016/12/27	9.26	9.34	9.20	9.20	33555947	312125984.00
2016/12/28	9.24	9.29	9.14	9.17	28527677	263491824.00
2016/12/29	9.18	9.38	9.18	9.25	46021800	428762176.00
2016/12/30	9.24	9.32	9.20	9.22	28146483	260804096.00
2017/01/03	9.25	9.31	9.23	9.28	29380256	272792672.00
2017/01/04	9.28	9.44	9.25	9.39	52450418	492293600.00
2017/01/05	9.41	9.44	9.30	9.32	39566967	370843296.00
2017/01/06	9.34	9.35	9.18	9.19	41234291	382364128.00
2017/01/09	9.20	9.26	9.11	9.22	28656976	264059920.00
2017/01/10	9.21	9.29	9.17	9.19	33380597	308725952.00
2017/01/11	9.17	9.53	9.08	9.26	81006656	755576064.00
2017/01/12	9.18	9.40	9.17	9.28	58288093	543954112.00
2017/01/13	9.25	9.39	9.11	9.13	52362792	487082048.00
2017/01/16	9.14	9.32	8.30	8.80	78114243	701645632.00
2017/01/17	8.72	9.19	8.50	9.10	78292923	695811392.00
2017/01/18	8.98	9.03	8.79	8.82	44370016	396415744.00
2017/06/21	9.70	9.70	9.12	9.31	280206300	2664815360.00
2017/06/22	9.16	9.35	8.90	8.92	157054100	1434948864.00
2017/06/23	8.79	8.92	8.50	8.82	115972800	1015840832.00
2017/06/26	8.75	8.78	8.58	8.65	81933500	710843840.00
2017/06/27	8.74	8.82	8.55	8.61	77987900	678323264.00
2017/06/28	8.53	8.60	8.23	8.26	95184009	799614016.00
2017/06/29	8.28	8.40	8.23	8.30	48861600	407169440.00
2017/06/30	8.15	8.20	8.02	8.14	70195200	570866304.00
2017/07/03	8.08	8.12	8.00	8.09	71366000	576950592.00
2017/07/04	8.12	8.44	8.11	8.26	88189800	732401792.00
2017/07/05	8.20	8.24	8.14	8.23	48569400	398547008.00
2017/07/06	8.24	8.25	8.09	8.13	44479100	363568384.00
2017/07/07	8.11	8.19	8.10	8.17	34132200	278779040.00
2017/07/10	8.16	8.16	8.06	8.07	36516600	296163040.00
2017/07/11	8.06	8.21	8.05	8.08	38674900	315067808.00
2017/07/12	8.07	8.24	8.06	8.22	48796100	397913184.00
2017/07/13	8.22	8.22	8.09	8.11	34625400	281787360.00
2017/07/14	7.95	7.96	7.52	7.58	111966800	862808064.00
2017/07/17	7.50	7.52	6.96	6.99	83670200	600797760.00
2017/07/18	6.98	7.25	6.92	7.11	47212500	333704480.00
2017/07/19	7.07	7.18	6.96	7.14	43417000	306907488.00
2017/07/20	7.12	7.29	7.05	7.07	52181300	373998048.00
2017/07/21	7.04	7.18	7.03	7.06	30540231	216266336.00
2017/07/24	7.05	7.11	7.02	7.08	32946600	232625344.00
2017/07/25	7.07	7.25	7.05	7.16	85199700	609533888.00
2017/07/26	7.15	7.22	7.06	7.17	51057600	364805632.00
2017/07/27	7.14	7.85	7.10	7.79	184873600	1394057600.00
2017/07/28	7.67	7.73	7.51	7.51	104872300	797845952.00
2017/07/31	7.49	7.62	7.47	7.53	55650600	420802528.00
2017/08/01	7.53	7.71	7.51	7.62	63931000	485982176.00
2017/08/02	7.63	7.66	7.48	7.48	52598000	397435360.00
2017/08/03	7.50	7.87	7.45	7.68	111145400	855437824.00
2017/08/04	7.65	7.74	7.58	7.58	58466500	446411456.00
2017/08/07	7.58	7.72	7.56	7.60	40417700	308231232.00
2017/08/08	7.58	7.72	7.52	7.68	70581400	540064896.00
2017/08/09	7.65	7.74	7.60	7.62	53482400	409766784.00
2017/08/10	7.60	7.66	7.32	7.38	64810900	484866240.00
2017/08/11	7.30	7.55	7.27	7.35	59622100	442444128.00
2017/08/14	7.36	7.54	7.31	7.52	47721900	356851936.00
2017/08/15	7.52	7.69	7.45	7.64	59573000	450013536.00
2017/08/16	7.62	8.14	7.60	7.99	184498000	1467386624.00
2017/08/17	7.95	8.06	7.87	7.96	107402100	854571840.00
2017/08/18	7.88	8.27	7.85	8.09	125537600	1018901312.00
2017/08/21	8.03	8.14	7.90	7.99	79211200	633292736.00
2017/08/22	7.97	7.97	7.81	7.83	51372100	405155104.00
2017/08/23	7.82	7.89	7.76	7.79	41260500	322812160.00
2017/08/24	7.80	7.92	7.76	7.79	44193800	346457792.00
2017/08/25	7.80	7.89	7.77	7.87	39285000	308189760.00
2017/08/28	7.91	8.03	7.84	7.94	64918800	516188672.00
2017/08/29	7.91	7.97	7.77	7.79	49556300	389435776.00
2017/08/30	7.78	7.88	7.75	7.80	37078500	289912960.00
2017/08/31	7.80	7.91	7.78	7.87	41477200	325800608.00
2017/09/01	7.85	7.97	7.81	7.96	53995900	426604416.00
2017/09/04	7.94	8.15	7.90	8.05	78418600	630041024.00
2017/09/05	8.06	8.13	7.98	8.00	51784900	416621440.00
2017/09/06	7.98	8.19	7.90	8.16	91825903	740927424.00
2017/09/07	8.12	8.24	8.00	8.08	85749687	696258880.00
2017/09/08	8.04	8.28	8.01	8.15	91380325	746037120.00
2017/09/11	8.18	8.19	8.06	8.14	51770045	420216192.00
2017/09/12	8.14	8.15	7.90	7.91	81060422	648901760.00
2017/09/13	7.90	7.96	7.83	7.87	41084110	323729824.00
2017/09/14	7.87	7.90	7.75	7.78	42907632	335531904.00
2017/09/15	7.81	7.84	7.74	7.77	24181176	188043504.00
2017/09/18	7.76	7.87	7.75	7.84	28334600	221449648.00
2017/09/19	7.83	7.87	7.68	7.69	35567000	276561984.00
2017/09/20	7.70	7.80	7.66	7.79	31472600	243256960.00
2017/09/21	7.79	7.87	7.70	7.71	31042800	241799952.00
数据来源:通达信
