300159 新研股份 日线 前复权
      日期	    开盘	    最高	    最低	    收盘	    成交量	    成交额
2011/01/07	5.26	6.11	5.21	5.86	7594885	778534976.00
2011/01/10	5.72	5.95	5.66	5.89	2797325	296114048.00
2011/01/11	5.94	6.18	5.49	5.65	2389680	255696928.00
2011/01/12	5.55	5.75	5.49	5.58	1321574	135838976.00
2011/01/13	5.37	5.65	5.32	5.39	1308405	129677528.00
2011/01/14	5.37	5.40	5.04	5.23	1391732	132160000.00
2011/01/17	5.15	5.15	4.86	5.03	1035203	94794752.00
2011/01/18	4.93	5.16	4.88	4.96	463487	42581616.00
2011/01/19	4.93	5.18	4.93	5.15	517184	48100860.00
2011/01/20	5.14	5.14	4.86	4.87	486682	44516016.00
2011/01/21	4.83	5.00	4.63	4.97	736103	64540600.00
2011/01/24	4.90	5.01	4.73	4.81	327289	29362032.00
2011/01/25	4.83	4.83	4.55	4.75	465002	39716192.00
2011/01/26	4.75	4.98	4.75	4.87	313267	27878798.00
2011/01/27	4.84	4.91	4.69	4.87	189701	16794474.00
2011/01/28	4.88	4.98	4.82	4.96	251808	22691576.00
2011/01/31	4.95	5.08	4.94	5.01	201265	18496054.00
2011/02/01	4.98	5.03	4.79	4.80	237573	21114270.00
2011/02/09	4.75	4.90	4.75	4.80	188482	16643580.00
2011/02/10	4.83	5.30	4.83	5.30	575116	53984348.00
2011/02/11	5.33	5.52	5.24	5.30	575338	56288836.00
2011/02/14	5.30	5.85	5.22	5.85	691562	70282520.00
2011/02/15	5.80	5.97	5.77	5.85	589686	62964328.00
2011/02/16	5.85	6.14	5.78	6.06	518055	56449932.00
2011/02/17	6.05	6.17	5.89	6.00	460755	49927800.00
2011/02/18	6.00	6.56	5.96	6.00	788451	89514904.00
2011/02/21	5.94	6.22	5.89	6.18	393188	42905180.00
2011/02/22	6.14	6.17	5.66	5.75	541836	57564792.00
2011/02/23	5.75	5.86	5.63	5.70	342692	35733324.00
2011/02/24	5.72	5.86	5.53	5.73	421970	43619792.00
2011/02/25	5.66	6.09	5.62	5.90	390986	41927264.00
2011/02/28	5.91	6.17	5.85	5.94	318514	34619612.00
2011/03/01	5.94	6.03	5.68	5.69	305748	32305924.00
2011/03/02	5.60	5.67	5.48	5.52	373560	37765624.00
2011/03/03	5.49	5.69	5.39	5.43	258783	25940128.00
2011/03/04	5.43	5.54	5.32	5.52	257468	25381226.00
2011/03/07	5.50	5.59	5.37	5.44	234546	23219676.00
2011/03/08	5.48	5.60	5.38	5.50	406963	40867968.00
2011/03/09	5.49	5.54	5.40	5.49	218054	21732530.00
2011/03/10	5.49	5.69	5.49	5.54	289282	29450688.00
2011/03/11	5.49	5.57	5.39	5.52	310610	30974662.00
2011/03/14	5.52	5.54	5.41	5.43	224659	22323610.00
2011/03/15	5.44	5.47	5.21	5.32	321295	31128490.00
2011/03/16	5.32	5.37	5.29	5.35	153463	14918274.00
2011/03/17	5.35	5.42	5.27	5.27	172356	16751841.00
2011/03/18	5.32	5.37	5.30	5.37	127635	12419787.00
2011/03/21	5.40	5.48	5.35	5.37	281357	27796650.00
2011/03/22	5.40	5.42	5.32	5.36	144433	14131425.00
2011/03/23	5.36	5.77	5.36	5.72	622066	63025748.00
2011/03/24	5.67	5.79	5.62	5.65	332105	34474796.00
2011/03/25	5.66	5.74	5.56	5.65	341833	35067736.00
2011/03/28	5.60	5.60	5.07	5.07	1137351	108373832.00
2011/03/29	4.94	5.03	4.85	4.97	665435	59825612.00
2011/03/30	4.95	4.95	4.78	4.82	495884	43962900.00
2011/03/31	4.82	4.92	4.81	4.83	204951	18232818.00
2011/04/01	4.86	4.95	4.78	4.93	293674	26282182.00
2011/04/06	4.86	4.90	4.69	4.75	316707	27897820.00
2011/04/07	4.76	4.89	4.74	4.86	234535	20785202.00
2011/04/08	4.90	4.97	4.85	4.88	503721	45226404.00
2011/04/11	4.87	4.92	4.69	4.70	501070	43898160.00
2011/04/12	4.68	4.75	4.64	4.64	329612	28212716.00
2011/04/13	4.64	4.72	4.63	4.69	570681	49016104.00
2011/04/14	4.69	4.71	4.65	4.69	417861	35892516.00
2011/04/15	4.68	4.83	4.65	4.80	340644	29652798.00
2011/04/18	4.72	4.74	4.68	4.72	256754	22140470.00
2011/04/19	4.67	4.84	4.67	4.76	394718	34486568.00
2011/04/21	4.83	4.96	4.83	4.91	423842	37981244.00
2011/04/22	4.87	4.93	4.70	4.79	292819	25676096.00
2011/04/25	4.77	4.83	4.64	4.67	221632	19069130.00
2011/04/26	4.61	4.69	4.58	4.58	221796	18834442.00
2011/04/27	4.69	4.69	4.53	4.55	181877	15363562.00
2011/04/28	4.64	4.64	4.07	4.28	398123	31295192.00
2011/04/29	4.25	4.30	3.95	4.25	359912	12563810.00
2011/05/03	4.18	4.27	4.14	4.24	270086	9519560.00
2011/05/04	4.21	4.23	3.95	4.00	725942	24539182.00
2011/05/05	4.01	4.05	3.95	4.02	402517	13513368.00
2011/05/06	4.02	4.02	3.90	3.95	379743	12529727.00
2011/05/09	3.96	4.05	3.95	3.99	267130	8939829.00
2011/05/10	4.01	4.07	3.96	4.05	349442	11732510.00
2011/05/11	4.05	4.19	4.01	4.17	353765	12161307.00
2011/05/12	4.12	4.32	4.12	4.17	480374	16941616.00
2011/05/13	4.18	4.31	4.18	4.25	359613	12767767.00
2011/05/16	4.30	4.30	4.14	4.16	185835	6499083.50
2011/05/17	4.15	4.21	4.04	4.17	201662	6902250.50
2011/05/18	4.19	4.30	4.08	4.15	181906	6337442.00
2011/05/19	4.10	4.19	4.10	4.12	124100	4286328.50
2011/05/20	4.12	4.12	3.97	3.98	203932	6874959.50
2011/05/23	3.99	3.99	3.82	3.90	391585	12702348.00
2011/05/24	3.93	4.13	3.85	4.06	641930	21517702.00
2011/05/25	4.05	4.13	4.01	4.02	265879	9039270.00
2011/05/26	4.01	4.10	3.83	3.83	159660	5344076.50
2011/05/27	3.85	3.99	3.80	3.82	345973	11219329.00
2011/05/30	3.86	4.01	3.82	3.91	610669	20166392.00
2011/05/31	3.90	3.98	3.86	3.97	264142	8671215.00
2011/06/01	4.01	4.03	3.94	3.98	435872	14483840.00
2011/06/02	3.90	4.05	3.84	3.98	413568	13693024.00
2011/06/03	4.01	4.13	3.95	4.13	435376	14800476.00
2011/06/07	4.14	4.19	4.13	4.16	329002	11395474.00
2011/06/08	4.13	4.14	4.06	4.11	196030	6694506.50
2011/06/09	4.13	4.13	4.00	4.09	235793	7996213.50
2011/06/10	4.03	4.12	3.89	4.12	239309	8019867.50
2011/06/13	4.02	4.15	4.02	4.13	175388	6012245.50
2011/06/14	4.08	4.15	4.07	4.12	250213	8575084.00
2011/06/16	4.06	4.06	3.99	4.00	154522	5174770.50
2011/06/17	4.00	4.06	3.91	3.96	162026	5394097.00
2011/06/20	3.99	3.99	3.67	3.68	371189	11786248.00
2011/06/21	3.64	3.72	3.51	3.51	1070570	32031530.00
2011/06/22	3.51	3.57	3.50	3.54	281968	8377367.00
2011/06/23	3.53	3.64	3.48	3.62	332675	10009924.00
2011/06/24	3.56	3.81	3.55	3.80	514522	16074334.00
2011/06/27	3.72	3.90	3.72	3.83	359954	11560895.00
2011/06/28	3.82	3.84	3.74	3.82	426113	13477266.00
2011/06/29	3.80	3.84	3.78	3.79	216306	6903235.50
2011/06/30	3.76	3.85	3.76	3.81	484415	15413509.00
2011/07/01	3.79	3.88	3.78	3.81	370974	11840089.00
2011/07/04	3.84	4.00	3.81	3.97	409331	13380026.00
2011/07/05	3.97	4.16	3.97	4.10	425390	14586823.00
2011/07/06	4.07	4.13	3.99	4.10	436122	14938921.00
2011/07/07	4.08	4.22	4.08	4.14	365239	12659664.00
2011/07/08	4.19	4.19	4.09	4.12	117527	4042644.50
2011/07/11	4.11	4.13	4.06	4.11	226600	7761665.50
2011/07/12	4.07	4.07	3.96	3.96	274831	9182612.00
2011/07/13	3.96	4.10	3.96	4.07	350030	11747380.00
2011/07/14	4.08	4.37	4.08	4.34	826398	29548722.00
2011/07/15	4.32	4.42	4.26	4.39	847876	30712046.00
2011/07/18	4.39	4.41	4.21	4.23	459467	16476825.00
2011/07/19	4.20	4.25	4.07	4.09	754967	25961834.00
2011/07/20	4.08	4.18	4.06	4.09	183318	6273837.00
2011/07/21	4.13	4.14	4.02	4.09	486057	16502651.00
2011/07/22	4.09	4.37	4.09	4.27	838831	29610232.00
2011/07/25	4.26	4.26	4.00	4.01	431454	14834165.00
2011/07/26	4.04	4.05	3.86	3.99	444176	14788560.00
2011/07/27	3.86	4.05	3.86	4.05	421610	14113696.00
2011/07/28	4.01	4.07	3.95	4.06	305880	10270352.00
2011/07/29	4.06	4.06	3.99	4.01	196897	6595611.00
2011/08/01	3.95	4.07	3.95	4.03	173868	5849204.00
2011/08/02	4.08	4.44	4.01	4.26	890833	31457600.00
2011/08/03	4.16	4.51	4.16	4.38	1183297	43152468.00
2011/08/04	4.39	4.42	4.24	4.27	398912	14298861.00
2011/08/05	4.14	4.26	4.07	4.20	403203	14052517.00
2011/08/08	4.18	4.18	3.76	3.98	511406	16995726.00
2011/08/09	3.85	4.02	3.65	4.00	376462	12274771.00
2011/08/10	4.07	4.20	4.07	4.11	523765	18114800.00
2011/08/11	4.00	4.34	3.95	4.32	878767	30902420.00
2011/08/12	4.39	4.46	4.33	4.44	823421	30161182.00
2011/08/15	4.49	4.55	4.44	4.52	613386	22969588.00
2011/08/16	4.52	4.52	4.36	4.37	473808	17426752.00
2011/08/17	4.37	4.45	4.33	4.39	360291	13184215.00
2011/08/18	4.36	4.37	4.22	4.24	307192	10974951.00
2011/08/19	4.14	4.43	4.09	4.42	350129	12381856.00
2011/08/22	4.40	4.55	4.39	4.45	544048	20223452.00
2011/08/23	4.55	4.69	4.45	4.53	1272527	48397076.00
2011/08/24	4.47	4.69	4.47	4.60	971371	37142224.00
2011/08/25	4.59	4.72	4.48	4.56	862013	32727020.00
2011/08/26	4.55	4.64	4.50	4.57	335860	12711656.00
2011/08/29	4.56	4.61	4.49	4.54	505538	19061412.00
2011/08/30	4.57	4.57	4.33	4.36	456321	16918350.00
2011/08/31	4.34	4.38	4.18	4.25	531738	18828464.00
2011/09/01	4.25	4.37	4.23	4.32	285379	10237426.00
2011/09/02	4.34	4.34	4.21	4.26	223402	7906287.00
2011/09/05	4.20	4.23	4.15	4.20	244479	8540094.00
2011/09/06	4.26	4.26	4.14	4.19	146548	5099434.50
2011/09/07	4.26	4.31	4.19	4.31	168887	5993054.50
2011/09/08	4.34	4.43	4.27	4.38	364699	13282694.00
2011/09/09	4.38	4.39	4.29	4.29	100040	3611290.00
2011/09/13	4.27	4.27	4.14	4.15	131345	4565037.00
2011/09/14	4.29	4.43	4.15	4.20	345931	12271350.00
2011/09/15	4.18	4.22	4.15	4.17	339710	11869080.00
2011/09/16	4.17	4.20	4.12	4.19	259674	9019497.00
2011/09/19	4.12	4.15	3.95	3.95	205989	6921833.00
2011/09/20	3.94	3.94	3.80	3.92	469311	15266711.00
2011/09/21	3.91	4.07	3.87	4.02	362859	12021338.00
2011/09/22	3.99	3.99	3.82	3.89	148100	4850472.50
2011/09/23	3.79	3.90	3.79	3.89	180987	5836406.00
2011/09/26	3.91	3.97	3.82	3.83	254041	8247807.50
2011/09/27	3.88	3.92	3.79	3.82	202760	6514598.50
2011/09/28	3.85	3.86	3.72	3.79	162125	5161499.50
2011/09/29	3.72	3.76	3.64	3.70	190064	5880968.50
2011/09/30	3.69	3.69	3.57	3.60	194690	5905844.00
2011/10/10	3.67	3.67	3.55	3.57	135400	4084621.50
2011/10/11	3.76	3.80	3.56	3.59	249944	7677485.50
2011/10/12	3.59	3.71	3.55	3.68	634594	19367276.00
2011/10/13	3.69	3.75	3.66	3.70	548478	17020776.00
2011/10/14	3.73	3.76	3.66	3.71	321975	10001255.00
2011/10/17	3.71	3.82	3.71	3.78	520122	16423885.00
2011/10/18	3.77	3.90	3.67	3.67	1153684	36783048.00
2011/10/19	3.68	3.72	3.36	3.43	1057160	31392648.00
2011/10/20	3.41	3.41	3.07	3.07	2166415	57269860.00
2011/10/21	3.07	3.12	3.01	3.10	393331	10269997.00
2011/10/24	3.07	3.14	3.01	3.09	543331	14185246.00
2011/10/25	3.10	3.32	3.10	3.25	903081	24524034.00
2011/10/26	3.21	3.35	3.19	3.27	818474	22756010.00
2011/10/27	3.24	3.42	3.24	3.38	899549	25525212.00
2011/10/28	3.42	3.47	3.32	3.44	881145	25281102.00
2011/10/31	3.48	3.80	3.44	3.80	2235492	68670632.00
2011/11/01	3.80	4.01	3.72	3.93	2489313	81761752.00
2011/11/02	3.82	4.03	3.80	4.03	1364385	44935624.00
2011/11/03	4.04	4.31	4.03	4.19	2161110	75779824.00
2011/11/04	4.19	4.31	4.17	4.25	873611	30854528.00
2011/11/07	4.25	4.26	4.07	4.10	1039801	36266668.00
2011/11/08	4.08	4.11	3.96	4.01	924421	31037232.00
2011/11/09	4.00	4.23	4.00	4.19	1021417	34851816.00
2011/11/10	4.14	4.20	4.08	4.15	821097	28457690.00
2011/11/11	4.15	4.16	4.02	4.08	342503	11704863.00
2011/11/14	4.13	4.29	4.07	4.21	803581	28174620.00
2011/11/15	4.20	4.35	4.20	4.30	665153	23794148.00
2011/11/16	4.31	4.32	4.12	4.17	437905	15317592.00
2011/11/17	4.17	4.30	4.09	4.18	576957	20172506.00
2011/11/18	4.19	4.26	4.02	4.06	978851	34082532.00
2011/11/21	3.96	4.03	3.76	3.87	932582	30145546.00
2011/11/22	3.85	3.92	3.72	3.90	468505	15092593.00
2011/11/23	3.91	3.99	3.90	3.90	543639	17953950.00
2011/11/24	3.82	3.99	3.78	3.97	306290	10095267.00
2011/11/25	4.00	4.03	3.94	4.00	213558	7105415.00
2011/11/28	4.06	4.25	4.03	4.20	1311639	45942624.00
2011/11/29	4.26	4.37	4.20	4.29	1249030	44634508.00
2011/11/30	4.24	4.31	3.92	3.98	707740	24001474.00
2011/12/01	4.15	4.16	4.01	4.06	712667	24238754.00
2011/12/02	4.01	4.01	3.86	3.96	408606	13394322.00
2011/12/05	3.95	3.95	3.77	3.78	288396	9236292.00
2011/12/06	3.78	3.85	3.71	3.84	281488	8891626.00
2011/12/07	3.84	4.03	3.80	4.01	594152	19389620.00
2011/12/08	3.95	4.00	3.77	3.92	1011719	32874548.00
2011/12/09	3.84	3.92	3.76	3.83	274501	8853203.00
2011/12/12	3.85	4.02	3.84	3.92	627229	20739604.00
2011/12/13	3.87	3.87	3.79	3.82	461521	14735766.00
2011/12/14	3.80	3.96	3.80	3.80	533690	17213788.00
2011/12/15	3.70	3.70	3.41	3.44	1041530	30707138.00
2011/12/16	3.51	3.69	3.46	3.60	546365	16198845.00
2011/12/19	3.56	3.70	3.51	3.68	421002	12846049.00
2011/12/20	3.67	3.72	3.61	3.67	386940	11893731.00
2011/12/21	3.70	3.80	3.55	3.55	421791	13019442.00
2011/12/22	3.54	3.66	3.18	3.66	806621	23200166.00
2011/12/23	3.57	3.72	3.56	3.67	418287	12819397.00
2011/12/26	3.66	3.80	3.61	3.76	527746	16614090.00
2011/12/27	3.82	4.00	3.45	3.51	1416210	44912420.00
2011/12/28	3.30	3.38	3.23	3.34	907644	25204968.00
2011/12/29	3.31	3.45	3.27	3.40	502046	14294193.00
2011/12/30	3.40	3.47	3.37	3.44	648170	18675314.00
2012/01/04	3.48	3.48	3.36	3.38	393845	11306482.00
2012/01/05	3.32	3.32	3.07	3.10	851079	22848138.00
2012/01/06	3.06	3.15	2.92	3.10	395417	10115590.00
2012/01/09	3.05	3.23	3.04	3.20	481729	12931371.00
2012/01/10	3.27	3.45	3.24	3.33	1168003	32739992.00
2012/01/11	3.32	3.43	3.27	3.41	866685	24554708.00
2012/01/12	3.40	3.44	3.34	3.37	536465	15227017.00
2012/01/13	3.36	3.39	3.07	3.18	662646	17830062.00
2012/01/16	3.14	3.16	2.97	2.98	302527	7828460.50
2012/01/17	2.92	3.21	2.92	3.16	478032	12341336.00
2012/01/18	3.23	3.26	2.83	2.89	1327487	33194980.00
2012/01/19	2.89	2.93	2.79	2.89	968696	23367610.00
2012/01/20	2.88	2.97	2.85	2.95	758005	18869620.00
2012/01/30	3.00	3.07	2.97	2.97	883921	22484426.00
2012/01/31	2.95	2.97	2.86	2.96	615878	15214592.00
2012/02/01	2.96	3.19	2.94	3.10	1322139	34563504.00
2012/02/02	3.20	3.21	3.05	3.11	2729913	71846056.00
2012/02/03	3.10	3.29	3.10	3.22	2773472	75416032.00
2012/02/06	3.21	3.29	3.20	3.24	1642368	44845216.00
2012/02/07	3.20	3.24	3.11	3.15	1234055	32874510.00
2012/02/08	3.09	3.28	3.09	3.25	1327613	36007592.00
2012/02/09	3.24	3.32	3.22	3.28	1028745	28509344.00
2012/02/10	3.25	3.37	3.24	3.31	985867	27442754.00
2012/02/13	3.27	3.39	3.21	3.32	1144762	32038314.00
2012/02/14	3.35	3.40	3.30	3.34	823950	23270428.00
2012/02/15	3.34	3.38	3.31	3.37	806330	22745864.00
2012/02/16	3.37	3.38	3.29	3.31	1059927	29784184.00
2012/02/17	3.31	3.33	3.27	3.30	837957	23274442.00
2012/02/20	3.38	3.38	3.30	3.34	912468	25654272.00
2012/02/21	3.34	3.54	3.34	3.54	2478371	71969912.00
2012/02/22	3.51	3.68	3.46	3.63	1948329	58581324.00
2012/02/23	3.63	3.73	3.54	3.60	1172839	35798780.00
2012/02/24	3.60	3.65	3.54	3.65	1399155	42238180.00
2012/02/27	3.69	3.75	3.62	3.64	1665891	51460264.00
2012/02/28	3.61	3.74	3.56	3.70	1586971	48620664.00
2012/02/29	3.68	3.69	3.56	3.60	1125821	34190888.00
2012/03/01	3.61	3.66	3.57	3.63	706694	21460066.00
2012/03/02	3.67	3.79	3.63	3.78	1221658	38214204.00
2012/03/05	3.79	3.86	3.75	3.79	1258055	39951544.00
2012/03/06	3.81	3.86	3.75	3.85	1313503	41956228.00
2012/03/07	3.86	3.90	3.79	3.83	930666	29952720.00
2012/03/08	3.83	3.86	3.74	3.85	1245530	39637860.00
2012/03/09	3.89	3.90	3.78	3.85	1485668	47647644.00
2012/03/12	3.85	4.01	3.83	3.85	2726670	88863256.00
2012/03/13	3.85	3.85	3.67	3.78	2606184	81545912.00
2012/03/14	3.77	3.82	3.58	3.59	1827170	57069936.00
2012/03/15	3.56	3.66	3.44	3.47	1727141	50795652.00
2012/03/16	3.48	3.60	3.48	3.59	1509816	45015984.00
2012/03/19	3.64	3.67	3.60	3.67	1438161	43881268.00
2012/03/20	3.67	3.67	3.49	3.49	1277417	37933248.00
2012/03/21	3.50	3.55	3.39	3.44	957272	27723852.00
2012/03/22	3.44	3.47	3.40	3.45	589716	17099656.00
2012/03/23	3.46	3.49	3.35	3.38	708400	20426620.00
2012/03/26	3.38	3.43	3.33	3.43	444863	12674909.00
2012/03/27	3.43	3.47	3.37	3.38	433423	12521421.00
2012/03/28	3.39	3.39	3.17	3.19	622327	17211500.00
2012/03/29	3.16	3.24	3.15	3.16	701032	18915880.00
2012/03/30	3.19	3.22	3.15	3.20	488719	13131268.00
2012/04/05	3.21	3.29	3.17	3.28	457989	12539164.00
2012/04/06	3.28	3.37	3.24	3.34	650165	18186724.00
2012/04/09	3.31	3.34	3.27	3.30	413227	11538573.00
2012/04/11	3.31	3.43	3.31	3.34	597767	16908376.00
2012/04/12	3.34	3.39	3.32	3.38	532715	15051544.00
2012/04/13	3.38	3.47	3.36	3.46	1175248	33958204.00
2012/04/16	3.42	3.46	3.40	3.43	320186	9233109.00
2012/04/17	3.45	3.46	3.32	3.33	571535	16242849.00
2012/04/18	3.34	3.41	3.30	3.38	713428	20167568.00
2012/04/19	3.39	3.48	3.37	3.48	1024970	29543418.00
2012/04/20	3.43	3.43	3.39	3.41	1106990	31779760.00
2012/04/23	3.39	3.39	3.20	3.21	1307893	35767240.00
2012/04/24	3.16	3.23	3.14	3.20	820502	22002698.00
2012/04/25	3.17	3.19	3.14	3.16	334280	8955058.00
2012/04/26	3.16	3.17	3.09	3.12	415946	10965008.00
2012/04/27	3.11	3.12	3.04	3.10	471405	12235826.00
2012/05/02	3.10	3.15	3.08	3.14	377098	9948163.00
2012/05/03	3.14	3.14	3.02	3.08	632267	16450283.00
2012/05/04	3.08	3.24	3.05	3.21	959283	25425190.00
2012/05/07	3.20	3.29	3.17	3.26	738457	20119212.00
2012/05/08	3.24	3.32	3.22	3.31	776453	21351242.00
2012/05/09	3.31	3.31	3.16	3.22	810471	22152130.00
2012/05/10	3.25	3.25	3.15	3.19	609867	16439723.00
2012/05/11	3.19	3.23	3.16	3.18	309928	8366530.50
2012/05/14	3.25	3.39	3.21	3.24	1230239	33962200.00
2012/05/15	3.17	3.37	3.10	3.31	3837582	53185780.00
2012/05/16	3.26	3.32	3.20	3.22	1373934	18770754.00
2012/05/17	3.22	3.24	3.15	3.17	1174714	15644637.00
2012/05/18	3.16	3.24	3.14	3.17	1219218	16389657.00
2012/05/21	3.20	3.22	3.13	3.17	722456	9615350.00
2012/05/22	3.17	3.21	3.15	3.20	1199243	15954313.00
2012/05/23	3.21	3.21	3.11	3.19	620871	8223551.00
2012/05/24	3.17	3.19	3.12	3.15	635053	8412171.00
2012/05/25	3.15	3.18	3.07	3.11	442627	5799638.00
2012/05/28	3.09	3.10	2.97	3.10	575849	7392526.00
2012/05/29	3.10	3.15	3.08	3.15	967958	12672069.00
2012/05/30	3.14	3.18	3.12	3.17	881629	11658423.00
2012/05/31	3.17	3.22	3.13	3.19	1025825	13673054.00
2012/06/01	3.19	3.29	3.18	3.25	1354100	18389920.00
2012/06/04	3.16	3.20	3.10	3.11	908263	11994264.00
2012/06/05	3.12	3.14	3.02	3.06	895499	11512974.00
2012/06/06	3.05	3.10	3.04	3.05	476222	6118570.00
2012/06/07	3.09	3.13	3.02	3.05	558003	7158190.00
2012/06/08	3.07	3.09	3.00	3.02	582829	7439493.50
2012/06/11	3.01	3.03	2.93	3.02	1734642	21726258.00
2012/06/12	3.00	3.01	2.94	2.95	1165168	14502001.00
2012/06/13	2.94	3.01	2.94	2.99	1333678	16671894.00
2012/06/14	2.97	3.10	2.97	3.07	2950013	37934884.00
2012/06/15	3.06	3.09	2.98	3.03	1287488	16325850.00
2012/06/18	3.04	3.11	3.04	3.07	1867950	24046884.00
2012/06/19	3.08	3.09	3.04	3.04	785837	10079216.00
2012/06/20	3.06	3.09	3.01	3.08	1087689	13946867.00
2012/06/21	3.06	3.08	3.00	3.02	882986	11283072.00
2012/06/25	3.00	3.02	2.97	2.97	714900	8971532.00
2012/06/26	2.93	2.96	2.87	2.92	541079	6650377.00
2012/06/27	2.92	2.97	2.92	2.93	767579	9514664.00
2012/06/28	2.93	2.95	2.82	2.82	925330	11220890.00
2012/06/29	2.83	2.86	2.77	2.85	621328	7385106.50
2012/07/02	2.85	2.93	2.85	2.91	565725	6894210.00
2012/07/03	2.90	2.95	2.88	2.91	541634	6651210.50
2012/07/04	2.90	2.91	2.79	2.81	1086303	13002325.00
2012/07/05	2.80	2.84	2.72	2.74	1181037	13893334.00
2012/07/06	2.78	2.78	2.62	2.68	1655070	18626552.00
2012/07/09	2.65	2.67	2.56	2.57	909976	10069569.00
2012/07/10	2.56	2.56	2.48	2.52	575398	6143202.50
2012/07/11	2.52	2.56	2.51	2.55	599389	6442275.50
2012/07/12	2.56	2.78	2.53	2.70	1585532	18023504.00
2012/07/13	2.75	2.78	2.68	2.72	1129107	13050376.00
2012/07/16	2.74	2.74	2.55	2.59	1435412	16235138.00
2012/07/17	2.59	2.62	2.52	2.57	856453	9270410.00
2012/07/18	2.54	2.70	2.53	2.70	999228	11072638.00
2012/07/19	2.71	2.86	2.66	2.76	1620614	19046360.00
2012/07/20	2.76	2.81	2.73	2.81	922607	10844360.00
2012/07/23	2.81	2.91	2.76	2.87	961579	11562040.00
2012/07/24	2.86	2.89	2.80	2.89	772461	9290408.00
2012/07/25	2.88	2.88	2.81	2.84	877901	10532659.00
2012/07/26	2.83	2.87	2.77	2.78	676017	8071716.50
2012/07/27	2.82	2.84	2.75	2.84	435000	5118405.00
2012/07/30	2.83	2.87	2.77	2.77	287800	3413198.00
2012/07/31	2.77	2.78	2.61	2.64	404911	4580972.00
2012/08/01	2.72	2.74	2.61	2.70	348600	3946128.00
2012/08/02	2.69	2.69	2.62	2.67	291425	3268207.50
2012/08/03	2.66	2.77	2.66	2.76	349432	4032929.75
2012/08/06	2.76	2.87	2.72	2.85	635544	7518472.00
2012/08/07	2.85	2.94	2.84	2.93	874305	10683871.00
2012/08/08	2.91	2.96	2.87	2.93	364576	4463387.50
2012/08/09	2.89	3.12	2.88	3.10	2259380	28640998.00
2012/08/10	3.07	3.11	3.02	3.08	932125	12000302.00
2012/08/13	3.17	3.27	3.07	3.07	1797256	23841352.00
2012/08/14	3.04	3.17	2.99	3.16	2020082	26275608.00
2012/08/15	3.16	3.16	2.97	3.00	1937518	24719072.00
2012/08/16	2.97	3.00	2.89	2.90	684935	8463006.00
2012/08/17	2.90	2.90	2.73	2.83	1562332	18415558.00
2012/08/20	2.79	2.85	2.74	2.84	930103	10971291.00
2012/08/21	2.83	2.92	2.80	2.85	1049184	12647699.00
2012/08/22	2.91	2.91	2.80	2.82	1310610	15633477.00
2012/08/23	2.81	2.84	2.75	2.81	1157489	13618810.00
2012/08/24	2.81	2.86	2.77	2.78	1045275	12395020.00
2012/08/27	2.76	2.77	2.70	2.70	1174835	13566956.00
2012/08/28	2.70	2.78	2.69	2.74	560472	6478420.50
2012/08/29	2.74	2.82	2.74	2.80	797146	9396415.00
2012/08/30	2.78	2.82	2.63	2.72	763483	8726781.00
2012/08/31	2.72	2.74	2.68	2.72	494757	5654605.50
2012/09/03	2.69	2.75	2.65	2.74	1204463	13860529.00
2012/09/04	2.76	2.82	2.70	2.71	1090343	12732310.00
2012/09/05	2.68	2.74	2.63	2.72	690207	7849692.50
2012/09/06	2.73	2.78	2.70	2.76	673723	7812107.00
2012/09/07	2.80	2.92	2.77	2.87	1584839	19094188.00
2012/09/10	2.89	2.95	2.85	2.94	1200850	14724741.00
2012/09/11	2.92	2.92	2.81	2.87	927912	11216179.00
2012/09/12	2.90	2.92	2.85	2.89	862295	10466569.00
2012/09/13	2.90	3.04	2.90	2.92	1597482	19931286.00
2012/09/14	2.97	2.97	2.81	2.82	1711881	20602304.00
2012/09/17	2.85	2.86	2.67	2.68	1254497	14396455.00
2012/09/18	2.66	2.75	2.64	2.65	701401	7927131.50
2012/09/19	2.66	2.69	2.53	2.59	1128515	12452025.00
2012/09/20	2.58	2.70	2.53	2.53	2065808	22836616.00
2012/09/21	2.50	2.53	2.37	2.38	2344219	24399088.00
2012/09/24	2.37	2.40	2.33	2.37	2005820	20234476.00
2012/09/25	2.37	2.42	2.35	2.37	1042626	10552266.00
2012/09/26	2.36	2.37	2.28	2.32	1229863	12094432.00
2012/09/27	2.31	2.41	2.27	2.38	1181043	11870883.00
2012/09/28	2.38	2.45	2.36	2.42	1507663	15473780.00
2012/10/08	2.42	2.44	2.39	2.40	527969	5418377.00
2012/10/09	2.40	2.59	2.40	2.54	1407378	15019410.00
2012/10/10	2.52	2.62	2.51	2.62	1618292	17711382.00
2012/10/11	2.60	2.62	2.55	2.55	797426	8702519.00
2012/10/12	2.56	2.59	2.52	2.57	582769	6321899.50
2012/10/15	2.55	2.59	2.54	2.58	625256	6784597.00
2012/10/16	2.58	2.67	2.56	2.62	889830	9900401.00
2012/10/17	2.62	2.66	2.59	2.65	614811	6830560.50
2012/10/18	2.65	2.68	2.62	2.65	677661	7615731.50
2012/10/19	2.65	2.72	2.63	2.71	1294328	14720594.00
2012/10/22	2.69	2.73	2.66	2.71	477087	5450284.00
2012/10/23	2.72	2.72	2.61	2.62	525600	5913532.00
2012/10/24	2.62	2.64	2.52	2.55	958251	10406451.00
2012/10/25	2.53	2.59	2.52	2.55	558484	6054734.00
2012/10/26	2.55	2.57	2.48	2.50	339183	3609805.75
2012/10/29	2.52	2.54	2.42	2.45	470791	4930023.50
2012/10/30	2.45	2.49	2.45	2.47	319241	3341095.50
2012/10/31	2.47	2.58	2.47	2.51	722027	7724498.50
2012/11/01	2.51	2.62	2.51	2.59	482520	5281377.50
2012/11/02	2.59	2.65	2.55	2.64	969565	10706761.00
2012/11/05	2.65	2.69	2.62	2.65	658074	7394030.00
2012/11/06	2.64	2.65	2.56	2.62	646617	7108499.00
2012/11/07	2.64	2.70	2.63	2.69	892090	10080313.00
2012/11/08	2.70	2.70	2.55	2.56	832068	9174955.00
2012/11/09	2.55	2.61	2.54	2.55	533375	5825152.00
2012/11/12	2.54	2.64	2.54	2.62	493898	5420413.50
2012/11/13	2.60	2.74	2.57	2.73	3003580	34145416.00
2012/11/14	2.71	2.80	2.68	2.80	1818794	21074848.00
2012/11/15	2.79	2.87	2.69	2.87	2311898	27381072.00
2012/11/16	2.84	3.09	2.81	3.02	5684644	70616544.00
2012/11/19	2.94	3.11	2.88	3.04	4038347	50654388.00
2012/11/20	2.99	3.05	2.91	2.91	2928729	36595692.00
2012/11/21	2.91	3.09	2.91	2.94	3718118	46857676.00
2012/11/22	2.92	3.14	2.90	3.06	4980754	63800000.00
2012/11/23	3.02	3.38	3.02	3.38	8743983	120731264.00
2012/11/26	3.40	3.51	3.28	3.39	10030608	141772304.00
2012/11/27	3.32	3.34	3.15	3.31	7282409	98606296.00
2012/11/28	3.25	3.45	3.12	3.17	8882980	123291544.00
2012/11/29	3.08	3.16	2.95	3.14	6597527	84299448.00
2012/11/30	3.05	3.19	3.04	3.10	5062630	65814088.00
2012/12/03	3.09	3.42	3.06	3.32	8334507	114316296.00
2012/12/04	3.24	3.31	3.09	3.28	6136779	82798952.00
2012/12/05	3.24	3.52	3.18	3.38	9257674	130759408.00
2012/12/06	3.31	3.64	3.30	3.52	7738373	112591688.00
2012/12/07	3.48	3.89	3.48	3.89	14226871	223048304.00
2012/12/10	3.95	4.17	3.77	3.95	16554382	270121376.00
2012/12/11	3.82	3.86	3.72	3.74	8322024	131137616.00
2012/12/12	3.71	3.82	3.65	3.77	6281959	97734400.00
2012/12/13	3.71	3.79	3.64	3.65	5082347	78485088.00
2012/12/14	3.68	3.89	3.67	3.83	9564226	151372256.00
2012/12/17	3.79	3.91	3.68	3.89	7411161	116811936.00
2012/12/18	3.86	4.17	3.70	3.72	10631531	173054192.00
2012/12/19	3.69	3.69	3.52	3.63	4932081	74455400.00
2012/12/20	3.63	3.82	3.59	3.81	7148081	111452336.00
2012/12/21	3.77	3.91	3.67	3.70	5492009	86427800.00
2012/12/24	3.66	3.77	3.64	3.70	5002327	76794720.00
2012/12/25	3.69	3.94	3.65	3.86	7809440	123827448.00
2012/12/26	3.82	3.96	3.78	3.95	6437858	103580544.00
2012/12/27	3.92	3.95	3.71	3.71	5102507	81380208.00
2012/12/28	3.70	3.74	3.57	3.65	4485892	68074448.00
2012/12/31	3.65	3.83	3.61	3.80	4711803	73149272.00
2013/01/04	3.80	3.86	3.70	3.78	4378358	69134288.00
2013/01/07	3.76	4.05	3.66	4.01	7564563	121795264.00
2013/01/08	3.96	3.98	3.85	3.92	4997469	81279688.00
2013/01/09	3.87	4.09	3.86	3.97	6395166	106237024.00
2013/01/10	3.97	4.01	3.85	3.91	3686995	59965040.00
2013/01/11	3.87	3.97	3.75	3.76	3547082	57011028.00
2013/01/14	3.75	3.97	3.72	3.90	5244544	84231416.00
2013/01/15	3.89	4.30	3.89	4.30	10546182	180518208.00
2013/01/16	4.39	4.52	4.23	4.36	11005445	199186976.00
2013/01/17	4.37	4.37	4.15	4.16	4493435	79097688.00
2013/01/18	4.26	4.49	4.22	4.47	7582203	137780416.00
2013/01/21	4.47	4.69	4.36	4.61	6771441	126490616.00
2013/01/22	4.60	4.62	4.31	4.52	5619683	104248704.00
2013/01/23	4.45	4.45	4.26	4.40	4113551	74259920.00
2013/01/24	4.45	4.46	4.09	4.15	4889720	86517808.00
2013/01/25	4.15	4.22	4.08	4.15	2741152	47209308.00
2013/01/28	4.20	4.26	4.10	4.26	5725017	99598992.00
2013/01/29	4.24	4.43	4.20	4.37	5232364	93245536.00
2013/01/30	4.36	4.37	4.13	4.26	5315819	93832720.00
2013/01/31	4.26	4.34	4.20	4.31	3691206	65394184.00
2013/02/01	4.39	4.42	4.09	4.13	8727124	154505616.00
2013/02/04	4.06	4.07	3.72	3.75	6176010	98254736.00
2013/02/05	3.72	3.84	3.68	3.78	3257243	51173000.00
2013/02/06	3.78	3.80	3.71	3.77	3249645	50720644.00
2013/02/07	3.76	3.81	3.71	3.78	2783630	43556908.00
2013/02/08	3.79	3.89	3.78	3.89	3030369	48575812.00
2013/02/18	3.94	4.01	3.92	3.95	3510970	57830744.00
2013/02/19	3.98	3.98	3.80	3.82	2839582	45554356.00
2013/02/20	3.81	3.99	3.79	3.99	4024437	65661684.00
2013/02/21	4.00	4.12	3.93	4.06	6233516	104205008.00
2013/02/22	4.02	4.06	3.96	3.97	2729859	45324876.00
2013/02/25	3.95	4.04	3.90	4.04	3369717	55767432.00
2013/02/26	4.01	4.10	3.95	3.95	3870378	64790880.00
2013/02/27	3.95	4.00	3.67	3.69	4477805	70774912.00
2013/02/28	3.73	3.75	3.68	3.75	3142501	48766464.00
2013/03/01	3.76	3.87	3.75	3.85	3377039	53558160.00
2013/03/04	3.91	4.24	3.91	4.04	9559170	161995616.00
2013/03/05	4.00	4.10	3.97	4.09	5600050	94368288.00
2013/03/06	4.08	4.12	4.00	4.10	4526141	76323256.00
2013/03/07	4.15	4.16	4.01	4.05	3966454	67412104.00
2013/03/08	4.05	4.06	3.90	3.90	2437611	40101632.00
2013/03/11	3.90	3.93	3.79	3.87	1347465	21691196.00
2013/03/12	3.85	3.87	3.60	3.69	2737865	42474604.00
2013/03/13	3.69	3.69	3.53	3.63	2372460	35490088.00
2013/03/14	3.60	3.66	3.60	3.62	1449506	21918732.00
2013/03/15	3.61	3.68	3.57	3.61	1748118	26492416.00
2013/03/18	3.62	3.66	3.54	3.57	1478137	22277348.00
2013/03/19	3.57	3.68	3.46	3.68	2386814	35648140.00
2013/03/20	3.67	3.78	3.64	3.75	2950848	45689824.00
2013/03/21	3.78	3.93	3.76	3.84	4741401	76248712.00
2013/03/22	3.81	3.82	3.77	3.78	1532425	24153364.00
2013/03/25	3.82	3.85	3.74	3.76	1006447	15819434.00
2013/03/26	3.79	3.79	3.66	3.72	1435406	22212020.00
2013/03/27	3.76	3.78	3.65	3.68	1313898	20311910.00
2013/03/28	3.58	3.59	3.51	3.57	1734885	25691208.00
2013/03/29	3.62	3.67	3.55	3.57	1758463	26500142.00
2013/04/01	3.61	3.81	3.60	3.78	3808207	59536460.00
2013/04/02	3.75	3.81	3.74	3.78	2790428	43887060.00
2013/04/03	3.77	3.78	3.67	3.69	1434011	22139618.00
2013/04/08	3.56	3.76	3.51	3.75	1648136	25025916.00
2013/04/09	3.72	3.78	3.65	3.77	1820767	28278556.00
2013/04/10	3.75	3.82	3.68	3.77	2621734	41081936.00
2013/04/11	3.74	3.78	3.70	3.70	1599905	24929100.00
2013/04/12	3.70	3.71	3.58	3.60	1083490	16478525.00
2013/04/15	3.56	3.64	3.55	3.58	681427	10181286.00
2013/04/16	3.52	3.64	3.52	3.62	630373	9407229.00
2013/04/17	3.62	3.62	3.50	3.57	1141039	16921484.00
2013/04/18	3.57	3.59	3.53	3.55	966342	14329248.00
2013/04/19	3.55	3.66	3.45	3.62	2085733	31362050.00
2013/04/22	3.59	3.67	3.57	3.66	1684536	25490734.00
2013/04/23	3.65	3.65	3.50	3.50	1667678	24632648.00
2013/04/24	3.52	3.61	3.51	3.61	1716086	25544070.00
2013/04/25	3.62	3.64	3.49	3.50	1552245	23199270.00
2013/04/26	3.50	3.52	3.38	3.41	1650726	23541006.00
2013/05/02	3.41	3.42	3.31	3.34	824127	11568903.00
2013/05/03	3.35	3.44	3.35	3.41	763793	10882672.00
2013/05/06	3.44	3.57	3.43	3.53	1335785	19557238.00
2013/05/07	3.50	3.56	3.46	3.53	909909	13383766.00
2013/05/08	3.50	3.63	3.49	3.60	1550149	23105908.00
2013/05/09	3.57	3.77	3.56	3.75	3881395	59381392.00
2013/05/10	3.72	3.84	3.69	3.72	2786017	43648456.00
2013/05/13	3.71	3.91	3.71	3.87	2815571	44739232.00
2013/05/14	3.88	3.88	3.80	3.80	1379720	21939292.00
2013/05/15	3.80	3.90	3.80	3.86	1635207	26279340.00
2013/05/16	3.86	3.92	3.74	3.86	2730209	43582020.00
2013/05/17	3.83	3.89	3.76	3.85	2182709	34836060.00
2013/05/20	3.86	4.02	3.85	3.99	3340305	54620812.00
2013/05/21	3.95	4.07	3.95	4.02	2329755	38818212.00
2013/05/22	4.01	4.01	3.60	3.88	2503894	40129500.00
2013/05/23	3.89	3.89	3.76	3.77	1277257	20270630.00
2013/05/24	3.77	3.87	3.76	3.85	1013254	16083607.00
2013/05/27	3.85	3.98	3.77	3.96	2457370	39438380.00
2013/05/28	3.90	3.97	3.85	3.88	2303452	37021664.00
2013/05/29	3.87	4.08	3.76	4.08	3352341	54732840.00
2013/05/30	4.06	4.35	4.01	4.25	4815996	83799944.00
2013/05/31	4.25	4.53	4.20	4.44	4713195	84939448.00
2013/06/03	4.44	4.66	4.39	4.39	3719386	68599688.00
2013/06/04	4.35	4.46	4.09	4.23	2109091	36707172.00
2013/06/05	4.19	4.50	4.19	4.46	2781173	50042336.00
2013/06/06	4.42	4.49	4.24	4.27	1342642	23960740.00
2013/06/07	4.19	4.38	4.18	4.21	1356434	23822628.00
2013/06/13	4.12	4.47	3.78	4.37	2667795	46726888.00
2013/06/14	4.38	4.82	4.38	4.64	4594878	88149496.00
2013/06/17	4.64	4.79	4.50	4.52	3850510	73503032.00
2013/06/18	4.55	4.59	4.46	4.59	1219311	22654090.00
2013/06/19	4.58	4.79	4.46	4.75	2820658	53616812.00
2013/06/20	4.66	4.77	4.49	4.49	1557859	29532364.00
2013/06/21	4.44	4.44	4.26	4.35	1360433	24345532.00
2013/06/24	4.35	4.53	3.90	3.99	2652741	46350232.00
2013/06/25	4.02	4.31	3.79	4.31	3058025	51240664.00
2013/06/26	4.24	4.61	4.21	4.59	3260796	58728268.00
2013/06/27	4.56	4.60	4.36	4.37	2367007	43503096.00
2013/06/28	4.34	4.46	4.04	4.09	2098159	36674468.00
2013/07/01	4.05	4.51	4.05	4.51	2382986	43007672.00
2013/07/02	4.50	4.72	4.47	4.56	2959802	55648112.00
2013/07/03	4.51	4.54	4.31	4.49	2160683	39108712.00
2013/07/04	4.51	4.66	4.39	4.39	2767836	51531120.00
2013/07/05	4.38	4.46	4.22	4.23	1868534	33395774.00
2013/07/08	4.16	4.16	3.96	4.02	2485658	41207012.00
2013/07/09	3.89	4.21	3.89	4.18	4120351	67535288.00
2013/07/10	4.15	4.29	4.07	4.21	1715543	29708274.00
2013/07/11	4.15	4.32	4.09	4.22	1326247	22866224.00
2013/07/12	4.18	4.46	4.18	4.28	2016522	35801240.00
2013/07/15	4.34	4.45	4.24	4.42	1108986	19919736.00
2013/07/16	4.41	4.47	4.25	4.33	1604206	28379500.00
2013/07/17	4.31	4.31	4.11	4.18	1138195	19686096.00
2013/07/18	4.10	4.28	4.10	4.20	798176	13808771.00
2013/07/19	4.22	4.30	4.09	4.09	742565	12826662.00
2013/07/22	4.01	4.21	3.97	4.13	952612	16077902.00
2013/07/23	4.20	4.25	4.11	4.22	890663	15382610.00
2013/07/24	4.19	4.43	4.19	4.43	1739040	30891988.00
2013/07/25	4.46	4.47	4.19	4.23	1236921	21987284.00
2013/07/26	4.15	4.35	4.14	4.30	1261628	22183010.00
2013/07/29	4.32	4.43	4.21	4.26	1168447	20755026.00
2013/07/30	4.24	4.31	4.06	4.18	772637	13216698.00
2013/07/31	4.25	4.25	4.12	4.12	436225	7471124.00
2013/08/01	4.18	4.35	4.12	4.30	892854	15622101.00
2013/08/02	4.29	4.47	4.29	4.44	1819859	32837736.00
2013/08/05	4.44	4.61	4.39	4.49	1229965	22635984.00
2013/08/06	4.50	4.68	4.46	4.47	2087294	38925816.00
2013/08/07	4.46	4.51	4.21	4.28	2212798	39124464.00
2013/08/08	4.27	4.33	4.21	4.30	877228	15440590.00
2013/08/09	4.46	4.51	4.32	4.38	1684165	30397626.00
2013/08/12	4.43	4.50	4.32	4.47	1713914	31064060.00
2013/08/13	4.47	4.66	4.46	4.60	2014979	37821604.00
2013/08/14	4.61	4.81	4.51	4.70	2556800	49103936.00
2013/08/15	4.69	4.72	4.54	4.57	1818131	34315452.00
2013/08/16	4.49	4.59	4.36	4.41	1465937	26883124.00
2013/08/19	4.46	4.56	4.41	4.55	947638	17545562.00
2013/08/20	4.55	4.69	4.50	4.61	1335430	25281670.00
2013/08/21	4.61	4.77	4.54	4.68	1653019	31753410.00
2013/08/22	4.69	4.74	4.64	4.67	1063886	20405494.00
2013/08/23	4.68	4.86	4.55	4.74	2576957	50114660.00
2013/08/26	4.74	4.74	4.48	4.51	6659801	124743864.00
2013/08/27	4.50	4.57	4.46	4.54	3708749	68935152.00
2013/08/28	4.51	4.51	4.30	4.32	4195557	75769992.00
2013/08/29	4.30	4.43	4.20	4.43	2426018	42904932.00
2013/08/30	4.48	4.64	4.43	4.45	4841295	90149088.00
2013/09/02	4.44	4.58	4.21	4.58	3510630	63425156.00
2013/09/03	4.66	4.69	4.53	4.60	3695499	70085080.00
2013/09/04	4.60	5.04	4.56	5.04	9303558	184698240.00
2013/09/05	5.09	5.10	4.84	4.88	6193612	124802160.00
2013/09/06	4.84	4.91	4.76	4.83	3008714	59398652.00
2013/09/09	4.82	4.96	4.74	4.78	3021417	59683052.00
2013/09/10	4.73	4.85	4.68	4.84	3192937	62317828.00
2013/09/11	4.79	4.79	4.49	4.50	4544775	86001872.00
2013/09/12	4.50	4.58	4.44	4.52	1882541	34712676.00
2013/09/13	4.50	4.59	4.43	4.56	1756860	32457778.00
2013/09/16	4.53	4.61	4.51	4.53	1551801	28947926.00
2013/09/17	4.53	4.63	4.44	4.46	1865667	34711388.00
2013/09/18	4.46	4.53	4.44	4.50	973345	17893820.00
2013/09/23	4.50	4.55	4.45	4.54	1315796	24361122.00
2013/09/24	4.55	4.55	4.45	4.46	1909563	35071932.00
2013/09/25	4.47	4.52	4.35	4.36	2649248	47900244.00
2013/09/26	4.32	4.44	4.31	4.36	1169849	21066100.00
2013/09/27	4.36	4.41	4.20	4.21	2088755	36773388.00
2013/09/30	4.26	4.26	4.04	4.11	3337050	56477708.00
2013/10/08	4.11	4.20	4.08	4.20	1803419	30762938.00
2013/10/09	4.20	4.35	4.16	4.35	2071003	36439512.00
2013/10/10	4.35	4.40	4.26	4.26	1428023	25270440.00
2013/10/11	4.26	4.53	4.23	4.45	3374335	61121168.00
2013/10/14	4.40	4.59	4.39	4.49	3354755	61807908.00
2013/10/15	4.44	4.50	4.15	4.21	4125905	72839592.00
2013/10/16	4.20	4.20	3.89	3.98	2904977	48360044.00
2013/10/17	4.01	4.39	4.01	4.28	7010420	123911976.00
2013/10/18	4.24	4.24	3.94	4.07	3596108	59991436.00
2013/10/21	4.08	4.13	3.98	4.11	2925917	49041688.00
2013/10/22	4.15	4.30	4.05	4.20	4164629	71973976.00
2013/10/23	4.18	4.27	3.94	4.00	3110290	51796200.00
2013/10/24	4.02	4.03	3.89	3.92	2118101	34364424.00
2013/10/25	3.94	4.00	3.74	3.79	2000159	31722660.00
2013/10/28	3.82	3.88	3.79	3.80	1202119	18892066.00
2013/10/29	3.77	3.83	3.49	3.63	1836812	27746290.00
2013/10/30	3.65	3.70	3.58	3.70	966333	14618894.00
2013/10/31	3.70	3.70	3.59	3.59	980088	14701302.00
2013/11/01	3.59	3.65	3.54	3.59	643134	9552688.00
2013/11/04	3.66	3.79	3.66	3.72	1799110	27631768.00
2013/11/05	3.69	3.96	3.66	3.92	3273380	51981620.00
2013/11/06	3.89	4.01	3.86	3.87	3062226	49549092.00
2013/11/07	3.90	3.96	3.84	3.89	1726856	27738426.00
2013/11/08	3.79	3.96	3.76	3.86	3160281	50277748.00
2013/11/11	3.81	3.83	3.71	3.74	1936435	30004394.00
2013/11/12	3.74	3.86	3.62	3.82	2874102	44195928.00
2013/11/13	3.76	3.78	3.65	3.65	1515439	23174518.00
2013/11/14	3.70	3.83	3.65	3.78	2687506	41686348.00
2013/11/15	3.75	3.89	3.74	3.89	3065686	48610664.00
2013/11/18	3.98	4.26	3.98	4.17	6835081	116492528.00
2013/11/19	4.14	4.16	4.09	4.12	3086798	52297496.00
2013/11/20	4.12	4.19	4.09	4.17	3090074	52702800.00
2013/11/21	4.14	4.28	4.10	4.24	3980096	68921728.00
2013/11/22	4.26	4.44	4.26	4.30	5080289	90735152.00
2013/11/25	4.22	4.38	4.13	4.13	3475903	60553812.00
2013/11/26	4.13	4.20	4.09	4.18	1895086	32316262.00
2013/11/27	4.18	4.26	4.15	4.23	1933651	33404784.00
2013/11/28	4.23	4.34	4.22	4.25	2343193	41294548.00
2013/11/29	4.32	4.53	4.32	4.52	5680715	104204336.00
2013/12/02	4.28	4.43	4.06	4.10	4793657	83914328.00
2013/12/03	4.01	4.29	4.01	4.26	3269801	56481312.00
2013/12/04	4.28	4.51	4.26	4.37	3450742	62737848.00
2013/12/05	4.36	4.46	4.31	4.38	1507112	27158982.00
2013/12/06	4.34	4.38	4.22	4.28	1186720	20885274.00
2013/12/09	4.28	4.49	4.27	4.44	2511720	45795156.00
2013/12/10	4.45	4.50	4.38	4.44	1419288	25792478.00
2013/12/11	4.42	4.51	4.41	4.44	1679994	30687054.00
2013/12/12	4.44	4.65	4.41	4.59	3211779	60199292.00
2013/12/13	4.59	4.81	4.54	4.72	3952617	75863776.00
2013/12/16	4.83	4.83	4.47	4.51	3679015	69176072.00
2013/12/17	4.47	4.52	4.32	4.33	2334944	42003064.00
2013/12/18	4.35	4.41	4.29	4.33	1471679	26275910.00
2013/12/19	4.29	4.40	4.29	4.31	965249	17221862.00
2013/12/20	4.31	4.41	4.24	4.30	1179599	20870466.00
2013/12/23	4.25	4.26	3.86	3.94	3498513	57294776.00
2013/12/24	3.93	4.13	3.89	4.10	3548869	58707036.00
2013/12/25	4.05	4.15	3.97	4.13	2547815	42741760.00
2013/12/26	4.13	4.26	4.09	4.14	2484033	42637400.00
2013/12/27	4.11	4.21	4.06	4.15	1942551	33052474.00
2013/12/30	4.13	4.26	4.04	4.16	3085591	52692396.00
2013/12/31	4.10	4.22	4.09	4.17	2667181	45821372.00
2014/01/02	4.14	4.22	4.09	4.21	2129869	36508700.00
2014/01/03	4.17	4.18	4.08	4.11	2542064	43013380.00
2014/01/06	4.04	4.04	3.86	3.86	2087315	33713764.00
2014/01/07	3.81	4.00	3.80	3.96	1516380	24501862.00
2014/01/08	3.95	4.08	3.94	4.02	1952952	32283816.00
2014/01/09	3.99	3.99	3.64	3.70	4239736	67096752.00
2014/01/10	3.67	3.75	3.61	3.64	1841868	27856656.00
2014/01/13	3.64	3.73	3.64	3.71	1442525	21961282.00
2014/01/14	3.73	3.82	3.69	3.81	1303579	20178078.00
2014/01/15	3.81	3.85	3.78	3.83	1213047	19077112.00
2014/01/16	3.80	3.88	3.78	3.80	1339510	21136884.00
2014/01/17	3.80	3.80	3.73	3.74	1067230	16539465.00
2014/01/20	3.81	3.89	3.72	3.76	2335673	36680356.00
2014/01/21	3.71	3.81	3.68	3.80	1429417	22164816.00
2014/01/22	3.78	3.90	3.78	3.90	2192021	34832096.00
2014/01/23	3.90	4.00	3.90	3.96	3958548	64433412.00
2014/01/24	3.94	4.00	3.89	3.97	2943503	47782484.00
2014/01/27	3.96	4.02	3.91	3.98	2309433	37888620.00
2014/01/28	3.98	4.01	3.89	3.93	1992529	32277364.00
2014/01/29	3.99	4.07	3.95	4.01	2882655	47662488.00
2014/01/30	4.01	4.17	3.98	4.13	3089451	51933296.00
2014/02/07	4.11	4.23	4.09	4.19	2576146	44238896.00
2014/02/10	4.21	4.26	4.15	4.23	3319681	57310812.00
2014/02/11	4.24	4.24	4.01	4.10	5005115	84688080.00
2014/02/12	4.09	4.19	4.04	4.19	3920400	66532236.00
2014/02/13	4.19	4.39	4.15	4.21	6966882	121878512.00
2014/02/14	4.29	4.30	4.12	4.24	4624527	80200232.00
2014/02/17	4.25	4.39	4.24	4.33	5148793	91266376.00
2014/02/18	4.37	4.44	4.31	4.37	5143010	92462840.00
2014/02/19	4.34	4.41	4.22	4.35	5365064	94701248.00
2014/02/20	4.32	4.32	4.16	4.17	4015551	69680664.00
2014/02/21	4.19	4.27	4.17	4.22	2278047	39478520.00
2014/02/24	4.20	4.27	4.14	4.26	2503573	43321240.00
2014/02/25	4.26	4.35	3.94	3.98	4779344	82096768.00
2014/02/26	3.91	3.96	3.79	3.93	2747314	43932216.00
2014/02/27	3.96	4.01	3.84	3.85	2127478	34353888.00
2014/02/28	3.78	3.90	3.78	3.90	1755886	27701228.00
2014/03/03	3.89	4.01	3.86	4.00	1809808	29502764.00
2014/03/04	3.98	4.05	3.94	4.00	1633301	26837638.00
2014/03/05	4.11	4.25	4.09	4.17	4574440	78430272.00
2014/03/06	4.11	4.26	4.09	4.11	2002237	34045836.00
2014/03/07	4.14	4.24	4.12	4.20	2547736	43824668.00
2014/03/10	4.19	4.29	4.11	4.14	3466390	59890248.00
2014/03/11	4.12	4.25	4.01	4.25	3414257	58556812.00
2014/03/12	4.36	4.51	4.22	4.25	10610037	189394320.00
2014/03/13	4.20	4.24	4.01	4.20	5337751	90806416.00
2014/03/14	4.17	4.45	4.16	4.39	8495987	152267712.00
2014/03/17	4.41	4.57	4.40	4.52	7238009	133558968.00
2014/03/18	4.49	4.50	4.40	4.44	5964463	108718488.00
2014/03/19	4.44	4.47	4.32	4.47	4247400	76362480.00
2014/03/20	4.48	4.58	4.34	4.34	5224504	95880448.00
2014/03/21	4.26	4.44	4.21	4.42	4605027	81756544.00
2014/03/24	4.39	4.43	4.26	4.29	3486296	61829048.00
2014/03/25	4.26	4.35	4.19	4.35	2725676	47896188.00
2014/03/26	4.31	4.49	4.31	4.38	3749829	67669136.00
2014/03/27	4.36	4.38	4.13	4.13	3903495	67980192.00
2014/03/28	4.14	4.18	4.01	4.01	3185741	53251028.00
2014/03/31	4.02	4.09	3.97	4.01	1684973	27916568.00
2014/04/01	4.02	4.13	4.02	4.13	1944432	32659796.00
2014/04/02	4.11	4.13	4.01	4.04	2086389	34781340.00
2014/04/03	4.05	4.09	3.94	3.95	2358929	38959464.00
2014/04/04	3.95	4.05	3.90	4.03	2191724	35933084.00
2014/04/08	4.01	4.10	3.99	4.07	1938250	32249718.00
2014/04/09	4.09	4.16	4.08	4.14	1949100	33057996.00
2014/04/10	4.14	4.18	4.10	4.12	2491478	42353776.00
2014/04/11	4.08	4.13	4.06	4.11	1667094	28045174.00
2014/04/14	4.11	4.27	4.09	4.27	2966338	51246320.00
2014/04/15	4.27	4.31	4.18	4.22	2354012	40930084.00
2014/04/16	4.28	4.49	4.25	4.42	6739262	121104384.00
2014/04/17	4.40	4.44	4.30	4.37	4112189	73603184.00
2014/04/18	4.35	4.35	4.24	4.29	3246305	57227196.00
2014/04/21	4.26	4.36	4.22	4.27	2334957	41032012.00
2014/04/22	4.28	4.31	4.14	4.20	2742687	47395488.00
2014/04/23	4.20	4.27	3.97	4.01	4504848	37347864.00
2014/04/24	4.01	4.03	3.86	3.96	4468096	35670136.00
2014/04/25	3.92	4.09	3.84	3.86	4026219	32562692.00
2014/04/28	3.79	4.02	3.69	3.85	3725979	29334706.00
2014/04/29	3.84	3.98	3.76	3.96	2257955	17876780.00
2014/04/30	3.95	4.00	3.89	3.98	2248920	18097606.00
2014/05/05	3.98	3.99	3.87	3.94	3031566	24192462.00
2014/05/06	3.94	3.97	3.88	3.96	4148734	33068024.00
2014/05/07	3.94	3.95	3.79	3.80	3353783	26244356.00
2014/05/08	3.79	3.86	3.73	3.74	2663903	20557330.00
2014/05/09	3.73	3.75	3.58	3.58	4216766	31180980.00
2014/05/12	3.60	3.67	3.59	3.65	2175771	16095424.00
2014/05/13	3.64	3.71	3.63	3.68	2162103	16140965.00
2014/05/14	3.69	3.70	3.64	3.64	1817093	13547403.00
2014/05/15	3.65	3.69	3.59	3.59	2595548	19215612.00
2014/05/16	3.57	3.62	3.56	3.61	2146500	15663215.00
2014/05/19	3.59	3.73	3.59	3.71	2461167	18349322.00
2014/05/20	3.72	3.78	3.68	3.69	2351051	17826774.00
2014/05/21	3.66	3.71	3.64	3.71	1389497	10392044.00
2014/05/22	3.71	3.78	3.69	3.69	2575723	19542986.00
2014/05/23	3.67	3.72	3.66	3.70	2001971	15037577.00
2014/05/26	3.75	3.82	3.70	3.82	3234257	24820394.00
2014/05/27	3.78	4.03	3.78	3.98	8119091	64871552.00
2014/05/28	3.92	3.98	3.84	3.95	4585902	36342980.00
2014/05/29	3.93	4.07	3.90	3.98	7052687	57155288.00
2014/05/30	4.00	4.38	3.93	4.17	23155303	197841728.00
2014/06/03	4.10	4.12	3.90	3.91	15746169	127164232.00
2014/06/04	3.88	3.89	3.70	3.76	9413631	72215512.00
2014/06/05	3.76	3.81	3.68	3.80	4610034	35247096.00
2014/06/06	3.79	3.82	3.71	3.76	4821544	36942412.00
2014/06/09	3.73	3.76	3.65	3.69	3408488	25681734.00
2014/06/10	3.71	3.78	3.71	3.75	2982670	22718064.00
2014/06/11	3.74	3.75	3.70	3.75	2905245	21993122.00
2014/06/12	3.74	3.83	3.68	3.79	5191256	39656196.00
2014/06/13	3.76	3.82	3.74	3.80	4014419	30942196.00
2014/06/16	3.80	3.86	3.78	3.82	4188596	32456832.00
2014/06/17	3.80	3.83	3.74	3.79	4348723	33315876.00
2014/06/18	3.79	3.79	3.64	3.67	4821176	36326412.00
2014/06/19	3.68	3.69	3.34	3.46	5771947	41383176.00
2014/06/20	3.45	3.50	3.38	3.43	3821284	26657126.00
2014/06/23	3.43	3.52	3.43	3.47	2506576	17827784.00
2014/06/24	3.46	3.51	3.43	3.47	3671511	25906896.00
2014/06/25	3.48	3.48	3.40	3.47	2122374	14859203.00
2014/06/26	3.57	3.57	3.47	3.53	3171146	22776452.00
2014/06/27	3.52	3.57	3.49	3.54	3224496	23156712.00
2014/06/30	3.55	3.58	3.52	3.57	3065555	22175252.00
2014/07/01	3.56	3.62	3.54	3.61	4127187	30069018.00
2014/07/02	3.60	3.63	3.56	3.60	4618420	33709216.00
2014/07/03	3.63	3.63	3.57	3.60	4783914	35038272.00
2014/07/04	3.61	3.61	3.57	3.60	3289247	24014934.00
2014/07/07	3.60	3.66	3.59	3.65	4383165	32301766.00
2014/07/08	3.64	3.67	3.58	3.64	5339205	39210556.00
2014/07/09	3.63	3.63	3.52	3.54	4912851	35731596.00
2014/07/10	3.55	3.59	3.52	3.56	3121236	22573200.00
2014/07/11	3.56	3.59	3.54	3.58	4290064	31079302.00
2014/07/14	3.58	3.64	3.54	3.63	5581034	40723488.00
2014/07/15	3.62	3.69	3.59	3.67	7821229	57994936.00
2014/07/16	3.66	3.69	3.62	3.67	4629311	34386828.00
2014/07/17	3.67	3.69	3.60	3.64	2905653	21566232.00
2014/07/18	3.64	3.66	3.62	3.64	2319198	17190370.00
2014/07/21	3.64	3.65	3.58	3.63	2162793	15895894.00
2014/07/22	3.63	3.67	3.60	3.67	4745178	35243444.00
2014/07/23	3.66	3.67	3.56	3.58	4224151	30975460.00
2014/07/24	3.58	3.58	3.48	3.50	3632985	26019004.00
2014/07/25	3.52	3.58	3.51	3.57	2587129	18683456.00
2014/07/28	3.59	3.68	3.57	3.66	5280875	39060316.00
2014/07/29	3.66	3.73	3.64	3.69	5308624	39912500.00
2014/07/30	3.69	3.73	3.67	3.73	3860998	29111976.00
2014/07/31	3.72	3.86	3.70	3.85	8061387	62054680.00
2014/08/01	3.84	3.94	3.79	3.87	10362972	81564168.00
2014/08/04	3.88	3.93	3.84	3.92	7805008	61585864.00
2014/08/05	3.94	4.03	3.90	4.00	8798919	70873152.00
2014/08/06	3.95	4.05	3.95	3.99	6707023	54329712.00
2014/08/07	4.00	4.10	3.94	3.94	12908499	105512136.00
2014/08/08	3.94	3.99	3.91	3.98	7988143	64109000.00
2014/08/11	3.98	4.10	3.98	4.06	10191987	84132448.00
2014/08/12	4.06	4.09	4.02	4.08	5794052	47876664.00
2014/08/13	4.08	4.16	4.02	4.14	8219248	68054040.00
2014/08/14	4.14	4.19	4.09	4.10	7081908	59544120.00
2014/08/15	4.09	4.14	4.06	4.14	6928224	57726864.00
2014/08/18	4.14	4.21	4.13	4.21	10874470	92228984.00
2014/08/19	4.22	4.24	4.15	4.20	6610574	56300332.00
2014/08/20	4.21	4.21	4.15	4.19	7406662	62806388.00
2014/08/21	4.19	4.21	4.15	4.19	5790409	49065712.00
2014/08/22	4.17	4.31	4.17	4.30	11571536	99883920.00
2014/08/25	4.30	4.31	4.18	4.23	8241060	70706144.00
2014/08/26	4.20	4.24	4.08	4.09	7155800	60227600.00
2014/08/27	4.08	4.22	4.08	4.20	8206815	69439224.00
2014/08/28	4.19	4.22	4.16	4.21	3909893	33235348.00
2014/08/29	4.21	4.31	4.19	4.29	5284334	45669924.00
2014/09/01	4.31	4.38	4.21	4.36	8016027	70187208.00
2014/09/02	4.35	4.38	4.32	4.37	7282990	64352084.00
2014/09/03	4.37	4.41	4.34	4.36	7133822	63223900.00
2014/09/04	4.37	4.50	4.34	4.46	11106397	99120056.00
2014/09/05	4.46	4.49	4.39	4.45	7909797	71110912.00
2014/09/09	4.44	4.45	4.38	4.44	7082124	63497608.00
2014/09/10	4.39	4.47	4.37	4.42	7045098	63090440.00
2014/09/11	4.43	4.48	4.32	4.38	10450226	93342840.00
2014/09/12	4.39	4.70	4.34	4.61	20403084	186469808.00
2014/09/15	4.58	4.63	4.50	4.56	13500989	124285272.00
2014/09/16	4.56	4.63	4.48	4.49	11842238	109097040.00
2014/09/17	4.51	4.58	4.42	4.55	7106722	64912988.00
2014/09/18	4.54	4.64	4.51	4.61	8042104	74589096.00
2014/09/19	4.59	4.67	4.55	4.64	8681153	81365872.00
2014/09/22	4.66	4.71	4.54	4.57	6013603	56067080.00
2014/09/23	4.64	4.82	4.56	4.80	15747562	149422336.00
2014/09/24	4.80	5.02	4.73	4.94	13783179	137560528.00
2014/09/25	4.94	5.44	4.94	5.44	21261360	228442304.00
2014/09/26	5.49	5.62	5.34	5.45	20423021	225284240.00
2014/09/29	5.48	5.99	5.45	5.92	20215282	234647136.00
2014/09/30	5.89	5.89	5.62	5.74	15241562	176571536.00
2014/10/08	5.75	5.76	5.52	5.64	12870162	145869120.00
2014/10/09	5.60	5.68	5.43	5.68	14558878	163724112.00
2014/10/10	5.62	5.70	5.53	5.57	8491345	96144968.00
2014/10/13	5.57	5.57	5.44	5.54	6602188	73485832.00
2014/10/14	5.56	5.60	5.49	5.51	6104602	68361464.00
2014/10/15	5.59	5.84	5.59	5.83	15309112	176964560.00
2014/10/16	5.74	5.87	5.44	5.55	8858944	101913824.00
2014/10/17	5.48	5.56	5.25	5.48	9815031	107309120.00
2014/10/20	5.50	5.69	5.50	5.64	7829992	88616808.00
2014/10/21	5.68	5.81	5.60	5.71	12211001	141184576.00
2014/10/22	5.69	6.17	5.69	5.94	20436228	246027040.00
2014/10/23	5.93	6.04	5.75	5.88	10804109	128202872.00
2014/10/24	5.83	6.14	5.83	6.04	12059701	146862112.00
2014/10/27	6.04	6.04	5.71	5.89	7352384	86679872.00
2014/10/28	5.89	6.13	5.82	6.12	9926454	119894000.00
2014/10/29	6.16	6.49	6.06	6.10	16636339	209995808.00
2014/10/30	6.09	6.64	6.05	6.60	25272571	326395072.00
2014/10/31	6.63	6.72	6.51	6.69	13612355	182017360.00
2014/11/03	6.72	6.75	6.38	6.67	8860054	118608136.00
2014/11/04	6.82	6.82	6.56	6.65	7081773	95856976.00
2014/11/05	6.71	6.79	6.39	6.57	9634500	127021792.00
2014/11/06	6.56	6.65	6.44	6.58	5695386	75393520.00
2014/11/07	6.63	7.04	6.63	6.84	13783387	190274560.00
2014/11/10	6.89	7.01	6.73	6.79	5774238	79866936.00
2014/11/11	6.74	6.93	6.27	6.42	10289362	137669216.00
2014/11/12	6.45	6.60	6.39	6.56	5406599	71206056.00
2014/11/13	6.47	6.79	6.46	6.68	7005343	94618968.00
2014/11/14	6.63	6.78	6.56	6.66	5955437	80189440.00
2014/11/17	6.64	7.02	6.59	6.96	6274368	87106992.00
2014/11/18	6.99	6.99	6.68	6.86	4703916	64863304.00
2014/11/19	6.77	6.97	6.76	6.93	5930545	82115904.00
2014/11/20	6.89	7.17	6.74	6.74	6748953	94305808.00
2014/11/21	6.86	7.04	6.61	6.89	9604603	132141552.00
2014/11/24	6.88	7.34	6.72	7.10	16070188	229909568.00
2014/11/25	7.10	7.26	7.03	7.07	10982689	157665648.00
2014/11/26	7.04	7.69	7.04	7.59	16078365	241342864.00
2014/11/27	7.56	8.22	7.56	8.08	11912752	190387536.00
2014/11/28	8.19	8.30	7.81	8.19	10716146	173880016.00
2015/03/18	9.02	9.02	9.02	9.02	131310	2384589.50
2015/03/19	9.93	9.93	9.93	9.93	95254	1903174.88
2015/03/20	10.93	10.93	10.93	10.93	25845	568073.13
2015/03/23	12.03	12.03	12.03	12.03	32887	795207.69
2015/03/24	13.24	13.24	13.24	13.24	133328	3546524.75
2015/03/25	14.57	14.57	14.57	14.57	334330	9782496.00
2015/03/26	16.03	16.03	16.03	16.03	176369	5677318.00
2015/03/27	17.64	17.64	17.44	17.64	14162247	501295616.00
2015/03/30	18.19	18.87	16.45	17.19	39422622	1390939520.00
2015/03/31	16.85	18.49	16.69	17.58	23712400	841078272.00
2015/04/01	17.44	18.54	17.44	18.41	17302540	627468224.00
2015/04/02	18.69	20.25	18.49	20.25	16259473	638205888.00
2015/04/03	21.38	21.71	19.87	20.94	24289964	1012167808.00
2015/04/07	20.75	22.33	20.54	21.09	16713868	716231296.00
2015/04/08	21.51	21.64	19.38	19.48	16400317	668469056.00
2015/04/09	19.53	20.44	18.44	20.43	14325519	565438592.00
2015/04/10	20.67	21.36	20.14	20.99	10400608	435440864.00
2015/04/13	20.44	21.69	20.44	20.58	15359388	648699904.00
2015/04/14	20.41	21.07	19.81	19.99	8143936	332997632.00
2015/04/15	20.44	20.50	18.69	18.79	11532250	448103808.00
2015/04/16	18.36	20.19	17.95	19.09	8179207	317370688.00
2015/04/17	19.34	20.19	19.09	19.36	9138517	361159360.00
2015/04/20	19.24	19.84	17.99	18.59	9356976	354625792.00
2015/04/21	18.93	20.45	18.44	20.14	8366527	331699424.00
2015/04/22	19.94	21.44	19.79	21.03	8257041	346307904.00
2015/04/23	20.93	21.19	19.93	20.04	8353402	344986656.00
2015/04/24	19.46	19.93	18.03	18.73	14138176	534283488.00
2015/04/27	19.11	19.68	18.89	19.16	7128217	275372352.00
2015/04/28	19.16	19.39	18.19	18.83	5101069	191922560.00
2015/04/29	18.82	20.22	18.46	20.19	6420703	253184720.00
2015/04/30	20.19	20.53	19.43	19.46	6203598	246987776.00
2015/05/04	19.44	19.73	18.74	18.76	6795363	262686960.00
2015/05/05	18.69	19.69	18.69	19.19	5602321	216306144.00
2015/05/06	19.29	19.77	19.03	19.49	7814666	305089600.00
2015/05/07	20.19	20.34	17.54	19.00	14601182	557273344.00
2015/05/08	18.44	19.34	18.35	18.93	8243798	309883520.00
2015/05/11	18.99	20.83	18.34	20.42	18363775	729945600.00
2015/05/12	20.09	22.44	20.08	22.23	15642555	673572992.00
2015/05/13	21.59	22.44	20.45	21.89	12494787	546713088.00
2015/05/14	21.87	23.74	21.37	22.55	11019562	505460352.00
2015/05/15	21.94	23.59	21.14	23.19	12425577	561292096.00
2015/05/18	23.62	24.90	23.62	23.97	9015236	440198016.00
2015/05/19	23.69	24.88	22.94	24.86	9179247	444799936.00
2015/05/20	24.34	27.36	24.34	27.26	10810881	570698368.00
2015/05/21	26.72	29.69	26.21	28.39	7952504	455900032.00
2015/05/22	28.19	29.19	26.16	26.65	13774775	744686592.00
2015/05/25	25.31	26.63	24.45	26.37	11924733	613153088.00
2015/05/26	26.29	29.01	26.04	29.01	12184346	680712256.00
2015/05/27	29.94	31.44	28.19	30.78	10790526	642902912.00
2015/05/28	29.94	31.89	27.70	27.70	9941173	603078784.00
2015/05/29	27.10	29.93	26.46	29.84	10693865	613623424.00
2015/06/01	30.31	32.43	29.44	31.39	7675987	479263456.00
2015/06/02	31.10	31.58	29.02	31.29	9593947	585321536.00
2015/06/03	30.69	31.26	28.95	29.39	10919524	650580928.00
2015/06/04	29.94	30.58	27.04	29.88	7392480	433753184.00
2015/06/05	30.44	30.94	27.44	28.97	9920089	588068608.00
2015/06/08	28.56	28.69	26.64	26.74	7944063	440533920.00
2015/06/09	26.69	27.63	25.34	25.94	8863279	463518816.00
2015/06/10	25.34	28.54	25.04	28.54	18591270	521286432.00
2015/06/11	29.31	30.91	27.94	30.81	23625060	704197760.00
2015/06/12	30.78	30.86	29.10	30.15	18751880	563710464.00
2015/06/15	30.16	30.42	27.13	27.16	22367987	631306496.00
2015/06/16	26.66	26.67	24.44	25.76	15894723	404065504.00
2015/06/17	25.06	26.62	23.77	25.81	12865109	324204224.00
2015/06/18	25.81	26.56	24.02	24.49	10431560	265864880.00
2015/06/19	23.96	24.43	22.04	22.04	13778960	310523104.00
2015/06/23	22.18	23.14	19.97	21.74	9935855	213606608.00
2015/06/24	22.21	23.36	21.96	23.16	12961212	296383456.00
2015/06/25	23.26	23.55	20.86	21.36	10626701	240477568.00
2015/06/26	20.46	20.46	19.22	19.22	9528720	188235536.00
2015/06/29	19.75	19.92	17.29	17.29	9086238	163740560.00
2015/06/30	15.57	19.02	15.56	18.96	24899029	422752608.00
2015/07/01	19.16	20.26	17.07	17.47	17866043	341981984.00
2015/07/02	17.73	18.26	15.72	15.72	17146919	278461312.00
2015/07/03	14.40	16.32	14.14	14.15	23272773	339446720.00
2015/07/06	15.26	15.56	12.73	12.96	35942656	478524384.00
2015/07/07	12.08	12.45	11.66	11.66	14411731	171472800.00
2015/07/08	10.49	12.56	10.49	11.76	80959870	862947968.00
2015/07/09	10.58	12.94	10.58	12.94	38318794	474987648.00
2015/07/10	14.15	14.24	13.98	14.24	31126213	444097824.00
2015/07/13	14.96	15.67	14.74	15.67	31400514	484679648.00
2015/07/14	16.27	17.24	15.57	16.46	41442151	691371712.00
2015/07/15	15.84	16.06	14.81	14.81	26789504	405557184.00
2015/07/16	13.96	16.23	13.33	15.49	25334793	381352416.00
2015/07/17	15.81	17.04	15.51	17.04	23924624	399218880.00
2015/07/20	18.44	18.75	17.41	18.75	27535300	512447904.00
2015/07/21	18.66	20.53	17.96	19.26	27588636	543063616.00
2015/07/22	18.96	20.81	18.49	20.66	29286774	584403200.00
2015/07/23	20.76	21.75	19.61	21.31	33839734	694917248.00
2015/07/24	20.88	21.86	19.60	20.08	26335007	551395648.00
2015/07/27	19.81	20.95	18.07	18.07	26967411	532362400.00
2015/07/28	16.27	19.64	16.26	17.41	30883096	534890688.00
2015/07/29	18.01	19.16	16.72	19.16	22566945	401594912.00
2015/07/30	19.21	20.59	18.96	19.04	30176603	604588544.00
2015/07/31	18.66	19.76	17.13	18.65	17450330	330156544.00
2015/08/03	17.96	18.30	16.78	16.78	18412500	314964640.00
2015/08/04	16.36	18.26	15.52	18.24	32109368	543130432.00
2015/08/05	18.11	18.51	16.96	17.42	24727654	442692512.00
2015/08/06	16.96	17.84	16.56	17.33	13263372	230830464.00
2015/08/07	18.06	19.07	17.60	19.07	25552466	470299072.00
2015/08/10	19.61	20.92	19.10	20.21	30791445	614106944.00
2015/08/11	20.18	21.15	19.92	20.57	27198806	562200256.00
2015/08/12	20.44	21.13	19.99	20.16	23053623	475014528.00
2015/08/20	20.96	21.76	19.96	20.21	30476283	639699328.00
2015/08/21	19.17	19.61	18.19	18.19	23875700	442191808.00
2015/08/24	16.56	16.90	16.37	16.37	3898652	64226340.00
2015/08/25	14.73	14.73	14.73	14.73	1994000	29451380.00
2015/08/26	13.26	15.26	13.25	13.25	37739130	518130752.00
2015/08/27	13.36	13.84	11.96	12.83	22519830	292376160.00
2015/08/28	13.26	14.12	13.03	14.12	22202791	304145568.00
2015/08/31	14.12	14.56	12.96	12.96	20994769	295717120.00
2015/09/01	12.94	12.94	11.66	11.66	17068550	201603712.00
2015/09/02	10.49	11.96	10.49	10.49	24010980	259921648.00
2015/09/07	10.62	11.47	10.62	11.11	20712995	230835024.00
2015/09/08	10.63	12.15	10.63	11.96	14852301	167469568.00
2015/09/09	12.25	13.16	12.25	13.16	22217111	290778208.00
2015/09/10	13.45	14.48	13.14	14.48	30897674	436807296.00
2015/09/11	14.86	14.91	13.72	14.12	30668019	435033920.00
2015/09/14	12.70	12.70	12.70	12.70	2926900	37288704.00
2015/09/15	11.43	11.43	11.43	11.43	902200	10348234.00
2015/09/16	10.28	12.58	10.28	12.58	85249622	926511168.00
2015/09/17	11.97	13.32	11.37	11.79	75595470	919924480.00
2015/09/18	11.46	12.08	11.46	11.79	32651914	385151360.00
2015/09/21	11.61	12.94	11.48	12.92	30771461	383654304.00
2015/09/22	12.85	13.11	12.26	12.57	30382305	386057632.00
2015/09/23	12.26	13.60	12.01	13.15	31528998	407593088.00
2015/09/24	14.47	14.47	14.33	14.47	36114385	523788384.00
2015/09/25	14.34	14.89	13.58	13.85	50083705	719708992.00
2015/09/28	13.91	14.68	13.16	14.40	25452279	358110464.00
2015/09/29	14.06	14.96	13.74	14.54	25748782	372857280.00
2015/09/30	14.95	15.14	14.37	14.77	25520720	377892064.00
2015/10/08	15.36	16.12	14.96	15.19	29504067	455534912.00
2015/10/09	15.01	15.94	14.98	15.70	21334804	334782656.00
2015/10/12	15.70	16.81	15.11	15.34	52303803	837574464.00
2015/10/13	14.96	16.39	14.93	16.06	39550673	630673472.00
2015/10/14	16.36	16.83	16.07	16.23	32910650	543565760.00
2015/10/15	16.23	17.86	15.96	17.86	33217444	565178816.00
2015/10/16	17.96	19.61	17.07	18.76	51758495	931839744.00
2015/10/19	18.76	19.07	17.88	18.12	32404194	597670976.00
2015/10/20	18.12	19.04	17.96	18.44	27689743	514916256.00
2015/10/21	18.26	19.35	16.59	16.59	42572824	765256512.00
2015/10/22	16.21	17.33	15.91	17.27	31251480	526740832.00
2015/10/23	17.26	18.25	16.66	17.94	31357064	543374912.00
2015/10/26	18.34	19.74	17.66	19.36	46176241	867513664.00
2015/10/27	18.86	19.43	17.42	18.95	47477369	878317312.00
2015/10/28	18.54	19.76	18.34	18.46	32072890	608286336.00
2015/10/29	18.69	18.76	17.46	17.82	22594835	408683328.00
2015/10/30	18.27	18.45	17.47	17.92	25453585	459383840.00
2015/11/02	16.96	17.66	16.42	16.67	25928442	445472768.00
2015/11/03	16.95	17.54	16.53	16.79	21453319	365501600.00
2015/11/04	16.86	18.08	16.86	17.97	30018643	525887712.00
2015/11/05	18.26	18.48	17.34	17.55	29252528	524069408.00
2015/11/06	17.55	17.94	17.46	17.81	30352771	539548736.00
2015/11/09	17.78	18.96	17.68	18.54	40259587	731744640.00
2015/11/10	18.38	18.92	17.70	18.82	42213278	776142912.00
2015/11/11	18.86	19.36	18.49	19.06	33097092	630157760.00
2015/11/12	19.08	20.11	18.96	19.50	38090239	744638976.00
2015/11/13	19.06	19.32	18.17	18.26	28331059	528083840.00
2015/11/16	17.74	18.41	17.59	18.34	19761962	356962816.00
2015/11/17	18.51	19.05	17.95	18.13	37070443	687761984.00
2015/11/18	18.26	18.26	16.98	17.13	27879900	491406528.00
2015/11/19	17.06	17.49	16.76	17.38	23248162	399864096.00
2015/11/20	17.37	18.10	17.16	17.63	20382728	361978496.00
2015/11/23	17.76	18.07	17.24	17.43	20891705	370902496.00
2015/11/24	17.43	17.62	16.66	17.57	24858751	426322944.00
2015/11/25	17.73	18.16	17.57	18.15	29528173	529169088.00
2015/11/26	18.43	18.95	18.02	18.21	37965414	703128640.00
2015/11/27	18.36	18.36	16.39	16.55	43841008	767002944.00
2015/11/30	16.41	16.64	14.89	15.97	25925483	409607744.00
2015/12/01	15.86	16.13	15.27	15.50	20848062	330766848.00
2015/12/02	15.71	15.71	13.97	14.67	21213024	315386848.00
2015/12/03	14.51	15.20	14.19	15.11	21060636	314500384.00
2015/12/04	14.98	15.86	14.76	15.26	26480052	403710752.00
2015/12/07	15.15	15.54	14.88	15.39	17819382	272952832.00
2015/12/08	15.24	15.26	14.88	14.98	16578442	250120848.00
2015/12/09	14.97	14.97	14.43	14.48	16581163	243844432.00
2015/12/10	14.52	15.04	14.34	14.72	19143147	280929120.00
2015/12/11	14.56	14.59	14.16	14.21	12294992	176636128.00
2015/12/14	13.97	14.66	13.95	14.59	12362949	177642384.00
2015/12/15	14.96	16.05	14.85	15.36	28692838	447276032.00
2015/12/16	15.54	15.65	15.26	15.28	15414354	238891056.00
2015/12/17	15.41	15.83	15.38	15.58	24278395	378840192.00
2015/12/18	15.58	16.31	15.54	16.06	27312994	436389120.00
2015/12/21	15.96	16.32	15.76	16.08	16658323	267546832.00
2015/12/22	16.14	16.89	15.85	16.70	20981429	342768544.00
2015/12/23	16.46	17.75	16.44	16.92	30745608	529722816.00
2015/12/24	16.95	17.52	16.56	17.14	25557032	440200320.00
2015/12/25	17.18	17.75	17.16	17.31	21087868	368564704.00
2015/12/28	17.43	17.50	16.14	16.16	23776303	399303872.00
2015/12/29	15.96	16.38	15.95	16.12	11988472	193559104.00
2015/12/30	16.26	17.03	16.16	16.87	19740929	331090656.00
2015/12/31	16.88	17.04	16.36	16.56	13711623	229569136.00
2016/01/04	16.91	16.91	14.90	14.92	19398953	313218176.00
2016/01/05	14.21	15.94	14.21	15.51	27130225	415310624.00
2016/01/06	15.61	16.06	15.26	15.91	18270003	287837888.00
2016/01/07	15.64	15.66	14.32	14.32	4345600	64778620.00
2016/01/08	14.76	14.96	12.94	14.05	18454821	264316800.00
2016/01/11	13.73	13.75	12.64	12.64	19769584	259407152.00
2016/01/12	12.79	12.91	11.96	12.46	14936920	186578848.00
2016/01/13	12.66	13.05	12.36	12.47	14988905	191848960.00
2016/01/14	11.87	13.18	11.56	13.11	11146902	141314656.00
2016/01/15	12.96	13.41	12.86	13.11	14416640	189084672.00
2016/01/18	12.96	13.38	12.71	13.21	11919543	156920560.00
2016/01/19	13.06	13.66	12.67	13.59	15949998	211586208.00
2016/01/20	13.46	13.83	12.95	13.17	15791673	211602784.00
2016/01/21	12.58	13.40	12.58	12.66	13924458	181962240.00
2016/01/22	12.82	13.05	12.10	12.56	9382459	117949104.00
2016/01/25	12.67	12.86	12.46	12.67	5894672	75096000.00
2016/01/26	12.48	12.66	11.40	11.40	11454100	136037696.00
2016/01/27	11.44	11.46	10.28	11.32	14285954	153837328.00
2016/01/28	11.31	11.35	10.29	10.56	11400701	125512264.00
2016/01/29	10.78	11.62	10.69	11.62	18315534	208319744.00
2016/02/01	11.50	12.01	11.36	11.72	12504135	145787456.00
2016/02/02	11.74	12.74	11.74	12.38	13566532	167945472.00
2016/02/03	12.25	12.64	11.96	12.54	8933156	110162432.00
2016/02/04	12.46	13.21	12.46	12.71	9792426	125675200.00
2016/02/05	12.65	12.96	12.46	12.61	6255489	79771688.00
2016/02/15	12.05	12.93	11.89	12.75	5590099	70267656.00
2016/02/16	12.86	13.93	12.76	13.71	14275228	193004096.00
2016/02/17	13.71	14.53	13.37	14.21	14653728	208622272.00
2016/02/18	14.24	14.45	13.86	14.00	12260948	173702304.00
2016/02/19	13.86	14.16	13.78	13.94	7632869	106865616.00
2016/02/22	14.06	14.54	14.06	14.43	12874845	185331584.00
2016/02/23	14.46	14.61	13.83	14.05	7815187	111050280.00
2016/02/24	14.05	14.18	13.34	13.68	7965675	109400232.00
2016/02/25	13.99	13.99	12.31	12.74	12356248	162682848.00
2016/02/26	12.78	13.07	12.26	12.59	9783823	124510488.00
2016/02/29	12.62	12.62	11.33	11.59	11433993	133001496.00
2016/03/01	11.59	12.32	11.46	12.14	7166959	85275152.00
2016/03/02	12.08	13.09	11.97	13.00	11540930	145226320.00
2016/03/03	13.00	13.35	12.76	12.78	9399934	123514600.00
2016/03/04	12.95	12.95	11.73	11.89	11932737	146356640.00
2016/03/07	12.04	12.44	11.94	12.11	6981802	85635856.00
2016/03/08	12.14	12.64	11.48	12.60	9339825	113408520.00
2016/03/09	12.19	12.57	12.09	12.16	5089180	62745260.00
2016/03/10	12.18	12.38	11.78	11.82	5010680	60553468.00
2016/03/11	11.82	11.93	11.51	11.77	6564259	77009880.00
2016/03/14	11.89	12.54	11.89	12.39	8695837	107544648.00
2016/03/15	12.39	12.45	11.96	12.15	6606252	80435192.00
2016/03/16	12.47	12.55	11.80	12.16	5863780	71097368.00
2016/03/17	12.11	12.66	11.94	12.64	15074405	187258288.00
2016/03/18	12.64	13.50	12.44	13.16	17748880	232071872.00
2016/03/21	13.56	14.47	13.36	13.81	20563973	284896064.00
2016/03/22	13.59	14.82	13.47	14.55	23659042	341147264.00
2016/03/23	14.48	14.65	14.01	14.52	14485214	207176336.00
2016/03/24	14.17	15.36	14.06	14.42	16329348	241766368.00
2016/03/25	14.45	14.78	14.21	14.52	10291257	149389696.00
2016/03/28	14.52	14.79	13.77	13.98	13235928	191029040.00
2016/03/29	13.96	14.16	13.17	13.50	9530428	129840432.00
2016/03/30	13.73	14.21	13.46	14.12	10561427	146819632.00
2016/03/31	14.11	14.41	13.96	14.02	9134779	129854088.00
2016/04/01	14.08	14.14	13.34	13.62	10324185	141419984.00
2016/04/05	13.64	14.46	13.62	14.46	17847345	251647968.00
2016/04/06	14.26	15.33	14.21	14.80	20306933	303065792.00
2016/04/07	14.86	14.91	14.37	14.41	11256462	163962080.00
2016/04/08	14.56	15.26	14.38	14.82	21778921	324039584.00
2016/04/11	14.75	15.32	14.63	15.24	18762928	283092448.00
2016/04/12	15.28	15.28	14.54	14.76	11388540	169451008.00
2016/04/13	14.82	15.14	14.66	14.68	10175053	152527264.00
2016/04/14	14.74	15.04	14.74	14.95	11439843	170968112.00
2016/04/15	14.93	15.05	14.66	14.86	7708019	114943680.00
2016/04/18	14.96	14.96	14.23	14.36	9388497	136179488.00
2016/04/19	14.46	14.58	14.02	14.34	8537199	121946656.00
2016/04/20	14.34	14.43	13.16	13.56	11216517	153985408.00
2016/04/21	13.55	13.55	12.96	13.02	10679305	141908656.00
2016/04/22	12.93	13.15	12.70	13.12	8806284	114631784.00
2016/04/25	13.03	13.42	12.60	13.40	10354467	135483264.00
2016/04/26	13.17	13.84	13.14	13.83	10595552	144871648.00
2016/04/27	13.77	14.69	13.73	14.51	16624284	239198528.00
2016/04/28	14.46	14.66	13.95	14.29	9814380	141061632.00
2016/04/29	14.34	14.63	14.27	14.38	6579555	95233608.00
2016/05/03	14.38	14.76	14.16	14.61	9152057	133426432.00
2016/05/04	14.64	15.23	14.56	14.96	13618370	205026016.00
2016/05/05	14.86	15.01	14.64	14.77	8308353	123233144.00
2016/05/06	14.78	14.95	13.88	14.11	14064457	202650944.00
2016/05/09	13.85	14.06	13.31	13.36	7776644	106675600.00
2016/05/10	13.47	13.84	13.46	13.76	5125935	70300912.00
2016/05/11	13.86	13.95	13.46	13.87	4275013	58822676.00
2016/05/12	13.66	14.20	13.17	14.20	5942790	82522968.00
2016/05/13	14.24	14.55	13.99	14.26	5617460	80571152.00
2016/05/16	14.26	15.20	14.02	15.18	12728410	187838816.00
2016/05/17	15.14	15.35	14.81	14.83	10405657	156634176.00
2016/05/18	14.76	14.81	13.76	13.90	13445578	190275008.00
2016/05/19	13.91	14.41	13.85	14.02	5917148	84012432.00
2016/05/20	13.89	14.46	13.86	14.39	6681467	95690040.00
2016/05/23	14.39	15.61	14.39	15.20	23171509	352257536.00
2016/05/24	15.15	15.16	14.57	14.76	15240078	225977504.00
2016/05/25	14.91	15.17	14.67	14.96	14963827	224384608.00
2016/05/26	14.91	15.06	14.42	14.91	11544241	170414992.00
2016/05/27	14.86	15.04	14.63	14.65	8841474	131717720.00
2016/05/30	14.47	14.62	14.19	14.29	6995444	101107648.00
2016/05/31	14.29	14.96	14.29	14.85	13494823	199425408.00
2016/06/01	14.88	15.46	14.74	15.21	22313426	336946016.00
2016/06/02	15.10	15.24	14.86	15.06	12074078	181742608.00
2016/06/03	15.08	15.70	15.08	15.51	23580085	364997376.00
2016/06/06	15.73	15.85	15.22	15.44	12599368	194448640.00
2016/06/07	15.45	15.49	15.17	15.47	10397336	159796176.00
2016/06/08	15.55	16.23	15.49	16.02	25549766	408817184.00
2016/06/13	15.75	16.35	15.28	15.32	23836625	378281664.00
2016/06/14	15.16	16.79	14.98	16.55	30443914	487114560.00
2016/06/15	16.18	17.26	16.13	16.93	27964982	470623776.00
2016/06/16	16.76	17.20	16.46	16.64	18124660	304294528.00
2016/06/17	16.59	17.06	16.41	16.55	15848577	266198432.00
2016/06/20	16.54	16.72	16.04	16.50	12816821	210681552.00
2016/06/21	16.56	17.14	16.26	16.47	14642883	245940592.00
2016/06/22	16.32	17.06	16.32	16.97	13185169	222067872.00
2016/06/23	16.96	17.42	16.60	16.86	14309136	245226880.00
2016/06/24	16.96	17.33	16.26	17.12	17949361	306461664.00
2016/06/27	16.85	17.85	16.75	17.81	15586879	272488160.00
2016/06/28	17.56	18.06	17.36	17.82	13625638	241576832.00
2016/06/29	17.83	18.11	17.59	17.80	10105516	180243040.00
2016/06/30	17.83	18.12	17.31	18.01	13410484	238504688.00
2016/07/01	18.02	18.11	17.51	17.86	8576480	153284832.00
2016/07/04	17.56	18.22	17.54	18.06	11139196	200085104.00
2016/07/05	18.09	18.88	17.83	17.96	13123407	241326544.00
2016/07/06	17.96	18.19	17.57	18.09	10579540	189095008.00
2016/07/07	18.09	18.09	17.48	17.54	8816546	156474832.00
2016/07/08	17.48	17.83	17.34	17.45	5773029	101343328.00
2016/07/11	17.72	17.81	16.69	17.00	12769228	220805248.00
2016/07/12	17.10	17.38	16.36	16.97	16384776	274597920.00
2016/07/13	16.85	17.08	16.70	17.01	9845689	166718080.00
2016/07/14	16.98	17.08	16.80	17.02	4797943	81341504.00
2016/07/15	17.02	17.06	16.68	16.88	4008940	67481608.00
2016/07/18	17.08	17.35	16.79	17.16	6580579	112330032.00
2016/07/19	17.03	17.17	16.58	16.68	8654693	145078640.00
2016/07/20	16.69	16.78	16.28	16.30	6669660	110038680.00
2016/07/21	16.28	16.62	16.17	16.44	6595201	108500504.00
2016/07/22	16.46	16.93	16.39	16.69	7941740	132700552.00
2016/07/25	16.69	16.74	16.38	16.63	3641690	60262896.00
2016/07/26	16.62	17.21	16.55	17.17	10120309	171626560.00
2016/07/27	17.06	17.37	16.18	16.92	13272943	225435952.00
2016/07/28	16.58	16.97	16.46	16.69	6731372	112814568.00
2016/07/29	16.70	16.95	16.19	16.21	5397640	88784864.00
2016/08/01	16.21	16.21	15.17	15.43	6770876	104593744.00
2016/08/02	15.43	15.73	15.30	15.73	5317106	82305480.00
2016/08/03	15.56	15.66	15.36	15.59	2468064	38374692.00
2016/08/04	15.54	15.96	15.36	15.75	4152323	65043624.00
2016/08/05	15.75	16.01	15.59	15.86	2980167	47214600.00
2016/08/08	15.76	16.18	15.70	16.15	2773685	44386592.00
2016/08/09	16.15	16.40	16.03	16.23	3685338	60080860.00
2016/08/10	16.43	16.43	15.48	15.66	8346777	131588824.00
2016/08/11	15.56	15.75	15.53	15.54	2561381	40114700.00
2016/08/12	15.53	15.63	15.34	15.56	2381917	36973552.00
2016/08/15	15.62	16.23	15.59	16.03	5770979	92534576.00
2016/08/16	16.06	16.27	16.02	16.03	3258972	52596928.00
2016/08/17	16.03	16.38	15.95	16.23	4755475	77281504.00
2016/08/18	16.23	16.35	16.09	16.19	3325465	53972528.00
2016/08/19	16.18	16.23	16.07	16.17	2537578	40938188.00
2016/08/22	16.09	16.13	15.36	15.39	7364841	114642136.00
2016/08/23	15.55	15.56	15.24	15.47	4786886	73875344.00
2016/08/24	15.47	15.64	15.32	15.45	2320921	35871156.00
2016/08/25	15.36	15.38	14.89	14.98	7520682	113216616.00
2016/08/26	15.06	15.18	14.94	14.95	4208236	63233872.00
2016/08/29	14.95	15.27	14.80	15.13	4879441	73435576.00
2016/08/30	15.03	15.34	15.03	15.14	3178530	48490540.00
2016/08/31	15.24	15.27	14.92	15.14	3870754	58311968.00
2016/09/01	15.14	15.28	15.00	15.09	3174630	48215956.00
2016/09/02	15.07	15.22	14.81	15.20	5067932	76288672.00
2016/09/05	15.15	15.46	15.01	15.21	4477208	68703288.00
2016/09/06	15.27	15.58	15.18	15.55	4605346	70963072.00
2016/09/07	15.33	15.49	15.29	15.37	4977778	76804536.00
2016/09/08	15.37	15.63	15.28	15.63	3250510	50294332.00
2016/09/09	15.63	15.88	15.49	15.79	5917098	93081248.00
2016/09/12	15.48	15.78	15.23	15.78	5847702	90935696.00
2016/09/13	15.76	16.05	15.66	15.93	5058283	80535120.00
2016/09/14	15.78	15.93	15.62	15.71	3193751	50394888.00
2016/09/19	15.70	16.07	15.63	15.89	2803846	44591580.00
2016/09/20	15.89	15.99	15.46	15.99	4854173	76342624.00
2016/09/21	15.88	16.11	15.80	15.98	3780083	60483216.00
2016/09/22	16.02	16.18	15.93	15.94	3738046	60124996.00
2016/09/23	16.02	16.07	15.58	15.82	3753335	59207468.00
2016/09/26	15.78	15.78	15.30	15.47	3800175	59227440.00
2016/09/27	15.30	15.67	15.16	15.31	3967742	60719048.00
2016/09/28	15.50	15.69	15.20	15.67	4759759	73779736.00
2016/09/29	15.67	15.80	15.52	15.65	3411763	53445672.00
2016/09/30	15.50	15.72	15.50	15.69	2852417	44696556.00
2016/10/10	15.86	16.48	15.71	16.38	7127578	115047264.00
2016/10/11	16.37	16.91	16.26	16.73	6608092	110558768.00
2016/10/12	16.71	16.96	16.38	16.77	5137019	85671072.00
2016/10/13	16.79	16.98	16.68	16.82	4436306	74880952.00
2016/10/14	16.82	17.13	16.71	16.97	5832953	99345712.00
2016/10/17	17.08	17.08	16.53	16.87	5926216	99261288.00
2016/10/18	16.74	16.94	16.58	16.83	6184276	104027032.00
2016/10/19	16.71	17.23	16.71	16.79	5102789	86643440.00
2016/10/20	16.96	17.32	16.66	17.10	8050593	137973728.00
2016/10/21	17.07	17.43	17.01	17.34	5347511	92104016.00
2016/10/24	17.35	17.61	17.21	17.35	6660008	115923056.00
2016/10/25	17.50	17.68	17.07	17.19	7433619	128884128.00
2016/10/26	17.22	17.25	16.53	16.82	5251099	88515984.00
2016/10/27	16.82	17.16	16.64	16.77	6061577	102885192.00
2016/10/28	16.86	17.13	16.69	16.98	4819464	81995656.00
2016/10/31	16.80	16.98	16.58	16.92	2830340	47567352.00
2016/11/01	16.93	17.10	16.85	17.06	2682175	45689652.00
2016/11/02	17.16	17.16	16.69	16.88	4597958	77733112.00
2016/11/03	16.88	16.96	16.70	16.78	2425483	40892316.00
2016/11/04	16.78	17.05	16.55	16.75	4691364	78645344.00
2016/11/07	16.73	16.73	15.97	16.07	8575769	139502256.00
2016/11/08	16.22	16.30	15.89	16.06	5703011	91893272.00
2016/11/09	16.09	16.09	15.59	15.87	5250545	83516032.00
2016/11/10	16.08	16.22	15.89	15.95	3742546	60071408.00
2016/11/11	16.01	16.28	15.98	16.23	4185708	67578576.00
2016/11/14	16.08	16.47	16.08	16.12	4694992	76464416.00
2016/11/15	16.11	16.19	15.96	16.11	3044144	48935912.00
2016/11/16	16.14	16.38	16.11	16.26	5278470	86073648.00
2016/11/17	16.19	16.32	16.11	16.23	3498477	56748612.00
2016/11/18	16.25	16.47	16.14	16.44	4814914	78891584.00
2016/11/21	16.36	16.38	15.73	15.83	7437743	119306560.00
2016/11/22	15.88	15.98	15.36	15.63	9532869	149122192.00
2016/11/23	15.64	15.70	15.24	15.36	8996295	138352000.00
2016/11/24	15.28	15.47	15.20	15.38	4921387	75788272.00
2016/11/25	15.38	15.43	15.18	15.40	5561454	85213536.00
2016/11/28	15.41	15.68	15.34	15.61	5861559	91106528.00
2016/11/29	15.59	15.86	15.45	15.81	7225412	113875976.00
2016/11/30	15.78	16.08	15.59	15.98	8031565	127927784.00
2016/12/01	16.01	16.83	16.00	16.74	14569802	241047792.00
2016/12/02	16.83	16.83	15.89	16.00	7879737	128773512.00
2016/12/05	15.90	16.43	15.82	16.08	6808440	110169008.00
2016/12/06	16.18	16.43	16.00	16.27	5290039	86262040.00
2016/12/07	16.32	16.68	16.27	16.65	7907347	131250424.00
2016/12/08	16.68	16.74	16.49	16.64	6907010	114827240.00
2016/12/09	16.58	16.90	16.48	16.58	6970396	116850056.00
2016/12/12	16.58	16.66	15.86	15.91	6455130	104646848.00
2016/12/13	15.81	16.07	15.56	15.91	4807200	76347496.00
2016/12/14	15.91	16.14	15.59	16.01	4595162	73000936.00
2016/12/15	15.98	16.20	15.78	16.15	4758219	76402184.00
2016/12/16	16.16	16.22	15.74	15.88	4365276	69720760.00
2016/12/19	15.87	16.65	15.68	16.29	7987634	129432288.00
2016/12/20	16.04	16.45	16.04	16.33	6516555	106368040.00
2016/12/21	16.36	16.68	16.12	16.39	9532965	156474528.00
2016/12/22	16.25	16.38	15.91	15.94	7098389	114611792.00
2016/12/23	15.93	16.13	14.68	14.82	11094363	170690656.00
2016/12/26	14.83	14.88	13.99	14.73	8046899	116621872.00
2016/12/27	14.68	14.81	14.04	14.04	14005381	199553856.00
2016/12/28	14.08	14.17	13.55	13.66	17040009	234667456.00
2016/12/29	13.61	13.84	13.37	13.70	16324064	221400736.00
2016/12/30	13.66	13.82	13.48	13.56	15307662	208864528.00
2017/01/03	13.62	14.03	13.57	13.95	10886006	151426608.00
2017/01/04	13.89	14.68	13.85	14.54	14461469	208271792.00
2017/01/05	14.55	14.95	14.35	14.35	9687761	141823952.00
2017/01/06	14.23	14.52	14.09	14.42	5994212	86299312.00
2017/01/09	14.31	14.80	14.15	14.67	9244953	134594848.00
2017/01/10	14.67	14.86	14.51	14.61	4110653	60335328.00
2017/01/11	14.59	14.80	14.32	14.48	4314994	62890868.00
2017/01/12	14.44	14.63	14.34	14.40	2801921	40557440.00
2017/01/13	14.52	14.54	13.90	14.04	3999583	57155936.00
2017/01/16	14.06	14.13	12.75	13.46	6088539	83203456.00
2017/01/17	13.48	13.58	12.96	13.47	5252042	70172384.00
2017/01/18	13.47	13.47	12.66	12.90	16464503	212758000.00
2017/01/19	12.82	12.98	12.76	12.91	3379871	43572368.00
2017/01/20	12.91	13.47	12.83	13.02	5740328	75859616.00
2017/01/23	13.04	13.35	12.99	13.16	5372897	70832800.00
2017/01/24	13.09	13.22	12.96	12.97	4277473	55775628.00
2017/01/25	12.95	13.22	12.73	13.07	4760820	61807748.00
2017/01/26	13.08	13.24	13.02	13.13	4148231	54685280.00
2017/02/03	13.20	13.36	13.13	13.32	3352935	44641576.00
2017/02/06	13.46	13.66	13.33	13.56	5985415	81210512.00
2017/02/07	13.53	13.95	13.48	13.62	5488126	75462344.00
2017/02/08	13.62	13.71	13.43	13.60	3696898	50363352.00
2017/02/09	13.59	14.14	13.51	13.83	6225543	86341416.00
2017/02/10	13.83	13.95	13.55	13.71	6888517	94659448.00
2017/02/13	13.78	13.78	13.29	13.52	6553502	88458440.00
2017/02/14	13.53	13.53	13.04	13.16	7852240	103941168.00
2017/02/15	13.17	13.24	13.04	13.11	5916855	77808792.00
2017/02/16	13.10	13.21	13.02	13.15	5709870	75087216.00
2017/02/17	13.08	13.13	12.88	12.97	6395842	83305688.00
2017/02/20	12.98	13.03	12.78	12.88	6345243	81630792.00
2017/02/21	12.92	13.20	12.78	13.13	7862681	102666688.00
2017/02/22	13.16	13.16	12.93	12.98	6626659	86312984.00
2017/02/23	12.96	13.35	12.93	13.35	12907598	170620928.00
2017/02/24	13.37	13.40	13.14	13.25	10829308	143562896.00
2017/02/27	13.27	13.31	12.98	13.08	6226191	82029560.00
2017/02/28	13.06	13.45	13.05	13.43	8982098	119731408.00
2017/03/01	13.40	14.28	13.40	13.96	19304947	269256096.00
2017/03/02	13.86	14.33	13.73	14.01	12351569	173136640.00
2017/03/03	14.06	14.58	13.89	14.58	15942352	228716144.00
2017/03/06	14.78	14.78	14.38	14.57	11267052	164749888.00
2017/03/07	14.60	15.17	14.54	14.88	14699658	218522096.00
2017/03/08	14.84	15.03	14.69	14.95	8752476	130591784.00
2017/03/09	14.93	14.94	14.46	14.68	9239258	135826208.00
2017/03/10	14.63	14.94	14.39	14.48	6122703	89821984.00
2017/03/13	14.71	14.83	14.45	14.78	6348258	93456264.00
2017/03/14	14.86	14.86	14.50	14.74	6006109	88358608.00
2017/03/15	14.73	14.78	14.48	14.52	4577779	66846520.00
2017/03/16	14.52	14.73	14.48	14.59	4943548	72222688.00
2017/03/17	14.66	15.18	14.52	14.74	6980538	103942016.00
2017/03/20	14.75	15.28	14.68	15.17	8694596	131060000.00
2017/03/21	15.17	15.18	14.75	14.87	6278041	94050064.00
2017/03/22	14.86	14.96	14.43	14.45	7831092	115283448.00
2017/03/23	14.68	14.68	14.25	14.58	5861645	84880472.00
2017/03/24	14.53	14.73	14.28	14.68	5731944	83395632.00
2017/03/27	14.67	14.67	14.26	14.54	8300302	119527016.00
2017/03/28	14.59	15.16	14.31	15.08	16034186	238634336.00
2017/03/29	15.08	15.25	14.88	15.12	10324995	156001872.00
2017/03/30	15.05	15.18	14.63	14.94	15856060	235413024.00
2017/03/31	15.09	15.09	14.73	14.83	5636863	83729384.00
2017/04/05	14.65	15.59	14.65	15.58	12322029	188188016.00
2017/04/06	15.47	16.12	15.37	15.73	14397959	229152800.00
2017/04/07	15.62	15.96	15.48	15.83	12877322	203371312.00
2017/04/10	15.71	15.92	15.47	15.73	7967299	125278824.00
2017/04/11	15.50	15.72	15.00	15.65	15339226	235814016.00
2017/04/12	15.48	15.97	15.43	15.63	8015892	126494704.00
2017/04/13	15.58	15.81	15.24	15.45	4555073	70866264.00
2017/04/14	15.48	15.64	15.17	15.25	4904335	75246360.00
2017/04/17	15.18	15.37	14.71	14.88	6872247	103172464.00
2017/04/18	14.98	15.13	14.58	14.71	6465667	95911216.00
2017/04/19	14.74	14.83	13.75	14.72	10167370	146204624.00
2017/04/20	14.76	14.76	14.23	14.56	6076554	87787832.00
2017/04/21	14.58	14.71	14.32	14.63	5483443	79595960.00
2017/04/24	14.63	14.77	14.19	14.21	5917624	85306960.00
2017/04/25	14.08	14.72	13.93	14.72	9290399	133247072.00
2017/04/26	14.68	14.93	14.48	14.73	7086730	104901872.00
2017/04/27	14.82	14.90	14.53	14.87	4994042	73809896.00
2017/04/28	15.23	15.23	14.86	14.99	6280734	94134104.00
2017/05/02	14.98	15.18	14.73	15.08	4281515	64461480.00
2017/05/03	15.23	15.75	15.14	15.63	11389439	177401456.00
2017/05/04	15.48	15.71	15.28	15.41	7360142	114563760.00
2017/05/05	15.48	15.48	14.61	15.08	12100588	181652208.00
2017/05/08	14.98	15.06	14.51	14.92	6337088	93696632.00
2017/05/09	14.78	15.16	14.78	15.09	6201366	92929848.00
2017/05/10	15.09	15.21	14.88	15.05	4563154	68645840.00
2017/05/11	15.07	15.07	14.58	15.06	7924849	117441456.00
2017/05/12	15.12	15.57	14.98	15.25	12471474	190447776.00
2017/05/15	15.15	15.98	15.08	15.57	7412091	114854464.00
2017/05/16	15.88	15.99	15.48	15.94	12132883	192170416.00
2017/05/17	15.83	16.48	15.83	16.15	8970647	144530784.00
2017/05/18	16.08	16.37	15.83	15.83	7749045	124766992.00
2017/05/19	15.77	16.26	15.57	15.83	8455243	134607552.00
2017/05/22	15.83	16.18	15.76	15.98	12853700	206067168.00
2017/05/23	15.95	16.25	15.74	15.97	9817453	157214896.00
2017/05/24	15.75	15.96	15.53	15.93	9459713	149449376.00
2017/05/25	15.92	16.11	15.77	15.93	8853663	141625744.00
2017/05/26	15.86	15.91	15.58	15.78	4683666	73786184.00
2017/05/31	15.77	15.83	15.08	15.08	7158996	110270952.00
2017/06/01	15.07	15.08	14.38	14.41	9105000	132994384.00
2017/06/02	14.33	14.68	14.19	14.57	3688100	53309844.00
2017/06/05	14.58	14.82	14.42	14.64	3949400	57735868.00
2017/06/06	14.64	14.76	14.36	14.45	2868000	41698708.00
2017/06/07	14.46	14.72	14.41	14.69	4498400	65744792.00
2017/06/08	14.68	14.68	14.29	14.35	4563200	65947040.00
2017/06/09	14.16	14.40	14.13	14.26	5192500	74108752.00
2017/06/12	14.35	14.38	14.22	14.27	5869419	83956152.00
2017/06/13	14.37	14.37	14.17	14.23	6041036	86220976.00
2017/06/14	14.20	14.32	14.11	14.16	5238066	74346096.00
2017/06/15	14.20	14.20	14.09	14.09	4630554	65470448.00
2017/06/16	14.14	14.14	13.67	13.80	4410204	60976016.00
2017/06/19	13.78	14.04	13.68	13.98	5877100	81300640.00
2017/06/20	14.01	14.35	13.95	14.15	5447615	77394368.00
2017/06/21	14.15	14.26	13.84	13.93	3371900	47147040.00
2017/06/22	13.97	13.97	13.40	13.40	4761100	65124180.00
2017/06/23	13.53	13.57	13.08	13.34	4179600	55635380.00
2017/06/26	13.19	13.40	12.68	13.40	13990100	181238912.00
2017/06/27	13.18	13.28	13.00	13.13	6252900	81938400.00
2017/06/28	13.10	13.10	12.85	12.92	3816860	49374524.00
2017/06/29	12.92	13.32	12.91	13.16	6072200	79849176.00
2017/06/30	13.10	13.26	13.06	13.24	3526700	46500272.00
2017/07/03	13.30	13.32	13.11	13.32	3227700	42636204.00
2017/07/04	13.29	13.29	13.01	13.15	3090200	40703580.00
2017/07/05	13.15	13.20	13.09	13.20	2381200	31329310.00
2017/07/06	13.27	13.27	13.09	13.22	3399700	44882336.00
2017/07/07	13.16	13.26	13.12	13.23	2585500	34205068.00
2017/07/10	13.28	13.28	13.08	13.26	3155000	41637388.00
2017/07/11	13.05	13.25	12.70	12.95	11512700	148429792.00
2017/07/12	12.89	12.96	12.76	12.90	3318000	42568476.00
2017/07/13	12.84	13.10	12.82	13.07	5419400	70543152.00
2017/07/14	13.21	13.21	12.68	12.90	8949200	114920856.00
2017/07/17	12.70	12.81	11.89	12.49	8833400	109799040.00
2017/07/18	12.26	12.57	12.00	12.57	6775000	83259128.00
2017/07/19	12.35	12.46	12.18	12.36	5435300	66761424.00
2017/07/20	12.22	12.44	12.16	12.27	6214800	76291192.00
2017/07/21	12.13	12.25	11.90	12.25	8262446	100081928.00
2017/07/24	12.25	12.25	11.98	12.05	5570900	67177880.00
2017/07/25	12.09	12.09	11.68	11.78	12045600	142324272.00
2017/07/26	11.71	11.77	11.21	11.45	15129100	173753424.00
2017/07/27	11.45	11.73	11.15	11.71	15219300	174908112.00
2017/07/28	11.65	11.84	11.48	11.68	12529900	145983968.00
2017/07/31	11.74	11.79	11.56	11.57	7347200	85648400.00
2017/08/01	11.58	11.64	11.28	11.44	11473000	130687792.00
2017/08/02	11.49	11.55	11.33	11.49	6275200	71802928.00
2017/08/03	11.67	11.68	11.36	11.65	8182500	94578128.00
2017/08/04	11.80	12.15	11.67	12.13	17505400	209147568.00
2017/08/07	12.75	12.75	12.21	12.54	20888300	261564816.00
2017/08/08	12.63	12.63	12.13	12.25	16433700	201151360.00
2017/08/09	12.27	12.34	12.08	12.19	10519400	127851432.00
2017/08/10	12.27	12.55	12.15	12.30	19498400	240200032.00
2017/08/11	12.30	12.38	12.15	12.16	15454300	189661952.00
2017/08/14	12.25	12.58	12.16	12.50	20624300	256037168.00
2017/08/15	12.52	12.89	12.46	12.89	20813400	263747216.00
数据来源:通达信
