300136 信维通信 日线 前复权
      日期	    开盘	    最高	    最低	    收盘	    成交量	    成交额
2010/11/05	3.28	3.95	3.24	3.91	11664457	556599040.00
2010/11/08	3.84	4.31	3.80	4.31	4109310	221358688.00
2010/11/09	4.31	4.66	4.08	4.25	4804861	277871456.00
2010/11/10	4.40	4.62	4.35	4.47	2456823	145157856.00
2010/11/11	4.43	4.68	4.43	4.58	1599830	96860736.00
2010/11/12	4.50	4.61	4.17	4.47	1943376	114141544.00
2010/11/15	4.47	4.78	4.35	4.72	1739397	104930944.00
2010/11/16	4.70	4.86	4.31	4.39	1864203	111789056.00
2010/11/17	4.28	4.37	4.15	4.17	1325283	74222104.00
2010/11/18	4.27	4.39	4.10	4.31	964948	54360156.00
2010/11/19	4.31	4.66	4.23	4.60	1533073	90646136.00
2010/11/22	4.56	5.04	4.56	4.89	1463874	93960384.00
2010/11/23	4.79	5.07	4.78	5.04	1115786	72677504.00
2010/11/24	4.95	5.11	4.95	5.04	630021	41690844.00
2010/11/25	5.00	5.09	4.82	4.94	683699	44411036.00
2010/11/26	4.86	5.01	4.82	4.91	622488	40105364.00
2010/11/29	4.93	4.93	4.77	4.91	686545	43833388.00
2010/11/30	4.91	5.05	4.55	4.96	993020	63378328.00
2010/12/01	4.96	5.00	4.78	4.78	561225	35771804.00
2010/12/02	4.80	4.86	4.56	4.59	729072	44898440.00
2010/12/03	4.58	4.70	4.51	4.57	465038	28036256.00
2010/12/06	4.58	4.62	4.32	4.49	536881	31613798.00
2010/12/07	4.48	4.63	4.33	4.60	319609	19069742.00
2010/12/08	4.60	4.64	4.37	4.39	444293	26215790.00
2010/12/09	4.41	4.44	4.32	4.37	608224	35204200.00
2010/12/10	4.35	4.49	4.34	4.46	340800	19909636.00
2010/12/13	4.54	4.84	4.48	4.75	659728	41036388.00
2010/12/14	4.75	4.98	4.74	4.89	670979	43197236.00
2010/12/15	4.88	4.88	4.75	4.82	419869	26575166.00
2010/12/16	4.82	4.98	4.79	4.93	410112	26526554.00
2010/12/17	4.93	5.29	4.87	5.29	603930	40448220.00
2010/12/20	5.25	5.62	5.21	5.34	768195	54529068.00
2010/12/21	5.34	5.48	5.27	5.31	389018	27315944.00
2010/12/22	5.25	5.31	5.09	5.12	442013	30099402.00
2010/12/23	5.10	5.21	4.90	4.93	294375	19675228.00
2010/12/24	4.93	5.15	4.79	4.83	361485	23539498.00
2010/12/27	4.98	5.00	4.47	4.49	425967	26511572.00
2010/12/28	4.49	4.58	4.30	4.50	778204	45042256.00
2010/12/29	4.50	4.70	4.43	4.65	462554	28174374.00
2010/12/30	4.69	4.90	4.66	4.82	560236	35240000.00
2010/12/31	4.82	5.24	4.63	5.15	644102	42814640.00
2011/01/04	5.24	5.60	5.17	5.41	1062234	75406872.00
2011/01/05	5.42	5.52	5.25	5.32	439077	30924878.00
2011/01/06	5.25	5.80	5.25	5.64	554023	40305224.00
2011/01/07	5.50	5.79	5.21	5.25	605854	42914452.00
2011/01/10	5.25	5.32	4.79	4.93	1050810	69661944.00
2011/01/11	4.93	5.04	4.79	4.96	335969	21670942.00
2011/01/12	4.97	5.18	4.86	5.00	359853	23874140.00
2011/01/13	4.97	5.09	4.93	4.98	188237	12389274.00
2011/01/14	5.00	5.00	4.69	4.76	460415	28911134.00
2011/01/17	4.71	4.82	4.54	4.60	326487	19950946.00
2011/01/18	4.51	4.81	4.51	4.77	464040	28848744.00
2011/01/19	4.77	4.86	4.62	4.86	288759	18185648.00
2011/01/20	4.80	4.97	4.62	4.71	371733	23686924.00
2011/01/21	4.65	4.70	4.54	4.66	460328	27980310.00
2011/01/24	4.62	4.69	4.18	4.18	1190410	67263536.00
2011/01/25	3.89	4.18	3.81	4.09	491983	25935486.00
2011/01/26	4.07	4.11	3.85	3.92	579582	30468626.00
2011/01/27	3.86	4.05	3.86	3.99	494820	26050804.00
2011/01/28	3.98	4.21	3.94	4.18	343101	18526660.00
2011/01/31	4.14	4.29	4.10	4.14	330914	18263394.00
2011/02/01	4.18	4.19	3.90	4.07	570399	30169310.00
2011/02/09	3.99	4.06	3.92	3.96	1608027	84990848.00
2011/02/10	3.92	4.27	3.90	4.26	883310	47551976.00
2011/02/11	4.23	4.48	4.22	4.45	801778	46734980.00
2011/02/14	4.45	4.56	4.36	4.39	627841	36940208.00
2011/02/15	4.39	4.43	4.35	4.42	450747	26197238.00
2011/02/16	4.47	4.82	4.45	4.79	710389	43453620.00
2011/02/17	4.74	4.82	4.62	4.70	421693	26233674.00
2011/02/18	4.70	4.73	4.59	4.71	519153	31710838.00
2011/02/21	4.65	4.90	4.65	4.80	646193	40860804.00
2011/02/22	4.81	4.81	4.53	4.58	571252	34782812.00
2011/02/23	4.58	4.68	4.48	4.54	838866	50638004.00
2011/02/24	4.54	4.64	4.47	4.57	355238	21241896.00
2011/02/25	4.55	4.58	4.43	4.50	318396	18879294.00
2011/02/28	4.45	4.50	4.28	4.50	775126	44657024.00
2011/03/01	4.49	4.49	4.37	4.41	249938	14597698.00
2011/03/02	4.39	4.43	4.28	4.36	286567	16447040.00
2011/03/03	4.32	4.38	4.12	4.23	634135	35244656.00
2011/03/04	4.21	4.23	3.92	4.20	906039	48705084.00
2011/03/07	4.17	4.34	4.12	4.29	844179	46647112.00
2011/03/08	4.30	4.39	4.23	4.36	494814	28404192.00
2011/03/09	4.35	4.38	4.31	4.32	263806	15155631.00
2011/03/10	4.32	4.43	4.23	4.38	257014	14784285.00
2011/03/11	4.36	4.43	4.32	4.37	322055	18624292.00
2011/03/14	4.37	4.39	4.28	4.34	224282	12840954.00
2011/03/15	4.39	4.39	4.15	4.18	309265	17235404.00
2011/03/16	4.15	4.19	4.05	4.11	467050	25390456.00
2011/03/17	4.12	4.15	4.06	4.14	252461	13735015.00
2011/03/18	4.15	4.31	4.14	4.31	253538	14240088.00
2011/03/21	4.28	4.35	4.24	4.33	202093	11488375.00
2011/03/22	4.33	4.54	4.25	4.47	575406	33690068.00
2011/03/23	4.47	4.54	4.37	4.49	487126	28709922.00
2011/03/24	4.50	4.50	4.43	4.47	273286	16069836.00
2011/03/25	4.47	4.50	4.39	4.45	487731	28774684.00
2011/03/29	4.39	4.44	3.99	3.99	740138	40091908.00
2011/03/30	3.94	4.04	3.84	3.87	354363	18490228.00
2011/03/31	3.87	3.96	3.83	3.86	310432	16007261.00
2011/04/01	3.92	3.92	3.69	3.83	442055	22235638.00
2011/04/06	3.79	3.82	3.65	3.68	300506	14831861.00
2011/04/07	3.71	3.75	3.67	3.71	392707	19337490.00
2011/04/08	3.72	3.93	3.71	3.92	646937	32981526.00
2011/04/11	3.92	3.92	3.72	3.75	541897	27344838.00
2011/04/12	3.73	3.79	3.69	3.75	137233	6857248.50
2011/04/13	3.81	3.81	3.73	3.79	156353	7852255.00
2011/04/14	3.79	3.80	3.75	3.78	117349	5879266.50
2011/04/15	3.78	3.79	3.52	3.66	346552	16783800.00
2011/04/19	3.63	3.63	3.44	3.58	558871	26239378.00
2011/04/20	3.53	3.64	3.53	3.61	192396	9199859.00
2011/04/21	3.58	3.64	3.58	3.60	141543	6774243.50
2011/04/22	3.61	3.64	3.53	3.60	233276	11127089.00
2011/04/25	3.59	3.60	3.43	3.44	288044	13393266.00
2011/04/26	3.44	3.50	3.38	3.39	242980	11120546.00
2011/04/27	3.39	3.43	3.29	3.36	268050	12060908.00
2011/04/28	3.37	3.49	3.35	3.43	392420	17931080.00
2011/04/29	3.45	3.48	3.33	3.48	351309	8013122.50
2011/05/03	3.44	3.47	3.28	3.41	547409	12146408.00
2011/05/04	3.38	3.39	3.32	3.37	292660	6495063.00
2011/05/05	3.36	3.47	3.34	3.43	302400	6860060.00
2011/05/06	3.42	3.47	3.35	3.46	362762	8197877.00
2011/05/09	3.46	3.50	3.40	3.45	136650	3129089.50
2011/05/10	3.44	3.45	3.40	3.43	161063	3661373.00
2011/05/11	3.43	3.46	3.40	3.44	288534	6584162.00
2011/05/12	3.42	3.42	3.29	3.29	574277	12654714.00
2011/05/13	3.25	3.31	3.21	3.30	323682	6999326.00
2011/05/16	3.31	3.31	3.21	3.21	210050	4529749.00
2011/05/17	3.19	3.25	3.19	3.23	131697	2822787.75
2011/05/18	3.20	3.34	3.20	3.33	371895	8125602.50
2011/05/19	3.33	3.43	3.32	3.40	479838	10778419.00
2011/05/20	3.43	3.43	3.32	3.36	190484	4246026.00
2011/05/23	3.32	3.33	3.13	3.15	232124	4943056.50
2011/05/24	3.10	3.30	2.96	3.22	1409661	28772920.00
2011/05/25	3.16	3.18	3.05	3.05	1475225	30349278.00
2011/05/26	3.11	3.15	3.06	3.10	607537	12540516.00
2011/05/27	3.16	3.16	3.04	3.11	454892	9351143.00
2011/05/30	3.05	3.32	3.03	3.13	772832	16348600.00
2011/05/31	3.21	3.22	2.99	3.12	616023	12585850.00
2011/06/01	3.15	3.25	3.14	3.18	633424	13338129.00
2011/06/02	3.08	3.15	2.97	3.13	768414	15583706.00
2011/06/03	3.07	3.20	3.07	3.17	455566	9527038.00
2011/06/07	3.13	3.20	3.08	3.13	378720	7876794.00
2011/06/08	3.06	3.11	3.00	3.05	473818	9582144.00
2011/06/09	3.07	3.08	2.93	2.94	459582	9157669.00
2011/06/10	2.93	2.95	2.82	2.86	708840	13554854.00
2011/06/13	2.83	2.93	2.79	2.87	339714	6490472.50
2011/06/14	2.89	2.91	2.85	2.89	1174198	22443712.00
2011/06/15	2.86	2.88	2.79	2.84	1185702	22279914.00
2011/06/16	2.80	2.82	2.77	2.78	257550	4797889.50
2011/06/17	2.78	2.80	2.72	2.73	236501	4371087.50
2011/06/20	2.75	2.75	2.67	2.68	296400	5355570.00
2011/06/21	2.67	2.72	2.50	2.55	949087	16291155.00
2011/06/22	2.57	2.57	2.50	2.53	633740	10730900.00
2011/06/23	2.48	2.67	2.48	2.66	1008274	17672342.00
2011/06/24	2.64	2.85	2.62	2.73	938817	17159552.00
2011/06/27	2.76	2.87	2.72	2.86	890108	16779552.00
2011/06/28	2.85	2.85	2.78	2.84	325146	6111077.50
2011/06/29	2.84	2.88	2.71	2.75	538332	10020301.00
2011/06/30	2.75	2.79	2.74	2.78	262850	4870763.50
2011/07/01	2.79	2.91	2.78	2.86	589161	11151897.00
2011/07/04	2.87	3.02	2.87	2.99	600805	11827288.00
2011/07/05	2.98	3.18	2.95	3.16	1659645	34399504.00
2011/07/06	3.15	3.33	3.08	3.27	897230	19224920.00
2011/07/07	3.22	3.47	3.22	3.45	1196707	26945528.00
2011/07/08	3.44	3.54	3.35	3.43	661376	15048870.00
2011/07/11	3.41	3.46	3.36	3.42	394499	8960724.00
2011/07/12	3.42	3.42	3.27	3.30	457503	10078502.00
2011/07/13	3.29	3.38	3.22	3.36	371900	8121980.50
2011/07/14	3.36	3.55	3.33	3.50	750636	17294460.00
2011/07/15	3.52	3.58	3.44	3.49	1074175	24949582.00
2011/07/18	3.49	3.56	3.44	3.48	1158745	26723608.00
2011/07/19	3.42	3.68	3.42	3.65	1627919	38591348.00
2011/07/20	3.65	3.91	3.65	3.90	1589022	40019284.00
2011/07/21	3.90	4.04	3.80	3.94	2149578	55919532.00
2011/07/22	3.88	4.02	3.76	3.83	2705622	68424696.00
2011/07/25	3.83	3.84	3.52	3.54	1202095	28949000.00
2011/07/26	3.48	3.71	3.48	3.62	1032611	24731290.00
2011/07/27	3.66	3.71	3.52	3.68	610553	14782771.00
2011/07/28	3.69	4.04	3.64	4.00	1094816	28085978.00
2011/07/29	3.96	4.24	3.96	4.02	1874618	51000100.00
2011/08/01	4.02	4.10	3.85	3.91	1073103	27613812.00
2011/08/02	3.90	3.91	3.71	3.83	735996	18236386.00
2011/08/03	3.79	3.94	3.72	3.85	579083	14796216.00
2011/08/04	3.83	3.86	3.77	3.85	358969	9024645.00
2011/08/05	3.65	3.87	3.64	3.77	303844	7559269.00
2011/08/08	3.69	3.82	3.49	3.80	803369	19434038.00
2011/08/09	3.73	4.07	3.65	4.06	1143355	29421436.00
2011/08/10	4.10	4.18	4.01	4.01	783521	21132498.00
2011/08/11	3.91	4.08	3.91	3.98	512229	13476459.00
2011/08/12	3.99	4.14	3.93	3.97	411416	10944931.00
2011/08/15	4.03	4.10	3.93	4.05	375180	9959355.00
2011/08/16	4.04	4.22	3.96	4.00	912700	24917920.00
2011/08/17	4.00	4.12	3.89	4.01	693580	18428170.00
2011/08/18	4.00	4.10	3.91	4.10	541331	14250020.00
2011/08/19	3.95	4.13	3.95	4.05	513352	13726326.00
2011/08/22	3.97	4.11	3.97	4.08	313233	8392467.00
2011/08/23	4.08	4.50	4.08	4.48	2077778	60456412.00
2011/08/24	4.47	4.47	4.25	4.32	900942	25965296.00
2011/08/25	4.32	4.36	4.21	4.27	737829	20677444.00
2011/08/26	4.27	4.41	4.24	4.38	671223	19005626.00
2011/08/29	4.38	4.39	4.18	4.20	735574	20722890.00
2011/08/30	4.21	4.27	3.94	3.99	945958	25338112.00
2011/08/31	3.97	3.97	3.74	3.74	1382807	34650876.00
2011/09/01	3.74	3.82	3.72	3.76	798315	19820110.00
2011/09/02	3.75	3.78	3.63	3.77	412695	10122721.00
2011/09/05	3.71	3.75	3.65	3.67	267041	6478188.50
2011/09/06	3.66	3.72	3.58	3.64	370531	8908414.00
2011/09/07	3.63	3.77	3.63	3.69	606419	14792015.00
2011/09/08	3.70	3.80	3.63	3.63	575617	14135190.00
2011/09/09	3.63	3.63	3.48	3.55	815469	19140174.00
2011/09/13	3.54	3.58	3.47	3.48	378484	8843651.00
2011/09/14	3.53	3.53	3.47	3.52	170755	3948975.00
2011/09/15	3.61	3.71	3.53	3.64	542636	13085874.00
2011/09/16	3.50	3.73	3.49	3.72	278228	6725399.00
2011/09/19	3.71	3.72	3.53	3.55	175318	4171324.50
2011/09/20	3.51	3.62	3.50	3.58	156266	3697956.00
2011/09/21	3.63	3.78	3.51	3.72	217237	5325367.00
2011/09/22	3.66	3.72	3.56	3.57	267000	6392827.00
2011/09/23	3.57	3.62	3.49	3.56	201585	4736241.00
2011/09/26	3.55	3.60	3.48	3.49	156842	3653794.00
2011/09/27	3.53	3.55	3.47	3.48	196923	4558919.00
2011/09/28	3.48	3.53	3.34	3.39	158255	3602235.25
2011/09/29	3.38	3.38	3.20	3.26	101901	2214964.25
2011/09/30	3.26	3.35	3.25	3.31	328569	7220886.00
2011/10/10	3.35	3.45	3.19	3.31	196979	4379654.00
2011/10/11	3.43	3.44	3.22	3.29	263923	5835505.00
2011/10/12	3.24	3.41	3.24	3.40	669431	14893377.00
2011/10/13	3.41	3.50	3.37	3.47	708092	16183838.00
2011/10/14	3.47	3.47	3.36	3.43	410248	9232436.00
2011/10/17	3.43	3.50	3.41	3.44	446584	10188918.00
2011/10/18	3.39	3.45	3.35	3.38	675644	15249567.00
2011/10/19	3.38	3.42	3.27	3.30	230595	5077007.50
2011/10/20	3.33	3.33	2.99	3.08	422342	8664882.00
2011/10/21	3.08	3.11	3.02	3.08	166755	3417311.25
2011/10/24	3.03	3.08	2.83	2.98	513175	10069708.00
2011/10/25	2.93	3.10	2.90	3.10	379416	7601088.00
2011/10/26	3.09	3.15	3.07	3.12	236301	4903385.00
2011/10/27	3.10	3.12	3.00	3.02	637220	13025547.00
2011/10/28	3.04	3.24	3.04	3.22	1511370	31552424.00
2011/10/31	3.20	3.41	3.20	3.39	1697747	37500908.00
2011/11/01	3.36	3.63	3.32	3.52	1697462	39555812.00
2011/11/02	3.47	3.67	3.38	3.67	1811853	42968220.00
2011/11/03	3.68	3.78	3.60	3.61	1761741	42481552.00
2011/11/04	3.57	3.66	3.50	3.60	1294415	30723820.00
2011/11/07	3.61	3.67	3.49	3.66	977363	23040656.00
2011/11/08	3.68	3.71	3.51	3.61	869687	20730572.00
2011/11/09	3.62	3.68	3.51	3.68	864972	20608702.00
2011/11/10	3.68	3.94	3.64	3.84	2216316	55984920.00
2011/11/11	3.83	4.08	3.82	3.97	2551267	66594816.00
2011/11/14	3.99	4.08	3.90	4.04	1523426	40096328.00
2011/11/15	4.04	4.18	3.98	4.15	1034798	27805838.00
2011/11/16	4.14	4.14	3.72	3.82	3048639	78457776.00
2011/11/17	3.82	3.88	3.74	3.79	1752609	44073812.00
2011/11/18	3.73	3.79	3.58	3.61	1180712	28469894.00
2011/11/21	3.61	3.65	3.40	3.52	633249	14785295.00
2011/11/22	3.49	3.63	3.44	3.57	822829	19174914.00
2011/11/23	3.59	3.62	3.51	3.54	296471	6993922.50
2011/11/24	3.43	3.61	3.43	3.51	402957	9351461.00
2011/11/25	3.51	3.63	3.51	3.55	360808	8532445.00
2011/11/28	3.57	3.62	3.53	3.61	373856	8884329.00
2011/11/29	3.63	3.78	3.62	3.78	1266234	30950920.00
2011/11/30	3.73	3.82	3.57	3.63	891271	21892590.00
2011/12/01	3.75	3.86	3.70	3.78	927763	23160508.00
2011/12/02	3.78	3.78	3.55	3.55	748842	17922826.00
2011/12/05	3.50	3.53	3.44	3.47	420982	9717045.00
2011/12/06	3.38	3.47	3.38	3.43	344282	7850782.00
2011/12/07	3.43	3.50	3.39	3.41	319842	7260276.00
2011/12/08	3.39	3.45	3.24	3.29	526280	11598306.00
2011/12/09	3.22	3.29	3.21	3.22	309980	6674442.50
2011/12/12	3.21	3.27	3.08	3.13	543350	11323522.00
2011/12/13	3.05	3.11	2.97	3.05	552645	11123761.00
2011/12/14	3.01	3.05	2.98	3.00	218628	4392014.00
2011/12/15	2.93	3.05	2.93	2.97	258995	5164894.00
2011/12/16	2.94	3.08	2.94	3.07	425590	8607948.00
2011/12/19	3.02	3.04	2.85	2.91	1194583	23182900.00
2011/12/20	2.90	3.08	2.87	3.04	1229960	24607944.00
2011/12/21	3.03	3.05	2.88	2.89	1468098	28658948.00
2011/12/22	2.84	2.84	2.63	2.72	1187323	21633320.00
2011/12/23	2.69	2.75	2.65	2.70	664596	11952094.00
2011/12/26	2.74	2.79	2.71	2.74	493342	9088085.00
2011/12/27	2.73	2.73	2.54	2.57	687740	12104172.00
2011/12/28	2.59	2.61	2.48	2.61	480140	8174222.00
2011/12/29	2.61	2.66	2.57	2.66	386909	6782786.50
2011/12/30	2.65	2.74	2.65	2.72	480752	8714502.00
2012/01/04	2.74	2.75	2.67	2.67	215467	3888709.00
2012/01/05	2.66	2.67	2.39	2.39	866764	14275527.00
2012/01/06	2.38	2.39	2.17	2.25	1141528	17154490.00
2012/01/09	2.25	2.35	2.14	2.33	1213677	18528776.00
2012/01/10	2.31	2.55	2.30	2.50	2198518	36233744.00
2012/01/11	2.49	2.69	2.44	2.54	1765545	30266374.00
2012/01/12	2.47	2.58	2.47	2.48	1165421	19583460.00
2012/01/13	2.49	2.49	2.22	2.22	2552608	39766100.00
2012/01/16	2.17	2.25	2.00	2.07	1399283	20205084.00
2012/01/17	2.07	2.23	2.05	2.23	1887014	27433370.00
2012/01/18	2.24	2.29	2.05	2.08	1324337	19252278.00
2012/01/19	2.07	2.21	2.04	2.14	902654	13061705.00
2012/01/20	2.17	2.35	2.14	2.25	2183172	33355058.00
2012/01/30	2.32	2.33	2.23	2.23	1730334	26498508.00
2012/01/31	2.23	2.26	2.17	2.23	1028226	15375595.00
2012/02/01	2.22	2.40	2.22	2.34	2457318	38664348.00
2012/02/02	2.37	2.51	2.34	2.51	3066493	50215692.00
2012/03/12	2.77	2.77	2.77	2.77	34879	645610.31
2012/03/13	3.06	3.06	3.06	3.06	1339296	27268066.00
2012/03/14	3.38	3.38	3.36	3.38	13036698	292017024.00
2012/03/15	3.47	3.52	3.16	3.25	12642166	280681600.00
2012/03/16	3.18	3.42	3.13	3.32	9733902	210295200.00
2012/03/19	3.24	3.39	3.20	3.32	6189888	134742192.00
2012/03/20	3.29	3.29	3.10	3.12	5544312	116794328.00
2012/03/21	3.12	3.14	2.96	3.05	4897562	99019944.00
2012/03/22	3.01	3.11	3.01	3.03	3182202	64952444.00
2012/03/23	3.01	3.01	2.82	2.84	3875071	74885144.00
2012/03/26	2.86	2.91	2.83	2.85	3273885	62582592.00
2012/03/27	2.87	2.93	2.84	2.86	2437114	46869744.00
2012/03/28	2.86	2.87	2.59	2.80	5594997	101992648.00
2012/03/29	2.75	2.80	2.70	2.70	2803818	51422004.00
2012/04/05	2.66	2.86	2.66	2.83	3127151	58045716.00
2012/04/06	2.83	2.95	2.82	2.93	3000281	58138468.00
2012/04/09	2.93	3.06	2.93	2.99	3269955	65248604.00
2012/04/10	3.00	3.08	2.93	3.07	3103675	62565916.00
2012/04/11	3.03	3.13	2.98	3.03	2049742	41569080.00
2012/04/12	3.03	3.08	2.94	3.02	1519523	30246230.00
2012/04/13	2.99	3.00	2.92	2.97	1932738	38002040.00
2012/04/16	2.94	2.94	2.88	2.88	1096183	21163216.00
2012/04/17	2.85	2.90	2.83	2.87	604410	11591539.00
2012/04/18	2.90	2.96	2.85	2.94	983104	19156382.00
2012/04/19	2.93	3.03	2.93	2.94	1396646	27739386.00
2012/04/20	2.94	3.00	2.91	2.95	992299	19490132.00
2012/04/23	2.94	2.94	2.65	2.70	2657337	48409900.00
2012/04/24	2.68	2.76	2.59	2.69	921680	16288051.00
2012/04/25	2.66	2.69	2.55	2.61	1019911	17615170.00
2012/04/26	2.64	2.65	2.60	2.65	704995	12290744.00
2012/04/27	2.66	2.84	2.59	2.79	1192414	21685796.00
2012/05/02	2.81	2.86	2.73	2.80	1062274	19726850.00
2012/05/03	2.78	2.82	2.75	2.78	647540	11966930.00
2012/05/04	2.78	3.00	2.78	2.98	2479323	47914148.00
2012/05/07	2.93	3.18	2.93	3.15	4665053	95274832.00
2012/05/08	3.17	3.28	3.14	3.20	3463870	73067392.00
2012/05/09	3.20	3.24	3.14	3.16	1999401	41920412.00
2012/05/10	3.15	3.21	3.03	3.06	2817685	57609648.00
2012/05/11	3.01	3.10	3.00	3.09	1253336	25246682.00
2012/05/14	3.10	3.26	3.01	3.15	1820958	37784552.00
2012/05/15	3.12	3.12	2.87	2.98	4108909	80041160.00
2012/05/16	2.93	3.02	2.87	2.95	1018880	20045990.00
2012/05/17	2.90	2.98	2.90	2.95	657552	12824112.00
2012/05/18	2.95	3.02	2.91	2.95	726788	14268079.00
2012/05/21	3.00	3.10	2.92	3.03	784498	15445105.00
2012/05/22	3.04	3.10	2.97	3.00	1005160	19970160.00
2012/05/23	2.95	2.98	2.83	2.97	988634	19052110.00
2012/05/24	3.03	3.03	2.83	2.86	1393625	26704764.00
2012/05/25	2.86	2.90	2.65	2.67	958324	17373918.00
2012/05/28	2.66	2.68	2.48	2.65	1613501	27777216.00
2012/05/29	2.65	2.78	2.60	2.68	1700017	30248686.00
2012/05/30	2.68	2.71	2.65	2.70	920408	16376396.00
2012/05/31	2.70	2.82	2.67	2.78	1618665	29596616.00
2012/06/01	2.77	2.80	2.72	2.78	696563	12723523.00
2012/06/04	2.73	2.78	2.72	2.75	604882	11053849.00
2012/06/05	2.78	2.78	2.59	2.69	599066	10689824.00
2012/06/06	2.67	2.74	2.67	2.68	258903	4628655.00
2012/06/07	2.70	2.70	2.64	2.64	262500	4644574.00
2012/06/08	2.67	2.67	2.58	2.59	285492	4927446.50
2012/06/11	2.58	2.63	2.50	2.50	1402785	23720474.00
2012/06/12	2.50	2.53	2.26	2.30	2958186	46831332.00
2012/06/13	2.31	2.35	2.29	2.33	1622644	25157054.00
2012/06/14	2.34	2.42	2.32	2.35	1425220	22577732.00
2012/06/15	2.35	2.42	2.35	2.38	809102	12875346.00
2012/06/18	2.37	2.45	2.37	2.40	1236211	19817576.00
2012/06/19	2.40	2.41	2.35	2.36	717140	11313376.00
2012/06/20	2.36	2.60	2.36	2.60	3702189	62881400.00
2012/06/21	2.59	2.63	2.48	2.60	2860624	48493128.00
2012/06/25	2.56	2.58	2.48	2.48	1071446	17941256.00
2012/06/26	2.47	2.48	2.27	2.45	1130325	18032056.00
2012/06/27	2.40	2.58	2.40	2.51	1542681	25872588.00
2012/06/28	2.48	2.56	2.40	2.40	1095555	18197230.00
2012/06/29	2.38	2.46	2.32	2.42	1028007	16467068.00
2012/07/02	2.43	2.55	2.43	2.54	1441790	23975978.00
2012/07/03	2.54	2.60	2.51	2.54	1633792	27836530.00
2012/07/04	2.52	2.58	2.48	2.48	693275	11662310.00
2012/07/05	2.64	2.68	2.54	2.57	2637786	45610836.00
2012/07/06	2.51	2.55	2.31	2.45	2091799	33718604.00
2012/07/09	2.40	2.42	2.33	2.34	1136917	17945488.00
2012/07/10	2.34	2.34	2.09	2.09	2806365	39815716.00
2012/07/11	2.05	2.10	1.98	2.03	2831969	38342572.00
2012/07/12	1.95	2.01	1.94	1.99	2350287	31060484.00
2012/07/13	1.99	2.00	1.92	1.94	1269366	16649344.00
2012/07/16	1.95	1.95	1.80	1.81	1068168	13298226.00
2012/07/17	1.81	1.88	1.80	1.88	1010024	12646563.00
2012/07/18	1.88	1.89	1.83	1.88	653202	8148425.50
2012/07/19	1.88	1.97	1.86	1.95	1415010	18378112.00
2012/07/20	1.95	2.01	1.93	2.00	1330309	17756250.00
2012/07/23	1.96	1.99	1.92	1.94	716300	9387697.00
2012/07/24	1.94	1.95	1.89	1.93	481168	6218260.00
2012/07/25	1.90	1.96	1.90	1.92	569914	7358776.50
2012/07/26	1.93	1.98	1.92	1.93	681857	8938486.00
2012/07/27	1.95	1.99	1.89	1.97	827050	10810684.00
2012/07/30	1.97	2.00	1.93	1.95	986044	13007753.00
2012/07/31	1.96	1.97	1.76	1.76	1168172	14266119.00
2012/08/01	1.78	1.81	1.73	1.78	708643	8484151.00
2012/08/02	1.78	1.79	1.74	1.75	341034	4058137.75
2012/08/03	1.75	1.79	1.75	1.78	976543	11677146.00
2012/08/06	1.76	1.85	1.76	1.84	1942905	23779888.00
2012/08/07	1.83	1.91	1.83	1.91	1803654	22832224.00
2012/08/08	1.89	1.90	1.86	1.89	685701	8679183.00
2012/08/09	1.91	1.96	1.88	1.93	1394016	18041730.00
2012/08/10	1.97	2.13	1.93	2.13	4787379	66955348.00
2012/08/13	2.09	2.11	2.01	2.01	2597367	35695476.00
2012/08/14	2.00	2.03	1.90	2.01	1944505	25622266.00
2012/08/15	1.98	1.98	1.93	1.94	1113779	14600698.00
2012/08/16	1.93	1.93	1.81	1.81	1750287	21948990.00
2012/08/17	1.81	1.85	1.79	1.84	972225	11952843.00
2012/08/20	1.82	1.93	1.80	1.89	1488423	18772182.00
2012/08/21	1.88	2.08	1.88	2.03	3182171	42934592.00
2012/08/22	1.98	2.24	1.98	2.24	6434331	92958208.00
2012/08/23	2.22	2.30	2.15	2.25	4473310	66384768.00
2012/08/24	2.21	2.24	2.15	2.17	2429375	35557472.00
2012/08/27	2.13	2.21	2.09	2.19	1923359	27693176.00
2012/08/28	2.18	2.34	2.15	2.30	2212326	33192158.00
2012/08/29	2.29	2.33	2.16	2.16	2078894	31325480.00
2012/08/30	2.17	2.20	1.99	2.06	1901449	26366022.00
2012/08/31	2.04	2.13	2.02	2.10	1197344	16754861.00
2012/09/03	2.09	2.20	2.07	2.19	1818112	26363926.00
2012/09/04	2.21	2.38	2.20	2.24	3619426	55018796.00
2012/09/05	2.18	2.35	2.15	2.26	2473477	37505744.00
2012/09/06	2.21	2.38	2.21	2.34	2917058	44881680.00
2012/09/07	2.35	2.46	2.34	2.39	3647428	58211596.00
2012/09/10	2.37	2.45	2.30	2.32	4585590	72280416.00
2012/09/11	2.30	2.34	2.27	2.30	1860239	28602102.00
2012/09/12	2.30	2.37	2.28	2.35	2708446	42113216.00
2012/09/13	2.35	2.35	2.15	2.16	4467726	66845100.00
2012/09/14	2.17	2.20	2.13	2.17	2419622	34991064.00
2012/09/17	2.15	2.20	2.12	2.18	1556694	22477494.00
2012/09/18	2.17	2.34	2.15	2.27	4612509	69829888.00
2012/09/19	2.29	2.37	2.25	2.36	4597493	71245656.00
2012/09/20	2.33	2.34	2.23	2.23	3035261	46428356.00
2012/09/21	2.23	2.27	2.13	2.16	1334050	19701738.00
2012/09/24	2.14	2.27	2.13	2.23	1313852	19423372.00
2012/09/25	2.17	2.19	2.05	2.05	2043516	29036528.00
2012/09/26	2.03	2.10	1.94	1.95	1130202	15422738.00
2012/09/27	1.95	2.04	1.89	2.00	2261030	29836718.00
2012/09/28	1.98	2.04	1.95	2.03	1527244	20452038.00
2012/10/08	2.03	2.03	1.98	2.00	794924	10629164.00
2012/10/09	2.03	2.15	2.00	2.15	2004393	27877284.00
2012/10/10	2.13	2.35	2.13	2.30	4325313	65907004.00
2012/10/11	2.26	2.28	2.23	2.25	1764521	26495636.00
2012/10/12	2.25	2.31	2.16	2.20	1215303	17904638.00
2012/10/15	2.20	2.28	2.16	2.27	1791033	26644078.00
2012/10/16	2.24	2.33	2.23	2.25	2287754	34904440.00
2012/10/17	2.23	2.28	2.22	2.28	1045562	15684432.00
2012/10/18	2.25	2.36	2.24	2.36	2288182	35584696.00
2012/10/19	2.37	2.53	2.34	2.53	4473944	73597072.00
2012/10/22	2.53	2.79	2.51	2.77	6045902	106301704.00
2012/10/23	2.77	2.82	2.66	2.68	4972910	89527568.00
2012/10/24	2.68	2.75	2.62	2.67	3438516	61165004.00
2012/10/25	2.65	2.70	2.62	2.67	2010851	35470576.00
2012/10/26	2.67	2.68	2.58	2.61	1991447	34503208.00
2012/10/29	2.62	2.71	2.58	2.66	3250113	56834948.00
2012/10/30	2.66	2.68	2.59	2.68	2277025	39962408.00
2012/10/31	2.67	2.68	2.59	2.64	866949	15177592.00
2012/11/01	2.63	2.65	2.53	2.56	3148531	53761144.00
2012/11/02	2.54	2.58	2.52	2.53	1658194	27934266.00
2012/11/05	2.54	2.60	2.52	2.56	1567368	26586272.00
2012/11/06	2.58	2.58	2.45	2.49	1307302	21666072.00
2012/11/07	2.49	2.60	2.49	2.54	1470168	24878512.00
2012/11/08	2.49	2.54	2.45	2.51	931878	15395376.00
2012/11/09	2.47	2.52	2.44	2.52	656082	10779161.00
2012/11/12	2.51	2.54	2.48	2.54	697856	11677817.00
2012/11/13	2.56	2.60	2.43	2.43	1708379	28337604.00
2012/11/14	2.38	2.39	2.31	2.35	2062746	32271548.00
2012/11/15	2.34	2.37	2.31	2.32	1137626	17671820.00
2012/11/16	2.31	2.39	2.28	2.36	967387	15097617.00
2012/11/19	2.34	2.36	2.22	2.32	2169478	33045032.00
2012/11/20	2.36	2.37	2.30	2.35	315382	4902143.00
2012/11/21	2.35	2.37	2.28	2.36	310272	4813894.00
2012/11/22	2.35	2.36	2.31	2.34	210802	3275368.00
2012/11/23	2.32	2.43	2.31	2.35	681824	10793610.00
2012/11/26	2.33	2.35	2.25	2.29	698957	10643717.00
2012/11/27	2.28	2.32	2.10	2.14	1303193	18773576.00
2012/11/28	2.15	2.15	2.03	2.06	523733	7297009.50
2012/11/29	2.07	2.12	2.01	2.03	381637	5259973.50
2012/11/30	2.03	2.10	2.01	2.08	332465	4620499.00
2012/12/03	2.13	2.13	2.06	2.09	175125	2464393.25
2012/12/04	2.10	2.12	2.02	2.10	323848	4468158.00
2012/12/05	2.10	2.23	2.03	2.22	576215	8369274.50
2012/12/06	2.21	2.29	2.18	2.25	303196	4499365.50
2012/12/07	2.21	2.28	2.21	2.28	401699	6035746.50
2012/12/10	2.25	2.35	2.25	2.35	400385	6158214.00
2012/12/11	2.33	2.34	2.28	2.30	480340	7360736.00
2012/12/12	2.27	2.32	2.22	2.27	444918	6693411.00
2012/12/13	2.27	2.27	2.17	2.19	258136	3803448.25
2012/12/14	2.20	2.27	2.16	2.27	1238774	18558218.00
2012/12/17	2.25	2.27	2.04	2.06	2552471	36129980.00
2012/12/18	2.06	2.09	2.03	2.04	1739608	23964714.00
2012/12/19	2.05	2.17	2.01	2.12	1494633	21080690.00
2012/12/20	2.13	2.13	2.08	2.10	1027560	14466387.00
2012/12/21	2.12	2.23	2.09	2.18	1467604	21192046.00
2012/12/24	2.19	2.27	2.19	2.25	1854449	27750468.00
2012/12/25	2.25	2.28	2.20	2.25	2070370	30937910.00
2012/12/26	2.22	2.43	2.22	2.40	2923575	45562352.00
2012/12/27	2.40	2.43	2.35	2.39	1537289	24393368.00
2012/12/28	2.39	2.43	2.33	2.38	1015751	16091242.00
2012/12/31	2.38	2.42	2.34	2.40	932151	14837333.00
2013/01/04	2.43	2.45	2.29	2.30	1454971	22548710.00
2013/01/07	2.30	2.30	2.20	2.28	1288614	19331076.00
2013/01/08	2.51	2.51	2.51	2.51	2564847	42832944.00
2013/01/09	2.74	2.77	2.58	2.71	12345375	218363376.00
2013/01/10	2.64	2.70	2.62	2.64	5229359	92008240.00
2013/01/11	2.67	2.78	2.58	2.61	3727608	66047812.00
2013/01/14	2.57	2.72	2.55	2.71	5859319	103994336.00
2013/01/15	2.69	2.96	2.62	2.82	4026396	74597336.00
2013/01/16	2.80	2.88	2.75	2.84	1710908	32143508.00
2013/01/17	2.86	2.86	2.76	2.81	1128016	20988560.00
2013/01/18	2.81	2.87	2.67	2.75	2283262	41350328.00
2013/01/21	2.73	2.74	2.61	2.72	2301829	40494720.00
2013/01/22	2.70	2.71	2.64	2.66	1752720	30882588.00
2013/01/23	2.60	2.65	2.57	2.64	1540583	26687690.00
2013/01/24	2.57	2.64	2.47	2.52	2151036	36436384.00
2013/01/25	2.59	2.60	2.48	2.51	1036389	17529174.00
2013/01/28	2.46	2.46	2.38	2.45	4417272	70599704.00
2013/01/29	2.44	2.51	2.40	2.50	3088882	50067176.00
2013/01/30	2.40	2.43	2.36	2.37	6125852	97453408.00
2013/01/31	2.37	2.37	2.28	2.30	2678338	41223892.00
2013/02/01	2.31	2.31	2.25	2.29	2894802	44103884.00
2013/02/04	2.29	2.29	2.14	2.20	4304964	63256204.00
2013/02/05	2.17	2.25	2.16	2.23	1929719	28529450.00
2013/02/06	2.23	2.28	2.22	2.26	2195042	33127306.00
2013/02/07	2.26	2.31	2.25	2.30	2210851	33744764.00
2013/02/08	2.31	2.40	2.31	2.36	3122954	49032960.00
2013/02/18	2.40	2.40	2.26	2.26	4096174	62734496.00
2013/02/19	2.26	2.28	2.22	2.27	2640870	39597508.00
2013/02/20	2.26	2.36	2.23	2.34	3552378	54541464.00
2013/02/21	2.31	2.36	2.27	2.34	2491436	38458736.00
2013/02/22	2.33	2.35	2.28	2.29	1892607	29213544.00
2013/02/25	2.29	2.41	2.29	2.40	3470677	54873272.00
2013/02/26	2.40	2.45	2.36	2.42	3210338	51700052.00
2013/02/27	2.42	2.44	2.37	2.39	2375446	37982644.00
2013/02/28	2.36	2.40	2.27	2.33	3105476	48041500.00
2013/03/01	2.32	2.34	2.27	2.34	3713565	56875264.00
2013/03/04	2.30	2.30	2.17	2.23	2751343	41260076.00
2013/03/05	2.23	2.36	2.20	2.34	3707352	57029136.00
2013/03/06	2.34	2.58	2.33	2.54	6914336	114438048.00
2013/03/07	2.65	2.77	2.59	2.73	15979157	283772640.00
2013/03/08	2.69	2.80	2.68	2.72	6922526	125355848.00
2013/03/11	2.70	2.83	2.66	2.80	4664199	85248880.00
2013/03/12	2.80	2.80	2.64	2.68	4642135	82819568.00
2013/03/13	2.67	2.70	2.54	2.66	2440801	42121656.00
2013/03/14	2.62	2.72	2.60	2.71	2399649	42554888.00
2013/03/15	2.70	2.76	2.65	2.68	2912513	52168864.00
2013/03/18	2.67	2.69	2.54	2.63	1250005	21810694.00
2013/03/19	2.62	2.62	2.52	2.58	1690042	28813302.00
2013/03/20	2.58	2.68	2.56	2.66	1213410	21153838.00
2013/03/21	2.66	2.86	2.65	2.79	3993224	73380240.00
2013/03/22	2.75	3.00	2.75	2.93	3724149	71771504.00
2013/03/25	2.94	2.95	2.82	2.90	2395743	45676456.00
2013/03/26	2.88	2.94	2.85	2.86	1878413	35874300.00
2013/03/27	2.93	3.04	2.91	3.02	3519516	69803904.00
2013/03/28	3.00	3.20	2.93	3.00	4631853	92835952.00
2013/03/29	3.00	3.05	2.87	2.98	2012671	39453744.00
2013/04/01	2.94	3.13	2.93	3.07	2700875	54014404.00
2013/04/02	3.07	3.17	3.01	3.01	2745444	55796468.00
2013/04/03	3.00	3.03	2.97	2.98	1794308	35589940.00
2013/04/08	2.95	3.21	2.87	3.15	1860060	37531108.00
2013/04/09	3.15	3.33	3.13	3.28	2214042	47296016.00
2013/04/10	3.31	3.40	3.28	3.37	2074770	45979068.00
2013/04/11	3.36	3.37	3.22	3.29	1243396	26791732.00
2013/04/12	3.23	3.37	3.20	3.29	543611	11863578.00
2013/04/15	3.32	3.32	3.09	3.12	1718091	35600944.00
2013/04/16	3.02	3.08	3.00	3.08	2038796	40978484.00
2013/04/17	3.08	3.17	3.04	3.15	2289360	47212324.00
2013/04/18	3.15	3.31	3.12	3.21	2122804	44794032.00
2013/04/19	3.22	3.25	3.14	3.20	1427871	29992578.00
2013/04/22	3.20	3.53	3.20	3.53	4692237	104785352.00
2013/04/23	3.52	3.68	3.40	3.45	3553529	82878784.00
2013/04/24	3.46	3.64	3.36	3.49	4256712	97593664.00
2013/04/25	3.45	3.62	3.37	3.45	3112996	71703456.00
2013/04/26	3.42	3.58	3.39	3.44	1474577	33750380.00
2013/05/02	3.42	3.58	3.27	3.47	2793960	61919380.00
2013/05/03	3.46	3.70	3.45	3.68	2156854	51026884.00
2013/05/06	3.69	3.86	3.64	3.82	1752828	43760936.00
2013/05/07	3.81	3.81	3.60	3.61	2512846	60425692.00
2013/05/08	3.62	3.68	3.55	3.64	2293776	54823272.00
2013/05/09	3.64	3.75	3.53	3.62	3234502	77831704.00
2013/05/10	3.62	3.62	3.43	3.58	2804221	65044884.00
2013/05/13	3.53	3.60	3.45	3.55	2828324	65281752.00
2013/05/14	3.54	3.64	3.48	3.61	1944148	45722956.00
2013/05/15	3.63	3.83	3.50	3.79	3915795	95239888.00
2013/05/16	3.76	3.95	3.63	3.76	3651222	90922032.00
2013/05/17	3.70	3.77	3.64	3.72	2505098	60961936.00
2013/05/20	3.71	3.81	3.61	3.81	2142337	51928312.00
2013/05/21	3.76	3.93	3.76	3.82	2243449	56963636.00
2013/05/22	3.87	3.87	3.60	3.62	3576399	86317904.00
2013/05/23	3.59	3.76	3.55	3.62	1397478	33404512.00
2013/05/24	3.63	3.70	3.53	3.67	1699910	40547716.00
2013/05/27	3.67	3.71	3.52	3.54	2675855	63672752.00
2013/05/28	3.54	3.58	3.23	3.44	4268374	96457736.00
2013/05/29	3.43	3.44	3.31	3.34	4603998	101354904.00
2013/05/30	3.34	3.43	3.31	3.39	2298152	50942828.00
2013/05/31	3.39	3.58	3.36	3.52	2555757	59015792.00
2013/06/03	3.52	3.55	3.34	3.36	1710156	38331956.00
2013/06/04	3.34	3.35	3.08	3.11	3640128	76472064.00
2013/06/05	3.11	3.21	3.11	3.16	1445844	30075336.00
2013/06/06	3.22	3.40	3.22	3.32	2793434	61395608.00
2013/06/07	3.31	3.41	3.20	3.26	1409523	30831746.00
2013/06/13	3.19	3.33	3.12	3.28	1293375	27393784.00
2013/06/14	3.34	3.51	3.30	3.47	2847768	63826972.00
2013/06/17	3.47	3.57	3.43	3.52	2727389	63197684.00
2013/06/18	3.53	3.53	3.40	3.48	1422520	32365582.00
2013/06/19	3.46	3.51	3.32	3.47	863537	19636046.00
2013/06/20	3.43	3.62	3.43	3.46	2492232	57642572.00
2013/06/21	3.34	3.58	3.26	3.50	2116601	48714188.00
2013/06/24	3.50	3.56	3.35	3.36	2246911	50778624.00
2013/06/25	3.29	3.49	3.11	3.47	2330504	50404304.00
2013/06/26	3.52	3.83	3.47	3.83	6825147	166494208.00
2013/06/27	3.88	4.08	3.83	3.90	3670932	94519520.00
2013/06/28	3.81	3.96	3.64	3.70	2941910	73107048.00
2013/07/01	3.67	3.81	3.58	3.81	3346660	80826616.00
2013/07/02	3.77	3.85	3.70	3.85	2896230	72081088.00
2013/07/03	3.93	4.15	3.81	4.07	4873706	128074040.00
2013/07/04	4.01	4.13	3.86	3.90	2714332	70906560.00
2013/07/05	3.90	4.02	3.76	3.90	2695799	68759896.00
2013/07/08	3.87	3.87	3.58	3.65	2741277	66212144.00
2013/07/09	3.48	3.65	3.42	3.49	3727679	85659120.00
2013/07/10	3.50	3.54	3.34	3.52	2533482	57790888.00
2013/07/11	3.50	3.59	3.45	3.49	2161342	49746020.00
2013/07/12	3.45	3.59	3.45	3.54	2346814	54597080.00
2013/07/15	3.59	3.86	3.51	3.83	3751752	92027080.00
2013/07/16	3.82	3.83	3.68	3.78	2003084	49313104.00
2013/07/17	3.76	3.84	3.54	3.60	2372028	57434300.00
2013/07/18	3.59	3.73	3.29	3.67	6218245	142428208.00
2013/07/19	3.59	3.62	3.29	3.29	4733477	108109056.00
2013/07/22	3.18	3.40	3.11	3.32	2637482	57433520.00
2013/07/23	3.32	3.39	3.28	3.36	2635705	57850000.00
2013/07/24	3.30	3.34	3.21	3.30	2775754	59915628.00
2013/07/25	3.31	3.48	3.31	3.36	3268291	73330592.00
2013/07/26	3.41	3.41	3.18	3.36	1971361	43222280.00
2013/07/29	3.18	3.36	3.18	3.22	1556255	33385560.00
2013/07/30	3.22	3.32	2.96	3.08	1463995	29850038.00
2013/07/31	3.07	3.18	3.07	3.11	1676869	34473572.00
2013/08/01	3.11	3.24	3.11	3.23	1370646	28719968.00
2013/08/02	3.23	3.46	3.23	3.40	3914492	87060648.00
2013/08/05	3.34	3.62	3.34	3.55	4424149	103403320.00
2013/08/06	3.56	3.62	3.47	3.55	2748312	64085576.00
2013/08/07	3.56	3.60	3.35	3.36	1762011	39442376.00
2013/08/08	3.37	3.41	3.24	3.39	3234696	71144640.00
2013/08/09	3.40	3.53	3.33	3.41	2457004	55507696.00
2013/08/12	3.38	3.49	3.25	3.31	2521340	55151632.00
2013/08/13	3.28	3.32	3.21	3.22	3482846	74284832.00
2013/08/14	3.22	3.28	3.19	3.26	2847781	60781484.00
2013/08/15	3.26	3.30	3.23	3.28	1770622	38096600.00
2013/08/16	3.25	3.43	3.24	3.38	3237327	71747088.00
2013/08/19	3.35	3.53	3.35	3.49	2044677	46872096.00
2013/08/20	3.49	3.57	3.42	3.47	1980914	45428192.00
2013/08/21	3.52	3.83	3.47	3.83	6190257	149337840.00
2013/08/22	3.75	4.12	3.75	4.00	5546276	142474464.00
2013/08/23	4.04	4.05	3.83	3.93	2820023	72893416.00
2013/08/26	3.93	4.15	3.92	3.98	2390013	63601140.00
2013/08/27	3.99	4.14	3.93	4.03	1134912	29976636.00
2013/08/28	3.97	4.01	3.83	3.85	2230127	56791548.00
2013/08/29	3.86	4.00	3.81	3.97	1550373	39985192.00
2013/08/30	3.89	3.98	3.56	3.56	2976317	72283488.00
2013/09/02	3.55	3.62	3.46	3.53	2925918	67780856.00
2013/09/03	3.54	3.89	3.47	3.69	3595299	85977416.00
2013/09/04	3.71	3.83	3.63	3.78	3482151	85668040.00
2013/09/05	3.77	3.89	3.66	3.81	2679116	66433816.00
2013/09/06	3.86	3.97	3.75	3.78	2229386	56106052.00
2013/09/09	3.79	3.79	3.57	3.64	2719622	65057216.00
2013/09/10	3.66	3.75	3.48	3.50	3975608	92923664.00
2013/09/11	3.26	3.42	3.14	3.14	7438100	155006784.00
2013/09/12	3.03	3.17	2.98	3.13	5544995	112840200.00
2013/09/13	3.10	3.24	3.10	3.19	3282354	69355440.00
2013/09/16	3.20	3.23	3.07	3.08	3055200	63120776.00
2013/09/17	3.08	3.09	2.91	2.91	5941541	116775808.00
2013/09/18	2.93	2.95	2.85	2.92	4109567	78626832.00
2013/09/23	2.93	3.13	2.93	3.06	4149619	83435800.00
2013/09/24	3.12	3.21	3.09	3.12	5653894	117263720.00
2013/09/25	3.10	3.18	3.03	3.10	2118872	43532868.00
2013/09/26	3.08	3.18	3.05	3.09	3448621	71391680.00
2013/09/27	3.14	3.15	2.99	3.02	1600838	32362198.00
2013/09/30	3.02	3.12	2.98	3.07	1580917	32093364.00
2013/10/08	2.92	2.93	2.75	2.78	8665237	159189120.00
2013/10/09	2.73	2.79	2.69	2.76	6215367	113382560.00
2013/10/10	2.76	2.78	2.64	2.66	9134384	162900832.00
2013/10/11	2.66	2.69	2.55	2.60	7545651	130622104.00
2013/10/14	2.59	2.66	2.58	2.66	4946075	86207872.00
2013/10/15	2.65	2.65	2.58	2.61	5456675	94121128.00
2013/10/16	2.61	2.61	2.53	2.55	4169693	70798376.00
2013/10/17	2.56	2.60	2.53	2.58	3694166	63019756.00
2013/10/18	2.58	2.63	2.55	2.61	4132259	71106152.00
2013/10/21	2.63	2.68	2.60	2.67	4876954	85666848.00
2013/10/22	2.68	2.69	2.60	2.62	4126106	71998336.00
2013/10/23	2.61	2.62	2.50	2.53	3940606	66677584.00
2013/10/24	2.51	2.55	2.48	2.50	2615897	43595972.00
2013/10/25	2.48	2.50	2.38	2.40	3056764	49527068.00
2013/10/28	2.40	2.45	2.37	2.42	1450400	23313318.00
2013/10/29	2.42	2.44	2.26	2.29	2633229	40898880.00
2013/10/30	2.30	2.37	2.24	2.35	3215387	49046392.00
2013/10/31	2.33	2.34	2.29	2.32	1400811	21572112.00
2013/11/01	2.31	2.37	2.30	2.35	2038478	31786032.00
2013/11/04	2.36	2.37	2.31	2.33	1713882	26710404.00
2013/11/05	2.34	2.38	2.30	2.37	2623351	40968776.00
2013/11/06	2.37	2.39	2.33	2.33	2331497	36692296.00
2013/11/07	2.32	2.32	2.17	2.18	5003087	74074104.00
2013/11/08	2.17	2.17	2.09	2.10	2809712	39745288.00
2013/11/11	2.10	2.18	2.08	2.16	2386204	34162864.00
2013/11/12	2.17	2.21	2.15	2.19	2009559	29414500.00
2013/11/13	2.19	2.19	2.14	2.14	1278863	18517392.00
2013/11/14	2.13	2.24	2.13	2.24	2312804	33957688.00
2013/11/15	2.25	2.32	2.24	2.27	2861708	43531496.00
2013/11/18	2.27	2.36	2.25	2.32	3296937	50782372.00
2013/11/19	2.32	2.36	2.30	2.36	3086802	48024524.00
2013/11/20	2.38	2.39	2.33	2.37	2817519	44094812.00
2013/11/21	2.36	2.39	2.33	2.34	2109850	33085250.00
2013/11/22	2.34	2.35	2.29	2.31	1977644	30400952.00
2013/11/25	2.28	2.35	2.26	2.32	1998615	30861674.00
2013/11/26	2.31	2.52	2.30	2.50	6302234	101868216.00
2013/11/27	2.49	2.58	2.45	2.57	7807260	131440008.00
2013/11/28	2.59	2.75	2.59	2.66	9686189	172196208.00
2013/11/29	2.64	2.66	2.58	2.62	5005895	86959560.00
2013/12/02	2.51	2.52	2.35	2.35	5865110	94779584.00
2013/12/03	2.31	2.51	2.19	2.48	5635202	88301280.00
2013/12/04	2.44	2.55	2.44	2.52	3842251	64057132.00
2013/12/05	2.56	2.56	2.39	2.40	3311164	53823972.00
2013/12/06	2.39	2.45	2.38	2.40	1130879	18146060.00
2013/12/09	2.41	2.58	2.41	2.56	3274227	54542876.00
2013/12/10	2.58	2.65	2.52	2.55	3194363	54967248.00
2013/12/11	2.54	2.58	2.51	2.56	1463674	24726246.00
2013/12/12	2.58	2.60	2.53	2.59	1842344	31568134.00
2013/12/13	2.60	2.60	2.54	2.55	1707726	29015322.00
2013/12/16	2.55	2.72	2.52	2.67	6082644	107120096.00
2013/12/17	2.65	2.76	2.58	2.75	6666526	119249624.00
2013/12/18	2.74	2.81	2.68	2.75	2878522	52659248.00
2013/12/19	2.75	2.79	2.72	2.73	1970362	35971980.00
2013/12/20	2.73	2.75	2.61	2.71	2559110	45407596.00
2013/12/23	2.67	2.73	2.55	2.60	2791192	48756580.00
2013/12/24	2.58	2.65	2.57	2.62	1427815	24698402.00
2013/12/25	2.63	2.70	2.57	2.66	1688621	29776184.00
2013/12/26	2.67	2.74	2.61	2.66	1683197	29930048.00
2013/12/27	2.68	2.72	2.64	2.69	1264895	22563942.00
2013/12/30	2.69	2.81	2.69	2.79	3526272	64333936.00
2013/12/31	2.79	2.87	2.76	2.86	2758109	51745296.00
2014/01/02	2.85	3.05	2.83	3.00	6175123	122239792.00
2014/01/03	2.99	3.13	2.98	3.01	5936928	120945096.00
2014/01/06	2.95	3.13	2.95	3.03	7041904	143275072.00
2014/01/07	3.03	3.08	2.95	3.00	2999563	59241532.00
2014/01/08	3.00	3.10	2.98	3.00	2269935	45541004.00
2014/01/09	3.00	3.26	2.98	3.18	5288805	109676752.00
2014/01/10	3.18	3.24	3.07	3.11	3757798	77366544.00
2014/01/13	3.10	3.15	2.96	3.09	3114177	62205264.00
2014/01/14	3.08	3.22	3.03	3.13	2884296	59839544.00
2014/01/15	3.13	3.18	3.03	3.07	2368018	48157100.00
2014/01/16	3.05	3.13	2.95	3.05	3003745	59996864.00
2014/01/17	3.06	3.08	2.98	3.03	1923594	38277736.00
2014/01/20	3.03	3.08	2.95	3.03	1875861	37109116.00
2014/01/21	2.99	3.11	2.99	3.11	2386473	48226348.00
2014/01/22	3.11	3.31	3.09	3.31	4073904	87305544.00
2014/01/23	3.31	3.41	3.26	3.34	3125682	68418728.00
2014/01/24	3.36	3.41	3.27	3.33	2939753	64798520.00
2014/01/27	3.33	3.36	3.28	3.31	2887969	63034268.00
2014/01/28	3.26	3.32	3.18	3.27	2295960	49072508.00
2014/01/29	3.20	3.33	3.20	3.28	1671333	36177008.00
2014/01/30	3.28	3.32	3.19	3.29	1064425	22901804.00
2014/02/07	3.23	3.31	3.19	3.29	2225481	47756148.00
2014/02/10	3.27	3.57	3.24	3.50	4036170	90474144.00
2014/02/11	3.47	3.65	3.47	3.62	3072033	72069056.00
2014/02/12	3.60	3.65	3.52	3.64	1366438	32197176.00
2014/02/13	3.61	3.62	3.34	3.47	3002848	68721784.00
2014/02/14	3.42	3.50	3.38	3.49	1258979	28586472.00
2014/02/17	3.50	3.58	3.48	3.49	1681309	38766116.00
2014/02/18	3.49	3.58	3.46	3.52	1785905	41540108.00
2014/02/19	3.53	3.65	3.50	3.61	2154791	50959856.00
2014/02/20	3.61	3.64	3.55	3.58	1496579	35331124.00
2014/02/21	3.58	3.63	3.44	3.54	1236780	28620038.00
2014/02/24	3.54	3.58	3.43	3.48	1515115	34858572.00
2014/02/25	3.48	3.53	3.12	3.12	4120470	88604176.00
2014/02/26	3.03	3.17	2.95	3.16	2137122	43066912.00
2014/02/27	3.13	3.23	3.03	3.05	1717397	35596960.00
2014/02/28	3.04	3.18	3.01	3.14	993018	20140658.00
2014/03/03	3.14	3.24	3.05	3.14	1411286	29027820.00
2014/03/04	3.13	3.15	3.03	3.06	1120924	22765138.00
2014/03/05	3.06	3.11	3.03	3.08	996299	20231482.00
2014/03/06	3.10	3.20	3.07	3.13	1015052	20914912.00
2014/03/07	3.13	3.20	3.06	3.08	1093350	22391362.00
2014/03/10	3.03	3.09	2.86	2.86	1542031	30102662.00
2014/03/11	2.86	2.90	2.79	2.79	1167411	21912424.00
2014/03/12	2.79	2.90	2.79	2.84	929101	17493764.00
2014/03/13	2.86	2.94	2.86	2.93	1273828	24363540.00
2014/03/14	2.93	3.01	2.87	2.92	1703748	33030416.00
2014/03/17	2.93	3.04	2.93	3.03	1048021	20671792.00
2014/03/18	3.00	3.12	2.98	3.07	1033733	21038538.00
2014/03/19	3.06	3.10	2.95	2.99	1046675	20841366.00
2014/03/20	3.00	3.07	2.97	3.04	1620154	32360492.00
2014/03/21	3.04	3.05	2.86	2.97	1840606	35728104.00
2014/03/24	3.08	3.27	3.06	3.27	3415143	72754128.00
2014/03/25	3.42	3.42	3.26	3.29	5300077	117089592.00
2014/03/26	3.34	3.37	3.26	3.33	1877855	40943336.00
2014/03/27	3.32	3.32	3.22	3.23	1795739	38478284.00
2014/03/28	3.18	3.23	2.95	3.00	1670351	33791500.00
2014/03/31	2.99	3.11	2.89	2.90	1858263	36719776.00
2014/04/01	2.90	3.03	2.90	3.01	982508	19374894.00
2014/04/02	3.01	3.12	3.00	3.05	1326852	26863442.00
2014/04/03	3.05	3.13	3.01	3.13	1092555	22262240.00
2014/04/04	3.12	3.25	3.11	3.23	1326282	27979632.00
2014/04/08	3.18	3.25	3.13	3.24	910156	19205746.00
2014/04/09	3.32	3.32	3.24	3.28	1354404	29223634.00
2014/04/10	3.28	3.34	3.23	3.23	1465241	31696440.00
2014/04/11	3.22	3.34	3.13	3.34	2471974	52847000.00
2014/04/14	3.48	3.48	3.35	3.39	2629653	58975424.00
2014/04/15	3.41	3.44	3.34	3.40	1520838	34027392.00
2014/04/16	3.41	3.41	3.35	3.39	965310	21479814.00
2014/04/17	3.41	3.63	3.40	3.59	2987912	70005568.00
2014/04/18	3.60	3.76	3.55	3.76	2773986	66976656.00
2014/04/21	3.75	3.75	3.63	3.64	2414817	58369424.00
2014/04/22	3.61	3.64	3.32	3.38	4756653	107179288.00
2014/04/23	3.37	3.46	3.34	3.38	1704402	38218344.00
2014/04/24	3.38	3.43	3.36	3.42	1299512	29091480.00
2014/04/25	3.42	3.45	3.34	3.40	1372608	30547074.00
2014/04/28	3.40	3.40	3.06	3.07	2435211	51834148.00
2014/04/29	3.07	3.25	3.06	3.24	1094650	22883116.00
2014/04/30	3.23	3.41	3.23	3.41	1345366	29722848.00
2014/05/05	3.41	3.46	3.37	3.44	1017364	22902948.00
2014/05/06	3.45	3.51	3.40	3.45	1444899	33005840.00
2014/05/07	3.45	3.51	3.38	3.46	1241715	28213818.00
2014/05/08	3.45	3.54	3.43	3.46	1475910	33994252.00
2014/05/09	3.44	3.50	3.35	3.40	1020973	22894742.00
2014/05/12	3.40	3.54	3.37	3.50	1116403	25392470.00
2014/05/13	3.48	3.60	3.47	3.50	1043497	24271746.00
2014/05/14	3.55	3.57	3.45	3.53	1198141	27786886.00
2014/05/15	3.58	3.59	3.34	3.35	1585723	35683828.00
2014/05/16	3.34	3.37	3.30	3.33	800796	17606572.00
2014/05/19	3.34	3.48	3.28	3.34	1525947	33960624.00
2014/05/20	3.34	3.45	3.34	3.37	1279918	28682226.00
2014/05/21	3.37	3.41	3.29	3.41	558655	12438242.00
2014/05/22	3.44	3.50	3.37	3.42	1141736	25797440.00
2014/05/23	3.41	3.47	3.37	3.45	929842	20931474.00
2014/05/26	3.45	3.60	3.45	3.56	2355569	54978648.00
2014/05/27	3.56	3.65	3.51	3.62	2819750	66872096.00
2014/05/28	3.62	3.65	3.58	3.64	1957159	46533996.00
2014/05/29	3.63	3.67	3.54	3.61	2774848	65955936.00
2014/05/30	3.62	3.68	3.57	3.63	1790066	42780704.00
2014/06/03	3.63	3.65	3.53	3.53	1480461	34944492.00
2014/06/04	3.53	3.65	3.50	3.64	1677058	39386380.00
2014/06/05	3.65	3.75	3.62	3.72	2191369	53230568.00
2014/06/06	3.72	3.76	3.64	3.72	1643959	39876176.00
2014/06/09	3.73	4.08	3.71	4.03	4620092	120238872.00
2014/06/10	4.01	4.11	3.97	4.10	4101704	109112112.00
2014/06/11	4.11	4.14	3.98	4.03	2890493	76662904.00
2014/06/12	4.04	4.06	3.92	4.02	2127544	55671680.00
2014/06/13	3.99	4.09	3.98	4.05	2044539	54231704.00
2014/06/16	4.04	4.12	3.99	4.04	2026694	53715136.00
2014/06/17	4.04	4.23	3.88	3.88	4366306	115677872.00
2014/06/18	3.86	3.89	3.72	3.87	3937712	98120720.00
2014/06/19	3.83	3.86	3.62	3.70	2068808	50976880.00
2014/06/20	3.73	3.88	3.70	3.86	2200521	54885176.00
2014/06/23	3.84	4.00	3.84	3.98	2499109	65094396.00
2014/06/24	3.97	4.00	3.89	3.98	1059564	27517496.00
2014/06/25	3.98	4.01	3.91	3.96	963217	24978828.00
2014/06/26	3.95	4.11	3.95	4.09	2334033	62028648.00
2014/06/27	4.17	4.20	4.04	4.09	2340071	62952520.00
2014/06/30	4.12	4.13	4.04	4.11	1297015	34938368.00
2014/07/01	4.11	4.19	4.06	4.17	1853645	50131332.00
2014/07/02	4.28	4.33	4.13	4.18	3075276	84859512.00
2014/07/03	4.17	4.21	4.08	4.12	1824919	49406500.00
2014/07/04	4.12	4.18	4.11	4.12	1548658	42019988.00
2014/07/07	4.11	4.15	4.09	4.11	1207085	32582722.00
2014/07/08	4.11	4.17	4.06	4.12	1296185	34965940.00
2014/07/09	4.10	4.14	4.03	4.03	1858826	49999904.00
2014/07/10	4.03	4.14	4.03	4.09	1535422	41303564.00
2014/07/11	4.06	4.18	4.04	4.09	1723526	46325320.00
2014/07/14	4.07	4.15	4.05	4.12	1040641	28016136.00
2014/07/15	4.11	4.15	4.05	4.09	1321537	35421480.00
2014/07/16	4.09	4.13	3.93	3.94	1971235	51867356.00
2014/07/17	3.96	4.00	3.87	3.95	1902980	24419260.00
2014/07/18	3.97	4.14	3.91	4.04	3107919	41188836.00
2014/07/21	4.07	4.07	3.94	4.02	1524339	20011226.00
2014/07/22	4.02	4.12	3.97	4.10	2734744	36571904.00
2014/07/23	4.06	4.11	3.89	3.94	3306851	43196344.00
2014/07/24	3.93	3.96	3.58	3.70	7135648	86637136.00
2014/07/25	3.66	3.76	3.66	3.74	2543291	31062454.00
2014/07/28	3.75	3.78	3.69	3.78	3300224	40547872.00
2014/07/29	3.81	3.91	3.76	3.89	2885070	36619972.00
2014/07/30	3.85	3.91	3.83	3.84	2781424	35258016.00
2014/07/31	3.87	3.89	3.77	3.82	2911372	36401612.00
2014/08/01	3.78	3.86	3.71	3.74	3689950	45467072.00
2014/08/04	3.75	3.80	3.73	3.79	1994172	24707240.00
2014/08/05	3.79	3.88	3.76	3.86	3011883	37820228.00
2014/08/06	3.86	3.92	3.86	3.88	2722609	34693184.00
2014/08/07	3.91	4.19	3.86	4.17	8062312	107184752.00
2014/08/08	4.17	4.22	4.08	4.21	5991405	81736240.00
2014/08/11	4.28	4.31	4.18	4.26	6404134	88862088.00
2014/08/12	4.28	4.30	4.20	4.28	4450896	61935272.00
2014/08/13	4.27	4.28	4.12	4.28	4601735	63676628.00
2014/08/14	4.28	4.42	4.24	4.32	8748910	124119128.00
2014/08/15	4.38	4.40	4.31	4.33	8188933	116459184.00
2014/08/18	4.34	4.51	4.34	4.50	8113539	118124536.00
2014/08/19	4.50	4.58	4.45	4.54	5993035	88556880.00
2014/08/20	4.60	4.60	4.45	4.49	5191076	76557256.00
2014/08/21	4.49	4.52	4.29	4.45	4491563	64775424.00
2014/08/22	4.43	4.53	4.41	4.51	3807986	55902360.00
2014/08/25	4.52	4.53	4.36	4.48	4152290	60353876.00
2014/08/26	4.48	4.48	4.28	4.30	3541592	50707948.00
2014/08/27	4.31	4.37	4.29	4.32	2680003	37913724.00
2014/08/28	4.30	4.47	4.26	4.44	3919573	55780192.00
2014/08/29	4.46	4.90	4.46	4.68	12110842	188126992.00
2014/09/01	4.70	4.97	4.65	4.93	15679316	250133824.00
2014/09/02	4.95	5.08	4.84	4.94	17510398	281776352.00
2014/09/03	4.95	4.95	4.78	4.86	10420926	165647184.00
2014/09/04	4.87	5.05	4.80	4.91	9974250	159926624.00
2014/09/05	4.92	4.96	4.79	4.88	6008322	95257392.00
2014/09/09	4.89	5.02	4.85	4.89	9785091	157233136.00
2014/09/10	4.90	5.21	4.87	4.98	14440713	237128464.00
2014/09/11	5.01	5.06	4.90	4.96	8847394	143537264.00
2014/09/12	4.95	4.96	4.81	4.96	7187437	114447792.00
2014/09/15	4.94	5.19	4.94	5.18	14609759	242570640.00
2014/09/16	5.18	5.21	4.96	4.98	9399536	155966688.00
2014/09/17	4.98	5.01	4.85	4.94	4744612	76137552.00
2014/09/18	4.93	4.99	4.85	4.98	4728149	75942016.00
2014/09/19	4.98	5.03	4.91	4.97	3964218	64306276.00
2014/09/22	4.97	5.09	4.91	4.99	4387474	71516048.00
2014/09/23	4.99	5.27	4.99	5.26	12208053	205608336.00
2014/09/24	5.27	5.30	5.16	5.28	7302939	124506416.00
2014/09/25	5.27	5.38	5.18	5.23	7285929	125404032.00
2014/09/26	5.21	5.33	5.16	5.28	7181659	122434456.00
2014/09/29	5.28	5.36	5.13	5.17	7755473	132822320.00
2014/09/30	5.16	5.20	5.08	5.14	6307086	105630256.00
2014/10/08	5.13	5.20	5.09	5.17	6751986	113511112.00
2014/10/09	5.19	5.42	5.18	5.42	12778010	221220848.00
2014/10/10	5.44	5.70	5.43	5.47	10107575	181864080.00
2014/10/13	5.38	5.43	5.26	5.36	7537512	130970544.00
2014/10/14	5.30	5.48	5.27	5.33	5419871	94990832.00
2014/10/15	5.33	5.36	5.23	5.27	4991712	85782088.00
2014/10/16	5.27	5.30	5.16	5.16	5158103	87857136.00
2014/10/17	5.13	5.14	4.78	4.94	8139639	131430944.00
2014/10/20	4.94	5.17	4.94	5.10	4716772	78151696.00
2014/10/21	5.11	5.14	4.99	5.02	3469961	57232948.00
2014/10/22	5.05	5.26	5.04	5.12	6344874	107192344.00
2014/10/23	5.08	5.28	5.04	5.12	5756631	96958928.00
2014/10/24	5.12	5.18	5.00	5.04	3504398	57837964.00
2014/10/27	5.04	5.25	5.04	5.23	6005024	100952992.00
2014/10/28	5.23	5.38	5.21	5.32	6082063	105099784.00
2014/10/29	5.35	5.43	5.28	5.33	8174706	143231376.00
2014/10/30	5.33	5.45	5.31	5.42	7178884	125945256.00
2014/10/31	5.42	5.46	5.31	5.37	6316915	110203400.00
2014/11/03	5.39	5.40	5.28	5.38	6038415	105314592.00
2014/11/04	5.37	5.43	5.25	5.27	6633835	115862472.00
2014/11/05	5.23	5.25	5.02	5.09	8244459	137313952.00
2014/11/06	5.09	5.22	5.07	5.20	5461598	91416240.00
2014/11/07	5.23	5.30	5.08	5.14	5139581	87011360.00
2014/11/10	5.14	5.18	5.02	5.08	3847641	63815404.00
2014/11/11	5.08	5.14	4.94	5.01	6117626	100501080.00
2014/11/12	5.00	5.05	4.83	5.01	5727179	92317944.00
2014/11/13	5.01	5.01	4.71	4.71	6691427	104821496.00
2014/11/14	4.71	4.77	4.50	4.75	5836774	88319928.00
2014/11/17	4.71	4.88	4.61	4.80	4582087	71895088.00
2014/11/18	4.80	4.84	4.71	4.79	3060115	47650436.00
2014/11/19	4.78	5.17	4.78	5.08	7908052	128579912.00
2014/11/20	5.06	5.31	5.03	5.27	10990147	188240608.00
2014/11/21	5.28	5.36	5.21	5.29	8433961	145472480.00
2014/11/24	5.28	5.39	5.24	5.36	6870317	119427576.00
2014/11/25	5.37	5.77	5.37	5.72	11695432	211833584.00
2014/11/26	5.72	5.86	5.59	5.71	9269784	173491232.00
2014/11/27	5.68	5.84	5.68	5.79	5979045	112257128.00
2014/11/28	5.83	6.12	5.79	5.83	8812131	169836688.00
2014/12/01	5.84	5.87	5.37	5.61	9559538	172805712.00
2014/12/02	5.56	5.83	5.46	5.72	6657867	123369720.00
2014/12/03	5.70	5.72	5.43	5.61	8469254	153354192.00
2014/12/04	5.58	5.79	5.51	5.73	7448864	136532528.00
2014/12/05	5.71	6.22	5.54	5.97	10232189	195364768.00
2014/12/08	5.84	5.99	5.66	5.72	7141648	134388672.00
2014/12/09	5.72	5.74	5.37	5.37	10748125	194770736.00
2014/12/10	5.41	5.78	5.41	5.70	5323816	97803248.00
2014/12/11	5.70	5.76	5.59	5.64	4235929	78130784.00
2014/12/12	5.59	6.21	5.59	6.13	10558045	206525648.00
2014/12/15	6.09	6.59	6.03	6.41	8990210	185692400.00
2014/12/16	6.41	6.46	6.19	6.35	4907860	100841488.00
2014/12/17	6.34	6.39	6.11	6.25	6344581	128288080.00
2014/12/18	6.28	6.56	6.14	6.27	6091496	125976208.00
2014/12/19	6.31	6.43	6.09	6.30	5034086	101821304.00
2014/12/22	6.25	6.52	5.93	6.22	8300188	166482640.00
2014/12/23	6.13	6.22	5.58	5.58	8718098	165345840.00
2014/12/24	5.50	5.88	5.50	5.76	3881365	72869872.00
2015/02/11	5.98	6.35	5.98	6.14	33627571	687898496.00
2015/02/12	6.00	6.25	5.78	6.17	13388223	261349392.00
2015/02/13	6.26	6.57	6.16	6.54	18114935	376530176.00
2015/02/16	6.47	6.59	6.41	6.56	8036860	169685440.00
2015/02/17	6.50	6.71	6.45	6.47	5080349	108120944.00
2015/02/25	6.37	6.59	6.12	6.19	7336618	152225520.00
2015/02/26	6.22	6.27	6.03	6.24	5906561	118290216.00
2015/02/27	6.31	6.42	6.13	6.41	6488045	132091216.00
2015/03/02	6.46	6.56	6.28	6.51	7848895	164392176.00
2015/03/03	6.51	7.02	6.41	6.85	11417362	254549408.00
2015/03/04	6.91	7.17	6.87	6.95	7571867	172045808.00
2015/03/05	7.05	7.25	6.96	7.15	8226797	190031232.00
2015/03/06	7.03	7.25	6.75	6.87	8125195	182760880.00
2015/03/09	6.78	7.24	6.75	7.23	6307859	142965440.00
2015/03/10	7.24	7.31	7.09	7.17	5468056	127782112.00
2015/03/11	7.10	7.30	6.99	7.25	5601626	130159080.00
2015/03/12	7.23	7.59	7.08	7.14	5994250	141802016.00
2015/03/13	7.12	7.37	6.98	7.22	3885913	90046640.00
2015/03/16	7.34	7.52	7.15	7.48	7436732	175764416.00
2015/03/17	7.44	7.75	7.33	7.71	6854471	167806736.00
2015/03/18	7.71	8.21	7.59	8.14	9125928	233351984.00
2015/03/19	8.09	8.41	8.03	8.35	7479146	200655056.00
2015/03/20	8.34	8.56	8.13	8.27	5438171	146597408.00
2015/03/23	8.22	8.97	8.16	8.76	6726761	187672400.00
2015/03/24	8.67	8.92	8.24	8.60	7176909	199227568.00
2015/03/25	8.59	8.59	8.09	8.33	6491576	175149424.00
2015/03/26	8.20	8.34	7.86	7.93	6048999	157620848.00
2015/03/27	7.93	8.62	7.90	8.43	4842693	129854968.00
2015/03/30	8.43	8.52	8.03	8.33	4962146	132939944.00
2015/03/31	8.18	8.45	8.00	8.28	4556655	121655912.00
2015/04/01	8.26	8.81	8.26	8.70	5396572	150950080.00
2015/04/02	9.06	9.40	8.82	9.04	6941947	203291504.00
2015/04/03	9.03	9.29	8.81	9.24	6721354	197604048.00
2015/04/07	9.05	9.80	8.84	9.70	8501433	255406272.00
2015/04/08	9.72	10.53	9.72	10.43	9996266	332361632.00
2015/04/09	10.42	10.43	9.53	10.11	7349059	238854864.00
2015/04/10	9.88	10.42	9.88	10.10	4714857	154798304.00
2015/04/13	10.25	11.12	10.25	11.12	8560411	296773408.00
2015/04/14	11.17	11.84	10.96	11.12	5184101	190002128.00
2015/04/15	11.27	11.87	10.25	10.69	5847387	208285488.00
2015/04/16	10.99	11.65	10.53	10.70	7398259	262676880.00
2015/04/17	10.84	10.98	10.11	10.28	7530836	253149408.00
2015/04/20	10.28	10.28	9.66	9.75	7208269	231117600.00
2015/04/21	9.86	10.68	9.84	10.60	4888302	162207712.00
2015/04/22	10.86	11.15	10.59	10.66	5970910	209253168.00
2015/04/23	10.53	10.87	10.43	10.60	4942333	168592592.00
2015/04/24	10.40	10.62	10.18	10.49	4267103	142942400.00
2015/04/27	10.63	11.24	10.56	10.56	5997019	209010688.00
2015/04/28	10.50	10.61	9.62	9.83	7674333	248166080.00
2015/04/29	9.78	10.28	9.75	10.08	4496917	146261184.00
2015/04/30	10.08	10.26	10.01	10.03	5955900	194950640.00
2015/05/04	10.01	10.37	9.81	10.29	5091072	166599472.00
2015/05/05	10.26	10.83	9.75	10.40	6576157	222572832.00
2015/05/06	10.42	10.99	10.42	10.62	5858708	203057648.00
2015/05/07	10.72	11.68	10.55	11.29	8964346	320066848.00
2015/05/08	11.49	12.43	11.49	12.43	9538169	373755328.00
2015/05/11	12.99	12.99	12.05	12.58	10699611	433530848.00
2015/05/12	12.54	13.84	12.16	13.39	9368227	386122976.00
2015/05/25	14.74	14.74	14.74	14.74	1098810	52160512.00
2015/05/26	15.84	16.22	15.18	16.22	9827267	504144640.00
2015/05/27	17.40	17.85	16.94	17.85	15714970	893780544.00
2015/05/28	18.37	19.41	16.47	16.49	14335996	833319936.00
2015/05/29	16.23	18.15	16.23	18.15	13091552	735239424.00
2015/06/01	18.97	19.98	18.24	19.97	12545076	769560256.00
2015/06/02	20.22	21.59	19.62	21.34	14415363	959563584.00
2015/06/03	20.54	21.39	19.29	20.68	26177688	864480960.00
2015/06/04	20.73	20.73	18.60	19.18	22944093	707146240.00
2015/06/05	19.18	19.92	18.31	18.98	18233835	562440064.00
2015/06/08	18.98	19.09	17.49	17.93	16693950	482642464.00
2015/06/09	17.93	18.79	17.53	18.42	15522387	457731776.00
2015/06/10	18.39	20.22	17.93	19.73	17709078	550873792.00
2015/06/11	19.73	21.71	19.73	21.71	20468860	695539520.00
2015/06/12	22.52	23.89	21.79	23.81	22475537	823000768.00
2015/06/15	23.98	24.56	21.99	22.24	19577978	721507264.00
2015/06/16	21.79	23.22	20.26	22.29	16447382	585466432.00
2015/06/17	22.31	23.36	21.64	23.23	15146045	552962880.00
2015/06/18	23.24	25.16	23.04	23.66	15907337	612064832.00
2015/06/19	22.73	23.99	21.29	21.29	14158270	503141280.00
2015/06/23	21.29	21.79	19.15	20.45	17414794	556526144.00
2015/06/24	20.48	21.17	19.20	20.53	14222649	460882784.00
2015/06/25	20.53	21.04	18.54	18.60	11215680	351138432.00
2015/06/26	17.96	17.96	16.73	16.73	8793202	238607680.00
2015/06/29	16.89	17.21	15.05	15.05	13498209	336704448.00
2015/06/30	13.67	16.17	13.54	15.48	23600945	554686976.00
2015/07/01	15.42	16.98	14.29	14.79	21201680	548206400.00
2015/07/02	15.11	15.58	13.31	14.29	23485705	555601600.00
2015/07/03	13.68	15.39	12.86	12.89	19177634	418909856.00
2015/07/06	14.19	14.19	11.59	11.59	18586240	378544032.00
2015/07/14	12.76	12.76	12.76	12.76	235788	4845443.50
2015/07/15	14.05	14.05	12.74	12.99	33080987	727447488.00
2015/07/16	12.98	14.09	11.86	13.67	15369801	329296608.00
2015/07/17	14.17	15.04	14.04	15.04	10750562	254894528.00
2015/07/20	16.11	16.56	15.18	16.56	22105337	583845824.00
2015/07/21	16.73	18.17	16.23	17.76	20777702	579623360.00
2015/07/22	18.29	18.73	16.79	18.18	21505866	626408768.00
2015/07/23	17.84	19.92	17.74	19.73	17806701	547684992.00
2015/07/24	19.17	21.29	19.17	20.64	17459451	579856768.00
2015/07/27	20.16	21.26	18.57	18.57	23942603	756929984.00
2015/07/28	16.71	19.48	16.71	18.34	23179759	660501184.00
2015/07/29	19.09	19.48	17.09	18.66	21108896	617875392.00
2015/07/30	18.81	19.85	18.24	18.43	17862405	550846208.00
2015/07/31	18.02	18.89	17.48	17.64	13964606	407468864.00
2015/08/03	17.73	17.73	15.87	15.92	15735599	411747168.00
2015/08/04	15.97	17.52	14.84	17.51	23361881	610998912.00
2015/08/05	17.11	18.67	17.11	17.46	16709226	479178720.00
2015/08/06	16.79	17.86	16.67	17.65	10057817	281051008.00
2015/08/07	18.04	19.29	17.80	19.27	15793350	473492576.00
2015/08/10	19.46	20.75	19.46	19.92	13452711	436310208.00
2015/08/11	20.23	20.72	19.58	19.94	14481476	465857376.00
2015/08/12	19.56	19.79	18.43	18.49	12867958	397349536.00
2015/08/13	18.13	19.29	17.83	19.08	11603062	347314720.00
2015/08/14	19.29	19.64	18.79	18.88	7720808	237305616.00
2015/08/17	18.27	19.04	17.67	18.58	12961408	379819168.00
2015/08/18	18.71	18.71	16.71	16.71	11583098	328709152.00
2015/08/19	16.11	18.09	16.04	17.86	13884138	378053888.00
2015/08/20	17.76	17.76	16.72	16.85	8857298	244899936.00
2015/08/21	16.59	16.98	15.86	16.14	13953151	366093248.00
2015/08/24	15.23	15.23	14.52	14.52	6732906	158182848.00
2015/08/25	13.06	14.60	13.06	13.06	16044378	342328512.00
2015/08/26	13.36	13.92	11.79	13.00	18800775	398653408.00
2015/08/27	13.21	14.30	13.21	14.29	12931633	287053120.00
2015/08/28	14.86	15.56	14.61	15.49	10134083	248202704.00
2015/08/31	15.86	15.86	14.29	14.29	12392668	295154368.00
2015/09/01	13.98	13.98	12.86	12.86	10785632	227784480.00
2015/09/02	12.17	13.65	11.61	11.79	12261693	242078512.00
2015/09/07	12.44	12.76	12.01	12.34	9651232	193639456.00
2015/09/08	12.11	13.58	12.03	13.58	7670859	157274928.00
2015/09/09	14.29	14.79	13.86	14.46	10028946	232877104.00
2015/09/10	14.29	15.23	13.76	14.63	7908400	186871936.00
2015/09/11	14.86	15.04	14.17	14.56	6159921	144782576.00
2015/09/14	14.67	14.91	13.09	13.09	8260200	181513296.00
2015/09/15	12.33	12.92	11.84	11.92	9355035	187063504.00
2015/09/16	11.89	13.12	11.89	13.12	6419146	130084072.00
2015/09/17	13.36	14.44	13.31	13.92	13772665	312328032.00
2015/09/18	14.19	15.03	13.73	14.87	11810847	274716096.00
2015/09/21	14.61	16.30	14.37	16.18	10945921	279343168.00
2015/09/22	16.29	16.73	15.72	16.17	11608804	303272896.00
2015/09/23	15.86	16.50	15.63	16.20	9971279	257430784.00
2015/09/24	16.36	16.50	15.34	15.49	9244994	235763120.00
2015/09/25	15.54	15.97	14.86	15.23	9113774	225380800.00
2015/09/28	15.29	16.70	14.93	16.53	8094669	207286576.00
2015/09/29	16.36	17.59	15.84	17.13	14550236	394876576.00
2015/09/30	17.42	17.78	17.01	17.28	8907790	249535904.00
2015/10/08	18.17	18.83	17.78	18.42	9139602	270469600.00
2015/10/09	18.54	18.73	17.70	18.26	8960867	261703312.00
2015/10/12	18.45	19.44	18.36	19.33	19508273	589780672.00
2015/10/13	18.67	19.01	17.86	17.99	19739564	581920448.00
2015/10/14	17.99	18.23	17.43	17.69	10153178	288803168.00
2015/10/15	17.85	19.01	17.69	18.99	14490785	431468256.00
2015/10/16	19.00	19.20	18.25	19.10	15113569	456285536.00
2015/10/19	18.97	19.05	18.03	18.56	13875037	409771392.00
2015/10/20	18.51	19.24	17.99	18.89	15059066	450163584.00
2015/10/21	18.62	18.77	16.99	16.99	21106346	603425728.00
2015/10/22	16.79	17.73	16.79	17.61	11542616	322769472.00
2015/10/23	17.54	18.02	17.48	17.66	11093526	315903456.00
2015/10/26	17.92	17.98	16.96	17.36	14037405	390587456.00
2015/10/27	17.34	18.67	16.92	18.36	15759955	451061472.00
2015/10/28	18.17	18.48	17.30	17.54	11330619	329215296.00
2015/10/29	17.72	17.79	17.16	17.56	6468997	181705664.00
2015/10/30	17.56	17.84	16.97	17.33	7134072	200410400.00
2015/11/02	16.91	18.18	16.84	17.44	7898330	224546064.00
2015/11/03	17.54	18.12	17.18	17.93	6741257	192207168.00
2015/11/04	17.99	18.95	17.99	18.90	13790358	413927104.00
2015/11/05	18.71	19.34	18.28	18.60	10611140	321388896.00
2015/11/06	18.41	19.33	18.38	19.23	12051072	369800384.00
2015/11/09	19.11	19.58	18.88	19.29	12145846	373572544.00
2015/11/10	19.11	19.11	18.56	18.87	13478728	406211712.00
2015/11/11	18.70	18.94	18.27	18.89	16517375	494024448.00
2015/11/12	19.17	20.79	18.56	20.48	26353836	840279360.00
2015/11/13	19.93	20.33	18.94	19.24	14434883	451942720.00
2015/11/16	18.66	19.29	18.36	19.28	10650724	322759936.00
2015/11/17	19.29	19.61	18.42	18.66	14572825	443022048.00
2015/11/18	18.67	18.70	17.74	17.89	9489454	277150528.00
2015/11/19	17.91	18.54	17.90	18.49	6425378	189422816.00
2015/11/20	18.49	19.92	18.49	18.93	8279858	251364592.00
2015/11/23	18.95	18.95	18.11	18.14	6931412	206204544.00
2015/11/24	18.16	18.48	18.04	18.31	4303671	126176168.00
2015/11/25	18.34	19.22	18.33	19.06	10136938	308646624.00
2015/11/26	19.20	19.89	18.89	19.23	10147438	315207200.00
2015/11/27	19.04	19.19	17.45	17.88	12211910	359487264.00
2015/11/30	17.85	18.23	16.48	17.98	8568563	243335216.00
2015/12/01	17.97	18.23	17.54	17.79	5054392	145605872.00
2015/12/02	17.79	18.04	16.89	17.10	5269506	147217328.00
2015/12/03	17.11	17.77	17.11	17.49	4760944	133171664.00
2015/12/04	17.48	18.16	17.43	17.66	5247308	150102400.00
2015/12/07	17.54	18.14	17.47	18.06	5370127	154121088.00
2015/12/08	17.83	18.17	17.73	17.90	4576198	131670592.00
2015/12/09	17.64	17.94	17.31	17.74	4091378	115986152.00
2015/12/10	17.84	18.16	17.61	18.11	6323622	182388528.00
2015/12/11	18.12	18.88	17.87	18.04	8553385	253230896.00
2015/12/14	17.86	18.03	17.36	17.99	6598520	186895280.00
2015/12/15	17.99	18.54	17.73	18.10	5141321	150698576.00
2015/12/16	18.04	19.92	18.04	19.92	27187791	856923584.00
2015/12/17	20.42	20.52	19.79	20.03	23686819	765266304.00
2015/12/18	19.85	20.40	19.59	19.89	12470532	401012736.00
2015/12/21	19.92	20.22	19.36	20.08	11761144	374124608.00
2015/12/22	19.91	20.28	19.45	19.69	8466587	270339744.00
2015/12/23	19.61	19.63	18.80	18.89	10541329	326665216.00
2015/12/24	18.78	19.23	18.68	19.13	6783587	206914096.00
2015/12/25	19.11	19.47	18.98	19.27	6216467	192285712.00
2015/12/28	19.23	19.34	18.45	18.70	8744674	263884080.00
2015/12/29	18.61	18.89	18.34	18.71	5334815	159811904.00
2015/12/30	18.67	19.21	18.67	19.03	8574400	261770976.00
2015/12/31	18.98	18.98	18.36	18.39	6181568	184704240.00
2016/01/04	18.36	18.54	16.99	16.99	6519082	185657328.00
2016/01/05	16.48	17.48	16.29	17.35	10521301	286129920.00
2016/01/06	18.04	18.26	17.46	17.91	7260852	207898288.00
2016/01/07	17.57	17.58	16.11	16.12	2532963	67651864.00
2016/01/08	16.92	17.11	15.04	16.51	11962411	312018080.00
2016/01/11	15.95	16.71	14.85	14.85	17624288	442908832.00
2016/01/12	14.79	15.47	13.98	14.86	11580516	273174944.00
2016/01/13	14.93	15.16	14.18	14.20	5180140	122518872.00
2016/01/14	13.87	15.63	13.54	15.53	12027983	282607232.00
2016/01/15	15.34	15.84	14.89	15.01	5563712	137347056.00
2016/01/18	14.61	16.36	14.61	15.79	7802589	196015136.00
2016/01/19	15.86	16.67	15.76	16.47	10318936	272333088.00
2016/01/20	16.23	16.63	15.87	16.18	6609969	173018400.00
2016/01/21	16.58	16.83	15.84	15.84	10225845	271483456.00
2016/01/22	15.79	16.66	15.70	16.48	6594848	171170464.00
2016/01/25	16.58	17.54	16.58	16.91	7721638	211236320.00
2016/01/26	16.61	17.23	15.22	15.73	7246714	191754160.00
2016/01/27	15.86	16.55	14.48	15.67	11053500	274649408.00
2016/01/28	15.54	15.84	14.61	14.78	5744278	140034752.00
2016/01/29	14.61	15.76	14.55	15.43	4460735	110234768.00
2016/02/01	15.24	15.86	15.24	15.51	3044192	76385280.00
2016/02/02	15.55	16.86	15.55	16.58	6533136	173235152.00
2016/02/03	16.17	16.94	16.08	16.77	4334150	115212272.00
2016/02/04	16.75	17.05	16.26	16.57	9467771	252834912.00
2016/02/05	16.48	16.67	16.10	16.16	5147159	134839392.00
2016/02/15	15.34	16.92	15.34	16.70	6584706	172931088.00
2016/02/16	16.74	17.61	16.74	17.42	9811706	273013408.00
2016/02/17	17.42	17.93	17.40	17.70	8221039	234447440.00
2016/02/18	18.04	18.26	17.29	17.58	4691294	132966976.00
2016/02/19	17.54	17.73	17.11	17.56	5259494	147500672.00
2016/02/22	17.89	17.99	17.29	17.76	7660994	216201280.00
2016/02/23	17.76	17.76	17.04	17.19	7203108	200915312.00
2016/02/24	17.12	17.48	16.71	17.24	7897161	217901968.00
2016/02/25	17.20	17.34	15.68	15.86	6694546	178055328.00
2016/02/26	15.86	17.14	15.86	17.11	8470297	227027584.00
2016/02/29	17.11	17.11	15.48	15.79	8214510	211509776.00
2016/03/01	15.79	16.38	14.99	16.04	6250082	159309152.00
2016/03/02	15.79	17.09	15.77	16.98	7026389	186677488.00
2016/03/03	16.98	17.42	16.83	17.04	5731219	157663488.00
2016/03/04	16.80	17.63	16.80	17.26	8818291	244721856.00
2016/03/07	17.43	18.17	17.43	17.87	10758798	309113376.00
2016/03/08	17.74	17.79	16.48	17.73	5844741	162348288.00
2016/03/09	17.72	17.72	16.98	17.23	4573615	127204584.00
2016/03/10	17.11	17.41	16.81	17.26	4772748	131520064.00
2016/03/11	17.01	17.48	17.01	17.31	3551368	98708880.00
2016/03/14	17.50	18.28	17.50	18.02	8976726	260814736.00
2016/03/15	17.84	18.19	17.75	18.14	4477385	129489784.00
2016/03/16	18.51	18.61	17.42	17.44	5587523	160347712.00
2016/03/17	17.50	18.67	17.49	18.65	10308965	302226816.00
2016/03/18	18.65	19.28	18.43	18.99	10238903	311079616.00
2016/03/21	19.17	19.29	18.69	19.12	6625087	202614944.00
2016/03/22	18.92	19.67	18.83	18.94	6579858	203920400.00
2016/03/23	18.96	18.96	18.37	18.70	5515898	165218208.00
2016/03/24	18.61	19.11	18.41	18.66	3914179	118301616.00
2016/03/25	18.48	18.92	18.08	18.49	4315396	127610688.00
2016/03/28	18.65	19.06	18.42	18.67	4927237	148305504.00
2016/03/29	18.48	19.14	18.28	18.94	7749673	234767888.00
2016/03/30	19.23	19.34	18.81	19.22	5993353	183907392.00
2016/03/31	19.29	19.58	18.16	18.35	12639493	380840064.00
2016/04/01	18.23	18.45	17.93	18.29	7075155	206180656.00
2016/04/05	18.35	18.64	18.06	18.53	6676808	197554016.00
2016/04/06	18.50	18.59	18.14	18.33	5536206	162871344.00
2016/04/07	18.33	18.48	17.88	17.94	5506483	160001488.00
2016/04/08	17.86	18.18	17.63	18.13	4151032	119585800.00
2016/04/11	18.71	18.81	18.21	18.33	8116894	240719008.00
2016/04/12	18.24	18.33	17.79	18.24	4207419	122045432.00
2016/04/13	18.24	18.71	18.23	18.38	6538943	194119984.00
2016/04/14	18.42	18.56	18.28	18.53	4774179	141320480.00
2016/04/15	18.53	18.77	18.33	18.66	5141119	153294976.00
2016/04/18	18.76	19.42	18.53	19.17	12714707	391478432.00
2016/04/19	19.17	19.39	18.86	19.22	6287366	192688992.00
2016/04/20	19.73	20.11	18.73	19.64	17625235	555770816.00
2016/04/21	19.31	21.61	18.98	20.42	19040208	634354624.00
2016/04/22	20.41	21.62	20.14	20.67	12296538	414536256.00
2016/04/25	20.68	20.70	19.49	20.17	8969839	288249248.00
2016/04/26	19.83	20.21	19.50	19.94	8534141	272049024.00
2016/04/27	19.84	20.14	19.33	19.36	7447614	235921008.00
2016/04/28	19.18	19.70	18.98	19.59	6115383	189995680.00
2016/04/29	19.51	19.58	19.11	19.29	5782085	179467088.00
2016/05/03	19.53	20.41	19.31	20.21	7551653	242688256.00
2016/05/04	20.16	20.53	19.84	19.92	11841588	381756992.00
2016/05/05	19.92	20.09	19.49	19.89	4888650	155495648.00
2016/05/06	19.76	20.06	18.67	18.83	7580988	234768416.00
2016/05/09	18.66	19.36	18.08	19.33	11411320	343221984.00
2016/05/10	19.19	19.48	19.04	19.23	4628915	143276368.00
2016/05/11	19.23	20.03	18.97	18.97	5175281	162184896.00
2016/05/12	18.61	19.46	18.36	19.38	3884605	118764544.00
2016/05/13	19.29	19.53	18.74	19.30	5800247	178586816.00
2016/05/16	19.15	19.49	18.95	19.38	4896211	152170144.00
2016/05/17	19.42	19.56	18.86	18.86	6212565	191366544.00
2016/05/18	19.04	19.36	18.48	18.68	5180803	157525248.00
2016/05/19	18.70	19.09	18.53	18.58	4670086	141036720.00
2016/05/20	18.61	18.81	18.16	18.55	4819645	143110352.00
2016/05/23	18.60	19.04	18.17	18.64	8046142	240235776.00
2016/05/24	18.64	18.93	18.26	18.26	7513699	140450064.00
2016/05/25	18.37	18.53	16.80	16.92	19125061	335558272.00
2016/05/26	16.81	17.45	16.65	17.29	16113878	277093184.00
2016/05/27	17.19	17.34	16.96	17.06	10588775	182278656.00
2016/05/30	17.03	17.76	16.83	17.30	9283967	162588400.00
2016/05/31	17.33	17.91	17.11	17.84	19681376	348523552.00
2016/06/01	17.84	18.44	17.67	18.35	17606990	319022560.00
2016/06/02	18.40	18.82	18.09	18.26	15253389	281079360.00
2016/06/03	18.16	19.63	18.16	18.90	18200564	348259840.00
2016/06/06	19.45	19.90	18.95	19.48	20458817	396924704.00
2016/06/07	19.65	20.00	19.16	19.50	22023003	430072608.00
2016/06/08	19.37	19.50	18.85	19.12	10727780	205478560.00
2016/06/13	18.75	19.80	18.68	18.85	17552373	341266560.00
2016/06/14	18.70	19.51	18.69	19.25	9586812	184669200.00
2016/06/15	19.05	20.11	18.97	20.11	21130981	419255904.00
2016/06/16	20.40	20.43	19.46	19.65	17455564	349615808.00
2016/06/17	19.57	20.02	19.35	19.55	12317313	242381952.00
2016/06/20	19.65	19.75	19.30	19.70	8745983	171534176.00
2016/06/21	19.69	20.01	18.83	18.88	16006618	311182720.00
2016/06/22	19.08	19.25	18.75	19.16	6979002	132821440.00
2016/06/23	19.05	19.60	18.83	19.06	12539409	240455056.00
2016/06/24	18.99	20.41	18.45	19.66	20765143	403789984.00
2016/06/27	19.86	21.63	19.86	21.62	48625035	1024317888.00
2016/06/28	21.42	21.43	20.63	21.00	31346137	658977792.00
2016/06/29	20.95	21.37	20.47	21.32	24720383	516142336.00
2016/06/30	21.23	21.50	20.69	20.91	15551702	326928000.00
2016/07/01	20.95	21.11	20.36	20.48	12500107	258351088.00
2016/07/04	20.16	20.88	20.05	20.65	13745679	283190496.00
2016/07/05	20.75	20.93	20.26	20.83	14136498	292020384.00
2016/07/06	20.78	20.95	20.14	20.34	13265221	272635680.00
2016/07/07	20.30	20.40	19.65	19.93	18284853	365196224.00
2016/07/08	19.79	20.25	19.75	20.00	9692850	195017792.00
2016/07/11	20.25	20.45	19.90	20.07	14943169	302094688.00
2016/07/12	19.95	20.22	19.33	20.10	23951290	473882784.00
2016/07/13	20.50	20.53	20.05	20.29	16241718	330344832.00
2016/07/14	20.25	20.62	20.15	20.50	11863769	243149696.00
2016/07/15	20.49	20.60	19.95	20.02	10373302	209932576.00
2016/07/18	19.80	19.98	19.50	19.69	13054892	257276304.00
2016/07/19	19.65	19.89	19.46	19.73	8938456	175876592.00
2016/07/20	19.73	20.24	19.72	19.90	14722315	295329632.00
2016/07/21	19.81	20.27	19.81	19.90	11019121	221116016.00
2016/07/22	19.84	19.92	19.35	19.47	10299185	201885168.00
2016/07/25	19.46	19.98	19.45	19.63	10859212	214715952.00
2016/07/26	19.55	20.16	19.55	20.10	10369998	207841136.00
2016/07/27	20.10	20.47	18.65	19.33	20248209	402029952.00
2016/07/28	19.18	19.54	19.11	19.36	7418641	143654352.00
2016/07/29	19.28	19.80	19.24	19.64	7999089	156413024.00
2016/08/01	19.55	19.63	18.75	19.20	8906222	170515184.00
2016/08/02	19.20	19.39	18.63	18.68	8337968	158351536.00
2016/08/03	18.68	18.74	18.17	18.34	13434069	247681728.00
2016/08/04	18.33	18.82	18.29	18.76	10027664	186747952.00
2016/08/05	18.65	19.05	18.48	18.84	6094411	115199528.00
2016/08/08	18.70	19.33	18.27	19.31	9117596	172188880.00
2016/08/09	19.31	19.43	19.14	19.27	4708573	91062992.00
2016/08/10	19.30	20.02	19.30	19.32	10049816	198370112.00
2016/08/11	19.33	19.61	18.83	18.97	8007238	153249104.00
2016/08/12	18.78	19.27	18.75	19.20	6062698	115880096.00
2016/08/15	19.34	19.74	18.98	19.68	12190748	238062624.00
2016/08/16	19.50	19.94	19.47	19.85	9213132	182449920.00
2016/08/17	19.96	20.54	19.62	20.22	13930207	281363200.00
2016/08/18	20.18	20.64	20.01	20.16	9080963	185249616.00
2016/08/19	20.05	20.30	19.85	20.17	7937574	159471120.00
2016/08/22	20.15	20.15	19.61	19.63	8025183	159321440.00
2016/08/23	19.65	19.85	19.46	19.53	4896971	96565568.00
2016/08/24	19.50	20.00	19.48	19.78	5677568	112612856.00
2016/08/25	19.63	20.02	19.45	19.85	7045674	139694384.00
2016/08/26	19.87	20.78	19.87	20.23	17582773	360083296.00
2016/08/29	20.25	20.68	20.23	20.47	10008542	204740320.00
2016/08/30	20.64	21.52	20.49	20.80	21413335	450773216.00
2016/08/31	20.63	20.96	20.40	20.90	10281555	213456128.00
2016/09/01	21.05	22.96	20.75	22.08	37744355	835524288.00
2016/09/02	22.15	23.20	22.03	22.21	26578855	601119296.00
2016/09/05	22.45	23.35	22.20	22.75	22230052	506080352.00
2016/09/06	22.65	23.45	22.10	23.24	23253972	532391680.00
2016/09/07	23.24	23.80	21.53	22.21	37863491	853336128.00
2016/09/08	21.83	22.20	21.32	21.57	19688850	428241184.00
2016/09/09	21.45	22.41	21.43	21.65	16622948	366060064.00
2016/09/12	21.10	21.93	20.45	21.72	17178619	365341056.00
2016/09/13	21.64	23.25	21.46	23.10	26297512	595924032.00
2016/09/14	22.83	23.50	22.68	23.35	18258858	423198976.00
2016/09/19	23.65	23.90	22.85	23.35	14423551	336491008.00
2016/09/20	23.20	23.30	22.55	22.70	12509993	285910240.00
2016/09/21	22.65	24.43	22.65	24.18	20071124	475980096.00
2016/09/22	23.96	24.32	23.67	24.08	14366127	344421824.00
2016/09/23	23.98	24.92	23.90	24.42	20101843	494762752.00
2016/09/26	24.35	24.90	23.45	23.46	13535457	324035232.00
2016/09/27	23.19	23.75	22.95	23.75	9690925	226833024.00
2016/09/28	24.17	26.13	24.06	25.71	36902924	934782272.00
2016/09/29	25.50	26.16	25.28	25.99	17257289	445135648.00
2016/09/30	25.73	26.12	25.35	25.48	12293607	316197120.00
2016/10/10	25.83	26.72	25.42	25.69	16261437	423720480.00
2016/10/11	25.73	26.95	25.24	26.85	21318591	555868736.00
2016/10/12	26.73	27.86	26.36	27.07	25827821	706902976.00
2016/10/13	27.06	27.60	26.67	27.14	12788156	347603328.00
2016/10/14	27.16	27.61	26.84	27.36	9762304	265733568.00
2016/10/17	27.37	27.45	25.55	26.25	21339766	564004736.00
2016/10/18	26.27	26.36	25.61	26.19	14181001	368520288.00
2016/10/19	26.20	26.61	25.68	25.82	13391820	350484000.00
2016/10/20	25.75	26.61	25.36	26.43	15434059	404831936.00
2016/10/21	26.39	26.39	25.52	25.91	12262265	317492544.00
2016/10/24	25.85	26.04	25.36	25.86	9640604	247727632.00
2016/10/25	25.90	26.44	25.65	26.01	8946163	233547360.00
2016/10/26	26.02	26.03	25.36	25.45	8040062	206250144.00
2016/10/27	25.50	25.62	24.79	25.21	13609163	341670272.00
2016/10/28	25.25	25.65	25.05	25.23	7558971	191498768.00
2016/10/31	24.97	25.80	24.95	25.68	8969555	229716640.00
2016/11/01	25.68	26.05	25.36	25.95	9150439	236869424.00
2016/11/02	25.95	26.22	25.60	25.62	8055857	208916960.00
2016/11/03	25.52	26.22	25.50	25.68	8991503	233304448.00
2016/11/04	25.61	25.92	24.62	24.84	15661996	393613056.00
2016/11/07	24.65	25.18	24.65	24.65	9159531	228069104.00
2016/11/08	24.66	25.23	24.60	25.00	6369882	159202656.00
2016/11/09	25.05	25.28	24.12	24.89	9618215	238705536.00
2016/11/10	24.99	25.25	24.73	24.85	5263688	131400456.00
2016/11/11	24.98	25.04	24.05	24.20	16898545	412607456.00
2016/11/14	24.21	24.88	24.17	24.35	8374887	205656960.00
2016/11/15	24.30	25.15	24.21	25.10	10009997	247655264.00
2016/11/16	25.28	26.27	25.15	25.49	19201437	497008256.00
2016/11/17	25.55	26.19	25.32	25.68	10525719	272346208.00
2016/11/18	25.60	26.00	25.40	25.56	6542058	167889088.00
2016/11/21	26.30	26.83	25.55	25.65	14244731	372596512.00
2016/11/22	25.46	25.92	24.98	25.89	10597175	270044608.00
2016/11/23	25.92	26.23	25.62	25.79	7886321	204960640.00
2016/11/24	25.62	25.90	25.35	25.45	6431253	165030096.00
2016/11/25	25.32	25.62	25.13	25.55	5853469	148902336.00
2016/11/28	25.92	27.45	25.73	27.25	31512174	842914752.00
2016/11/29	26.95	28.25	26.70	27.70	29566101	821609536.00
2016/11/30	27.84	28.76	27.29	27.55	17741302	497648992.00
2016/12/01	27.69	28.11	27.16	27.43	9957341	273812672.00
2016/12/02	27.26	28.74	27.26	27.54	13889220	388669984.00
2016/12/05	28.00	29.38	27.56	28.85	22190308	638449152.00
2016/12/06	28.65	29.12	28.06	28.48	12662920	362923872.00
2016/12/07	28.45	28.82	28.18	28.55	8580007	244340528.00
2016/12/08	28.55	29.29	28.55	29.29	12949255	375453152.00
2016/12/09	29.14	29.25	27.31	27.78	23659900	664582656.00
2016/12/12	27.55	27.80	26.51	26.76	16293509	441342720.00
2016/12/13	26.71	27.50	26.48	27.25	10729844	289770784.00
2016/12/14	27.26	27.26	26.45	26.45	6844895	183571104.00
2016/12/15	26.15	26.81	26.04	26.40	9235152	244718656.00
2016/12/16	26.50	27.07	26.29	26.90	6232786	167288128.00
2016/12/19	26.71	27.26	26.50	26.66	5820993	156129344.00
2016/12/20	26.70	26.70	25.72	25.76	14417538	377947872.00
2016/12/21	25.81	26.25	25.45	26.13	13181518	341398496.00
2016/12/22	26.11	26.95	25.97	26.73	7114152	188469072.00
2016/12/23	26.67	26.84	26.16	26.31	4688566	123857288.00
2016/12/26	26.06	27.36	25.98	27.33	10741770	288475744.00
2016/12/27	27.45	28.05	27.11	27.70	11012177	306329408.00
2016/12/28	27.60	28.34	27.45	27.85	9590469	268199744.00
2016/12/29	27.86	28.39	27.75	28.24	8962336	252891296.00
2016/12/30	28.31	28.55	27.65	28.45	11079021	313547456.00
2017/01/03	28.43	28.45	25.60	26.09	39727265	1046507584.00
2017/01/04	25.73	26.67	25.66	26.24	16802461	440517440.00
2017/01/05	26.00	26.22	25.68	25.95	7633310	198511024.00
2017/01/06	25.93	25.93	24.87	25.05	18298220	462223616.00
2017/01/09	25.15	25.79	24.82	25.30	9783856	248496048.00
2017/01/10	25.30	25.31	25.02	25.21	4984697	125673032.00
2017/01/11	25.11	25.75	25.11	25.15	8577428	218542944.00
2017/01/12	25.10	25.70	25.01	25.31	7445045	189613744.00
2017/01/13	25.36	25.90	25.36	25.74	9498414	244830784.00
2017/01/16	25.30	25.75	24.75	25.14	10622754	269193504.00
2017/01/17	25.30	26.02	25.20	25.86	6652593	171020512.00
2017/01/18	25.77	26.45	25.68	26.26	7570890	199075648.00
2017/01/19	26.27	26.42	25.85	26.00	3366902	87751160.00
2017/01/20	26.12	26.63	25.95	26.35	5970725	158045904.00
2017/01/23	26.34	26.94	26.15	26.26	5112332	135594560.00
2017/01/24	26.41	26.83	26.12	26.30	5760755	152329856.00
2017/01/25	26.17	26.49	26.15	26.25	3696854	97234136.00
2017/01/26	26.21	26.45	26.21	26.25	3254934	85792136.00
2017/02/03	26.40	26.60	25.56	25.80	6917365	179594720.00
2017/02/06	25.85	26.43	25.85	26.32	7462429	196202240.00
2017/02/07	26.33	26.91	26.11	26.88	7622932	202852368.00
2017/02/08	26.71	27.73	26.71	27.46	8858760	242459984.00
2017/02/09	27.46	27.62	27.22	27.29	3912283	107345728.00
2017/02/10	27.24	27.45	26.90	27.03	4173109	113234616.00
2017/02/13	27.19	27.41	26.67	27.14	6265543	169602928.00
2017/02/14	27.23	27.91	27.15	27.62	7024219	194618624.00
2017/02/15	27.81	28.62	27.58	27.81	9894376	278521728.00
2017/02/16	28.13	28.30	27.40	27.82	4596776	128227904.00
2017/02/17	27.81	28.38	27.59	27.97	9523736	267473888.00
2017/02/20	27.98	28.52	27.90	28.43	7381226	209071248.00
2017/02/21	28.37	29.03	28.13	28.22	9161902	261461088.00
2017/02/22	28.06	28.80	28.06	28.73	6845000	194982800.00
2017/02/23	28.72	29.03	28.40	29.03	6121899	176721824.00
2017/02/24	28.94	28.94	28.15	28.30	8438316	241170080.00
2017/02/27	28.40	29.12	28.40	28.76	7523548	216848448.00
2017/02/28	28.62	29.05	28.05	28.43	6629400	188871568.00
2017/03/01	28.57	29.30	28.45	28.98	15231885	442238336.00
2017/03/02	29.05	29.45	28.70	28.82	9274450	269256864.00
2017/03/03	28.75	30.13	28.65	29.93	15828301	469534560.00
2017/03/06	30.10	32.18	30.00	31.90	17128001	537708352.00
2017/03/07	32.28	32.33	31.51	31.85	10187770	325182528.00
2017/03/08	31.87	33.25	31.56	32.84	13552025	443915840.00
2017/03/09	32.85	33.33	31.77	31.86	12160215	395262880.00
2017/03/10	32.15	32.55	31.35	32.16	8882222	284240480.00
2017/03/13	31.92	33.15	31.79	33.11	10583409	346169632.00
2017/03/14	33.00	33.11	31.77	32.35	11675770	379251904.00
2017/03/15	32.36	33.17	31.94	32.02	9167198	297817856.00
2017/03/16	32.29	32.55	30.85	31.21	19640303	620008064.00
2017/03/17	31.25	31.63	31.00	31.10	9802987	307947104.00
2017/03/20	31.33	32.21	31.21	32.05	9872542	315222176.00
2017/03/21	32.03	32.40	31.68	32.25	5527222	177820560.00
2017/03/22	33.45	33.45	32.58	32.94	11772418	389221216.00
2017/03/23	32.98	33.75	32.57	33.75	11971136	397422976.00
2017/03/24	33.74	35.22	33.66	33.98	17398866	602666944.00
2017/03/27	33.95	34.23	32.85	32.85	12727254	425826240.00
2017/03/28	32.83	33.83	32.73	33.52	8909665	297098464.00
2017/03/29	33.33	33.80	32.65	33.45	6624554	220445936.00
2017/03/30	33.36	33.75	32.83	33.30	7086410	236192944.00
2017/03/31	33.07	34.90	33.07	34.30	11800087	402602944.00
2017/04/05	34.16	35.05	33.95	34.82	9379559	323410848.00
2017/04/06	34.83	34.89	33.83	34.15	8937174	305745024.00
2017/04/07	33.84	34.27	33.67	33.76	5775571	195795280.00
2017/04/10	33.45	33.94	33.10	33.65	6450683	216550256.00
2017/04/11	33.20	33.83	31.92	32.80	12377123	409056064.00
2017/04/12	32.40	33.85	32.33	33.24	7310415	243685600.00
2017/04/13	33.21	33.60	32.73	33.35	3422633	114030088.00
2017/04/14	33.41	33.41	31.75	31.95	7470794	243435520.00
2017/04/17	31.68	32.45	31.68	32.20	4301129	138300640.00
2017/04/18	32.25	32.63	32.07	32.23	3679649	119265128.00
2017/04/19	32.23	33.01	31.45	32.74	6415320	207754784.00
2017/04/20	32.78	34.06	32.78	33.73	10176417	343248672.00
2017/04/21	33.49	33.93	33.23	33.37	5489942	184422880.00
2017/04/24	32.95	33.45	31.95	32.69	7268983	238414368.00
2017/04/25	32.69	34.66	32.66	34.65	12087960	412090176.00
2017/04/26	34.75	34.95	33.85	34.15	10731554	368547552.00
2017/04/27	33.86	35.15	33.73	34.70	8422050	292498976.00
2017/04/28	34.65	36.03	34.45	35.39	10684966	379633472.00
2017/05/02	35.71	35.73	34.83	35.13	5807191	203694432.00
2017/05/03	35.05	35.37	34.45	34.93	4894868	170534688.00
2017/05/04	34.93	35.33	34.54	34.75	3580435	125319800.00
2017/05/05	34.63	35.64	34.60	34.79	7292731	256446032.00
2017/05/08	34.76	35.14	33.74	33.76	6186676	213036640.00
2017/05/09	33.46	34.60	33.46	34.46	6404301	218429408.00
2017/05/10	34.66	35.95	34.50	35.33	9465795	336745376.00
2017/05/11	35.03	36.00	34.55	35.83	8678015	308945600.00
2017/05/12	35.85	36.24	35.22	36.19	8270598	296476736.00
2017/05/15	35.92	36.81	35.77	36.42	8986105	326800320.00
2017/05/16	36.40	37.30	35.96	37.20	9551570	351127200.00
2017/05/17	37.25	37.55	36.59	36.69	8578038	318211104.00
2017/05/18	36.35	36.95	35.84	36.01	6973613	252620544.00
2017/05/19	36.01	36.31	35.59	35.95	4416878	158536656.00
2017/05/22	35.75	36.72	35.72	36.42	5610200	204373760.00
2017/05/23	36.40	37.40	36.11	36.90	8954912	331663872.00
2017/05/24	36.71	36.92	35.30	36.59	8001061	290887936.00
2017/05/25	36.55	36.62	35.37	35.69	9061596	325021696.00
2017/05/26	35.95	35.99	34.36	34.98	13818636	481674592.00
2017/05/31	35.00	35.46	34.75	35.43	6272633	220574304.00
2017/06/01	35.60	35.83	35.20	35.35	5054600	179977136.00
2017/06/02	35.36	35.45	34.41	35.45	6886100	240575664.00
2017/06/05	35.46	36.25	35.09	36.20	5679900	204164192.00
2017/06/06	36.25	36.88	36.02	36.29	4895100	178745744.00
2017/06/07	36.26	36.80	35.95	36.71	8244900	300758144.00
2017/06/08	36.55	37.23	36.48	37.23	6828800	252629408.00
2017/06/09	37.32	37.95	36.95	37.71	8508500	320499040.00
2017/06/12	37.17	37.26	36.20	37.00	10037146	369176416.00
2017/06/13	36.74	36.92	36.26	36.74	5745766	210627904.00
2017/06/14	36.78	37.16	36.56	36.65	4314961	159277504.00
2017/06/15	36.65	37.01	36.45	36.68	5266797	193574064.00
2017/06/16	36.75	38.63	36.61	38.45	15635555	591693760.00
2017/06/19	38.50	38.53	37.63	37.76	10179900	387406016.00
2017/06/20	37.85	38.98	37.85	38.97	9608140	371603584.00
2017/06/21	38.73	39.44	38.46	39.09	8657700	337595008.00
2017/06/22	38.93	40.46	38.84	40.00	11486600	460875392.00
2017/06/23	39.89	41.14	39.63	40.83	8492500	341528256.00
2017/06/26	40.75	40.95	40.03	40.54	7644200	309924480.00
2017/06/27	40.50	40.50	39.15	39.29	12964400	513904768.00
2017/06/28	39.28	39.69	39.05	39.31	6487806	255592656.00
2017/06/29	39.31	39.63	38.67	38.78	8646900	338336960.00
2017/06/30	38.78	40.05	38.66	39.97	8781900	346224992.00
2017/07/03	39.98	40.13	38.86	38.94	8305500	326695552.00
2017/07/04	38.65	39.56	38.45	39.40	9071900	353976288.00
2017/07/05	39.35	40.33	39.07	40.13	9563900	382139072.00
2017/07/06	40.13	40.32	39.70	39.90	5550800	221997856.00
2017/07/07	39.88	41.50	39.78	40.70	8832600	360119264.00
2017/07/10	40.40	40.40	39.10	39.17	8655100	342342912.00
2017/07/11	39.02	39.10	38.13	38.52	15413500	594915456.00
2017/07/12	38.52	39.50	38.35	39.12	7823900	304374720.00
2017/07/13	39.19	39.30	38.55	38.78	4834000	187984784.00
2017/07/14	38.68	38.96	37.45	37.70	10771900	409244704.00
2017/07/17	37.63	37.99	36.57	37.08	11065600	411134400.00
2017/07/18	37.00	37.97	36.70	37.78	8475000	317134816.00
2017/07/19	37.52	39.44	37.52	38.80	13556900	526018912.00
2017/07/20	39.01	40.20	38.85	39.00	9006100	356231104.00
2017/07/21	39.00	39.70	38.68	39.24	3855916	151129952.00
2017/07/24	38.99	39.30	38.80	39.11	3292100	128690520.00
2017/07/25	39.29	40.09	39.08	39.51	4877900	193260400.00
2017/07/26	39.18	39.57	37.92	38.37	7493300	287853184.00
2017/07/27	38.10	38.96	38.05	38.36	4254300	163907184.00
2017/07/28	38.50	38.68	37.88	38.25	7694800	294011872.00
2017/07/31	38.01	38.46	37.81	38.10	5795600	220969456.00
2017/08/01	38.10	38.31	37.75	38.00	4952700	188347936.00
2017/08/02	38.18	39.30	37.79	37.85	9490300	364504896.00
2017/08/03	37.53	37.94	35.00	35.46	24632800	893415552.00
2017/08/04	35.40	36.46	35.38	35.89	10252500	368573024.00
2017/08/07	35.70	36.32	35.68	36.15	7482000	268924512.00
2017/08/08	36.00	36.39	34.59	35.76	12906500	457528096.00
2017/08/09	35.80	36.68	34.91	36.41	12451300	444688576.00
2017/08/10	36.38	37.20	35.93	36.30	8712100	318281632.00
2017/08/11	36.01	37.50	36.01	36.97	10399600	384235872.00
2017/08/14	36.83	39.00	36.69	38.70	15007400	576091136.00
数据来源:通达信
