300408 三环集团 日线 前复权
      日期	    开盘	    最高	    最低	    收盘	    成交量	    成交额
2014/12/03	8.32	10.08	8.32	10.08	58300	2455276.00
2014/12/04	11.14	11.14	11.14	11.14	18700	870485.00
2014/12/05	12.30	12.30	12.30	12.30	42200	2161062.00
2014/12/08	13.58	13.58	13.58	13.58	40950	2306713.50
2014/12/09	14.99	14.99	14.99	14.99	156700	9709132.00
2014/12/10	16.54	16.54	14.00	15.72	18519727	1168951808.00
2014/12/11	14.75	15.55	14.55	14.83	9995697	617534528.00
2014/12/12	14.75	15.00	14.16	14.20	8995051	537276864.00
2014/12/15	14.00	14.00	13.55	13.84	6518911	372033024.00
2014/12/16	13.78	14.12	13.70	13.82	4435559	254529968.00
2014/12/17	13.74	13.74	13.01	13.08	7154694	395097248.00
2014/12/18	13.03	13.38	12.95	12.96	4309676	234932656.00
2014/12/19	12.97	13.06	11.90	12.02	5899503	302119296.00
2014/12/22	12.02	12.09	10.94	11.01	4745693	222742640.00
2014/12/23	11.08	12.05	11.08	11.61	5581434	271519072.00
2014/12/24	11.72	12.07	11.60	12.05	4442991	220100512.00
2014/12/25	12.05	12.05	11.55	11.76	3695785	180676144.00
2014/12/26	11.75	11.97	11.61	11.74	2207605	108396744.00
2014/12/29	11.62	11.62	11.20	11.31	2973212	140781696.00
2014/12/30	11.32	11.54	11.25	11.35	1860793	88300928.00
2014/12/31	11.36	11.53	11.15	11.48	2766244	131068520.00
2015/01/05	11.38	11.43	11.15	11.26	2295399	107850840.00
2015/01/06	11.25	11.72	11.17	11.69	3636377	174270432.00
2015/01/07	11.58	11.62	11.38	11.41	2175022	103986016.00
2015/01/08	11.41	11.54	11.25	11.27	1823890	87079232.00
2015/01/09	11.25	11.47	11.21	11.22	2112597	99725640.00
2015/01/12	11.13	11.18	10.75	10.77	2749467	125779232.00
2015/01/13	10.80	11.14	10.75	11.01	2163481	99221824.00
2015/01/14	10.91	11.04	10.82	10.85	1960261	89400160.00
2015/01/15	10.81	11.15	10.79	11.05	1790763	82595048.00
2015/01/16	11.04	11.37	11.01	11.25	2128977	99888992.00
2015/01/19	11.06	11.89	11.00	11.47	5113386	246502720.00
2015/01/20	11.52	12.14	11.40	12.12	6603518	327757184.00
2015/01/21	12.20	12.56	11.95	12.13	5582601	284203232.00
2015/01/22	12.00	12.22	12.00	12.20	2815926	142238080.00
2015/01/23	12.25	12.25	11.77	11.78	3141301	156332896.00
2015/01/26	11.70	12.06	11.69	12.00	1856817	92450216.00
2015/01/27	12.00	12.12	11.77	11.88	1585937	78837592.00
2015/01/28	11.88	12.09	11.77	11.92	1696313	84592352.00
2015/01/29	11.78	11.90	11.68	11.68	1544950	75873192.00
2015/01/30	11.70	11.86	11.54	11.60	1622293	79198624.00
2015/02/02	11.50	11.87	11.50	11.74	1269271	62002196.00
2015/02/03	11.85	12.87	11.73	12.71	7570438	392973312.00
2015/02/04	12.71	12.71	12.45	12.55	3731377	195175376.00
2015/02/05	12.73	12.93	12.46	12.46	3968879	210156320.00
2015/02/06	12.38	12.50	11.89	11.91	2453003	123716440.00
2015/02/09	11.80	11.88	11.56	11.58	1690422	82231928.00
2015/02/10	11.59	11.65	11.44	11.47	1655032	79603296.00
2015/02/11	11.50	11.93	11.50	11.85	1345720	66175504.00
2015/02/12	12.00	12.15	11.86	11.88	2226007	111274416.00
2015/02/13	12.13	12.90	12.13	12.76	5424456	285856640.00
2015/02/16	12.87	13.41	12.78	13.31	5314913	290605888.00
2015/02/17	13.18	13.25	12.80	13.00	2623931	141346112.00
2015/02/25	12.98	13.10	12.75	12.94	1553254	83267088.00
2015/02/26	12.94	13.24	12.71	12.83	2172319	116590232.00
2015/02/27	12.83	13.19	12.83	13.00	1957572	105751040.00
2015/03/02	13.00	13.33	13.00	13.25	2487304	136281360.00
2015/03/03	13.19	14.00	13.02	13.66	4376007	246680400.00
2015/03/04	13.55	13.95	13.50	13.90	2564030	146367232.00
2015/03/05	13.90	14.85	13.88	14.50	4495500	268673632.00
2015/03/06	14.64	14.64	13.31	13.49	3304345	189444576.00
2015/03/09	13.38	13.76	13.32	13.56	1950356	109980600.00
2015/03/10	13.72	14.02	13.57	13.89	2139016	122728240.00
2015/03/11	13.77	13.88	13.40	13.45	2039240	114187168.00
2015/03/12	13.55	13.63	12.96	13.18	2029126	111745744.00
2015/03/13	13.15	13.45	13.15	13.38	1239992	68566352.00
2015/03/16	13.52	14.02	13.52	13.83	2268658	130077224.00
2015/03/17	13.99	14.02	13.48	13.65	3657083	208401584.00
2015/03/18	13.64	14.00	13.46	13.99	3109332	177332288.00
2015/03/19	14.00	14.25	13.93	14.18	2932936	171426672.00
2015/03/20	14.22	14.24	13.95	14.05	2440947	142156992.00
2015/03/23	14.05	14.41	13.96	14.19	2585361	151481472.00
2015/03/24	14.73	14.88	14.20	14.80	4772528	289790944.00
2015/03/25	14.72	15.54	14.55	15.12	3298723	205799440.00
2015/03/26	15.00	15.00	14.14	14.28	2901060	174176128.00
2015/03/27	14.25	14.50	14.03	14.07	2501746	146818032.00
2015/03/30	14.07	14.17	13.88	13.93	2528778	146410944.00
2015/03/31	13.88	14.09	13.72	13.95	2483760	143326912.00
2015/04/01	13.96	14.25	13.90	14.19	2829320	165488944.00
2015/04/02	14.26	14.63	14.13	14.45	3331391	198052992.00
2015/04/03	14.45	15.12	14.34	14.94	4202288	258029440.00
2015/04/07	15.04	15.19	14.66	14.98	3396015	207898896.00
2015/04/08	15.05	15.15	14.29	14.72	3856711	236643808.00
2015/04/09	14.58	14.71	13.79	14.36	2857465	168220816.00
2015/04/10	14.52	15.08	14.51	15.01	4726560	288581280.00
2015/04/13	15.03	16.25	14.83	15.78	6107627	394672544.00
2015/04/14	15.82	17.40	15.63	16.97	5671974	391077280.00
2015/04/15	16.71	16.94	15.80	16.50	3774036	255401024.00
2015/04/16	16.50	18.18	16.22	17.71	3973087	285397216.00
2015/04/17	17.67	18.50	17.01	18.16	4669760	342647744.00
2015/04/20	18.51	18.65	16.72	17.02	4315716	314796096.00
2015/04/21	16.88	17.45	16.79	17.43	2901089	204218256.00
2015/04/22	17.44	18.08	17.33	17.73	2331582	169649168.00
2015/04/23	17.80	17.98	17.22	17.31	2623523	187659936.00
2015/04/24	17.30	18.97	17.03	18.82	3785288	280287680.00
2015/04/27	18.75	19.80	18.58	19.05	2908886	229863600.00
2015/04/28	19.00	19.00	17.94	18.21	2395489	180904880.00
2015/04/29	18.05	18.67	17.72	18.41	2359247	176757552.00
2015/04/30	18.49	18.68	18.01	18.09	1764729	133411584.00
2015/05/04	18.00	18.22	17.63	17.75	1602463	117092520.00
2015/05/05	17.72	18.05	17.00	17.38	1678963	121173400.00
2015/05/06	17.40	18.13	17.28	17.50	2192460	160207600.00
2015/05/07	17.50	17.89	17.38	17.75	1281232	93331672.00
2015/05/08	18.08	19.06	17.78	19.02	2511991	190832976.00
2015/05/11	19.44	19.78	19.02	19.49	2873278	229472592.00
2015/05/12	19.50	20.14	19.30	19.91	2870571	232910752.00
2015/05/13	19.50	19.69	19.10	19.28	2786028	221271744.00
2015/05/14	19.28	20.00	19.13	19.48	2140635	171942256.00
2015/05/15	19.01	20.20	18.75	19.75	2648497	210515904.00
2015/05/18	20.58	21.78	20.30	21.78	5292438	467784416.00
2015/05/19	22.25	22.50	20.92	22.06	4331795	383720032.00
2015/05/20	22.03	24.30	21.63	23.84	3216613	306701600.00
2015/05/21	24.25	26.28	23.65	26.28	4559640	472251552.00
2015/05/22	27.48	28.35	24.48	25.26	11749919	616318528.00
2015/05/25	24.10	25.01	23.08	24.34	8593605	419914880.00
2015/05/26	24.60	26.81	24.60	26.81	9567836	496817024.00
2015/05/27	26.85	29.53	26.84	29.53	11101042	640263232.00
2015/05/28	30.46	32.31	28.92	29.07	15424291	971049472.00
2015/05/29	29.03	31.13	26.12	28.49	10442970	609014464.00
2015/06/01	28.50	29.62	27.53	29.14	10303370	592269760.00
2015/06/02	29.15	29.54	27.66	28.43	8546819	491564992.00
2015/06/03	28.48	28.72	26.82	27.03	6754636	376510464.00
2015/06/04	26.98	27.03	24.29	24.92	9111111	464876416.00
2015/06/05	25.34	27.13	25.13	27.08	8010429	424020512.00
2015/06/08	27.18	27.42	25.08	25.24	6740797	350476096.00
2015/06/09	25.25	25.89	24.38	24.62	5822490	295168608.00
2015/06/10	24.63	25.86	24.62	25.45	5061770	260056048.00
2015/06/11	25.38	25.87	25.01	25.73	4146510	215437776.00
2015/06/12	25.95	26.12	25.03	25.15	4788009	246795376.00
2015/06/15	25.20	25.20	23.17	23.41	5720414	279606464.00
2015/06/16	23.11	23.11	21.42	21.99	5922049	266916720.00
2015/06/17	21.99	22.73	21.23	22.61	4113721	185621616.00
2015/06/18	22.38	23.17	21.13	21.28	4670049	209604432.00
2015/06/19	20.23	20.62	19.11	19.12	5048878	204682784.00
2015/06/23	19.19	20.26	18.31	20.20	5736719	227065440.00
2015/06/24	20.63	20.76	19.82	20.51	4695150	195729088.00
2015/06/25	20.57	20.68	19.18	19.39	3743734	152480528.00
2015/06/26	18.63	19.10	17.41	17.41	4812032	177095504.00
2015/06/29	17.68	18.15	15.63	15.63	6124705	207292688.00
2015/06/30	15.17	17.19	14.05	17.06	7796966	249945440.00
2015/07/01	16.86	18.19	16.13	16.50	7046973	249895360.00
2015/07/02	16.72	17.42	15.81	16.81	6484703	222803568.00
2015/07/03	16.13	18.33	15.92	17.63	9390911	331898048.00
2015/07/06	19.43	19.43	16.03	17.73	8695601	321614432.00
2015/07/07	16.85	17.41	15.92	15.92	4394160	146031440.00
2015/07/08	14.29	17.21	14.29	17.13	19265822	631585344.00
2015/07/09	17.13	18.88	17.13	18.88	6035671	225695568.00
2015/07/10	19.73	20.80	19.73	20.80	4795660	200934624.00
2015/07/13	22.13	22.92	21.11	22.92	11995294	544134400.00
2015/07/14	21.63	23.68	21.39	21.73	11729159	532792672.00
2015/07/15	20.63	21.23	19.52	19.52	5475037	224936400.00
2015/07/16	19.52	21.51	17.57	19.85	5203329	208338784.00
2015/07/17	19.87	21.38	19.85	21.03	4623853	194590816.00
2015/07/20	20.78	21.72	19.13	21.46	8198270	348314112.00
2015/07/21	20.53	21.87	20.43	21.12	5097476	219397632.00
2015/07/22	21.14	21.63	20.33	20.88	4264732	182127952.00
2015/07/23	20.97	22.77	20.46	22.33	7291809	322128192.00
2015/07/24	22.34	22.60	20.68	21.13	6924999	307855904.00
2015/07/27	20.33	21.03	18.98	18.98	5547803	224964240.00
2015/07/28	17.14	18.97	17.04	17.32	5899651	212411168.00
2015/07/29	17.83	18.14	16.48	18.14	4771411	169114528.00
2015/07/30	18.13	18.24	16.73	16.75	4342089	157297472.00
2015/07/31	16.52	17.61	16.18	16.94	3392710	116856400.00
2015/08/03	16.78	17.01	15.73	15.85	3070099	102057624.00
2015/08/04	16.03	17.48	15.93	17.48	4859316	167738448.00
2015/08/05	17.58	18.01	17.03	17.35	3523867	126145440.00
2015/08/06	16.83	17.60	16.73	17.09	1928770	67727912.00
2015/08/07	17.37	18.43	17.37	17.93	3467807	126836800.00
2015/08/10	18.20	19.18	17.83	18.95	3793989	143467936.00
2015/08/11	18.98	19.77	18.63	19.37	4877534	192251888.00
2015/08/12	19.17	19.36	18.48	18.60	3390121	130581464.00
2015/08/13	18.38	18.87	17.94	18.83	2674260	100921248.00
2015/08/14	19.08	19.28	18.43	18.57	2297451	88000392.00
2015/08/17	18.56	18.72	17.93	18.14	2739721	101523656.00
2015/08/18	18.30	18.60	16.29	16.41	3869473	137917152.00
2015/08/19	15.88	17.92	15.73	17.65	3816642	130766496.00
2015/08/20	17.28	18.62	17.28	17.69	3220843	118174688.00
2015/08/21	17.53	17.82	16.63	16.68	2173079	76031520.00
2015/08/24	15.65	16.63	14.97	14.97	2759536	86239112.00
2015/08/25	13.62	14.45	13.44	13.44	2521671	70993896.00
2015/08/26	13.98	14.13	12.63	13.08	3029441	84479088.00
2015/08/27	13.52	14.08	12.63	13.54	2450300	67025680.00
2015/08/28	13.78	14.56	13.60	14.31	3026333	86887392.00
2015/08/31	14.27	14.27	13.13	13.36	2155916	60748248.00
2015/09/01	13.13	13.33	12.03	12.03	2246799	57549092.00
2015/09/02	11.78	12.73	11.42	11.96	2304703	57610808.00
2015/09/07	12.28	12.76	12.24	12.40	2197249	56469844.00
2015/09/08	12.53	13.38	12.28	13.27	2452800	64545844.00
2015/09/09	13.63	13.98	13.43	13.79	3101504	87388968.00
2015/09/10	13.88	14.11	13.39	13.78	2613283	74434640.00
2015/09/11	13.53	13.99	13.53	13.75	1938547	54914464.00
2015/09/14	13.76	14.27	12.61	12.81	3587484	98883400.00
2015/09/15	12.32	13.25	12.13	12.56	2184564	57052784.00
2015/09/16	12.61	13.86	12.61	13.86	3012931	82252104.00
2015/09/17	13.88	14.23	13.38	13.80	3849119	109308528.00
2015/09/18	13.83	14.13	13.43	13.95	3094239	87530048.00
2015/09/21	13.95	14.71	13.70	14.58	3704775	108741840.00
2015/09/22	14.59	14.77	14.25	14.33	2399296	71362648.00
2015/09/23	14.02	14.48	13.83	13.94	2289372	66323364.00
2015/09/24	14.10	14.42	14.00	14.13	1548902	45007312.00
2015/09/25	14.10	14.22	13.31	13.43	1732426	48907940.00
2015/09/28	13.44	13.88	13.28	13.81	1410444	39485812.00
2015/09/29	13.53	13.67	13.38	13.45	1063519	29539012.00
2015/09/30	13.56	13.64	13.39	13.54	886958	24677716.00
2015/10/08	13.99	14.38	13.87	14.21	2409934	69860256.00
2015/10/09	14.13	14.63	14.08	14.60	2128136	62605700.00
2015/10/12	14.63	15.92	14.63	15.51	3328561	105142992.00
2015/10/13	15.35	15.56	15.14	15.46	1616897	51051068.00
2015/10/14	15.44	16.27	15.42	15.91	3884111	126770400.00
2015/10/15	15.91	16.32	15.43	16.29	2993800	98231264.00
2015/10/16	16.47	16.52	15.62	16.07	3010196	98604056.00
2015/10/19	16.11	16.22	15.45	15.59	2315066	74755832.00
2015/10/20	15.63	16.33	15.53	16.31	3818656	125348560.00
2015/10/21	16.60	17.03	15.98	16.93	8056295	272027456.00
2015/10/22	16.83	18.61	16.42	18.55	11649813	418018176.00
2015/10/23	18.50	18.77	17.69	18.40	7446442	277016160.00
2015/10/26	18.69	18.79	17.73	18.07	4848385	179494864.00
2015/10/27	17.90	18.22	16.93	18.11	3941700	141613968.00
2015/10/28	17.97	18.30	16.63	16.87	3803248	135875520.00
2015/10/29	16.88	17.62	16.53	17.62	3550404	124272560.00
2015/10/30	17.36	17.82	17.12	17.56	2752874	98302192.00
2015/11/02	17.23	17.98	17.03	17.44	3038232	108798312.00
2015/11/03	17.43	17.62	17.08	17.27	1773886	62757720.00
2015/11/04	17.43	18.10	17.27	18.10	4438815	161770528.00
2015/11/05	18.01	18.37	17.74	17.85	3980784	146624640.00
2015/11/06	17.88	18.30	17.68	18.26	5782464	213391104.00
2015/11/09	18.32	18.88	17.98	18.82	6623457	248923488.00
2015/11/10	18.78	18.78	18.13	18.43	5206714	196214528.00
2015/11/11	18.30	19.71	17.97	19.53	10191010	386625440.00
2015/11/12	19.29	20.57	18.83	20.00	11706686	465602304.00
2015/11/13	19.48	19.72	18.38	18.47	7370042	286278464.00
2015/11/16	17.83	18.37	17.64	18.34	4909401	181114576.00
2015/11/17	18.53	18.77	17.82	18.22	5926867	221974624.00
2015/11/18	18.12	18.31	17.67	17.69	2764568	101738600.00
2015/11/19	17.70	18.11	17.68	18.09	2967768	108549968.00
2015/11/20	18.19	18.37	18.03	18.35	4017005	149209296.00
2015/11/23	18.36	18.81	18.17	18.27	4317524	163612656.00
2015/11/24	18.21	18.63	17.80	18.62	3911323	145678240.00
2015/11/25	18.79	20.43	18.67	20.31	13427216	535069504.00
2015/11/26	20.33	20.35	19.38	19.62	8383231	337299552.00
2015/11/27	19.36	19.37	17.62	17.62	9918396	368950496.00
2015/11/30	17.78	17.98	16.13	17.12	6187785	216806448.00
2015/12/01	16.94	17.37	16.58	16.82	4169819	145431776.00
2015/12/02	16.92	16.92	15.88	16.72	3077173	103915088.00
2015/12/03	16.72	17.38	16.72	17.31	2903167	101567264.00
2015/12/04	17.36	17.38	16.54	16.73	4824323	167451776.00
2015/12/07	16.63	17.05	16.33	16.76	4692074	159737136.00
2015/12/08	15.14	17.08	15.14	16.69	16651815	549674048.00
2015/12/09	16.07	16.42	16.01	16.05	8033211	266753648.00
2015/12/10	16.05	16.73	15.88	16.52	8946996	299521696.00
2015/12/11	16.48	16.49	16.13	16.30	4587276	152949296.00
2015/12/14	16.13	16.47	16.00	16.38	5340059	177998416.00
2015/12/15	16.35	17.38	16.35	17.13	11420849	398046240.00
2015/12/16	17.15	17.29	16.88	17.09	6638790	232189472.00
2015/12/17	17.23	18.51	17.23	18.05	9718167	355649248.00
2015/12/18	17.93	18.53	17.93	18.37	10845963	406018080.00
2015/12/21	18.38	19.03	18.38	18.63	8766048	335098912.00
2015/12/22	18.63	18.63	18.07	18.24	6521471	243450528.00
2015/12/23	18.26	18.73	18.25	18.46	6123173	231111584.00
2015/12/24	18.48	18.72	17.88	18.62	6602696	246929936.00
2015/12/25	19.63	19.88	18.73	18.87	19057964	745951040.00
2015/12/28	18.88	19.37	18.34	18.68	10643725	405676800.00
2015/12/29	18.68	18.82	18.32	18.37	6553220	247525840.00
2015/12/30	18.44	18.57	18.04	18.37	7087712	264080000.00
2015/12/31	18.22	18.52	18.21	18.27	6801879	254985440.00
2016/01/04	18.13	18.24	17.11	17.14	5703986	205080864.00
2016/01/05	16.33	17.45	16.33	17.03	6705270	232989056.00
2016/01/06	16.95	17.37	16.95	17.27	3838722	134693168.00
2016/01/07	17.11	17.11	15.53	15.63	996412	33634572.00
2016/01/08	16.13	16.42	14.85	15.92	6027354	196203152.00
2016/01/11	15.56	16.12	14.89	14.95	5467364	173999648.00
2016/01/12	15.02	15.38	14.84	15.18	3397734	105502120.00
2016/01/13	15.35	15.35	14.13	14.28	4902226	149818800.00
2016/01/14	13.98	15.13	13.87	15.01	3793963	112143368.00
2016/01/15	15.03	15.10	14.58	14.65	3198682	96856096.00
2016/01/18	14.21	15.42	14.21	15.21	4995968	155136096.00
2016/01/19	15.23	15.62	15.03	15.54	3842222	121063728.00
2016/01/20	15.54	15.63	15.18	15.28	3180838	100347312.00
2016/01/21	14.93	15.52	14.67	14.67	3257046	100791080.00
2016/01/22	14.72	14.95	14.34	14.75	3425781	102699224.00
2016/01/25	14.78	15.03	14.68	14.86	2129130	64795644.00
2016/01/26	14.63	14.82	13.39	13.55	5593926	162204416.00
2016/01/27	13.63	13.80	12.35	13.10	6296239	167315104.00
2016/01/28	12.98	12.98	12.48	12.50	2967535	77746848.00
2016/01/29	12.48	13.18	12.48	12.98	2677802	71198520.00
2016/02/01	13.11	13.58	12.97	13.22	4159890	113517872.00
2016/02/02	13.25	13.69	13.22	13.60	3107507	86625480.00
2016/02/03	13.51	14.32	13.29	14.05	2768228	77575744.00
2016/02/04	14.14	15.07	14.13	14.75	5198368	157751136.00
2016/02/05	14.77	15.02	14.69	14.70	2247532	68352776.00
2016/02/15	14.29	15.35	14.23	15.13	3324377	101698336.00
2016/02/16	15.23	15.64	15.21	15.49	3581671	113511904.00
2016/02/17	15.43	15.83	15.39	15.54	3914606	125073872.00
2016/02/18	15.78	16.31	15.55	15.55	6856516	224609744.00
2016/02/19	15.23	15.97	15.23	15.70	3907556	125811080.00
2016/02/22	15.04	16.40	15.04	16.06	6280559	206441872.00
2016/02/23	16.08	16.08	15.56	15.78	4013245	129168808.00
2016/02/24	15.78	15.87	15.10	15.58	3989615	126530736.00
2016/02/25	15.63	15.80	14.03	14.22	6932375	214030576.00
2016/02/26	14.43	14.53	13.93	14.13	3339789	97302976.00
2016/02/29	14.13	14.22	12.68	13.26	3662476	100896832.00
2016/03/01	13.57	14.38	13.37	14.38	5710639	164146544.00
2016/03/02	14.38	14.92	14.26	14.92	3435288	103423648.00
2016/03/03	15.05	15.32	14.71	14.74	3954686	121407912.00
2016/03/04	14.65	14.77	13.95	14.27	3985985	117990408.00
2016/03/07	14.53	14.88	14.28	14.43	2553437	76610704.00
2016/03/08	14.41	14.98	13.86	14.98	5160697	153900208.00
2016/03/09	14.77	14.80	14.13	14.52	3905914	116356616.00
2016/03/10	14.90	15.25	14.68	14.93	5162428	158551776.00
2016/03/11	14.80	15.04	14.58	15.00	3882555	117922432.00
2016/03/14	15.28	15.91	15.04	15.86	6445750	206743088.00
2016/03/15	15.84	16.42	15.78	16.05	7490587	248092000.00
2016/03/16	15.90	16.30	15.36	15.43	4295254	137914368.00
2016/03/17	15.40	16.54	15.40	16.40	8182681	270307456.00
2016/03/18	16.47	16.96	16.33	16.78	6098469	208851600.00
2016/03/21	16.83	17.42	16.54	16.78	6564210	226072960.00
2016/03/22	16.73	17.04	16.63	16.91	4903408	169268384.00
2016/03/23	16.82	17.31	16.68	17.14	5131662	178666880.00
2016/03/24	16.63	17.07	16.63	16.63	5663622	194969440.00
2016/03/25	16.66	16.77	16.33	16.63	3294792	111480568.00
2016/03/28	16.84	16.98	16.13	16.18	4122773	139702784.00
2016/03/29	16.20	16.25	15.66	15.86	3326243	108184960.00
2016/03/30	16.00	16.81	16.00	16.81	4423016	149535280.00
2016/03/31	16.88	17.10	16.57	16.76	4030581	139385280.00
2016/04/01	16.67	17.12	16.49	17.06	3411535	116956448.00
2016/04/05	17.05	17.38	16.95	17.33	5607352	197920784.00
2016/04/06	17.30	17.40	17.23	17.35	4510642	159469536.00
2016/04/07	17.42	17.52	16.92	16.95	3865449	135773152.00
2016/04/08	16.92	16.92	16.28	16.53	4279913	144683472.00
2016/04/11	16.63	17.27	16.63	17.22	5482193	191363648.00
2016/04/12	17.48	17.52	16.81	17.13	7947092	278185024.00
2016/04/13	17.13	17.40	17.01	17.20	5845532	206012064.00
2016/04/14	17.30	17.30	16.86	17.09	5019607	174610272.00
2016/04/15	17.06	17.28	17.05	17.14	4665429	163515792.00
2016/04/18	16.90	17.10	16.61	16.68	7848995	133284832.00
2016/04/19	16.76	17.68	16.76	17.20	14839736	259608240.00
2016/04/20	17.00	17.29	15.80	16.20	12305076	205003456.00
2016/04/21	16.22	16.40	15.83	15.90	6558536	107078584.00
2016/04/22	15.96	16.30	15.81	16.02	3323624	53947756.00
2016/04/25	15.92	16.17	15.60	16.02	6278966	100753920.00
2016/04/26	16.02	16.30	15.92	16.20	5210036	85076472.00
2016/04/27	16.19	16.42	16.09	16.18	5098463	83906624.00
2016/04/28	16.21	16.35	15.85	16.19	4798120	78382376.00
2016/04/29	16.12	16.29	15.95	16.05	4137107	67525168.00
2016/05/03	16.13	16.61	15.97	16.50	6391800	106058880.00
2016/05/04	16.50	16.80	16.15	16.15	6899195	114537944.00
2016/05/05	16.29	16.40	15.91	16.23	7081049	115362736.00
2016/05/06	16.30	16.41	15.68	15.68	7723233	124797960.00
2016/05/09	15.60	15.75	15.06	15.19	5663331	88486168.00
2016/05/10	15.20	15.39	14.96	15.02	6033743	92687776.00
2016/05/11	15.08	15.48	14.96	15.14	5076972	78255544.00
2016/05/12	15.12	15.33	14.71	15.18	3517769	53657704.00
2016/05/13	15.20	15.60	15.16	15.22	4772051	74484152.00
2016/05/16	15.10	15.66	15.10	15.60	4893301	76649120.00
2016/05/17	15.73	16.55	15.61	16.46	15895050	261106800.00
2016/05/18	16.40	16.40	15.84	15.89	7043446	115190744.00
2016/05/19	15.89	16.48	15.89	16.12	8566532	141038320.00
2016/05/20	16.14	17.00	16.05	16.91	12570980	212504608.00
2016/05/23	16.90	17.35	16.70	16.85	10360296	178106416.00
2016/05/24	16.90	17.06	16.53	16.61	7115878	120863680.00
2016/05/25	16.71	17.19	16.56	16.67	6657846	113576936.00
2016/05/26	16.66	17.07	16.31	16.98	7996281	135219584.00
2016/05/27	16.86	17.07	16.80	16.88	5357076	92018176.00
2016/05/30	16.83	17.10	16.43	17.07	7576259	128543912.00
2016/05/31	16.91	17.63	16.91	17.45	17580627	308601760.00
2016/06/01	17.58	17.67	16.95	17.14	15571363	272243552.00
2016/06/02	17.08	17.65	16.80	17.63	17265687	300627616.00
2016/06/03	18.05	18.53	17.65	17.66	35614231	651840000.00
2016/06/06	17.36	17.59	17.06	17.22	18380019	320546368.00
2016/06/07	17.24	17.36	17.11	17.29	8350628	145694656.00
2016/06/08	17.30	17.34	16.82	16.94	9270363	159438464.00
2016/06/13	16.60	17.09	16.15	16.18	9067864	152847296.00
2016/06/14	16.40	16.40	15.77	16.03	8093946	131486408.00
2016/06/15	15.82	16.82	15.81	16.59	8964221	150148192.00
2016/06/16	16.65	17.43	16.54	16.77	18384301	317005152.00
2016/06/17	17.20	17.61	16.88	17.13	20352308	355768736.00
2016/06/20	17.15	17.18	16.38	16.73	15081027	253727008.00
2016/06/21	16.71	17.12	16.53	16.62	9946103	169593152.00
2016/06/22	16.43	16.93	16.43	16.85	6392236	108166512.00
2016/06/23	16.89	17.00	16.55	16.70	7176499	122097992.00
2016/06/24	16.80	17.04	16.20	16.70	9023497	152501344.00
2016/06/27	16.70	17.46	16.50	17.31	16879540	292628544.00
2016/06/28	17.20	18.12	17.13	17.99	26502844	477346368.00
2016/06/29	17.99	18.39	17.84	17.94	18740190	343048384.00
2016/06/30	18.03	18.07	17.60	17.76	12065673	217172336.00
2016/07/01	17.70	17.93	17.36	17.45	13008155	231839872.00
2016/07/04	17.36	17.92	17.33	17.85	15241857	272303744.00
2016/07/05	17.89	18.25	17.72	17.85	21820738	396401888.00
2016/07/06	17.87	17.91	17.48	17.84	11723817	209589600.00
2016/07/07	17.80	17.80	17.25	17.43	14050020	247872560.00
2016/07/08	17.57	17.90	17.34	17.61	13129612	234239584.00
2016/07/11	17.70	17.78	17.32	17.38	17847515	315189600.00
2016/07/12	17.38	17.48	16.84	17.31	13253627	229810512.00
2016/07/13	17.32	17.60	17.21	17.42	17340699	304748704.00
2016/07/14	17.07	17.39	16.98	17.08	18266951	316547136.00
2016/07/15	17.10	17.10	16.47	16.59	27188059	459427968.00
2016/07/18	16.56	16.97	16.48	16.64	11489053	194981200.00
2016/07/19	16.73	16.94	16.64	16.88	11114082	189230608.00
2016/07/20	16.81	17.16	16.81	17.01	10904577	188309488.00
2016/07/21	17.01	17.27	16.78	16.89	9000606	155528480.00
2016/07/22	16.95	17.00	16.68	16.70	5940929	101177712.00
2016/07/25	16.73	17.02	16.71	16.81	6115670	104387856.00
2016/07/26	16.83	17.09	16.81	17.09	6491135	111626136.00
2016/07/27	16.94	17.26	16.27	16.30	17895256	301882304.00
2016/07/28	16.31	16.58	15.92	16.38	11859189	195488064.00
2016/07/29	16.45	16.56	16.20	16.36	7303951	121165544.00
2016/08/01	16.22	16.32	15.82	16.12	8221104	133157712.00
2016/08/02	16.13	16.25	15.97	16.15	3694946	60227336.00
2016/08/03	16.16	16.16	15.88	16.03	4246279	68820000.00
2016/08/04	16.05	16.15	15.95	16.10	3270423	53205956.00
2016/08/05	16.10	16.68	16.06	16.47	9914870	164821888.00
2016/08/08	16.36	16.84	16.34	16.73	8294841	139986048.00
2016/08/09	16.73	16.95	16.67	16.76	7453749	126677680.00
2016/08/10	16.66	16.91	16.61	16.65	9410232	159539216.00
2016/08/11	16.63	16.73	16.45	16.50	4458800	74646280.00
2016/08/12	16.49	16.68	16.43	16.62	4384993	73572688.00
2016/08/15	16.59	17.07	16.40	16.88	14888092	252969472.00
2016/08/16	16.81	16.94	16.65	16.69	9384723	159178352.00
2016/08/17	16.67	16.80	16.60	16.80	6868250	116195856.00
2016/08/18	16.85	16.85	16.45	16.45	8165385	137064688.00
2016/08/19	16.53	16.55	16.29	16.30	7500864	124217912.00
2016/08/22	16.30	16.46	16.08	16.13	6429074	106095304.00
2016/08/23	16.15	16.28	16.10	16.16	5835131	95655504.00
2016/08/24	16.19	16.55	16.19	16.45	8008432	132839832.00
2016/08/25	16.48	16.70	16.27	16.67	7088991	118079008.00
2016/08/26	16.68	16.83	16.55	16.63	9410015	158968688.00
2016/08/29	16.51	16.63	16.30	16.57	7495702	124966416.00
2016/08/30	16.58	16.61	16.29	16.39	5506041	91797712.00
2016/08/31	16.45	16.45	16.30	16.40	2917646	48319160.00
2016/09/01	16.48	16.58	16.36	16.45	4094913	68350832.00
2016/09/02	16.45	16.95	16.40	16.72	11886155	201715376.00
2016/09/05	16.89	16.89	16.67	16.74	5387435	91483512.00
2016/09/06	16.71	17.60	16.65	17.50	32765159	574802112.00
2016/09/07	17.50	17.69	17.31	17.40	17009806	301815872.00
2016/09/08	17.34	18.17	17.30	17.81	23198556	417584896.00
2016/09/09	17.80	18.60	17.72	18.19	39275943	726767296.00
2016/09/12	17.70	18.75	17.55	17.90	30067991	551838080.00
2016/09/13	18.00	18.54	17.68	17.79	22037187	403565856.00
2016/09/14	17.55	18.40	17.51	18.20	20600148	377945664.00
2016/09/19	18.12	18.39	18.00	18.22	15218228	279927808.00
2016/09/20	18.12	18.38	17.81	18.03	10368154	189632016.00
2016/09/21	18.13	18.90	18.01	18.60	33539604	631635008.00
2016/09/22	18.62	19.67	18.56	18.88	42583308	823357824.00
2016/09/23	18.89	19.20	18.60	18.95	16970935	324572512.00
2016/09/26	18.80	18.93	18.25	18.45	20468484	383302368.00
2016/09/27	18.36	18.74	17.81	18.55	16511798	306466368.00
2016/09/28	18.55	18.62	18.13	18.52	12273571	228088336.00
2016/09/29	18.45	18.57	18.15	18.21	9440930	175261808.00
2016/09/30	18.21	18.47	18.09	18.33	7921904	146282784.00
2016/10/10	18.36	19.00	18.33	18.72	15563038	294154560.00
2016/10/11	18.73	18.85	18.45	18.81	14016094	264331520.00
2016/10/12	18.76	18.76	17.86	18.13	22651819	417639360.00
2016/10/13	18.20	18.22	17.85	17.93	11601189	210679408.00
2016/10/14	17.79	18.22	17.75	18.08	9921231	180691680.00
2016/10/17	18.19	18.47	17.57	17.66	16872083	307726048.00
2016/10/18	17.60	17.94	17.60	17.85	7798063	140581152.00
2016/10/19	17.87	18.16	17.85	17.97	7059905	128550112.00
2016/10/20	18.02	18.55	17.92	18.49	19136501	355345536.00
2016/10/21	18.29	18.43	17.99	18.10	20385306	374824448.00
2016/10/24	18.05	18.47	17.66	18.40	25203655	458404096.00
2016/10/25	18.35	18.48	18.07	18.23	11401870	210899296.00
2016/10/26	18.80	19.05	18.24	18.30	21408924	402908928.00
2016/10/27	18.30	18.30	17.96	18.05	12528749	229178720.00
2016/10/28	18.11	18.21	17.76	17.79	10929403	197769648.00
2016/10/31	17.80	17.99	17.68	17.90	6769845	122016520.00
2016/11/01	17.90	18.15	17.87	18.07	6226429	113547520.00
2016/11/02	18.20	18.21	17.71	17.75	9009764	163348000.00
2016/11/03	17.72	17.92	17.52	17.86	10546452	189320016.00
2016/11/04	17.82	17.94	17.37	17.41	14176614	252142048.00
2016/11/07	17.41	17.46	17.17	17.21	13979043	244171600.00
2016/11/08	17.26	17.57	17.26	17.41	8834607	155708272.00
2016/11/09	17.37	17.52	17.02	17.27	10994392	191902880.00
2016/11/10	17.36	17.80	17.34	17.59	16029427	284683680.00
2016/11/11	17.60	17.60	17.26	17.52	9977227	175479472.00
2016/11/14	17.41	17.64	17.40	17.50	8516083	150669792.00
2016/11/15	17.55	17.77	17.47	17.71	11060285	197210752.00
2016/11/16	17.77	18.02	17.65	17.66	7023326	126701944.00
2016/11/17	17.65	17.65	17.33	17.46	6354750	112179536.00
2016/11/18	17.46	17.66	17.36	17.42	5299390	93738128.00
2016/11/21	17.45	17.56	17.31	17.38	5327954	93921888.00
2016/11/22	17.37	17.49	17.12	17.26	16225445	283385984.00
2016/11/23	17.28	17.48	17.20	17.36	10965450	192389664.00
2016/11/24	17.36	17.47	17.21	17.25	8471152	148661424.00
2016/11/25	17.25	17.35	16.94	17.17	10232575	176661168.00
2016/11/28	17.15	17.20	16.73	16.90	15668914	267474768.00
2016/11/29	16.90	16.97	16.62	16.64	10229021	173496704.00
2016/11/30	16.65	16.83	16.58	16.73	7041128	118956248.00
2016/12/01	16.63	16.82	16.63	16.80	4779740	80977552.00
2016/12/02	16.84	16.88	16.44	16.48	6477359	109139568.00
2016/12/05	16.38	16.83	16.29	16.77	7363247	124423088.00
2016/12/06	16.79	16.93	16.61	16.78	6550226	111235592.00
2016/12/07	16.86	16.88	16.73	16.86	2959560	50371916.00
2016/12/08	16.87	16.92	16.72	16.72	3948830	67106820.00
2016/12/09	16.70	16.74	16.52	16.56	5912373	99381944.00
2016/12/12	16.54	16.66	15.80	15.85	12992510	211424976.00
2016/12/13	15.98	15.98	15.70	15.79	5432264	86855424.00
2016/12/14	15.80	15.82	15.28	15.40	7219252	113351312.00
2016/12/15	15.40	15.61	15.30	15.50	6841667	107053056.00
2016/12/16	15.51	15.65	15.30	15.60	6862856	107842640.00
2016/12/19	15.65	15.66	15.45	15.55	3886653	61244212.00
2016/12/20	15.60	15.64	15.31	15.46	6388043	99743504.00
2016/12/21	15.50	15.78	15.50	15.67	6300035	99929904.00
2016/12/22	15.67	15.74	15.43	15.69	3591645	56730900.00
2016/12/23	15.70	15.73	15.50	15.56	5148853	81325960.00
2016/12/26	15.49	15.79	15.35	15.75	4353849	68914168.00
2016/12/27	15.71	15.94	15.71	15.85	4439317	71311800.00
2016/12/28	15.78	15.90	15.75	15.84	3102168	49732252.00
2016/12/29	15.84	15.94	15.74	15.80	4571573	73387600.00
2016/12/30	15.75	15.80	15.45	15.68	8699083	137167776.00
2017/01/03	15.65	15.76	15.46	15.72	9096739	143482528.00
2017/01/04	15.58	16.05	15.57	15.88	9548719	153113872.00
2017/01/05	15.81	15.98	15.79	15.89	5114379	82205704.00
2017/01/06	15.95	15.96	15.68	15.78	4915800	78541144.00
2017/01/09	15.69	15.84	15.56	15.81	5617795	89269376.00
2017/01/10	15.72	15.83	15.71	15.74	3927487	62719336.00
2017/01/11	15.68	15.92	15.67	15.74	4710454	75409656.00
2017/01/12	15.85	16.25	15.75	16.04	8882904	144618512.00
2017/01/13	16.25	16.78	16.22	16.35	17183914	287407776.00
2017/01/16	16.48	16.74	15.66	16.01	12142879	200560064.00
2017/01/17	16.13	16.75	16.13	16.72	12440343	207040032.00
2017/01/18	16.65	17.04	16.56	16.84	12705722	217600176.00
2017/01/19	16.79	16.92	16.57	16.64	5893521	99926952.00
2017/01/20	16.62	17.09	16.60	16.99	8022414	137568784.00
2017/01/23	16.93	17.10	16.79	16.85	6170769	105513824.00
2017/01/24	17.08	17.09	16.86	16.95	5847530	100343472.00
2017/02/15	17.80	18.67	17.55	17.70	40444554	741828352.00
2017/02/16	17.70	17.99	17.55	17.79	15568847	279610912.00
2017/02/17	17.62	18.05	17.57	17.80	8989085	162080096.00
2017/02/20	17.87	18.30	17.68	18.25	15252728	279279488.00
2017/02/21	18.45	18.45	18.09	18.26	8842949	163081248.00
2017/02/22	18.18	18.35	18.04	18.20	7225137	132632968.00
2017/02/23	18.15	18.24	17.96	18.20	7254340	132802848.00
2017/02/24	18.21	18.26	17.94	18.15	5262594	95963896.00
2017/02/27	18.05	18.42	18.00	18.20	10370698	191165056.00
2017/02/28	18.13	18.36	17.75	18.11	8028647	146209392.00
2017/03/01	18.05	18.44	17.94	18.32	14971322	276620000.00
2017/03/02	18.34	18.37	18.04	18.24	5834982	107351208.00
2017/03/03	18.12	18.48	18.05	18.26	14033362	259845056.00
2017/03/06	18.28	18.60	18.20	18.60	16089394	300794912.00
2017/03/07	18.70	18.73	18.42	18.62	8376850	157029040.00
2017/03/08	18.60	18.60	18.15	18.31	10737388	198326624.00
2017/03/09	18.23	18.30	18.07	18.27	7446918	136691504.00
2017/03/10	18.26	18.36	18.10	18.17	4195853	77294824.00
2017/03/13	18.11	18.24	17.89	17.98	9940659	181508192.00
2017/03/14	18.01	18.08	17.65	17.71	9807358	176661552.00
2017/03/15	17.70	18.16	17.58	18.04	10821678	196798800.00
2017/03/16	18.08	18.53	18.08	18.34	13147416	243745376.00
2017/03/17	18.38	18.50	18.13	18.14	6923157	128296304.00
2017/03/20	18.13	18.55	18.07	18.50	7880787	146582688.00
2017/03/21	18.50	18.88	18.31	18.70	14477098	273274240.00
2017/03/22	18.60	18.88	18.50	18.60	8516336	160979232.00
2017/03/23	18.58	19.33	18.52	19.29	24295453	467700896.00
2017/03/24	19.28	20.69	19.28	20.08	34953093	711916416.00
2017/03/27	20.15	20.36	19.76	19.96	17824548	360160448.00
2017/03/28	19.82	20.18	19.60	20.11	11347429	228204432.00
2017/03/29	19.87	20.07	19.65	19.76	11882924	238024704.00
2017/03/30	19.66	19.79	19.48	19.63	10335916	204713248.00
2017/03/31	19.65	19.85	19.45	19.61	6085854	120824432.00
2017/04/05	19.66	20.29	19.53	20.26	16054706	325402304.00
2017/04/06	20.16	20.21	19.77	19.97	10952440	220579408.00
2017/04/07	19.95	20.65	19.86	20.08	18868951	388269760.00
2017/04/10	19.80	19.85	19.36	19.48	20451047	404749792.00
2017/04/11	19.51	19.75	19.20	19.55	11804470	231915216.00
2017/04/12	19.45	20.45	19.41	20.10	21138786	429741664.00
2017/04/13	20.08	20.40	19.79	20.18	13076714	265280080.00
2017/04/14	20.11	20.35	19.88	19.95	10022623	203099600.00
2017/04/17	19.81	20.38	19.81	20.28	14368252	292403200.00
2017/04/18	20.40	21.10	20.22	20.99	23306823	491327680.00
2017/04/19	20.78	20.98	20.25	20.53	13809896	286523264.00
2017/04/20	20.30	21.65	20.28	21.45	28410344	610432256.00
2017/04/21	21.60	21.70	21.03	21.33	12279366	264033200.00
2017/04/24	21.18	21.46	20.50	21.15	16063785	342991552.00
2017/04/25	21.26	21.88	21.16	21.71	19607633	427788864.00
2017/04/26	21.70	22.10	21.45	21.84	10739413	235964400.00
2017/04/27	21.52	21.83	20.73	21.20	22338082	476782592.00
2017/04/28	21.21	21.49	20.93	21.39	7411303	159243952.00
2017/05/02	21.14	21.80	21.13	21.30	7182725	155438480.00
2017/05/03	21.20	21.33	20.50	20.80	13324745	279511520.00
2017/05/04	21.00	21.53	20.70	21.10	13228930	282124576.00
2017/05/05	21.20	21.57	20.90	20.98	11178024	240083136.00
2017/05/08	20.86	21.27	20.50	20.51	9203594	193493616.00
2017/05/09	20.48	21.20	20.15	21.06	11181071	231525424.00
2017/05/10	21.06	21.71	20.91	21.26	10494500	226940896.00
2017/05/11	21.34	21.60	20.93	21.57	13245814	284885088.00
2017/05/12	21.56	21.82	20.69	21.79	14784657	318673056.00
2017/05/15	21.52	22.02	20.94	21.69	16413187	353756288.00
2017/05/16	21.40	22.13	21.00	22.02	13336224	290920544.00
2017/05/17	22.02	22.16	21.28	21.45	11278540	246190688.00
2017/05/18	21.08	21.60	21.08	21.39	6456457	139194368.00
2017/05/19	21.30	21.50	20.25	20.80	15243075	319826720.00
2017/05/22	20.47	20.70	20.00	20.70	18542000	380290368.00
2017/05/23	20.41	20.81	20.10	20.67	12060915	249810288.00
2017/05/24	20.51	20.80	20.25	20.60	9747360	199843792.00
2017/05/25	20.54	20.59	20.16	20.39	9524963	193565056.00
2017/05/26	20.31	20.55	19.66	20.21	18451851	369932960.00
2017/05/31	20.27	21.00	20.12	20.58	15961935	328111712.00
2017/06/01	20.57	20.65	20.23	20.39	7032500	144197200.00
2017/06/02	20.38	20.58	19.82	19.89	6815300	136681696.00
2017/06/05	19.92	20.45	19.88	20.20	6285700	127083384.00
2017/06/06	20.20	20.37	19.39	19.58	10519100	207992992.00
2017/06/07	19.55	20.03	19.50	19.70	9434100	187325904.00
2017/06/08	19.73	20.34	19.73	20.20	11136600	224339056.00
2017/06/09	20.22	21.10	20.20	21.00	14626100	302236576.00
2017/06/12	21.00	21.17	20.80	20.95	6752213	141214368.00
2017/06/13	20.94	20.95	20.43	20.84	10928135	226047552.00
2017/06/14	20.71	20.92	20.56	20.82	5525218	114674088.00
2017/06/15	20.67	21.15	20.60	20.80	8140835	169650320.00
2017/06/16	20.80	20.82	20.49	20.71	7701791	158960976.00
2017/06/19	20.68	20.88	20.48	20.71	6350400	131234104.00
2017/06/20	20.74	20.81	20.21	20.36	13687310	279570496.00
2017/06/21	20.36	20.66	19.95	20.56	10340200	209491712.00
2017/06/22	20.56	21.00	19.91	19.99	16081300	328818464.00
2017/06/23	20.00	20.28	19.89	20.18	9459300	189924864.00
2017/06/26	20.12	20.43	19.96	20.40	7230800	146384592.00
2017/06/27	20.30	20.84	20.18	20.74	8036000	165825776.00
2017/06/28	20.75	20.84	20.29	20.51	5917504	121140760.00
2017/06/29	20.60	21.20	20.51	20.68	11531000	241287264.00
2017/06/30	20.71	21.00	20.50	20.99	9061200	188481040.00
2017/07/03	21.09	21.44	20.75	20.83	10495600	221460496.00
2017/07/04	20.90	21.12	20.57	20.91	6239700	129984896.00
2017/07/05	20.82	20.82	20.12	20.46	14939700	304806048.00
2017/07/06	20.49	20.84	20.26	20.70	9638200	198259232.00
2017/07/07	20.70	20.90	20.45	20.69	5709800	118234248.00
2017/07/10	20.62	21.00	20.40	20.74	8664100	180174672.00
2017/07/11	20.60	21.10	20.56	20.76	7694200	160690128.00
2017/07/12	20.76	22.09	20.68	22.08	18448900	394599200.00
2017/07/13	22.20	22.31	21.62	21.88	11215000	246372512.00
2017/07/14	21.00	22.18	21.00	22.10	19362800	420605600.00
2017/07/17	21.94	22.94	21.50	22.10	21338500	478751392.00
2017/07/18	21.99	22.18	21.31	22.11	11742200	256468416.00
2017/07/19	22.09	23.50	21.84	23.17	14899200	340911360.00
2017/07/20	23.05	23.67	22.90	23.03	7716400	179945760.00
2017/07/21	23.21	23.82	23.00	23.42	7972786	187678560.00
2017/07/24	23.48	23.76	22.88	23.16	12919300	300046016.00
2017/07/25	23.10	23.36	22.62	22.62	7114300	162847856.00
2017/07/26	22.68	22.83	22.11	22.26	9317100	208066224.00
2017/07/27	22.47	22.74	22.22	22.59	11424800	256121984.00
2017/07/28	22.57	22.77	22.26	22.58	8376900	188701152.00
2017/07/31	22.80	22.88	21.79	21.83	14127400	313510176.00
2017/08/01	21.83	22.09	21.49	21.82	9742600	211528272.00
2017/08/02	21.91	22.22	21.50	21.58	7495900	164127472.00
2017/08/03	21.60	21.66	21.22	21.41	8373900	179364576.00
2017/08/04	21.26	21.41	19.75	20.42	31662100	647011904.00
2017/08/07	20.30	20.76	20.30	20.42	10545800	216562384.00
2017/08/08	20.52	20.81	20.50	20.62	7843800	161884160.00
2017/08/09	20.52	21.20	20.42	20.94	11786300	246557920.00
2017/08/10	21.00	21.30	20.65	20.65	11596500	243662720.00
2017/08/11	20.50	20.80	20.31	20.59	7728900	158686800.00
2017/08/14	20.58	21.30	20.40	21.00	15516100	324951040.00
2017/08/15	21.00	21.46	20.74	20.80	15489900	327800096.00
数据来源:通达信
