300586 美联新材 日线 前复权
      日期	    开盘	    最高	    最低	    收盘	    成交量	    成交额
2017/01/04	11.93	13.19	11.93	13.19	3653	48821.89
2017/01/05	14.53	14.53	14.53	14.53	853	12564.69
2017/01/06	16.00	16.00	16.00	16.00	1600	25920.00
2017/01/09	17.62	17.62	17.62	17.62	4212	75057.84
2017/01/10	19.40	19.40	19.40	19.40	3493	68462.80
2017/01/11	21.36	21.36	21.36	21.36	7153	154218.69
2017/01/12	23.52	23.52	23.52	23.52	9212	218508.64
2017/01/13	25.89	25.89	25.89	25.89	75178	1961394.00
2017/01/16	28.50	28.50	28.50	28.50	172144	4940533.00
2017/01/17	31.37	31.37	31.37	31.37	204705	6462537.00
2017/01/18	34.53	34.53	34.53	34.53	88546	3075202.50
2017/01/19	35.40	35.50	31.20	31.80	14902446	488822368.00
2017/01/20	31.31	34.38	31.30	32.90	11629639	383152736.00
2017/01/23	32.93	34.98	32.55	33.90	8849121	300254208.00
2017/01/24	33.87	34.03	32.75	32.91	5943654	198436480.00
2017/01/25	32.84	35.08	32.82	34.24	6392140	218148816.00
2017/01/26	34.20	37.42	33.87	35.80	7287836	256854688.00
2017/02/03	35.81	36.46	35.00	35.69	5458246	196479968.00
2017/02/06	36.10	37.70	35.85	37.40	5695372	210516080.00
2017/02/07	36.93	37.40	36.31	36.81	4519495	167327376.00
2017/02/08	36.53	38.58	36.53	37.98	5097735	192801392.00
2017/02/09	37.59	38.48	37.25	37.77	4372721	166035952.00
2017/02/10	37.60	38.09	36.15	36.25	4308768	159904176.00
2017/02/13	36.30	39.10	36.27	38.20	4854782	184626736.00
2017/02/14	37.95	39.13	37.95	38.60	4305611	167356320.00
2017/02/15	38.50	40.67	38.50	38.75	7209740	285902752.00
2017/02/16	38.66	38.70	37.10	37.96	4474791	170656080.00
2017/02/17	37.95	38.78	36.50	36.77	4629642	174492080.00
2017/02/20	36.30	36.77	34.69	36.01	3531870	126544056.00
2017/02/21	35.94	37.20	35.92	36.87	2845695	105009840.00
2017/02/22	36.91	37.63	36.55	37.50	3494768	130875216.00
2017/02/23	37.20	39.60	37.16	39.29	4503043	174559136.00
2017/02/24	39.29	40.47	38.71	39.33	3950605	156651808.00
2017/02/27	39.01	43.28	39.01	43.28	10487976	448143488.00
2017/02/28	40.30	41.30	39.32	40.85	8923350	361233152.00
2017/03/01	40.37	40.85	39.48	39.81	4946639	198840608.00
2017/03/02	40.00	40.43	39.41	40.09	3960092	159096592.00
2017/03/03	39.99	40.55	39.51	40.55	3893420	157288160.00
2017/03/06	40.78	42.68	40.58	42.50	6168891	257471632.00
2017/03/07	42.75	43.00	41.87	42.75	5206413	221853984.00
2017/03/08	42.68	43.48	42.21	43.42	5560924	240165312.00
2017/03/09	43.48	43.50	41.47	41.62	4421416	187990208.00
2017/03/10	41.69	42.57	40.57	42.24	4983053	208908720.00
2017/03/13	42.29	43.97	41.68	43.52	6386552	274700320.00
2017/03/14	43.65	46.94	43.01	43.65	7126111	316482496.00
2017/03/15	43.77	43.87	42.80	43.20	4474163	194965776.00
2017/03/16	43.11	45.15	43.10	44.80	6361717	282046144.00
2017/03/17	44.80	44.80	43.07	43.18	5298845	234240800.00
2017/03/20	42.77	44.05	42.60	44.04	2694860	117267448.00
2017/03/21	43.82	44.96	43.63	44.79	4382380	195568096.00
2017/03/22	44.30	45.68	43.91	45.25	4741035	213676432.00
2017/03/23	45.06	46.60	43.31	44.65	6433319	292662240.00
2017/03/24	44.21	45.98	43.98	45.47	4560536	207309296.00
2017/03/27	45.57	46.50	45.06	45.96	3823684	176028048.00
2017/03/28	45.80	46.05	44.10	44.65	3262764	148275808.00
2017/03/29	44.30	44.75	41.60	41.60	4063249	175256448.00
2017/03/30	40.80	41.08	39.62	40.19	2790379	112917744.00
2017/03/31	39.90	40.67	38.68	38.93	2457019	97755848.00
2017/04/05	38.40	40.28	38.40	40.11	2083091	82784632.00
2017/04/06	40.11	41.04	39.82	40.30	1629059	66423368.00
2017/04/07	40.30	40.62	39.00	39.27	1539643	61621116.00
2017/04/10	39.54	39.54	36.09	36.16	2527433	94844184.00
2017/04/11	36.17	37.30	35.91	37.22	1843107	67985488.00
2017/04/12	37.10	37.15	36.20	36.21	1228159	45327092.00
2017/04/13	36.18	36.96	36.18	36.38	925841	34089728.00
2017/04/14	36.32	36.38	35.48	35.59	1190648	42746744.00
2017/04/17	33.71	33.71	32.20	32.30	2299794	76219448.00
2017/04/18	32.25	32.93	31.93	31.97	1251566	40922380.00
2017/04/19	31.70	33.16	31.60	33.06	1483268	48400908.00
2017/04/20	33.07	33.26	32.00	32.60	1613722	53132736.00
2017/04/21	32.54	33.40	32.54	33.28	1439737	47782920.00
2017/04/24	32.90	32.90	31.80	32.54	1056778	34414404.00
2017/04/25	32.80	33.63	32.64	32.79	1057612	35215528.00
2017/04/26	32.57	33.46	32.57	32.98	1064804	35409880.00
2017/04/27	32.80	34.28	32.00	34.14	1972891	66084328.00
2017/04/28	33.91	34.45	33.82	34.01	1310411	44914048.00
2017/05/02	34.10	34.30	33.60	33.77	832304	28457476.00
2017/05/03	34.00	34.28	33.42	34.08	858431	29256566.00
2017/05/04	34.08	34.08	33.20	33.20	912459	30909946.00
2017/05/05	33.35	33.46	31.95	32.40	901125	29922404.00
2017/05/08	32.18	32.59	30.80	30.81	837671	26799134.00
2017/05/09	31.00	31.96	30.70	31.59	800958	25277818.00
2017/05/10	31.46	32.09	31.10	31.12	931987	29701504.00
2017/05/11	30.68	31.78	30.40	31.75	960279	30053060.00
2017/05/12	31.90	32.16	31.34	31.98	774906	24796676.00
2017/05/15	31.90	32.16	31.72	31.88	642855	20648642.00
2017/05/16	31.93	32.88	31.31	32.88	1239137	40146728.00
2017/05/17	32.88	33.68	32.88	33.00	1263204	42320992.00
2017/05/18	32.68	33.12	32.50	32.81	777424	25699060.00
2017/05/19	32.91	33.47	32.43	32.62	868000	28804630.00
2017/05/22	32.45	32.70	30.55	30.80	1010000	31753386.00
2017/05/23	30.60	30.60	27.78	28.00	1615411	46858816.00
2017/05/24	28.00	28.34	27.11	28.10	1208028	33641304.00
2017/05/25	28.18	28.18	26.88	27.87	1151924	31814158.00
2017/05/26	27.87	28.59	27.66	28.41	915824	25812586.00
2017/05/31	29.31	30.01	28.18	28.37	1236053	36177480.00
2017/06/01	28.30	28.30	26.70	26.77	1080900	29609472.00
2017/06/02	26.60	27.99	26.13	27.71	930000	25284658.00
2017/06/05	28.23	28.48	27.74	28.11	724900	20404524.00
2017/06/06	27.80	28.31	27.80	28.10	516100	14474266.00
2017/06/07	28.20	29.38	28.16	29.12	1159600	33432982.00
2017/06/08	29.27	29.38	28.60	28.62	998300	28991678.00
2017/06/09	28.62	28.89	28.18	28.80	759500	21683682.00
2017/06/12	28.32	28.74	27.26	27.45	825312	23033700.00
2017/06/13	27.45	28.80	27.35	28.49	1003953	28319208.00
2017/06/14	28.62	28.77	28.16	28.34	736658	20943094.00
2017/06/15	28.34	29.44	28.34	29.21	1255787	36509604.00
2017/06/16	29.28	29.38	28.79	29.01	804069	23358724.00
2017/06/19	29.21	29.22	28.91	29.10	468500	13614454.00
2017/06/20	29.36	29.38	28.62	28.62	820059	23795470.00
2017/06/21	28.70	29.09	28.41	28.66	751400	21574540.00
2017/06/22	28.66	28.87	25.79	27.41	1077300	30291494.00
2017/06/23	27.68	27.92	26.94	27.64	978100	26873286.00
2017/06/26	27.60	27.97	27.35	27.96	662900	18363788.00
2017/06/27	27.96	28.32	27.72	27.99	560500	15746468.00
2017/06/28	27.82	27.91	27.31	27.41	445276	12259801.00
2017/06/29	27.54	27.83	27.48	27.55	449300	12434587.00
2017/06/30	27.55	28.30	27.33	27.95	777300	21653860.00
2017/07/03	27.94	28.33	27.72	28.29	623500	17566400.00
2017/07/04	28.28	28.65	28.23	28.42	564200	16047972.00
2017/07/05	28.48	28.85	28.25	28.85	863700	24783514.00
2017/07/06	28.86	29.36	28.65	29.36	1241300	36196300.00
2017/07/07	29.40	30.33	29.21	30.00	1676900	50192572.00
2017/07/10	29.40	29.50	28.70	28.96	1227400	35705128.00
2017/07/11	28.95	29.09	28.38	28.64	626900	18011754.00
2017/07/12	28.60	28.74	27.60	28.60	737200	20687714.00
2017/07/13	28.50	28.56	27.80	27.88	557100	15698950.00
2017/07/14	27.82	28.00	27.34	27.37	657200	18152466.00
2017/07/17	27.01	27.40	24.63	24.63	1661700	42124748.00
2017/07/18	24.60	24.98	24.02	24.64	820300	20088824.00
2017/07/19	24.11	24.70	24.11	24.64	662500	16191980.00
2017/07/20	24.64	25.99	24.40	24.90	1010000	25603468.00
2017/07/21	24.86	25.48	24.50	24.80	544963	13567016.00
2017/07/24	24.75	24.93	23.63	24.71	861600	20880172.00
2017/07/25	24.69	24.89	24.27	24.85	526800	13014426.00
2017/07/26	24.71	24.98	24.45	24.67	429800	10637393.00
2017/07/27	24.56	25.87	24.45	25.68	1117200	28276208.00
2017/07/28	25.53	25.80	25.01	25.06	723300	18354812.00
2017/07/31	25.28	25.36	24.88	25.18	414200	10425408.00
2017/08/01	25.35	25.36	24.91	25.26	562200	14141656.00
2017/08/02	25.30	25.46	24.53	24.70	470100	11690360.00
2017/08/03	24.60	25.46	24.48	24.90	568700	14259015.00
2017/08/04	24.98	25.23	24.50	24.51	559200	13837831.00
2017/08/07	24.40	25.19	23.78	24.75	455600	11222108.00
2017/08/08	24.69	24.72	24.30	24.68	432600	10606120.00
2017/08/09	24.70	25.88	24.53	25.88	1165700	29547902.00
2017/08/10	27.00	27.98	26.00	26.16	4460800	120841736.00
2017/08/11	25.14	25.27	24.40	24.83	1975200	49188024.00
2017/08/14	24.70	25.36	24.53	25.11	1048400	26262964.00
2017/08/15	25.11	25.55	25.10	25.40	986300	24957434.00
2017/08/16	25.49	26.11	25.17	25.92	1292700	33311112.00
2017/08/17	25.91	25.93	25.53	25.86	803000	20688312.00
2017/08/18	25.70	25.79	25.34	25.55	672900	17191504.00
2017/08/21	25.50	26.28	25.50	26.18	1013700	26334294.00
2017/08/22	26.14	26.75	25.82	26.00	1081900	28485144.00
2017/08/23	25.85	26.27	25.50	26.00	841000	21728844.00
2017/08/24	25.82	26.20	25.58	25.70	720000	18632160.00
2017/08/25	25.65	26.28	25.65	26.18	1110400	28982006.00
2017/08/28	26.30	27.26	26.30	27.00	1905200	51167096.00
2017/08/29	26.84	27.89	26.68	27.30	2215500	60464984.00
2017/08/30	27.30	28.18	27.20	27.38	1814000	50256684.00
2017/08/31	27.56	28.47	27.12	28.38	1737800	48693548.00
2017/09/01	28.30	28.50	27.88	28.29	1478800	41586216.00
2017/09/04	28.29	28.50	27.90	27.95	1162200	32733910.00
2017/09/05	27.91	28.28	27.58	27.85	1030800	28646668.00
2017/09/06	27.80	27.80	27.18	27.65	832648	22890428.00
2017/09/07	27.71	28.76	27.67	28.26	1765706	50056204.00
2017/09/08	28.30	28.50	27.87	28.11	1042233	29386036.00
2017/09/11	28.15	28.49	27.83	28.49	771606	21840914.00
2017/09/12	28.41	28.65	27.40	27.42	1184759	33177802.00
2017/09/13	27.50	27.98	27.15	27.95	680700	18779984.00
2017/09/14	27.82	28.30	27.65	27.82	491187	13701864.00
2017/09/15	27.99	27.99	27.39	27.47	614688	16943764.00
2017/09/18	27.41	27.84	27.11	27.75	492400	13544829.00
2017/09/19	27.54	27.99	27.54	27.83	773700	21526378.00
2017/09/20	27.95	28.18	27.51	28.16	791500	22088502.00
2017/09/21	28.23	28.40	27.69	27.70	1114500	31178232.00
数据来源:通达信
