300496 中科创达 日线 前复权
      日期	    开盘	    最高	    最低	    收盘	    成交量	    成交额
2015/12/10	7.07	8.38	7.07	8.38	9301	310541.41
2015/12/11	9.24	9.24	9.24	9.24	4300	158498.00
2015/12/14	10.18	10.18	10.18	10.18	4000	162200.00
2015/12/15	11.22	11.22	11.22	11.22	1900	84759.00
2015/12/16	12.36	12.36	12.36	12.36	3200	157024.00
2015/12/17	13.62	13.62	13.62	13.62	4500	242910.00
2015/12/18	15.00	15.00	15.00	15.00	5100	302838.00
2015/12/21	16.52	16.52	16.52	16.52	6600	431112.00
2015/12/22	18.19	18.19	18.19	18.19	17500	1257375.00
2015/12/23	20.03	20.03	20.03	20.03	15600	1233024.00
2015/12/24	22.05	22.05	22.05	22.05	31600	2747304.00
2015/12/25	24.27	24.27	24.27	24.27	26750	2558102.50
2015/12/28	26.72	26.72	26.72	26.72	43375	4562616.00
2015/12/29	29.41	29.41	29.41	29.41	30308	3506938.75
2015/12/30	32.37	32.37	32.37	32.37	102035	12987015.00
2015/12/31	35.63	35.63	35.63	35.63	319949	44796060.00
2016/01/04	39.21	39.21	39.21	39.21	408325	62886132.00
2016/01/05	43.15	43.15	43.15	43.15	553106	93701688.00
2016/01/06	47.48	47.48	47.48	47.48	178920	33341742.00
2016/01/07	52.25	52.25	52.25	52.25	1072546	219861200.00
2016/01/08	57.37	57.49	54.81	57.49	14063382	3136574976.00
2016/01/11	55.58	58.60	51.73	51.73	10362965	2248737792.00
2016/01/12	49.72	55.88	46.53	48.82	9757640	1871133824.00
2016/01/13	49.66	53.73	46.53	50.46	10459446	2075177216.00
2016/01/14	48.16	51.68	45.86	51.49	8116740	1563911808.00
2016/01/15	53.92	56.35	50.46	50.46	7289354	1534045440.00
2016/01/18	47.36	55.45	46.11	54.53	7157330	1432239232.00
2016/01/19	53.02	59.62	52.31	57.63	8009976	1740247936.00
2016/01/20	56.35	57.59	51.85	51.85	8019589	1697381376.00
2016/01/21	50.72	51.86	46.64	46.64	6376125	1232946048.00
2016/01/22	45.91	48.63	44.30	46.75	5825771	1062423296.00
2016/01/25	46.88	49.31	45.65	47.14	4648219	864550912.00
2016/01/26	45.60	45.60	42.41	42.41	3898996	674135616.00
2016/01/27	40.73	42.81	39.60	41.10	4645129	746645248.00
2016/01/28	39.71	41.51	36.97	36.97	4144008	638251840.00
2016/01/29	37.70	40.68	37.68	39.65	4343139	669172736.00
2016/02/01	38.69	39.84	36.39	38.00	3704097	560076096.00
2016/02/02	37.77	41.82	37.68	41.25	4522843	727119104.00
2016/02/03	40.23	43.22	40.05	43.17	3660093	600909056.00
2016/02/04	44.04	47.08	43.55	45.15	3349403	594577408.00
2016/02/05	44.96	45.70	42.28	42.96	2724596	468244480.00
2016/02/15	41.00	42.53	40.36	41.84	2644033	427744928.00
2016/02/16	42.02	46.04	41.76	46.04	4136973	733565952.00
2016/02/17	45.91	47.54	45.17	47.13	3697998	669081472.00
2016/02/18	47.90	48.41	45.35	47.65	3587553	661739840.00
2016/02/19	48.24	52.43	48.24	52.43	3847841	762115968.00
2016/02/22	56.08	56.08	51.59	52.48	4538474	954924992.00
2016/02/23	52.48	57.51	52.04	54.56	4442802	957496448.00
2016/02/24	53.53	54.81	49.44	50.90	5398450	1101755392.00
2016/02/25	50.46	51.79	45.89	46.37	4209385	807084544.00
2016/02/26	47.36	49.50	45.92	48.30	3815460	714019648.00
2016/02/29	47.39	47.39	43.45	43.45	937826	163858512.00
2016/03/01	40.48	43.55	39.09	42.02	5741372	907855808.00
2016/03/02	41.76	44.03	40.97	43.64	4367999	732505152.00
2016/03/03	43.81	45.36	42.10	42.15	4140009	711630592.00
2016/03/04	40.74	41.34	37.91	37.91	4590359	707499072.00
2016/03/07	39.08	41.72	38.96	40.59	4129723	661074560.00
2016/03/08	39.46	43.80	37.26	43.07	5318868	846387520.00
2016/03/09	42.28	45.06	41.81	42.25	3306108	561590720.00
2016/03/10	42.76	43.64	40.30	42.10	2968574	489629312.00
2016/03/11	40.79	43.70	40.79	43.30	3004417	501696160.00
2016/03/14	44.71	47.65	44.67	47.39	4292677	790779264.00
2016/03/15	47.14	49.33	46.85	47.25	4438306	832787008.00
2016/03/16	48.28	48.42	45.39	46.06	3957783	726189824.00
2016/03/17	46.37	50.58	46.07	49.90	3738915	712222592.00
2016/03/18	49.69	51.77	49.46	50.03	4016508	792348032.00
2016/03/21	50.32	52.71	50.04	51.71	4249227	855084800.00
2016/03/22	50.97	51.10	49.75	50.44	2576334	510081888.00
2016/03/23	50.15	50.97	49.21	50.36	2848164	558293312.00
2016/03/24	49.69	49.69	47.11	47.11	3915674	742605632.00
2016/03/25	46.62	48.11	45.65	46.45	3026047	555891712.00
2016/03/28	46.88	48.80	46.37	47.01	2891213	540638144.00
2016/03/29	46.62	46.78	43.81	44.07	3456708	608311104.00
2016/03/30	44.80	46.62	44.20	46.62	3021563	537801472.00
2016/03/31	46.85	50.46	46.82	49.18	4321556	827776320.00
2016/04/01	48.68	51.43	47.24	51.38	3987086	761621696.00
2016/04/05	51.13	51.95	50.16	51.74	3661120	735135232.00
2016/04/06	51.48	51.49	49.92	50.85	3054032	606899072.00
2016/04/07	50.85	50.89	48.52	48.77	3077354	595848960.00
2016/04/08	48.44	53.67	47.45	53.67	5414338	1095296768.00
2016/04/11	52.65	56.04	52.00	54.30	5074235	1071145536.00
2016/04/12	53.67	53.72	48.85	48.95	5427444	1079131776.00
2016/04/13	49.64	50.41	48.49	49.18	3143216	612160896.00
2016/04/14	49.41	51.23	49.08	50.87	3014912	595782208.00
2016/04/15	50.41	50.71	48.42	49.48	2955083	570237504.00
2016/04/18	48.42	49.16	47.90	48.93	1832638	349224288.00
2016/04/19	49.34	50.87	48.16	49.43	2440716	475262720.00
2016/04/20	49.46	49.69	44.58	45.89	3527614	650441088.00
2016/04/21	45.35	48.15	45.13	46.06	2924395	536930560.00
2016/04/22	44.83	48.41	44.58	47.75	2785457	513839360.00
2016/04/25	52.54	52.54	50.21	50.54	6955498	1419247616.00
2016/04/26	49.95	52.44	49.70	51.49	4277214	859866432.00
2016/04/27	50.95	53.51	50.43	51.56	4563489	933997888.00
2016/04/28	51.64	56.74	50.47	56.74	6278660	1328132864.00
2016/04/29	56.09	56.43	52.99	53.94	5712172	1228311424.00
2016/05/03	54.30	58.90	53.28	58.09	5650659	1234229632.00
2016/05/04	57.11	59.02	56.65	57.07	3811257	863045952.00
2016/05/05	57.37	62.54	57.11	60.67	4394290	1041212544.00
2016/05/06	59.95	62.48	58.65	60.20	5027405	1193536512.00
2016/05/09	59.67	60.82	56.04	57.88	4114147	938307520.00
2016/05/10	58.13	61.00	56.12	56.35	4983089	1149305728.00
2016/05/11	56.09	56.93	53.53	53.94	4116692	891894592.00
2016/05/12	52.51	55.57	51.99	55.57	3090061	653445568.00
2016/05/13	54.98	56.45	54.35	55.19	2534684	550308992.00
2016/05/16	55.07	60.73	54.56	60.73	4155555	950023168.00
2016/05/17	61.21	63.64	59.67	59.79	5027023	1213826560.00
2016/05/18	59.92	61.58	58.60	61.46	4155228	984799808.00
2016/05/19	61.59	65.94	61.21	64.42	4059965	1018672896.00
2016/05/20	63.86	66.28	62.91	66.07	3206686	809070976.00
2016/05/23	66.21	67.56	64.79	65.78	3456326	892831232.00
2016/05/24	65.81	68.03	65.12	67.76	3409286	890718144.00
2016/05/25	67.60	69.00	63.70	63.70	3975655	1034111296.00
2016/05/26	63.25	65.04	60.59	64.69	3765687	920552192.00
2016/05/27	63.77	66.08	61.73	64.76	3091423	780160768.00
2016/05/30	63.51	65.27	62.49	62.97	1885167	471726592.00
2016/05/31	63.00	69.29	63.00	69.29	3644989	960253312.00
2016/06/01	69.65	72.59	68.88	71.11	3713647	1025928256.00
2016/06/02	71.18	76.47	70.49	75.53	3814699	1097193216.00
2016/06/03	74.00	77.07	73.49	75.10	3031970	898164864.00
2016/06/06	75.53	76.81	74.01	75.79	2067486	610523072.00
2016/06/07	75.43	83.39	75.03	83.39	4201366	1323866112.00
2016/06/08	82.52	85.72	80.92	81.78	4259972	1391987456.00
2016/06/13	82.19	83.83	73.58	73.58	4052574	1259359360.00
2016/06/14	69.39	70.38	66.35	69.48	5465353	1470306432.00
2016/06/15	68.88	76.45	68.52	75.92	4844695	1409605376.00
2016/06/16	76.55	78.27	72.34	76.19	5746300	1692680192.00
2016/06/17	75.43	83.41	73.61	77.89	22887544	1789981312.00
2016/06/20	74.93	76.43	71.57	73.43	16349839	1204861696.00
2016/06/21	74.03	75.59	66.08	66.08	25724706	1802104448.00
2016/06/22	64.73	67.51	61.53	67.43	23508701	1509660544.00
2016/06/23	66.13	67.37	64.55	64.88	14350091	943431040.00
2016/06/24	65.46	67.80	61.93	65.51	16986242	1117108480.00
2016/06/27	64.95	71.37	63.59	69.97	19990163	1348467200.00
2016/06/28	68.81	69.62	67.43	68.71	14215163	975534272.00
2016/06/29	69.13	72.43	69.13	70.96	15227848	1082261632.00
2016/06/30	68.63	69.33	65.94	67.65	16484013	1116349824.00
2016/07/01	68.06	69.93	67.53	67.63	10043860	689437312.00
2016/07/04	65.93	67.91	65.13	67.43	10736987	714544128.00
2016/07/05	68.23	69.73	67.65	67.92	10277188	704159808.00
2016/07/06	66.93	67.91	66.04	66.65	9014789	601522176.00
2016/07/07	66.08	66.68	64.43	65.08	9582886	628755072.00
2016/07/08	64.93	69.89	64.93	67.43	15096714	1023869504.00
2016/07/11	67.43	67.84	64.93	65.29	9465010	623815552.00
2016/07/12	65.03	67.62	64.64	67.10	10069302	668796736.00
2016/07/13	66.93	66.93	65.39	66.34	8503841	563453504.00
2016/07/14	66.21	67.92	65.93	67.39	8226340	552933120.00
2016/07/15	67.62	67.90	66.41	66.59	6675762	446969344.00
2016/07/18	66.40	66.58	64.93	65.43	5311727	348692544.00
2016/07/19	66.53	69.42	66.35	67.80	12965296	883125248.00
2016/07/20	67.12	74.43	66.82	71.63	20197910	1422579584.00
2016/07/21	70.35	71.63	68.38	68.99	15760734	1102800128.00
2016/07/22	68.64	69.63	67.43	67.65	8786318	602540928.00
2016/07/25	67.09	67.53	64.73	65.19	9979389	656235328.00
2016/07/26	64.83	66.19	64.83	65.83	4694762	308076768.00
2016/07/27	65.82	65.93	59.24	59.30	13929965	862129856.00
2016/07/28	58.98	60.47	56.44	58.62	8076024	473297344.00
2016/07/29	58.26	59.23	56.73	56.83	6319013	364181824.00
2016/08/01	55.73	56.33	52.93	53.96	7181871	389117632.00
2016/08/02	53.94	55.10	53.74	54.33	4676393	254691024.00
2016/08/03	54.33	55.81	54.23	54.85	6821552	375107328.00
2016/08/04	54.93	55.42	53.75	55.33	6378079	349295296.00
2016/08/05	55.05	55.24	53.43	53.63	5236150	284551680.00
2016/08/08	52.93	54.50	51.84	54.28	5981052	319284000.00
2016/08/09	54.87	57.28	54.65	56.90	9060958	512357504.00
2016/08/10	56.82	57.11	55.87	56.63	6728694	380657856.00
2016/08/11	55.94	57.14	54.92	55.33	5468001	308156192.00
2016/08/12	54.92	55.81	54.73	55.31	4173670	230921920.00
2016/08/15	55.45	58.90	53.44	58.12	10877192	617606464.00
2016/08/16	57.94	58.72	57.33	57.70	6831991	396000320.00
2016/08/17	57.43	59.71	57.33	58.72	8203218	484013376.00
2016/08/18	58.22	60.82	57.93	59.20	8576815	511603008.00
2016/08/19	58.84	59.38	57.64	58.12	4893310	286237504.00
2016/08/22	57.76	58.35	55.43	55.43	5404411	306665056.00
2016/08/23	55.39	56.63	55.31	55.93	3404915	190538928.00
2016/08/24	55.92	57.07	55.64	56.71	3662053	207539456.00
2016/08/25	56.03	58.22	54.93	57.81	6812867	390460000.00
2016/08/26	57.81	58.87	56.83	57.00	5412797	312032896.00
2016/08/29	56.62	56.62	55.64	56.00	3668553	205864128.00
2016/08/30	56.07	58.07	56.06	56.85	4576656	262584432.00
2016/08/31	56.38	57.22	55.48	56.38	3368500	189384416.00
2016/09/01	56.82	57.13	55.79	55.87	2995683	169267696.00
2016/09/02	55.51	56.18	54.93	55.09	3322171	184505008.00
2016/09/05	55.31	56.13	55.03	55.16	2260318	125756016.00
2016/09/06	55.34	56.43	54.23	56.10	4215986	233551152.00
2016/09/07	56.33	56.52	55.43	55.49	3278775	183568240.00
2016/09/08	55.40	55.91	54.75	55.16	2619030	144732192.00
2016/09/09	55.18	55.37	54.78	54.85	2380667	131134344.00
2016/09/12	53.43	53.50	51.23	51.31	5049985	265273328.00
2016/09/13	51.90	51.93	49.96	50.59	4333015	220099264.00
2016/09/14	49.98	51.20	49.98	50.39	2557499	129562776.00
2016/09/19	50.92	51.71	50.53	51.08	2650684	135809696.00
2016/09/20	51.25	51.58	50.63	51.32	2065587	105734992.00
2016/09/21	51.13	51.56	50.85	51.09	1854323	95093776.00
2016/09/22	51.53	52.23	51.09	51.15	2353393	121777096.00
2016/09/23	51.18	51.30	50.21	50.21	2125465	107876176.00
2016/09/26	48.93	49.87	47.48	47.56	4387350	213046176.00
2016/09/27	47.91	48.60	47.68	48.47	2875474	138766608.00
2016/09/28	48.47	48.81	48.28	48.29	2014335	97850168.00
2016/09/29	48.48	48.52	47.95	48.20	1880186	90931968.00
2016/09/30	47.93	48.40	47.92	48.27	1410767	68043992.00
2016/10/10	48.38	52.75	48.38	52.21	6177654	316343648.00
2017/01/06	47.42	50.41	46.98	46.98	14668436	703182336.00
2017/01/09	44.73	45.43	42.95	43.41	8545928	374302400.00
2017/01/10	42.32	42.53	39.65	39.80	11225932	462036640.00
2017/01/11	39.41	40.38	39.18	39.55	6309990	251721040.00
2017/01/12	39.43	39.43	36.73	37.06	9684353	367807584.00
2017/01/13	36.87	37.05	34.61	34.91	9635396	345140576.00
2017/01/16	34.43	35.24	32.81	33.92	9565984	328868896.00
2017/01/17	33.92	36.03	33.92	35.70	9803094	344064320.00
2017/01/18	35.70	35.75	34.04	34.12	6211932	216392976.00
2017/01/19	33.73	34.78	32.93	34.21	4682853	159772192.00
2017/01/20	34.18	35.81	33.94	35.01	6637363	233741632.00
2017/01/23	35.67	35.67	34.08	34.43	7229801	250689408.00
2017/01/24	33.93	34.11	33.03	33.13	7045067	236434576.00
2017/01/25	32.94	33.81	32.93	33.48	3469068	116302856.00
2017/01/26	33.63	34.32	33.56	33.75	3623227	123232712.00
2017/02/03	33.83	34.52	33.59	34.07	3911203	133860336.00
2017/02/06	34.12	34.72	33.58	34.71	5316618	182087040.00
2017/02/07	34.60	34.81	34.08	34.31	4304994	148263152.00
2017/02/08	34.33	35.26	33.74	35.19	6540851	227417344.00
2017/02/09	35.06	37.12	34.97	36.23	10702758	384600096.00
2017/02/10	35.91	36.18	35.12	35.23	6187156	220391520.00
2017/02/13	34.92	35.70	34.46	35.28	4992469	175812576.00
2017/02/14	34.43	34.44	32.73	33.21	13524461	454387520.00
2017/02/15	33.01	33.53	32.89	32.98	5783102	192511648.00
2017/02/16	32.60	32.60	31.24	31.53	13241848	422135200.00
2017/02/17	31.53	32.43	30.97	31.84	8867364	281777120.00
2017/02/20	31.78	32.26	31.38	32.02	7287984	233017936.00
2017/02/21	31.92	32.60	31.79	32.42	7007451	226835072.00
2017/02/22	32.73	32.73	32.08	32.48	5472858	177537440.00
2017/02/23	32.49	32.64	32.08	32.61	5459931	177021760.00
2017/02/24	32.69	34.12	32.54	33.92	12458902	417879616.00
2017/02/27	33.93	34.37	33.55	34.05	8236968	280710624.00
2017/02/28	34.08	34.13	33.23	33.95	6090751	205182384.00
2017/03/01	33.73	35.43	33.55	34.83	11147316	386613824.00
2017/03/02	34.68	34.84	34.09	34.12	6653009	229319824.00
2017/03/03	33.98	35.03	33.46	35.02	8535340	294139360.00
2017/03/06	35.24	37.10	35.24	36.32	13086742	476510080.00
2017/03/07	36.33	39.93	35.71	38.86	17697938	661385280.00
2017/03/08	38.33	40.13	38.13	38.50	16937780	663710208.00
2017/03/09	38.19	38.99	37.91	38.39	10080876	388477536.00
2017/03/10	38.72	39.43	38.43	38.49	10116445	394001248.00
2017/03/13	38.13	38.39	37.03	37.88	10499094	396922240.00
2017/03/14	37.63	41.12	37.62	40.08	18948645	753803840.00
2017/03/15	39.74	39.74	38.75	38.94	11916785	467502336.00
2017/03/16	38.98	39.91	38.96	39.40	9408621	371474176.00
2017/03/17	39.23	41.22	39.23	39.80	15807681	639811904.00
2017/03/20	39.22	41.13	39.08	41.07	13067594	526915328.00
2017/03/21	40.21	40.83	39.39	40.33	12939586	520538848.00
2017/03/22	39.81	40.29	39.39	39.68	7799984	310929600.00
2017/03/23	39.69	40.59	38.29	39.02	10797289	426965632.00
2017/03/24	38.54	38.93	37.93	38.27	8806982	337688000.00
2017/03/27	38.27	39.13	38.24	38.42	5386841	208779808.00
2017/03/28	38.68	38.81	37.08	37.10	7466870	282540480.00
2017/03/29	36.96	37.42	35.73	35.77	8863753	322472192.00
2017/03/30	35.41	35.71	33.32	33.48	8946117	308513088.00
2017/03/31	33.53	34.32	33.52	34.00	5493597	186959920.00
2017/04/05	34.13	35.71	34.11	35.26	6272148	221204864.00
2017/04/06	35.26	36.11	35.23	35.38	5233208	187175568.00
2017/04/07	35.43	35.62	34.31	34.41	5138679	179077920.00
2017/04/10	34.00	34.00	31.93	32.33	8644630	284246528.00
2017/04/11	32.33	33.43	31.83	33.30	6704564	218958688.00
2017/04/12	32.90	33.27	32.49	32.51	4263610	140301232.00
2017/04/13	32.38	33.21	32.38	32.74	3441179	113562424.00
2017/04/14	32.96	33.00	32.38	32.60	3062102	100296104.00
2017/04/17	32.24	32.24	31.03	31.35	4527620	142816128.00
2017/04/18	31.48	31.72	30.28	30.50	4190624	130142112.00
2017/04/19	29.96	30.41	28.96	30.33	4833962	143849264.00
2017/04/20	30.04	30.59	29.79	30.38	3416686	103617424.00
2017/04/21	30.38	30.58	30.06	30.23	1998110	60623528.00
2017/04/24	29.94	30.42	28.51	29.67	4111414	121438760.00
2017/04/25	29.43	30.39	29.43	29.85	3241321	97286248.00
2017/04/26	29.83	30.28	29.48	29.88	2372310	71267776.00
2017/04/27	29.86	31.08	28.68	30.86	5454566	164045008.00
2017/04/28	30.62	31.50	30.51	31.14	4023753	125191112.00
2017/05/02	30.88	31.35	30.52	30.96	2758225	85392792.00
2017/05/03	31.09	31.27	30.50	30.74	2691403	82795776.00
2017/05/04	30.81	31.03	30.01	30.05	3471415	106038584.00
2017/05/05	29.80	30.40	29.46	29.85	3711294	111224344.00
2017/05/08	29.51	30.15	29.16	29.21	3637198	107806976.00
2017/05/09	29.22	29.44	28.60	29.34	3947295	114771512.00
2017/05/10	29.01	29.87	29.00	29.04	4029329	118544240.00
2017/05/11	28.94	28.94	26.14	26.71	9878733	267812848.00
2017/05/12	26.50	26.50	24.04	25.56	7146647	182317760.00
2017/05/15	25.25	26.13	25.21	25.45	3939969	101075168.00
2017/05/16	25.43	26.40	24.91	26.34	5711583	146658608.00
2017/05/17	26.35	26.98	26.10	26.39	5117495	135610240.00
2017/05/18	26.29	27.28	25.83	26.61	5911133	158109680.00
2017/05/19	26.39	26.79	26.08	26.17	3379359	88846576.00
2017/05/22	26.07	26.38	24.80	24.97	4180200	107249072.00
2017/05/23	24.70	25.94	24.65	25.20	5287059	134142608.00
2017/05/24	24.91	27.72	24.80	27.72	9805374	260237664.00
2017/05/25	27.71	27.98	26.74	27.46	9893226	270490784.00
2017/05/26	27.60	29.84	27.14	28.96	10757979	304811328.00
2017/05/31	29.21	30.40	28.60	28.63	9809799	289741472.00
2017/06/01	28.40	29.35	27.72	27.95	6971700	198358336.00
2017/06/02	27.63	30.31	27.63	30.18	10580700	308193760.00
2017/06/05	30.00	30.29	29.45	29.95	7550600	225653264.00
2017/06/06	29.85	30.26	29.60	29.91	5051800	150956000.00
2017/06/07	30.10	31.68	29.72	30.72	10631500	327639424.00
2017/06/08	30.60	30.92	29.67	29.67	7664300	231765712.00
2017/06/09	29.65	30.44	29.55	30.05	5516100	165869600.00
2017/06/12	29.50	29.64	28.77	28.99	4756656	138498192.00
2017/06/13	28.88	30.09	28.88	29.69	4656903	138385952.00
2017/06/14	29.66	30.44	29.60	29.66	4127398	123623464.00
2017/06/15	29.51	30.91	29.51	30.40	6562679	200307648.00
2017/06/16	30.30	30.76	29.80	29.90	4689398	141231104.00
2017/06/19	29.80	30.49	29.80	30.20	3306100	99774992.00
2017/06/20	30.25	31.27	30.25	30.72	7851876	242495536.00
2017/06/21	30.67	31.19	29.92	30.40	6413200	195934416.00
2017/06/22	30.42	31.26	29.81	29.85	6913500	210618976.00
2017/06/23	29.64	29.66	27.74	28.25	9770200	278644768.00
2017/06/26	28.08	28.68	27.88	28.40	4344900	123173288.00
2017/06/27	28.40	28.86	28.08	28.50	3557000	100996840.00
2017/06/28	28.28	28.47	27.45	27.64	5068701	140740208.00
2017/06/29	27.81	28.79	27.67	28.40	6860200	193650384.00
2017/06/30	28.16	28.65	27.88	28.30	4086400	115194424.00
2017/07/03	28.35	29.00	27.92	29.00	5573100	159606208.00
2017/07/04	29.28	30.85	29.01	30.60	12014400	361431456.00
2017/07/05	30.38	32.10	30.11	31.88	13485300	420993312.00
2017/07/06	31.95	32.13	31.07	31.53	10394100	328677536.00
2017/07/07	31.18	31.87	31.00	31.25	6598000	206623888.00
2017/07/10	31.01	31.25	29.91	30.15	7117700	216729904.00
2017/07/11	30.34	30.64	29.40	29.51	5403800	162861520.00
2017/07/12	29.49	29.68	28.17	28.95	7060600	203380384.00
2017/07/13	29.00	29.18	28.41	28.71	3762400	108568312.00
2017/07/14	28.21	28.60	27.88	28.15	4920100	138457056.00
2017/07/17	28.20	28.20	25.34	25.34	8878400	232847296.00
2017/07/18	24.86	26.35	24.86	25.99	5024700	128364672.00
2017/07/19	25.91	26.48	25.60	26.29	3459900	89811840.00
2017/07/20	26.29	26.84	25.72	25.75	4223900	111152168.00
2017/07/21	26.09	26.47	25.78	25.78	3504975	91458800.00
2017/07/24	25.15	26.26	25.09	26.26	4178600	106753400.00
2017/07/25	26.27	26.75	25.80	26.44	4518500	119177128.00
2017/07/26	26.27	26.44	25.96	26.15	2693400	70498368.00
2017/07/27	26.15	28.70	26.01	28.12	10484900	289416448.00
2017/07/28	27.81	28.12	27.27	27.27	5520300	152241040.00
2017/07/31	27.28	28.49	27.05	27.64	5246200	145772496.00
2017/08/01	27.66	28.78	27.51	28.77	6896200	194884464.00
2017/08/02	28.62	28.62	27.72	27.75	5980500	167996144.00
2017/08/03	27.68	28.87	27.52	28.10	5980400	169051248.00
2017/08/04	28.10	28.25	27.41	27.41	4127300	114257496.00
2017/08/07	27.65	28.08	27.15	27.26	2887000	79519048.00
2017/08/08	27.06	27.59	26.29	27.37	4534300	122615792.00
2017/08/09	27.27	27.48	26.84	27.03	2975500	80697192.00
2017/08/10	27.13	27.56	26.66	27.42	4251500	115498816.00
2017/08/11	27.05	27.56	26.81	26.81	3419800	92650088.00
2017/08/14	26.95	28.18	26.82	28.09	6566900	182407296.00
2017/08/15	28.01	28.35	27.84	28.35	4924300	138460912.00
2017/08/16	28.50	31.19	28.15	30.70	20434100	619132544.00
2017/08/17	30.40	33.28	30.10	31.60	22039700	698438144.00
2017/08/18	31.60	32.97	31.10	31.27	13865700	442715552.00
2017/08/21	31.61	33.79	31.31	33.46	17131700	556526208.00
2017/08/22	33.05	33.37	31.90	32.76	15790900	513945056.00
2017/08/23	32.45	32.66	31.35	31.85	9911100	317143200.00
2017/08/24	31.80	32.66	31.37	31.55	7479000	239407744.00
数据来源:通达信
